030037,0,-14.0208,0.0,0.0,0,0,-0.35,-1.94985,-6.3,309.5
030039,2.0,-14.3256,1.043881,1.087469,0.543735,0.271868,0.50358,-1.95048,-6.3,309.6
030041,4.0,-14.6304,0.894984,0.945462,0.472731,-0.035502,-0.29834,-1.95174,-6.3,309.8
030043,6.0,-14.0208,1.469633,1.591048,0.795524,0.161397,-6.38311,-1.95048,-6.3,309.6
030045,8.0,-14.6304,2.523254,2.595847,1.297924,0.2512,1.35793,-1.94922,-6.3,309.4
030047,10.0,-14.3256,2.916894,2.932776,1.466388,0.084232,-3.16746,-1.94985,-6.3,309.5
030049,12.0,-13.716,2.086591,2.173816,1.086908,-0.18974,-5.62365,-1.95111,-6.3,309.7
030051,14.0,-14.0208,0.909724,0.959428,0.479714,-0.303597,-0.22066,-1.98144,-6.4,309.6
030053,16.0,-13.4112,1.05139,1.215332,0.607666,0.063976,-6.25894,-1.9808,-6.4,309.5
030055,18.0,-14.6304,0.426064,1.291503,0.645751,0.019043,3.27591,-1.97952,-6.4,309.3
030057,20.0,-13.716,0.176701,0.931317,0.465658,-0.090047,-0.28392,-1.98144,-6.4,309.6
030059,22.0,-13.716,0.176701,0.176701,0.08835,-0.188654,-0.33226,-1.98144,-6.4,309.6
030101,24.0,-14.0208,0.76819,0.826449,0.413225,0.162438,-0.60722,-1.9808,-6.4,309.5
030103,26.0,-14.3256,1.778891,1.804815,0.902407,0.244591,0.49168,-1.9808,-6.4,309.5
030105,28.0,-14.3256,4.275514,4.275514,2.137757,0.617675,-3.64427,-2.01305,-6.5,309.7
030107,30.0,-14.3256,2.7025,2.7025,1.35125,-0.393253,0.08727,-2.01175,-6.5,309.5
030109,32.0,-13.716,0.99415,1.166168,0.583084,-0.384083,-5.7379,-1.98016,-6.4,309.4
030111,34.0,-13.4112,1.420215,1.452554,0.726277,0.071597,-3.24476,-1.95111,-6.3,309.7
030113,36.0,-14.3256,0.971949,1.334471,0.667236,-0.029521,2.40285,-1.95048,-6.3,309.6
030115,38.0,-13.716,1.934576,2.028348,1.014174,0.173469,-6.41357,-1.9189,-6.2,309.5
030117,40.0,-15.24,1.618677,2.223217,1.111608,0.048717,4.18622,-1.88978,-6.1,309.8
030119,42.0,-13.4112,1.334949,2.264199,1.1321,0.010246,-18.06948,-1.857,-6.0,309.5
030121,44.0,-14.6304,0.615922,1.365946,0.682973,-0.224563,3.37827,-1.8588,-6.0,309.8
030123,46.0,-14.6304,0.239297,0.239297,0.119648,-0.281663,-0.31932,-1.8582,-6.0,309.7
030125,48.0,-13.716,0.377494,0.989257,0.494628,0.18749,-0.68283,-1.8576,-6.0,309.6
030127,50.0,-13.1064,0.22239,0.648899,0.324449,-0.085089,-0.30493,-1.8378,-6.0,306.3
030129,52.0,-14.0208,0.284043,0.957501,0.47875,0.07715,-0.32993,-13.5504,-48.0,282.3
030131,54.0,-14.0208,4.498644,4.498644,2.249322,0.885286,-5.02707,-36.7749,-140.9,261.0
030135,58.0,-12.4968,51.480461,51.503014,12.875753,2.656608,-71.69605,-33.55534,-125.3,267.8
030137,60.0,-11.5824,29.737523,29.751578,14.875789,1.000018,-34.60508,-28.67966,-104.9,273.4
030139,62.0,-11.8872,31.849783,31.851241,15.925621,0.524916,-25.35217,-18.06636,-62.6,288.6
030141,64.0,-12.8016,33.599589,33.612029,16.806015,0.440197,-3.91131,-25.4926,-91.7,278.0
030143,66.0,-11.8872,35.025394,35.037328,17.518664,0.356324,-17.8553,-25.64064,-92.1,278.4
030145,68.0,-10.668,36.442509,36.462898,18.231449,0.356393,-21.57831,-25.27929,-90.9,278.1
030147,70.0,-10.9728,38.314448,38.31566,19.15783,0.463191,-33.80368,-24.1854,-86.5,279.6
030149,72.0,-10.3632,38.834026,38.838811,19.419405,0.130787,-8.17953,-24.08428,-86.2,279.4
030151,74.0,-10.668,39.7583,39.759469,19.879734,0.230165,-7.25176,-24.164,-86.3,280.0
030153,76.0,-10.0584,41.629558,41.634021,20.817011,0.468639,-22.96261,-18.76069,-65.3,287.3
030155,78.0,-9.4488,43.061646,43.065961,21.53298,0.357984,-19.10374,-16.95731,-58.9,287.9
030157,80.0,-10.3632,42.055337,42.065276,21.032638,-0.250171,-1.00402,-16.52405,-56.3,293.5
030159,82.0,-9.144,41.275339,41.293341,20.646671,-0.192984,-7.53788,-12.6945,-43.4,292.5
030201,84.0,-9.4488,42.903094,42.904177,21.452088,0.402709,-39.85936,-13.15512,-45.3,290.4
030203,86.0,-9.144,42.341911,42.343008,21.171504,-0.140292,-6.13011,-15.16622,-53.8,281.9
030205,88.0,-8.5344,43.883133,43.887367,21.943684,0.38609,-20.78973,-21.43152,-73.8,290.4
030207,90.0,-9.4488,43.677561,43.687132,21.843566,-0.050059,-4.56458,-13.88112,-47.8,290.4
030209,92.0,-9.144,44.567819,44.568861,22.28443,0.220432,-12.33569,-15.24874,-52.6,289.9
030211,94.0,-8.2296,43.849382,43.858915,21.929458,-0.177486,-8.372,-13.03452,-44.7,291.6
030213,96.0,-7.3152,43.448117,43.457738,21.728869,-0.100295,-9.1261,-13.851,-47.5,291.6
030215,98.0,-7.9248,43.356148,43.360433,21.680217,-0.024326,-5.57824,-14.82752,-51.2,289.6
030217,100.0,-7.9248,42.295716,42.295716,21.147858,-0.266179,-3.6156,-10.85098,-35.8,303.1
030219,102.0,-8.5344,43.288807,43.293099,21.64655,0.249346,-9.07643,-1.31193,-4.3,305.1
030221,104.0,-8.8392,42.13285,42.133952,21.066976,-0.289787,-2.33244,-1.19184,-3.9,305.6
030223,106.0,-9.144,39.990784,39.991945,19.995973,-0.535502,1.74958,-1.16318,-3.8,306.1
030225,108.0,-8.8392,39.288444,39.289627,19.644813,-0.17558,-3.96481,-1.1934,-3.9,306.0
030227,110.0,-9.4488,38.798723,38.803511,19.401756,-0.121529,-1.6541,-1.2256,-4.0,306.4
030229,112.0,-9.4488,38.228171,38.228171,19.114086,-0.143835,-2.88217,-1.2252,-4.0,306.3
030231,114.0,-9.144,37.117982,37.119233,18.559617,-0.277235,-1.73495,0.3099,1.0,309.9
030233,116.0,-10.3632,35.147833,35.168972,17.584486,-0.487566,5.79131,0.65362,2.2,297.1
030235,118.0,-9.144,34.621857,34.643317,17.321658,-0.131414,-4.87088,-13.23015,-45.7,289.5
030237,120.0,-9.7536,35.447058,35.452299,17.72615,0.202246,-3.40921,-12.78352,-43.6,293.2
030239,122.0,-9.4488,35.476951,35.47826,17.73913,0.00649,-4.02939,-12.4571,-43.0,289.7
030241,124.0,-9.144,36.259015,36.260296,18.130148,0.195509,-6.59711,-16.88865,-55.5,304.3
030243,126.0,-9.7536,36.554644,36.559727,18.279863,0.074858,-2.65115,-1.1628,-3.8,306.0
030245,128.0,-8.8392,35.652684,35.664408,17.832204,-0.223829,-3.45548,-1.25419,-4.1,305.9
030247,130.0,-9.144,34.206478,34.207836,17.103918,-0.364143,2.17112,3.56816,11.6,307.6
030249,132.0,-9.7536,33.059417,33.065037,16.532518,-0.2857,2.69141,-1.80304,-5.9,305.6
030251,134.0,-9.7536,32.38363,32.38363,16.191815,-0.170352,0.02792,-1.80717,-5.9,306.3
030253,136.0,-9.7536,31.822529,31.822529,15.911265,-0.140275,-0.04776,-1.76784,-5.8,304.8
030255,138.0,-9.7536,30.428912,30.428912,15.214456,-0.348405,2.35066,-2.78733,-9.1,306.3
030257,140.0,-10.0584,29.833852,29.835409,14.917704,-0.148376,1.62485,-1.86721,-6.1,306.1
030259,142.0,-10.0584,28.860508,28.860508,14.430254,-0.243725,1.86479,-1.97795,-6.5,304.3
030301,144.0,-9.4488,28.866949,28.873385,14.436692,0.003219,-2.05909,-30.66364,-112.9,271.6
030303,146.0,-8.5344,31.214682,31.228072,15.614036,0.588672,-23.32171,-26.4018,-94.8,278.5
030305,148.0,-8.8392,33.159761,33.161162,16.580581,0.483273,-25.99544,-20.71325,-72.5,285.7
030307,150.0,-9.4488,34.755163,34.760509,17.380254,0.399837,-5.08024,-3.11406,-10.2,305.3
030309,152.0,-9.7536,34.395931,34.397282,17.198641,-0.090807,-0.70957,-19.60697,-70.1,279.7
030311,154.0,-8.2296,36.907799,36.93925,18.469625,0.635492,-35.18943,-22.83492,-83.4,273.8
030313,156.0,-8.8392,37.481927,37.486884,18.743442,0.136908,-3.86327,-22.53874,-80.9,278.6
030315,158.0,-8.2296,38.37746,38.382301,19.19115,0.223854,-11.44001,-22.54068,-77.3,291.6
030317,160.0,-8.8392,39.7313,39.735977,19.867988,0.338419,-7.62876,-12.23899,-41.9,292.1
030319,162.0,-8.5344,40.416956,40.418106,20.209053,0.170533,-8.76029,-12.0012,-41.1,292.0
030321,164.0,-9.144,40.978284,40.982818,20.491409,0.141178,-6.09308,-12.05547,-41.3,291.9
030323,166.0,-9.4488,40.927083,40.928218,20.464109,-0.01365,-5.0562,-1.64484,-5.4,304.6
030325,168.0,-9.4488,39.940037,39.940037,19.970018,-0.247046,-2.56673,-1.12887,-3.7,305.1
030327,170.0,-9.7536,38.625153,38.626355,19.313178,-0.32842,-0.06382,-6.4735,-21.4,302.5
030329,172.0,-10.668,38.597965,38.608795,19.304397,-0.004391,-2.00803,-4.49379,-14.7,305.7
030331,174.0,-10.3632,37.73698,37.738211,18.869106,-0.217645,-2.69219,0.03182,0.1,318.2
030333,176.0,-11.2776,36.146562,36.158126,18.079063,-0.395022,3.54143,31.58107,94.3,334.9
030335,178.0,-11.8872,31.072181,31.07816,15.53908,-1.269991,12.5141,25.91518,77.8,333.1
030337,180.0,-12.192,26.298275,26.300041,13.150021,-1.194529,10.876,16.4423,56.6,290.5
030339,182.0,-12.4968,22.365664,22.36774,11.18387,-0.983076,8.42481,-34.07727,-125.7,271.1
030341,184.0,-12.192,28.021122,28.022779,14.01139,1.41376,-38.37291,-29.44518,-107.7,273.4
030343,186.0,-12.4968,32.394434,32.395868,16.197934,1.093272,-44.69414,-24.71196,-86.8,284.7
030345,188.0,-12.4968,35.27338,35.27338,17.63669,0.719378,-40.73328,-18.53867,-65.3,283.9
030347,190.0,-12.192,37.527738,37.528976,18.764488,0.563899,-20.93223,-18.66516,-65.4,285.4
030349,192.0,-12.192,36.696027,36.696027,18.348014,-0.208237,-1.40733,-16.1551,-55.9,289.0
030351,194.0,-11.5824,38.058308,38.06319,19.031595,0.341791,-15.82718,-14.52788,-50.2,289.4
030353,196.0,-12.192,39.452608,39.457317,19.728659,0.348532,-7.55486,-24.38303,-91.7,265.9
030355,198.0,-13.1064,41.960595,41.970558,20.985279,0.62831,-41.5741,-33.08928,-123.1,268.8
030357,200.0,-12.192,43.02294,43.032656,21.516328,0.265524,-18.08947,-30.81738,-116.6,264.3
030359,202.0,-11.5824,43.132307,43.136615,21.568307,0.02599,-9.65521,-36.4008,-139.2,261.5
030401,204.0,-10.9728,47.229817,47.23375,23.616875,1.024284,-53.0087,-35.12796,-134.9,260.4
030403,206.0,-11.2776,47.402658,47.403638,23.701819,0.042472,-10.25626,-35.00946,-134.6,260.1
030405,208.0,-11.5824,50.939254,50.940166,25.470083,0.884132,-81.91194,-35.12888,-134.8,260.6
030407,210.0,-11.8872,52.300152,52.30104,26.15052,0.340219,-18.88103,-33.9007,-128.9,263.0
030409,212.0,-12.8016,54.327955,54.335649,27.167825,0.508652,-21.79387,-30.338,-110.0,275.8
030411,214.0,-13.4112,55.231966,55.23533,27.617665,0.22492,-18.94022,-20.23362,-72.6,278.7
030413,216.0,-14.3256,55.473598,55.481134,27.740567,0.061451,-15.57191,-20.98294,-75.1,279.4
030415,218.0,-14.6304,55.575928,55.576764,27.788382,0.023907,-16.82431,-20.91784,-74.6,280.4
030417,220.0,-15.5448,54.993732,55.001333,27.500667,-0.143857,-11.75407,-20.86048,-75.2,277.4
030419,222.0,-15.24,56.178861,56.179688,28.089844,0.294588,-23.71316,-20.52336,-75.9,270.4
030421,224.0,-14.9352,57.909786,57.910588,28.955294,0.432725,-28.48934,-38.95876,-153.2,254.3
030423,226.0,-13.716,56.824944,56.838021,28.419011,-0.268142,-17.49811,-38.57728,-152.6,252.8
030425,228.0,-12.192,58.377336,58.397226,29.198613,0.389801,-38.28753,-39.01402,-151.1,258.2
030427,230.0,-11.5824,58.38863,58.391812,29.195906,-0.001354,-21.71055,-27.4417,-101.0,271.7
030429,232.0,-11.2776,57.828109,57.828912,28.914456,-0.140725,-17.87086,-18.34479,-64.3,285.3
030431,234.0,-10.9728,57.268725,57.269536,28.634768,-0.139844,-17.38268,-13.35556,-46.6,286.6
030433,236.0,-11.5824,58.156624,58.159819,29.079909,0.22257,-21.8069,-22.95666,-80.1,286.6
030435,238.0,-12.192,59.159921,59.163062,29.581531,0.250811,-23.3381,-14.19262,-49.4,287.3
030437,240.0,-12.4968,58.72587,58.726661,29.36333,-0.109101,-17.45697,-22.28758,-80.2,277.9
030439,242.0,-12.8016,58.050472,58.051272,29.025636,-0.168847,-15.79521,-16.66764,-59.4,280.6
030441,244.0,-13.1064,57.828108,57.828911,28.914456,-0.05559,-17.55363,-21.86301,-79.3,275.7
030443,246.0,-10.9728,54.822586,54.864088,27.432044,-0.741206,-10.78101,-21.31938,-74.7,285.4
030445,248.0,-10.668,54.73934,54.740188,27.370094,-0.030975,-16.95891,-6.84,-22.8,300.0
030447,250.0,-8.2296,52.37502,52.431751,26.215876,-0.577109,-12.67158,-1.59,-5.3,300.0
030449,252.0,-7.9248,50.879772,50.880685,25.440343,-0.387766,-8.26999,-1.6456,-5.5,299.2
030451,254.0,-7.62,50.120874,50.121801,25.0609,-0.189721,-10.71125,-6.96069,-23.7,293.7
030453,256.0,-7.3152,49.456049,49.456988,24.728494,-0.166203,-10.56724,-9.2597,-31.0,298.7
030455,258.0,-8.2296,48.527806,48.53642,24.26821,-0.230142,-5.38911,-2.82752,-9.4,300.8
030457,260.0,-10.0584,48.439947,48.474457,24.237228,-0.015491,-5.7739,-3.58523,-12.1,296.3
030459,262.0,-11.5824,48.217319,48.241397,24.120699,-0.058264,-5.87235,-9.35308,-31.9,293.2
030501,264.0,-13.1064,49.437527,49.461011,24.730506,0.304904,-12.17085,-8.64057,-29.3,294.9
030503,266.0,-17.0688,52.855972,53.004287,26.502143,0.885819,-17.467,-10.95288,-37.6,291.3
030505,268.0,-20.1168,53.660067,53.746564,26.873282,0.185569,-9.73243,-10.94808,-37.7,290.4
030507,270.0,-22.5552,54.172146,54.226997,27.113498,0.120108,-10.90553,-13.53024,-48.6,278.4
030509,272.0,-22.5552,54.458904,54.458904,27.229452,0.057977,-17.25962,-24.80621,-91.3,271.7
030511,274.0,-23.4696,54.933905,54.941515,27.470758,0.120653,-16.04417,-29.07392,-110.8,262.4
030513,276.0,-22.5552,55.607641,55.615158,27.807579,0.168411,-22.83423,-34.45346,-127.7,269.8
030515,278.0,-23.7744,55.995303,56.008574,28.004287,0.098354,-15.7794,-26.34842,-93.8,280.9
030517,280.0,-23.7744,57.057406,57.057406,28.528703,0.262208,-23.15052,-22.46955,-81.5,275.7
030519,282.0,-23.4696,56.861039,56.861855,28.430928,-0.048888,-18.55791,-23.40984,-82.4,284.1
030521,284.0,-23.7744,56.375448,56.376272,28.188136,-0.121396,-15.10523,-14.36534,-50.6,283.9
030523,286.0,-24.9936,55.655182,55.668534,27.834267,-0.176935,-10.87661,-18.08496,-66.1,273.6
030525,288.0,-21.9456,55.351526,55.435383,27.717692,-0.058287,-26.67169,-25.08114,-93.1,269.4
030527,290.0,-24.0792,57.191289,57.231074,28.615537,0.448923,-20.26284,-35.7247,-138.2,258.5
030529,292.0,-23.7744,58.01935,58.020151,29.010075,0.197269,-23.8999,-21.27408,-75.2,282.9
030531,294.0,-24.384,58.984816,58.987966,29.493983,0.241954,-22.99048,-13.82829,-48.3,286.3
030533,296.0,-24.6888,57.212499,57.213311,28.606656,-0.443664,-10.33773,-20.07664,-71.6,280.4
030535,298.0,-26.2128,58.151077,58.171043,29.085522,0.239433,-19.4196,-13.17822,-48.7,270.6
030537,300.0,-25.6032,57.623257,57.626481,28.813241,-0.13614,-18.6518,-13.73736,-47.6,288.6
030539,302.0,-25.2984,56.831658,56.832475,28.416238,-0.198501,-15.98737,-13.24536,-48.2,274.8
030541,304.0,-26.5176,56.208849,56.22207,28.111035,-0.152602,-11.76056,-23.67505,-86.5,273.7
030543,306.0,-25.908,57.126567,57.129819,28.56491,0.226938,-24.40811,-24.01729,-86.3,278.3
030545,308.0,-26.2128,59.733124,59.733902,29.866951,0.651021,-95.51485,-26.70051,-101.1,264.1
030547,310.0,-25.908,59.717182,59.71796,29.85898,-0.003986,-22.04378,-32.15041,-114.7,280.3
030549,312.0,-26.5176,58.704985,58.70815,29.354075,-0.252453,-14.01948,-12.87309,-43.3,297.3
030551,314.0,-26.5176,58.2288,58.2288,29.1144,-0.119837,-17.69362,-4.92952,-17.2,286.6
030553,316.0,-25.908,56.40244,56.405734,28.202867,-0.455767,-12.17263,-9.69,-32.3,300.0
030555,318.0,-26.8224,55.333425,55.34098,27.67049,-0.266189,-10.01378,-1.60628,-5.2,308.9
030557,320.0,-27.1272,53.745928,53.746792,26.873396,-0.398547,-8.38827,9.2626,29.0,319.4
030559,322.0,-28.6512,51.194698,51.217377,25.608688,-0.632354,0.61251,15.6695,51.8,302.5
030601,324.0,-29.2608,48.45151,48.455344,24.227672,-0.690508,0.45217,4.86564,15.6,311.9
030603,326.0,-29.2608,46.808287,46.808287,23.404144,-0.411764,-4.33592,-2.73516,-9.2,297.3
030605,328.0,-29.5656,45.358707,45.359731,22.679866,-0.362139,-3.24581,-13.15188,-47.6,276.3
030607,330.0,-29.5656,46.027121,46.027121,23.013561,0.166847,-11.82539,-30.15255,-112.3,268.5
030609,332.0,-29.5656,48.401082,48.401082,24.200541,0.59349,-63.68747,-23.83272,-83.8,284.4
030611,334.0,-29.8704,49.307751,49.308694,24.654347,0.226903,-14.45632,-15.46776,-55.8,277.2
030613,336.0,-29.5656,49.137462,49.138407,24.569203,-0.042572,-12.13989,-22.29492,-80.4,277.3
030615,338.0,-30.48,49.838114,49.846501,24.923251,0.177024,-12.38686,-26.54312,-98.6,269.2
030617,340.0,-30.1752,50.959748,50.960659,25.48033,0.278539,-18.46948,-25.75333,-94.3,273.1
030619,342.0,-29.8704,51.706137,51.707036,25.853518,0.186594,-17.72661,-25.59395,-92.9,275.5
030621,344.0,-30.48,52.341777,52.345327,26.172663,0.159573,-15.19228,-21.11788,-75.8,278.6
030623,346.0,-31.0896,52.88292,52.886433,26.443217,0.135277,-15.29366,-3.26564,-10.9,299.6
030625,348.0,-30.7848,51.897661,51.898556,25.949278,-0.246969,-11.16842,-2.68177,-9.1,294.7
030627,350.0,-31.6992,52.115217,52.123238,26.061619,0.056171,-12.48817,-14.43339,-51.9,278.1
030629,352.0,-30.7848,51.585117,51.59322,25.79661,-0.132505,-14.49047,-22.16046,-79.8,277.7
030631,354.0,-30.1752,51.490521,51.494129,25.747065,-0.024772,-15.1772,-18.55036,-66.8,277.7
030633,356.0,-32.3088,51.715033,51.759027,25.879514,0.066225,-8.75599,-1.5351,-5.1,301.0
030635,358.0,-31.6992,50.353094,50.356784,25.178392,-0.350561,-9.34894,-1.38,-4.6,300.0
030637,360.0,-31.3944,49.332599,49.33354,24.66677,-0.255811,-9.14428,-16.47849,-59.9,275.1
030639,362.0,-32.9184,49.706395,49.729752,24.864876,0.099053,-9.33908,-23.54076,-85.2,276.3
030641,364.0,-32.9184,50.518454,50.518454,25.259227,0.197176,-15.94812,-4.20462,-14.1,298.2
030643,366.0,-32.6136,50.202204,50.203129,25.101565,-0.078831,-12.42592,-1.37908,-4.6,299.8
030645,368.0,-32.3088,48.278086,48.279048,24.139524,-0.48102,-5.15413,-1.35405,-4.5,300.9
030647,370.0,-33.2232,47.179574,47.188435,23.594217,-0.272653,-3.85011,0.16345,0.5,326.9
030649,372.0,-34.4424,43.477547,43.494638,21.747319,-0.923449,7.82224,32.5847,99.8,326.5
030651,374.0,-34.4424,39.593765,39.593765,19.796883,-0.975218,6.23946,2.43594,7.8,312.3
030653,376.0,-34.4424,37.491544,37.491544,18.745772,-0.525555,1.77707,1.80127,5.9,305.3
030655,378.0,-34.7472,35.243287,35.244605,17.622302,-0.561735,3.8679,-12.5045,-44.5,281.0
030657,380.0,-35.6616,35.514625,35.526394,17.763197,0.070448,-1.15269,-24.822,-90.0,275.8
030659,382.0,-34.7472,37.870217,37.881255,18.940627,0.588715,-28.12849,-23.39968,-80.8,289.6
030701,384.0,-34.7472,38.012121,38.012121,19.006061,0.032717,-4.77288,-1.25444,-4.4,285.1
030703,386.0,-34.1376,37.899487,37.904389,18.952195,-0.026933,-5.82432,-21.11735,-75.5,279.7
030705,388.0,-34.4424,38.806358,38.807555,19.403778,0.225791,-6.57577,-8.52679,-28.3,301.3
030707,390.0,-34.7472,38.408914,38.410124,19.205062,-0.099358,-2.58856,-0.96705,-3.5,276.3
030709,392.0,-34.4424,38.636185,38.637387,19.318693,0.056816,-6.30312,-29.14353,-108.3,269.1
030711,394.0,-33.8328,39.941671,39.946322,19.973161,0.327234,-16.18168,-28.1313,-103.5,271.8
030713,396.0,-33.8328,42.127472,42.127472,21.063736,0.545288,-47.42655,-28.1945,-105.4,267.5
030715,398.0,-33.8328,44.287846,44.287846,22.143923,0.540093,-51.74898,-29.38572,-109.2,269.1
030717,400.0,-33.8328,47.251055,47.251055,23.625528,0.740803,-67.92051,-16.14684,-56.3,286.8
030719,402.0,-34.1376,46.529381,46.530379,23.265189,-0.180169,-6.49247,-15.00421,-54.7,274.3
030721,404.0,-33.2232,46.32879,46.337813,23.168906,-0.048141,-11.76834,-22.5492,-81.7,276.0
030723,406.0,-33.2232,47.663182,47.663182,23.831591,0.331342,-15.45788,-21.82351,-78.7,277.3
030725,408.0,-32.6136,48.117552,48.121413,24.060707,0.114558,-14.5201,-21.26592,-76.8,276.9
030727,410.0,-33.2232,48.544195,48.548022,24.274011,0.106652,-11.17082,-21.76533,-77.1,282.3
030729,412.0,-33.2232,48.286973,48.286973,24.143487,-0.065262,-10.26764,-17.21076,-58.8,292.7
030731,414.0,-32.9184,48.230258,48.231221,24.11561,-0.013939,-11.86041,-6.21947,-22.3,278.9
030733,416.0,-32.3088,47.975247,47.97912,23.98956,-0.063025,-11.85918,-19.0518,-67.8,281.0
030735,418.0,-32.3088,47.97516,47.97516,23.98758,-0.00099,-10.95798,-21.15036,-76.3,277.2
030737,420.0,-31.0896,48.804884,48.82011,24.410055,0.211238,-21.03004,-24.75948,-91.6,270.3
030739,422.0,-31.0896,48.998106,48.998106,24.499053,0.044499,-12.41295,-27.1697,-97.0,280.1
030741,424.0,-31.0896,48.967696,48.967696,24.483848,-0.007603,-11.62593,-13.63743,-47.7,285.9
030743,426.0,-31.6992,49.819197,49.822926,24.911463,0.213807,-13.8084,-13.27428,-48.2,275.4
030745,428.0,-32.004,50.727524,50.728439,25.36422,0.226379,-15.68033,-24.0513,-88.1,273.0
030747,430.0,-32.004,52.035141,52.035141,26.017571,0.326676,-19.30375,-21.1689,-77.4,273.5
030749,432.0,-32.3088,52.404799,52.405685,26.202842,0.092636,-15.09048,-22.44,-81.6,275.0
030751,434.0,-31.3944,52.885011,52.892915,26.446458,0.121808,-19.55676,-22.5885,-82.5,273.8
030753,436.0,-32.3088,53.424975,53.4328,26.7164,0.134971,-14.8863,-23.55264,-86.4,272.6
030755,438.0,-32.004,53.594232,53.595099,26.797549,0.040574,-17.09731,-23.47152,-85.6,274.2
030757,440.0,-31.0896,53.650749,53.658541,26.829271,0.015861,-18.54538,-24.4035,-85.0,287.1
030759,442.0,-31.0896,53.537182,53.537182,26.768591,-0.03034,-15.01748,-10.6634,-37.0,288.2
030801,444.0,-31.3944,52.62862,52.629503,26.314751,-0.22692,-10.25808,-12.28015,-44.9,273.5
030803,446.0,-32.3088,52.658371,52.66631,26.333155,0.009202,-12.21677,-23.11008,-79.8,289.6
030805,448.0,-31.3944,52.658267,52.666205,26.333103,-2.6e-05,-17.43638,-14.9833,-53.8,278.5
030807,450.0,-31.6992,53.260393,53.261265,26.630633,0.148765,-16.73936,-19.48266,-65.4,297.9
030809,452.0,-32.004,52.800013,52.800893,26.400446,-0.115094,-12.15776,-1.88055,-6.3,298.5
030811,454.0,-32.3088,50.95434,50.955252,25.477626,-0.46141,-5.40114,19.41555,61.5,315.7
030813,456.0,-32.9184,46.155888,46.159913,23.079957,-1.198834,8.71136,11.31724,37.4,302.6
030815,458.0,-33.8328,40.451145,40.461479,20.230739,-1.424609,14.09248,-6.90432,-24.8,278.4
030817,460.0,-33.2232,40.790773,40.795328,20.397664,0.083462,-8.83626,-21.89715,-75.9,288.5
030819,462.0,-33.8328,41.217774,41.222281,20.611141,0.106739,-5.82161,-1.84078,-6.2,296.9
030821,464.0,-33.528,41.301697,41.302822,20.651411,0.020135,-7.48723,-20.06595,-73.1,274.5
030823,466.0,-32.6136,41.359969,41.370075,20.685038,0.016813,-9.27704,-28.42047,-105.3,269.9
030825,468.0,-31.6992,43.068167,43.077873,21.538937,0.42695,-25.0813,-28.17614,-104.9,268.6
030827,470.0,-31.6992,44.651645,44.651645,22.325822,0.393442,-45.95457,-28.0029,-104.1,269.0
030829,472.0,-32.004,45.928236,45.929247,22.964624,0.319401,-12.95019,-27.82416,-102.9,270.4
030831,474.0,-32.6136,47.688795,47.692691,23.846345,0.44086,-15.25695,-26.08106,-97.1,268.6
030833,476.0,-31.6992,49.761671,49.770072,24.885036,0.519346,-33.81622,-27.75752,-102.2,271.6
030835,478.0,-32.6136,50.611627,50.619887,25.309943,0.212454,-13.58548,-18.78241,-64.7,290.3
030837,480.0,-32.6136,49.760791,49.760791,24.880395,-0.214774,-9.16571,-9.7006,-33.8,287.0
030839,482.0,-32.3088,49.561249,49.562186,24.781093,-0.049651,-12.36221,-20.12689,-70.3,286.3
030841,484.0,-32.6136,49.674571,49.675506,24.837753,0.02833,-11.82038,-12.257,-41.2,297.5
030843,486.0,-32.004,49.392039,49.395801,24.697901,-0.069926,-12.82799,-1.31252,-4.4,298.3
030845,488.0,-33.2232,48.312052,48.327433,24.163716,-0.267093,-3.80488,-1.24656,-4.2,296.8
030847,490.0,-32.6136,46.637076,46.64106,23.32053,-0.421593,-5.88341,-4.84456,-16.4,295.4
030849,492.0,-33.528,47.412998,47.421815,23.710908,0.195189,-10.6394,-17.95728,-62.7,286.4
030851,494.0,-32.6136,47.123282,47.132153,23.566076,-0.072416,-11.99961,-24.64287,-90.3,272.9
030853,496.0,-32.004,47.687833,47.691729,23.845864,0.139894,-14.54069,-23.87143,-86.9,274.7
030855,498.0,-32.004,48.680474,48.680474,24.340237,0.247186,-15.11178,-25.72052,-94.7,271.6
030857,500.0,-32.9184,49.278536,49.287019,24.64351,0.151637,-11.53911,-12.10144,-41.6,290.9
030859,502.0,-32.6136,49.308306,49.309248,24.654624,0.005557,-12.98024,-7.33735,-25.7,285.5
030901,504.0,-32.3088,48.481485,48.482444,24.241222,-0.206701,-9.25805,-17.9488,-63.2,284.0
030903,506.0,-32.3088,48.935841,48.935841,24.46792,0.113349,-13.37053,-15.65748,-54.9,285.2
030905,508.0,-32.3088,48.793871,48.793871,24.396936,-0.035492,-11.08363,-21.40722,-78.3,273.4
030907,510.0,-32.004,49.532505,49.533443,24.766722,0.184893,-15.81396,-22.38705,-80.5,278.1
030909,512.0,-31.3944,50.30351,50.307204,25.153602,0.19344,-17.4976,-24.5088,-88.8,276.0
030911,514.0,-31.3944,50.3828,50.3828,25.1914,0.018899,-13.14524,-19.85468,-71.6,277.3
030913,516.0,-30.7848,51.041519,51.045159,25.52258,0.16559,-17.71559,-22.46256,-82.1,273.6
030915,518.0,-31.6992,51.23916,51.247318,25.623659,0.05054,-11.65792,-20.46649,-73.7,277.7
030917,520.0,-31.6992,50.951493,50.951493,25.475747,-0.073956,-12.196,-12.04481,-42.1,286.1
030919,522.0,-32.004,49.44637,49.44731,24.723655,-0.376046,-5.65906,-12.3152,-43.0,286.4
030921,524.0,-31.6992,50.073077,50.074004,25.037002,0.156674,-15.85192,-21.14508,-77.2,273.9
030923,526.0,-31.0896,51.066676,51.070315,25.535157,0.249078,-19.01229,-25.1759,-92.9,271.0
030925,528.0,-31.3944,51.832395,51.833291,25.916645,0.190744,-16.11438,-24.9249,-91.3,273.0
030927,530.0,-30.7848,51.376428,51.380045,25.690022,-0.113312,-13.72302,-15.46792,-55.6,278.2
030929,532.0,-29.8704,51.676695,51.684784,25.842392,0.076185,-17.78868,-25.9584,-96.0,270.4
030931,534.0,-29.8704,52.154783,52.154783,26.077391,0.117499,-16.15483,-26.17764,-96.1,272.4
030933,536.0,-29.2608,52.013938,52.01751,26.008755,-0.034318,-15.46174,-24.1648,-88.0,274.6
030935,538.0,-29.2608,53.181881,53.181881,26.590941,0.291093,-19.82613,-19.42434,-70.2,276.7
030937,540.0,-28.3464,53.099866,53.107739,26.553869,-0.018536,-17.52165,-19.6339,-71.5,274.6
030939,542.0,-28.3464,52.958604,52.958604,26.479302,-0.037283,-14.41534,-17.97185,-64.3,279.5
030941,544.0,-28.3464,53.105624,53.105624,26.552812,0.036755,-15.71556,-20.1586,-74.8,269.5
030943,546.0,-28.0416,53.044514,53.04539,26.522695,-0.015059,-15.73556,-28.55776,-106.4,268.4
030945,548.0,-28.3464,53.478061,53.47893,26.739465,0.108385,-16.29322,-30.0252,-114.6,262.0
030947,550.0,-27.432,53.747147,53.754925,26.877462,0.068998,-19.48581,-31.72458,-119.4,265.7
030949,552.0,-27.1272,54.529891,54.530743,27.265371,0.193955,-20.43329,-27.3408,-102.4,267.0
030951,554.0,-27.1272,55.850516,55.850516,27.925258,0.329944,-23.07261,-17.9985,-65.0,276.9
030953,556.0,-28.0416,55.844069,55.851555,27.925778,0.00026,-14.88488,-18.31872,-65.8,278.4
030955,558.0,-27.7368,56.634765,56.635585,28.317792,0.196007,-22.49611,-18.35162,-65.8,278.9
030957,560.0,-28.0416,56.030213,56.031042,28.015521,-0.151135,-14.3003,-18.2595,-65.8,277.5
030959,562.0,-27.1272,55.618811,55.626327,27.813164,-0.101178,-18.35807,-18.25146,-65.7,277.8
031001,564.0,-27.7368,55.800309,55.803639,27.90182,0.044328,-16.47087,-17.89668,-65.7,272.4
031003,566.0,-27.7368,55.04819,55.04819,27.524095,-0.188862,-13.72859,-26.10512,-96.4,270.8
031005,568.0,-26.8224,56.020917,56.028379,28.01419,0.245048,-24.51257,-24.91452,-91.8,271.4
031007,570.0,-26.8224,56.150993,56.150993,28.075497,0.030653,-18.35173,-25.02437,-91.9,272.3
031009,572.0,-27.1272,56.908876,56.909692,28.454846,0.189675,-20.87085,-28.2698,-107.9,262.0
031011,574.0,-26.5176,56.80625,56.80952,28.40476,-0.025043,-19.80731,-30.5015,-115.1,265.0
031013,576.0,-27.1272,57.567395,57.570623,28.785311,0.190276,-20.64322,-26.20377,-99.9,262.3
031015,578.0,-25.6032,58.516,58.535842,29.267921,0.241305,-29.59648,-28.8087,-109.0,264.3
031017,580.0,-24.384,58.733588,58.746241,29.37312,0.0526,-24.77796,-29.94431,-113.9,262.9
031019,582.0,-24.9936,59.160858,59.163999,29.582,0.10444,-20.74059,-30.51135,-116.5,261.9
031021,584.0,-24.6888,59.2918,59.292583,29.646292,0.032146,-22.27031,-30.77672,-117.2,262.6
031023,586.0,-24.384,59.297337,59.29812,29.64906,0.001384,-21.73052,-28.54544,-107.8,264.8
031025,588.0,-24.0792,59.074291,59.075077,29.537539,-0.05576,-20.50463,-27.2847,-103.0,264.9
031027,590.0,-24.9936,60.519837,60.526745,30.263372,0.362917,-25.90631,-29.55279,-111.9,264.1
031029,592.0,-25.2984,61.55529,61.556045,30.778022,0.257325,-26.8955,-28.40398,-103.4,274.7
031031,594.0,-24.9936,60.856648,60.857412,30.428706,-0.174658,-20.0659,-17.39678,-64.6,269.3
031033,596.0,-24.384,62.361951,62.36493,31.182465,0.376879,-32.69507,-24.57406,-91.9,267.4
031035,598.0,-23.1648,60.852773,60.864985,30.432493,-0.374986,-19.11083,-24.7204,-92.0,268.7
031037,600.0,-22.5552,60.890068,60.89312,30.44656,0.007034,-24.30403,-24.344,-89.5,272.0
031039,602.0,-22.2504,60.396576,60.397345,30.198672,-0.123944,-20.54943,-11.06688,-38.4,288.2
031041,604.0,-23.7744,59.350747,59.37031,29.685155,-0.256759,-11.85392,-1.82385,-6.3,289.5
031043,606.0,-24.9936,59.11634,59.128911,29.564455,-0.06035,-16.00366,-14.99406,-53.8,278.7
031045,608.0,-24.9936,58.431276,58.431276,29.215638,-0.174409,-16.92741,-22.10114,-82.9,266.6
031047,610.0,-25.6032,58.36781,58.370993,29.185496,-0.015071,-17.86536,-27.183,-102.0,266.5
031049,612.0,-25.2984,58.357583,58.358379,29.17919,-0.003153,-20.74381,-26.31216,-98.4,267.4
031051,614.0,-23.4696,57.713304,57.742272,28.871136,-0.154027,-22.02534,-30.0933,-115.3,261.0
031053,616.0,-22.86,57.548352,57.551581,28.77579,-0.047673,-20.10847,-32.39706,-124.7,259.8
031055,618.0,-23.1648,58.990998,58.991785,29.495893,0.360052,-25.97261,-28.84878,-109.4,263.7
031057,620.0,-23.1648,59.180701,59.180701,29.590351,0.047229,-21.53439,-25.6608,-96.0,267.3
031059,622.0,-22.5552,59.885326,59.888428,29.944214,0.176932,-26.34735,-7.5594,-25.8,293.0
031101,624.0,-22.5552,59.325438,59.325438,29.662719,-0.140747,-18.34299,-2.73735,-9.9,276.5
031103,626.0,-22.5552,59.110352,59.110352,29.555176,-0.053771,-19.68037,-26.63662,-99.8,266.9
031105,628.0,-24.0792,58.790831,58.81058,29.40529,-0.074943,-14.55144,-27.46368,-102.4,268.2
031107,630.0,-23.4696,59.945515,59.948615,29.974307,0.284509,-28.3375,-19.46712,-69.6,279.7
031109,632.0,-24.6888,59.331321,59.343846,29.671923,-0.151192,-14.5969,-18.28316,-66.8,273.7
031111,634.0,-24.9936,59.602723,59.603502,29.801751,0.064914,-21.37226,-20.55944,-76.6,268.4
031113,636.0,-24.0792,59.287495,59.294546,29.647273,-0.077239,-22.12144,-23.5284,-84.0,280.1
031115,638.0,-24.6888,59.546694,59.549815,29.774907,0.063817,-20.40531,-5.159,-17.5,294.8
031117,640.0,-24.9936,58.777499,58.778289,29.389145,-0.192881,-16.02391,-11.50794,-42.2,272.7
031119,642.0,-24.6888,58.444558,58.445353,29.222677,-0.083234,-19.42786,-21.98202,-78.2,281.1
031121,644.0,-24.9936,57.71088,57.711685,28.855842,-0.183417,-15.231,-1.8459,-6.3,293.0
031123,646.0,-24.9936,56.949493,56.949493,28.474746,-0.190548,-15.33075,-8.90718,-31.8,280.1
031125,648.0,-24.0792,56.461489,56.468893,28.234446,-0.12015,-18.78443,-17.1457,-60.5,283.4
031127,650.0,-24.9936,55.653871,55.661382,27.830691,-0.201878,-11.34945,-19.32547,-70.3,274.9
031129,652.0,-24.9936,56.895792,56.895792,28.447896,0.308603,-23.77588,-28.0836,-104.4,269.0
031131,654.0,-24.9936,56.624658,56.624658,28.312329,-0.067784,-17.12649,-8.37522,-28.9,289.8
031133,656.0,-25.2984,55.491495,55.492333,27.746166,-0.283081,-11.64714,-1.50501,-5.1,295.1
031135,658.0,-26.2128,54.488228,54.4959,27.24795,-0.249108,-9.60467,-1.39638,-5.1,273.8
031137,660.0,-25.6032,54.165332,54.168763,27.084381,-0.081784,-16.52133,-26.55362,-93.4,284.3
031139,662.0,-25.6032,54.784125,54.784125,27.392062,0.15384,-19.12276,-1.97336,-6.8,290.2
031141,664.0,-26.2128,53.7733,53.776756,26.888378,-0.251842,-9.87627,-19.5048,-72.0,270.9
031143,666.0,-26.2128,53.942336,53.942336,26.971168,0.041395,-16.52653,-26.23835,-96.5,271.9
031145,668.0,-26.2128,54.29657,54.29657,27.148285,0.088558,-17.60788,-23.33434,-86.2,270.7
031147,670.0,-26.2128,54.99164,54.99164,27.49582,0.173768,-19.64495,-27.06912,-96.4,280.8
031149,672.0,-26.5176,55.139455,55.140298,27.570149,0.037164,-16.63931,-1.77,-6.0,295.0
031151,674.0,-26.5176,54.10456,54.10456,27.05228,-0.258934,-11.8118,-2.74257,-9.3,294.9
031153,676.0,-27.432,53.118813,53.126682,26.563341,-0.24447,-8.58457,-1.79712,-6.4,280.8
031155,678.0,-26.8224,52.867858,52.871372,26.435686,-0.063827,-15.71095,-30.8947,-113.5,272.2
031157,680.0,-27.432,53.753351,53.756808,26.878404,0.221359,-17.46612,-9.02379,-31.3,288.3
031159,682.0,-26.5176,53.265766,53.273615,26.636807,-0.120799,-16.03549,-20.82146,-78.1,266.6
031201,684.0,-26.2128,53.544971,53.545839,26.772919,0.068056,-17.497,-17.8622,-62.0,288.1
031203,686.0,-26.5176,54.520052,54.520904,27.260452,0.243766,-19.44821,-15.8769,-59.0,269.1
031205,688.0,-26.8224,54.18139,54.182247,27.091124,-0.084664,-13.80326,-30.64507,-117.1,261.7
031207,690.0,-27.1272,55.822551,55.823383,27.911692,0.410284,-23.49219,-25.23941,-93.1,271.1
031209,692.0,-26.8224,57.142184,57.142997,28.571499,0.329904,-25.28601,-23.47424,-87.2,269.2
031211,694.0,-27.1272,57.334484,57.335294,28.667647,0.048074,-18.86479,-24.1012,-89.0,270.8
031213,696.0,-26.2128,57.745749,57.752989,28.876494,0.104423,-23.81413,-19.6716,-67.6,291.0
031215,698.0,-26.5176,57.273133,57.273944,28.636972,-0.119761,-15.93245,-1.65256,-5.6,295.1
031217,700.0,-27.7368,56.334288,56.34748,28.17374,-0.231616,-10.538,-11.0772,-40.8,271.5
031219,702.0,-27.432,55.429573,55.430411,27.715206,-0.229267,-14.27534,-20.7,-75.0,276.0
031221,704.0,-27.432,56.152239,56.152239,28.07612,0.180457,-20.86782,-18.90774,-66.6,283.9
031223,706.0,-28.3464,56.222843,56.230278,28.115139,0.019509,-15.55457,-2.0094,-6.8,295.5
031225,708.0,-28.956,56.08552,56.088833,28.044416,-0.035362,-15.39759,-1.54024,-5.2,296.2
031227,710.0,-31.0896,54.934635,54.976053,27.488027,-0.278194,-5.93901,-1.50858,-5.1,295.8
031229,712.0,-32.004,54.452958,54.460635,27.230318,-0.128854,-11.5312,-22.331,-81.5,274.0
031231,714.0,-32.3088,55.465712,55.466549,27.733275,0.251478,-20.48791,-22.72892,-84.4,269.3
031233,716.0,-32.6136,56.089581,56.090409,28.045205,0.155965,-19.49988,-24.9591,-92.1,271.0
031235,718.0,-32.9184,56.82792,56.828737,28.414369,0.184582,-20.70087,-24.34472,-90.4,269.3
031237,720.0,-31.3944,56.581499,56.602019,28.301009,-0.05668,-21.76047,-24.97638,-92.3,270.6
031239,722.0,-30.7848,56.363328,56.366624,28.183312,-0.058848,-18.82895,-23.65269,-87.7,269.7
031241,724.0,-29.8704,55.831504,55.838992,27.919496,-0.131908,-18.03012,-24.072,-88.5,272.0
031243,726.0,-30.7848,55.876258,55.88374,27.94187,0.011187,-15.09516,-24.92976,-93.3,267.2
031245,728.0,-30.1752,56.915982,56.919246,28.459623,0.258876,-24.73845,-26.0859,-97.7,267.0
031247,730.0,-29.2608,58.127382,58.134574,29.067287,0.303832,-27.65244,-24.90304,-93.2,267.2
031249,732.0,-29.2608,59.083629,59.083629,29.541814,0.237263,-24.79193,-24.33481,-90.7,268.3
031251,734.0,-28.956,59.23296,59.233744,29.616872,0.037529,-22.30486,-22.49814,-82.2,273.7
031253,736.0,-29.2608,59.103237,59.104023,29.552011,-0.03243,-19.15269,-20.67066,-75.8,272.7
031255,738.0,-29.2608,59.848923,59.848923,29.924462,0.186225,-24.67965,-22.3905,-82.5,271.4
031257,740.0,-28.956,60.774359,60.775123,30.387562,0.23155,-27.36689,-23.0264,-85.6,269.0
031259,742.0,-28.6512,59.875642,59.876418,29.938209,-0.224677,-18.24587,-21.87684,-80.4,272.1
031301,744.0,-27.432,60.13638,60.148737,30.074369,0.06808,-26.44456,-20.30854,-74.2,273.7
031303,746.0,-27.1272,59.989487,59.990261,29.995131,-0.039619,-21.67099,-20.6739,-74.1,279.0
031305,748.0,-28.0416,60.314137,60.321068,30.160534,0.082702,-20.62321,-15.2061,-55.7,273.0
031307,750.0,-28.3464,60.420349,60.421117,30.210559,0.025013,-21.47061,-19.82612,-72.2,274.6
031309,752.0,-28.956,59.256998,59.260133,29.630067,-0.290246,-13.84037,-18.3274,-66.5,275.6
031311,754.0,-28.6512,58.729054,58.729845,29.364922,-0.132573,-18.8248,-18.11591,-65.9,274.9
031313,756.0,-28.3464,59.572316,59.573096,29.786548,0.210813,-25.72668,-17.71217,-63.1,280.7
031315,758.0,-28.6512,59.228939,59.229723,29.614862,-0.085843,-18.32791,-11.09555,-39.5,280.9
031317,760.0,-28.3464,58.770232,58.771023,29.385511,-0.114676,-19.17755,-16.7706,-60.5,277.2
031319,762.0,-28.6512,58.351396,58.352192,29.176096,-0.104707,-17.17549,-13.28184,-47.3,280.8
031321,764.0,-28.6512,58.321515,58.321515,29.160758,-0.007669,-19.7335,-14.45192,-52.4,275.8
031323,766.0,-29.2608,57.957635,57.960841,28.98042,-0.090169,-16.17245,-19.092,-68.8,277.5
031325,768.0,-28.6512,58.222419,58.22561,29.112805,0.066192,-22.71632,-14.35016,-50.6,283.6
031327,770.0,-28.6512,58.305743,58.305743,29.152871,0.020033,-20.20144,-16.4576,-59.2,278.0
031329,772.0,-28.956,57.554206,57.555013,28.777506,-0.187682,-15.01585,-13.60757,-46.3,293.9
031331,774.0,-29.5656,57.002196,57.005456,28.502728,-0.137389,-14.49475,-5.52945,-19.3,286.5
031333,776.0,-29.8704,55.685987,55.686821,27.843411,-0.329658,-11.0286,-12.3819,-44.7,277.0
031335,778.0,-29.5656,55.860416,55.861248,27.930624,0.043606,-19.19321,-17.28264,-64.2,269.2
031337,780.0,-29.8704,56.434189,56.435012,28.217506,0.143441,-19.62264,-35.16392,-128.9,272.8
031339,782.0,-30.1752,57.131718,57.132531,28.566265,0.174379,-20.82793,-12.91312,-48.4,266.8
031341,784.0,-30.1752,57.327779,57.327779,28.66389,0.048813,-19.76244,-30.49544,-117.2,260.2
031343,786.0,-29.8704,58.098075,58.098874,29.049437,0.192773,-23.89723,-30.93818,-115.7,267.4
031345,788.0,-30.48,59.386471,59.3896,29.6948,0.322681,-24.83882,-14.32052,-50.8,281.9
031347,790.0,-29.5656,58.473404,58.480553,29.240277,-0.227261,-18.72701,-12.22578,-43.4,281.7
031349,792.0,-30.48,57.835796,57.843024,28.921512,-0.159382,-13.97193,-6.39787,-22.3,286.9
031351,794.0,-30.7848,57.723269,57.724073,28.862037,-0.029738,-17.89083,-25.5983,-97.0,263.9
031353,796.0,-30.48,58.647642,58.648434,29.324217,0.23109,-25.12602,-26.992,-96.4,280.0
031355,798.0,-30.48,58.664549,58.664549,29.332275,0.004029,-20.26546,-8.8539,-33.0,268.3
031357,800.0,-30.7848,58.368217,58.369013,29.184506,-0.073885,-17.72755,-29.62089,-113.1,261.9
031359,802.0,-30.48,59.274748,59.275532,29.637766,0.22663,-25.6966,-8.9257,-31.1,287.0
031401,804.0,-30.1752,59.328613,59.329396,29.664698,0.013466,-21.9712,-7.25472,-26.4,274.8
031403,806.0,-30.1752,58.971257,58.971257,29.485628,-0.089535,-18.91192,-25.00344,-92.4,270.6
031405,808.0,-29.5656,59.438988,59.442114,29.721057,0.117714,-24.82895,-21.20433,-77.7,272.9
031407,810.0,-29.8704,59.345003,59.345785,29.672893,-0.024082,-19.53294,-10.37028,-35.6,291.3
031409,812.0,-31.0896,58.359395,58.372129,29.186065,-0.243414,-12.08895,-10.12088,-37.1,272.8
031411,814.0,-30.7848,58.422863,58.423658,29.211829,0.012882,-21.08262,-23.13768,-85.6,270.3
031413,816.0,-30.1752,58.908685,58.911839,29.45592,0.122046,-24.37145,-21.672,-80.0,270.9
031415,818.0,-31.0896,59.553472,59.560491,29.780246,0.162163,-21.26877,-13.41679,-47.9,280.1
031417,820.0,-30.48,59.361277,59.364407,29.682204,-0.049021,-21.7901,-10.71811,-37.7,284.3
031419,822.0,-30.48,58.995004,58.995004,29.497502,-0.092351,-18.88437,-13.82508,-50.2,275.4
031421,824.0,-29.8704,58.719919,58.723083,29.361542,-0.06798,-20.84602,-18.08001,-66.3,272.7
031423,826.0,-29.5656,58.73361,58.734401,29.367201,0.002829,-21.2064,-19.70816,-71.2,276.8
031425,828.0,-30.1752,59.223196,59.226333,29.613167,0.122983,-21.12781,-11.5702,-41.0,282.2
031427,830.0,-30.48,58.516222,58.517016,29.258508,-0.177329,-16.05618,-19.91244,-73.1,272.4
031429,832.0,-30.7848,58.548977,58.549771,29.274885,0.008188,-19.33359,-22.39644,-83.6,267.9
031431,834.0,-29.8704,59.016914,59.023997,29.511999,0.118557,-25.31672,-20.94677,-76.7,273.1
031433,836.0,-29.2608,59.459199,59.462324,29.731162,0.109581,-24.70499,-25.29527,-93.1,271.7
031435,838.0,-29.8704,59.311597,59.314729,29.657365,-0.036898,-18.38153,-20.27246,-75.7,267.8
031437,840.0,-29.5656,59.30265,59.303433,29.651717,-0.002824,-21.6574,-24.66765,-95.5,258.3
031439,842.0,-27.7368,59.111783,59.140066,29.570033,-0.040842,-25.29827,-32.35768,-126.2,256.4
031441,844.0,-25.6032,59.403644,59.441948,29.720974,0.07547,-28.55123,-29.54994,-112.7,262.2
031443,846.0,-24.6888,59.352086,59.359129,29.679565,-0.020704,-23.18586,-31.7909,-123.7,257.0
031445,848.0,-23.1648,59.089309,59.108958,29.554479,-0.062543,-23.99404,-32.72661,-126.7,258.3
031447,850.0,-21.9456,59.390879,59.403391,29.701696,0.073609,-25.80003,-27.45233,-104.9,261.7
031449,852.0,-22.5552,60.567995,60.571063,30.285531,0.291918,-25.56522,-20.89164,-79.8,261.8
031451,854.0,-22.5552,60.553389,60.553389,30.276694,-0.004418,-21.96863,-25.98069,-98.3,264.3
031453,856.0,-23.7744,62.157694,62.16965,31.084825,0.404065,-27.61422,-23.72412,-85.4,277.8
031455,858.0,-26.8224,62.963882,63.037614,31.518807,0.216991,-19.72042,-2.60636,-9.2,283.3
031457,860.0,-26.8224,62.969891,62.969891,31.484945,-0.016931,-24.18213,-19.173,-70.0,273.9
031459,862.0,-27.1272,63.48961,63.490342,31.745171,0.130113,-26.61877,-22.69818,-84.6,268.3
031501,864.0,-27.1272,63.324753,63.324753,31.662377,-0.041397,-24.08587,-22.87296,-83.6,273.6
031503,866.0,-28.3464,63.469565,63.481274,31.740637,0.03913,-22.19854,-20.88604,-76.9,271.6
031505,868.0,-28.0416,62.785155,62.785895,31.392948,-0.173845,-21.93968,-19.43163,-71.1,273.3
031507,870.0,-28.0416,62.945175,62.945175,31.472588,0.03982,-25.22375,-18.15767,-66.1,274.7
031509,872.0,-28.3464,62.912048,62.912787,31.456393,-0.008097,-23.39403,-18.11075,-65.5,276.5
031511,874.0,-28.6512,62.83567,62.836409,31.418205,-0.019094,-23.10825,-12.89854,-46.7,276.2
031513,876.0,-29.2608,62.31487,62.317852,31.158926,-0.129639,-19.62248,-15.48864,-57.6,268.9
031515,878.0,-28.6512,61.90348,61.906482,30.953241,-0.102842,-23.29085,-19.99824,-73.2,273.2
031517,880.0,-28.0416,62.852126,62.855082,31.427541,0.23715,-30.62635,-16.4318,-60.5,271.6
031519,882.0,-28.6512,61.902244,61.905245,30.952623,-0.237459,-17.22138,-19.13464,-65.8,290.8
031521,884.0,-28.3464,61.601741,61.602495,30.801248,-0.075688,-22.59769,-1.95439,-6.7,291.7
031523,886.0,-28.0416,59.955016,59.95579,29.977895,-0.411676,-14.96656,-21.0955,-77.5,272.2
031525,888.0,-27.1272,59.207917,59.214977,29.607489,-0.185203,-20.13211,-21.46677,-74.1,289.7
031527,890.0,-26.8224,59.231035,59.23182,29.61591,0.004211,-21.71436,-1.566,-5.4,290.0
031529,892.0,-27.7368,57.534782,57.542047,28.771024,-0.422443,-9.17763,-7.19452,-26.2,274.6
031531,894.0,-27.7368,57.37886,57.37886,28.68943,-0.040797,-18.27519,-26.22008,-97.4,269.2
031533,896.0,-28.956,57.800171,57.813028,28.906514,0.108542,-17.68354,-22.45068,-82.6,271.8
031535,898.0,-28.956,58.37287,58.37287,29.186435,0.139961,-22.35909,-17.8155,-66.6,267.5
031537,900.0,-29.8704,58.991156,58.998242,29.499121,0.156343,-20.59292,-14.0262,-48.2,291.0
031539,902.0,-29.5656,57.465975,57.466783,28.733392,-0.382865,-13.37163,-1.4999,-5.3,283.0
031541,904.0,-29.8704,56.929169,56.929985,28.464992,-0.1342,-15.37577,-27.7761,-104.5,265.8
031543,906.0,-29.2608,57.565717,57.568944,28.784472,0.15974,-23.69088,-1.81377,-6.3,287.9
031545,908.0,-29.2608,56.512139,56.512139,28.256069,-0.264201,-13.7031,-16.72307,-61.1,273.7
031547,910.0,-28.956,56.788866,56.789684,28.394842,0.069386,-20.49696,-15.92864,-54.7,291.2
031549,912.0,-29.2608,58.244171,58.244968,29.122484,0.363821,-25.23609,-2.31336,-8.1,285.6
031551,914.0,-29.5656,55.097517,55.09836,27.54918,-0.786652,-3.02671,-11.10818,-39.8,279.1
031553,916.0,-30.7848,55.340936,55.354364,27.677182,0.064001,-14.59371,-18.64872,-70.8,263.4
031555,918.0,-29.8704,55.855519,55.863004,27.931502,0.12716,-22.37854,-29.89392,-114.8,260.4
031557,920.0,-28.956,57.065212,57.072537,28.536269,0.302383,-26.53045,-30.1645,-115.0,262.3
031559,922.0,-29.5656,58.892691,58.895846,29.447923,0.455827,-26.65768,-25.38818,-94.1,269.8
031601,924.0,-28.956,59.308679,59.311812,29.655906,0.103991,-24.45447,-21.28835,-78.7,270.5
031603,926.0,-28.0416,58.414383,58.421539,29.21077,-0.222568,-18.75751,-21.39984,-79.2,270.2
031605,928.0,-28.3464,58.474576,58.475371,29.237685,0.013457,-19.35586,-23.06712,-86.2,267.6
031607,930.0,-28.956,58.74418,58.747342,29.373671,0.067993,-19.68172,-23.05659,-85.3,270.3
031609,932.0,-29.2608,59.985609,59.986383,29.993192,0.30976,-26.14431,-18.95143,-69.7,271.9
031611,934.0,-29.5656,59.66705,59.667828,29.833914,-0.079639,-18.85409,-20.4001,-75.5,270.2
031613,936.0,-28.6512,61.360005,61.366818,30.683409,0.424747,-35.99879,-20.7556,-76.0,273.1
031615,938.0,-27.7368,60.208329,60.215272,30.107636,-0.287886,-19.208,-12.10679,-43.1,280.9
031617,940.0,-28.956,59.607616,59.620084,29.810042,-0.148797,-14.89372,-14.61024,-53.4,273.6
031619,942.0,-28.0416,58.957202,58.964293,29.482146,-0.163948,-20.27714,-18.10273,-65.9,274.7
031621,944.0,-29.2608,59.440747,59.453249,29.726624,0.122239,-19.5563,-15.85899,-56.7,279.7
031623,946.0,-29.5656,58.329976,58.330772,29.165386,-0.280619,-14.0868,-12.21236,-43.6,280.1
031625,948.0,-29.5656,59.332966,59.332966,29.666483,0.250549,-25.28729,-12.81069,-45.9,279.1
031627,950.0,-28.956,59.20684,59.209978,29.604989,-0.030747,-21.96677,-12.62349,-45.1,279.9
031629,952.0,-29.5656,57.774106,57.777322,28.888661,-0.358164,-11.37333,-13.45875,-48.5,277.5
031631,954.0,-29.8704,57.782042,57.782846,28.891423,0.001381,-18.48414,-3.48238,-12.1,287.8
031633,956.0,-30.48,56.922992,56.926256,28.463128,-0.214148,-13.1171,-5.23796,-18.2,287.8
031635,958.0,-31.0896,55.849004,55.852331,27.926165,-0.268482,-11.28963,-23.7897,-89.0,267.3
031637,960.0,-29.8704,55.875502,55.888802,27.944401,0.009118,-21.32442,-32.62384,-126.4,258.1
031639,962.0,-29.5656,57.744653,57.745458,28.872729,0.464164,-30.18318,-29.28415,-108.5,269.9
031641,964.0,-29.2608,58.911083,58.911871,29.455936,0.291603,-26.4649,-20.09886,-73.3,274.2
031643,966.0,-29.8704,57.666773,57.669995,28.834998,-0.310469,-12.10571,-11.79596,-41.8,282.2
031645,968.0,-28.6512,57.040958,57.053986,28.526993,-0.154003,-19.61969,-10.0116,-36.0,278.1
031647,970.0,-30.1752,57.241572,57.261856,28.630928,0.051967,-15.28325,-14.3108,-53.8,266.0
031649,972.0,-30.1752,57.430577,57.430577,28.715289,0.042181,-19.74652,-24.70122,-92.1,268.2
031651,974.0,-29.8704,57.32387,57.32468,28.66234,-0.026474,-19.36327,-13.71526,-49.3,278.2
031653,976.0,-29.5656,57.587585,57.588392,28.794196,0.065928,-21.20039,-16.63326,-61.4,270.9
031655,978.0,-29.8704,56.203829,56.204656,28.102328,-0.345934,-11.17645,-20.1025,-73.1,275.0
031657,980.0,-30.1752,56.308698,56.309523,28.154762,0.026217,-17.52783,-16.87394,-61.9,272.6
031659,982.0,-30.7848,57.787216,57.790431,28.895216,0.370227,-23.97045,-17.15202,-62.1,276.2
031701,984.0,-29.5656,57.245362,57.258343,28.629172,-0.133022,-20.15988,-11.629,-40.1,290.0
031703,986.0,-30.7848,56.970188,56.983233,28.491616,-0.068778,-13.85507,-6.31896,-22.6,279.6
031705,988.0,-29.8704,56.782225,56.789587,28.394793,-0.048411,-20.28415,-13.10386,-46.9,279.4
031707,990.0,-30.48,55.744002,55.747336,27.873668,-0.260563,-11.33492,-12.26566,-43.9,279.4
031709,992.0,-30.1752,54.478015,54.478868,27.239434,-0.317117,-12.05717,-11.92125,-42.5,280.5
031711,994.0,-30.1752,54.654765,54.654765,27.327382,0.043974,-17.20364,-8.95806,-31.3,286.2
031713,996.0,-31.0896,54.985742,54.993344,27.496672,0.084645,-15.49597,-1.43129,-4.9,292.1
031715,998.0,-30.7848,53.544898,53.545766,26.772883,-0.361895,-10.6105,-1.4259,-4.9,291.0
031717,1000.0,-30.48,52.46961,52.470495,26.235248,-0.268818,-11.26515,-1.34274,-4.6,291.9
031719,1002.0,-30.7848,50.876875,50.877788,25.438894,-0.398177,-6.31115,-1.5389,-5.5,279.8
031721,1004.0,-29.8704,50.841768,50.84999,25.424995,-0.006949,-15.81722,-24.24096,-91.2,265.8
031723,1006.0,-30.1752,50.748066,50.748981,25.37449,-0.025253,-11.88076,-28.0225,-101.9,275.0
031725,1008.0,-30.7848,51.986216,51.98979,25.994895,0.310203,-17.21758,-18.1503,-67.0,270.9
031727,1010.0,-28.6512,52.317076,52.360564,26.180282,0.092693,-25.22028,-22.25025,-82.5,269.7
031729,1012.0,-30.48,52.576269,52.608066,26.304033,0.061876,-10.31429,-21.88368,-81.9,267.2
031731,1014.0,-30.48,55.30287,55.30287,27.651435,0.673701,-86.35111,-24.0217,-89.3,269.0
031733,1016.0,-29.8704,54.667087,54.670486,27.335243,-0.158096,-15.70283,-4.46754,-15.4,290.1
031735,1018.0,-30.48,53.274578,53.278065,26.639033,-0.348105,-7.9454,-2.86011,-9.9,288.9
031737,1020.0,-30.7848,52.233615,52.234504,26.117252,-0.26089,-9.42013,-3.5625,-12.5,285.0
031739,1022.0,-30.7848,51.05324,51.05324,25.52662,-0.295316,-8.89828,-8.1054,-28.5,284.4
031741,1024.0,-28.6512,50.486693,50.531756,25.265878,-0.130371,-17.27099,-14.62284,-53.8,271.8
031743,1026.0,-31.0896,50.698921,50.757525,25.378763,0.056443,-6.86853,-23.26896,-85.8,271.2
031745,1028.0,-31.0896,51.407246,51.407246,25.703623,0.16243,-16.1949,-8.2203,-28.2,291.5
031747,1030.0,-31.3944,50.674752,50.675669,25.337834,-0.182895,-9.43235,-2.99859,-10.9,275.1
031749,1032.0,-30.1752,50.831073,50.845692,25.422846,0.042506,-17.45958,-20.9531,-80.9,259.0
031751,1034.0,-29.5656,50.769387,50.773046,25.386523,-0.018161,-14.69042,-28.8724,-104.8,275.5
031753,1036.0,-30.48,51.856423,51.864484,25.932242,0.272859,-15.62796,-17.57118,-67.4,260.7
031755,1038.0,-29.8704,53.356872,53.360355,26.680177,0.373968,-25.55163,-25.02253,-92.3,271.1
031757,1040.0,-30.1752,53.732357,53.733221,26.866611,0.093217,-16.27776,-15.49895,-53.5,289.7
031759,1042.0,-30.48,53.282961,53.283833,26.641917,-0.112347,-12.60018,-2.11325,-7.9,267.5
031801,1044.0,-29.8704,52.468264,52.471805,26.235902,-0.203008,-13.19311,-23.38635,-87.1,268.5
031803,1046.0,-30.48,51.833664,51.837249,25.918624,-0.158639,-9.8087,-13.67582,-49.3,277.4
031805,1048.0,-30.1752,52.232104,52.232994,26.116497,0.098937,-16.82748,-25.6416,-96.0,267.1
031807,1050.0,-30.7848,53.690707,53.694168,26.847084,0.365293,-19.71658,-22.9964,-86.0,267.4
031809,1052.0,-29.5656,54.740938,54.754513,27.377257,0.265087,-26.34268,-22.308,-82.5,270.4
031811,1054.0,-29.8704,55.065446,55.066289,27.533145,0.077944,-17.24168,-13.80478,-47.9,288.2
031813,1056.0,-30.1752,53.518118,53.518986,26.759493,-0.386826,-8.40332,-2.36652,-8.2,288.6
031815,1058.0,-30.1752,51.654183,51.654183,25.827091,-0.466201,-6.7026,-5.14402,-18.1,284.2
031817,1060.0,-29.5656,51.322596,51.326216,25.663108,-0.081992,-14.16161,-19.64513,-69.1,284.3
031819,1062.0,-30.7848,50.946101,50.960687,25.480344,-0.091382,-8.36182,-4.75108,-16.4,289.7
031821,1064.0,-31.0896,50.537237,50.538156,25.269078,-0.105633,-10.49594,-1.34044,-4.6,291.4
031823,1066.0,-31.3944,49.612251,49.613187,24.806594,-0.231242,-7.92009,-1.28392,-4.4,291.8
031825,1068.0,-30.48,48.319549,48.3282,24.1641,-0.321247,-9.28254,-1.22514,-4.2,291.7
031827,1070.0,-30.1752,47.008327,47.009315,23.504657,-0.329721,-6.50686,-1.20048,-4.1,292.8
031829,1072.0,-31.3944,45.240565,45.25699,22.628495,-0.438081,0.52631,-1.26546,-4.2,301.3
031831,1074.0,-31.3944,43.844253,43.844253,21.922126,-0.353184,-3.37046,18.99648,61.2,310.4
031833,1076.0,-31.0896,39.855274,39.856439,19.92822,-0.996953,5.52477,-0.91202,-3.1,294.2
031835,1078.0,-30.7848,39.060942,39.062131,19.531066,-0.198577,-3.57157,-0.96921,-3.3,293.7
031837,1080.0,-31.0896,37.531501,37.532739,18.766369,-0.382349,1.04739,-0.96921,-3.3,293.7
031839,1082.0,-30.7848,37.215352,37.216601,18.6083,-0.079034,-3.98112,0.89465,2.9,308.5
031841,1084.0,-31.0896,34.302945,34.304299,17.152149,-0.728076,5.872,15.93408,51.6,308.8
031843,1086.0,-30.48,28.631053,28.637541,14.318771,-1.416689,10.18428,20.80785,66.5,312.9
031845,1088.0,-31.0896,22.484174,22.492436,11.246218,-1.536277,13.08782,18.73608,60.4,310.2
031847,1090.0,-31.0896,14.209086,14.209086,7.104543,-2.070837,9.15632,10.47593,34.7,301.9
031849,1092.0,-31.3944,8.889153,8.894377,4.447188,-1.328678,4.48944,1.86354,6.3,295.8
031851,1094.0,-30.48,1.456254,1.719536,0.859768,-1.79371,-6.01116,-1.53348,-5.2,294.9
031853,1096.0,-29.8704,2.824028,2.889074,1.444537,0.292385,-6.78013,-1.53296,-5.2,294.8
031855,1098.0,-30.48,0.709593,0.935486,0.467743,-0.488397,-0.1722,-1.53244,-5.2,294.7
031857,1100.0,-31.0896,0.283837,0.67244,0.33622,-0.065762,-0.30718,-1.5314,-5.2,294.5
031859,1102.0,-30.48,0.45473,0.76052,0.38026,0.02202,-0.32153,-1.50195,-5.1,294.5
031901,1104.0,-31.0896,0.822095,1.023451,0.511726,0.065733,1.46314,-1.53244,-5.2,294.7
031903,1106.0,-30.7848,0.658433,0.725559,0.36278,-0.074473,-0.30191,-1.53244,-5.2,294.7
031905,1108.0,-30.48,0.425756,0.523614,0.261807,-0.050486,-0.31905,-1.50297,-5.1,294.7
031907,1110.0,-30.1752,0.0,0.3048,0.0,-0.130904,-0.35,-1.53192,-5.2,294.6
031909,1112.0,-30.1752,0.17637,0.17637,0.088185,0.044093,-0.34456,-1.53192,-5.2,294.6
031911,1114.0,-29.2608,0.111195,0.921136,0.460568,0.186191,-0.6587,-4.8096,-16.7,288.0
031913,1116.0,-29.8704,2.101003,2.187653,1.093827,0.316629,1.32763,-17.0875,-62.5,273.4
031915,1118.0,-30.1752,9.454512,9.459424,4.729712,1.817943,-16.11009,-11.2761,-40.2,280.5
031917,1120.0,-29.8704,14.167548,14.170826,7.085413,1.177851,-17.76063,-20.84781,-77.3,269.7
031919,1122.0,-28.3464,15.609114,15.683336,7.841668,0.378127,-18.64478,-26.16327,-98.1,266.7
031921,1124.0,-28.956,20.582026,20.591052,10.295526,1.226929,-23.62177,-15.14348,-54.2,279.4
031923,1126.0,-27.7368,23.701516,23.732852,11.866426,0.78545,-26.305,-30.14496,-116.3,259.2
031925,1128.0,-27.1272,25.258443,25.265798,12.632899,0.383237,-11.14344,-32.60348,-118.3,275.6
031927,1130.0,-25.6032,26.743846,26.787234,13.393617,0.380359,-20.73583,-21.39066,-78.7,271.8
031929,1132.0,-25.2984,27.20101,27.202717,13.601359,0.103871,-1.4241,-11.50605,-40.5,284.1
031931,1134.0,-24.9936,27.957822,27.959483,13.979741,0.189191,-3.86222,-12.79236,-47.1,271.6
031933,1136.0,-24.9936,30.21707,30.21707,15.108535,0.564397,-27.13668,-1.54495,-5.3,291.5
031935,1138.0,-25.2984,31.207086,31.208574,15.604287,0.247876,-2.54652,-1.51632,-5.2,291.6
031937,1140.0,-27.1272,32.097172,32.14923,16.074615,0.235164,1.58493,-1.40448,-4.8,292.6
031939,1142.0,-28.956,33.272944,33.323165,16.661582,0.293484,0.40481,-1.31805,-4.5,292.9
031941,1144.0,-29.5656,34.360054,34.365461,17.18273,0.260574,-3.4092,-1.23144,-4.2,293.2
031943,1146.0,-31.3944,35.054254,35.101926,17.550963,0.184117,0.55582,5.21196,16.9,308.4
031945,1148.0,-31.3944,32.744975,32.744975,16.372488,-0.589237,3.99265,0.92992,3.2,290.6
031947,1150.0,-31.0896,31.382556,31.384036,15.692018,-0.340235,1.10044,-13.28208,-47.2,281.4
031949,1152.0,-30.48,30.99357,30.999564,15.499782,-0.096118,-1.93982,-8.90428,-30.8,289.1
031951,1154.0,-30.48,31.915209,31.915209,15.957604,0.228911,-3.60382,-1.52256,-5.2,292.8
031953,1156.0,-30.1752,31.09804,31.099533,15.549767,-0.203919,-0.0806,-1.5262,-5.2,293.5
031955,1158.0,-29.8704,30.063101,30.064646,15.032323,-0.258722,0.75416,-1.4655,-5.0,293.1
031957,1160.0,-28.956,29.09014,29.104508,14.552254,-0.240035,-0.9169,-1.466,-5.0,293.2
031959,1162.0,-29.8704,27.531026,27.546207,13.773104,-0.389575,6.0972,-2.54232,-8.8,288.9
032001,1164.0,-29.5656,27.206183,27.20789,13.603945,-0.08458,0.10759,-1.64192,-5.6,293.2
032003,1166.0,-28.956,26.073625,26.08075,13.040375,-0.281785,1.06187,-1.4685,-5.0,293.7
032005,1168.0,-28.956,25.220566,25.220566,12.610283,-0.215046,2.51291,-1.52412,-5.2,293.1
032007,1170.0,-28.6512,24.25645,24.258365,12.129182,-0.24055,1.98813,-1.50042,-5.1,294.2
032009,1172.0,-28.3464,23.431745,23.433727,11.716864,-0.206159,1.60178,-1.41312,-4.8,294.4
032011,1174.0,-28.3464,22.220656,22.220656,11.110328,-0.303268,2.95838,-1.3818,-4.7,294.0
032013,1176.0,-27.7368,19.895101,19.904438,9.952219,-0.579054,2.41088,11.32929,36.7,308.7
032015,1178.0,-27.7368,15.452444,15.452444,7.726222,-1.112998,5.57875,1.27151,4.3,295.7
032017,1180.0,-27.432,11.213524,11.217666,5.608833,-1.058695,2.84127,-1.37428,-4.7,292.4
032019,1182.0,-27.1272,9.337277,9.342251,4.671125,-0.468854,0.50017,-7.23036,-26.7,270.8
032021,1184.0,-27.1272,11.096396,11.096396,5.548198,0.438537,-7.0143,-27.10778,-97.3,278.6
032023,1186.0,-26.2128,16.515673,16.540966,8.270483,1.361143,-29.11175,-12.5947,-43.0,292.9
032025,1188.0,-26.2128,19.759444,19.759444,9.879722,0.804619,-19.99828,-1.32075,-4.5,293.5
032027,1190.0,-26.2128,18.887048,18.887048,9.443524,-0.218099,1.90654,-0.08784,-0.3,292.8
032029,1192.0,-25.908,17.740122,17.74274,8.87137,-0.286077,1.21499,-16.16568,-57.9,279.2
032031,1194.0,-26.5176,19.651245,19.660698,9.830349,0.47949,-0.29704,-7.01704,-23.9,293.6
032033,1196.0,-27.7368,21.515082,21.549599,10.774799,0.472225,1.41954,2.84952,9.3,306.4
032035,1198.0,-28.6512,22.297225,22.315967,11.157984,0.191592,2.35544,14.15391,46.3,305.7
032037,1200.0,-27.432,15.836652,15.883513,7.941757,-1.608113,4.52547,-3.84474,-13.9,276.6
032039,1202.0,-26.8224,12.279598,12.29472,6.14736,-0.897199,1.75467,-27.7776,-108.0,257.2
032041,1204.0,-26.2128,19.299939,19.309564,9.654782,1.753711,-36.84514,-37.6542,-146.8,256.5
032043,1206.0,-25.2984,28.265967,28.280753,14.140377,2.242798,-68.33067,-27.06576,-99.8,271.2
032045,1208.0,-23.7744,27.213838,27.256478,13.628239,-0.256069,-3.50699,-12.5689,-43.0,292.3
032047,1210.0,-23.7744,25.949315,25.949315,12.974657,-0.326791,3.22549,-2.54184,-8.9,285.6
032049,1212.0,-24.0792,25.106228,25.108078,12.554039,-0.210309,3.39386,-8.34548,-28.6,291.8
032051,1214.0,-23.4696,24.787413,24.794907,12.397454,-0.078292,-0.20522,-1.52152,-5.2,292.6
032053,1216.0,-23.7744,25.555085,25.556903,12.778451,0.190498,0.23794,-1.52568,-5.2,293.4
032055,1218.0,-22.2504,23.930566,23.979045,11.989522,-0.394464,-0.99082,8.03816,26.2,306.8
032057,1220.0,-23.1648,19.855237,19.876282,9.938141,-1.02569,9.52869,11.355,37.5,302.8
032059,1222.0,-22.86,13.094765,13.098312,6.549156,-1.694493,6.03358,6.5252,22.0,296.6
032101,1224.0,-22.86,4.753591,4.753591,2.376795,-2.086181,2.82758,-0.82488,-2.8,294.6
032103,1226.0,-22.5552,2.001509,2.024584,1.012292,-0.682252,-1.66679,-1.41264,-4.8,294.3
032105,1228.0,-22.86,2.779873,2.796533,1.398267,0.192987,0.50639,-4.56354,-16.2,281.7
032107,1230.0,-22.5552,0.709611,0.772303,0.386151,-0.506058,-0.19914,-16.65888,-59.2,281.4
032109,1232.0,-21.9456,8.605078,8.626644,4.313322,1.963585,-22.04846,-18.1436,-67.0,270.8
032111,1234.0,-21.9456,15.940022,15.940022,7.970011,1.828345,-32.39159,-26.43375,-100.7,262.5
032113,1236.0,-20.1168,19.389013,19.47507,9.737535,0.883762,-32.08745,-27.68226,-105.9,261.4
032115,1238.0,-17.3736,19.912908,20.100971,10.050486,0.156476,-26.80233,-30.27672,-117.9,256.8
032117,1240.0,-15.5448,19.853141,19.937195,9.968597,-0.040945,-13.84778,-32.22828,-121.8,264.6
032119,1242.0,-14.3256,19.279235,19.317747,9.658874,-0.154861,-5.81155,-26.33895,-93.9,280.5
032121,1244.0,-13.1064,21.79286,21.826938,10.913469,0.627298,-21.90143,-17.34619,-63.1,274.9
032123,1246.0,-10.668,24.491288,24.612375,12.306187,0.696359,-36.65314,-22.1897,-84.5,262.6
032125,1248.0,-9.4488,23.412319,23.444043,11.722021,-0.292083,-0.77827,-23.7177,-85.5,277.4
032127,1250.0,-7.9248,22.91936,22.969973,11.484986,-0.118518,-8.07418,-9.5284,-32.8,290.5
032129,1252.0,-7.0104,21.82978,21.848923,10.924461,-0.280263,0.0594,-1.27072,-4.4,288.8
032131,1254.0,-6.096,18.079005,18.102115,9.051057,-0.936702,3.00467,-12.40272,-46.4,267.3
032133,1256.0,-4.2672,16.562876,16.663534,8.331767,-0.359645,-9.44789,-25.4009,-91.7,277.0
032135,1258.0,-3.3528,18.165724,18.188723,9.094362,0.381298,-13.06655,-11.43237,-39.3,290.9
032137,1260.0,-1.8288,17.173795,17.241283,8.620641,-0.236861,-8.22811,-1.2804,-4.4,291.0
032139,1262.0,-1.2192,11.337471,11.353847,5.676924,-1.471858,3.40035,1.65592,5.6,295.7
032141,1264.0,-0.3048,5.622488,5.696358,2.848179,-1.414372,-0.40785,-0.02836,-0.1,283.6
032143,1266.0,0.0,2.772642,2.789345,1.394673,-0.726753,-0.9032,-18.36657,-68.1,269.7
032145,1268.0,0.3048,7.697325,7.703357,3.851678,1.228502,-11.68389,-31.37819,-123.1,254.9
032147,1270.0,1.2192,17.68552,17.709143,8.854572,2.501447,-50.73644,-33.54048,-129.6,258.8
032149,1272.0,3.3528,21.250277,21.357118,10.678559,0.911994,-36.86737,-29.35888,-112.4,261.2
032151,1274.0,5.1816,22.111667,22.187166,11.093583,0.207512,-18.67632,-22.0028,-82.1,268.0
032153,1276.0,7.0104,22.32367,22.398454,11.199227,0.052822,-15.17652,-19.53546,-72.3,270.2
032155,1278.0,7.3152,23.380901,23.382888,11.691444,0.246109,-4.45009,-17.8788,-63.4,282.0
032157,1280.0,8.2296,24.243632,24.26087,12.130435,0.219496,-9.74696,-3.49896,-12.2,286.8
032159,1282.0,8.5344,23.922553,23.924494,11.962247,-0.084094,0.80242,-11.94765,-42.9,278.5
032201,1284.0,9.7536,23.900959,23.932035,11.966017,0.001885,-7.55776,-12.09028,-43.6,277.3
032203,1286.0,10.9728,23.422311,23.454021,11.727011,-0.119503,-4.84365,-14.2844,-53.3,268.0
032205,1288.0,13.1064,21.867167,21.971009,10.985505,-0.370753,-8.93002,-22.78656,-82.8,275.2
032207,1290.0,14.0208,20.591634,20.611927,10.305963,-0.339771,0.21944,-15.03072,-54.4,276.3
032209,1292.0,15.5448,19.807085,19.865629,9.932814,-0.186575,-7.95913,-13.52538,-48.6,278.3
032211,1294.0,17.3736,19.40151,19.487512,9.743756,-0.094529,-12.93663,-7.64244,-27.6,276.9
032213,1296.0,18.8976,17.517354,17.583523,8.791761,-0.475998,-3.84094,-23.28336,-88.8,262.2
032215,1298.0,20.1168,16.537966,16.582845,8.291423,-0.250169,-5.31068,-27.55701,-105.3,261.7
032217,1300.0,22.5552,20.459573,20.604367,10.302184,1.00538,-41.32572,-20.19671,-71.9,280.9
032219,1302.0,24.0792,20.374651,20.431568,10.215784,-0.0432,-10.64815,-6.43578,-22.3,288.6
032221,1304.0,25.2984,16.947187,16.990986,8.495493,-0.860145,1.33153,-9.5256,-36.0,264.6
032223,1306.0,27.432,15.594703,15.739982,7.869991,-0.312751,-13.73712,-30.6637,-119.5,256.6
032225,1308.0,28.6512,17.473509,17.515992,8.757996,0.444003,-17.08151,-20.25289,-72.1,280.9
032227,1310.0,30.1752,17.298854,17.365855,8.682927,-0.037535,-11.6503,-8.80309,-31.7,277.7
032229,1312.0,32.004,15.462502,15.570275,7.785138,-0.448894,-8.69178,-10.32087,-35.7,289.1
032231,1314.0,32.9184,13.5283,13.559168,6.779584,-0.502777,-0.32599,-1.30365,-4.5,289.7
032233,1316.0,32.6136,11.541954,11.545978,5.772989,-0.503297,2.8337,4.23838,14.6,290.3
032235,1318.0,33.2232,7.297605,7.323022,3.661511,-1.055739,0.50702,-12.80568,-46.6,274.8
032237,1320.0,33.8328,3.660239,3.710655,1.855328,-0.903092,-2.43883,-20.53528,-78.8,260.6
032239,1322.0,33.8328,7.410129,7.410129,3.705065,0.924869,-8.37343,-23.89096,-85.6,279.1
032241,1324.0,34.1376,14.137257,14.140542,7.070271,1.682603,-24.907,-10.808,-38.6,280.0
032243,1326.0,34.4424,16.238922,16.241783,8.120891,0.52531,-9.11749,-11.9277,-43.5,274.2
032245,1328.0,35.052,16.522365,16.533607,8.266803,0.072956,-4.694,-17.6631,-64.7,273.0
032247,1330.0,36.2712,17.607715,17.649875,8.824937,0.279067,-14.18404,-18.3032,-66.8,274.0
032249,1332.0,37.7952,15.7919,15.865266,7.932633,-0.446152,-5.53269,-16.0641,-58.5,274.6
032251,1334.0,38.7096,19.602524,19.62384,9.81192,0.939643,-24.2723,-17.47023,-66.1,264.3
032253,1336.0,41.7576,21.422676,21.638423,10.819212,0.503646,-37.18542,-24.34058,-91.3,266.6
032255,1338.0,42.9768,18.863416,18.902775,9.451387,-0.683912,0.9637,-26.12961,-97.1,269.1
032257,1340.0,44.8056,18.067967,18.160285,9.080142,-0.185623,-11.7339,-16.34072,-59.9,272.8
032259,1342.0,46.0248,20.875227,20.9108,10.4554,0.687629,-22.85462,-11.98626,-42.9,279.4
032301,1344.0,47.244,21.591661,21.626055,10.813028,0.178814,-12.09041,-8.52546,-30.2,282.3
032303,1346.0,49.0728,18.549453,18.639386,9.319693,-0.746668,-1.01638,-2.2581,-7.8,289.5
032305,1348.0,48.1584,17.435193,17.459155,8.729577,-0.295058,4.7926,-1.18654,-4.1,289.4
032307,1350.0,47.8536,16.910503,16.913249,8.456625,-0.136476,2.11643,-0.55233,-1.9,290.7
032309,1352.0,47.5488,16.776337,16.779106,8.389553,-0.033536,1.58533,4.74,15.8,300.0
032311,1354.0,48.1584,14.303687,14.316671,7.158335,-0.615609,1.21081,8.246,28.0,294.5
032313,1356.0,48.4632,7.014432,7.021052,3.510526,-1.823905,2.90387,-0.17118,-0.6,285.3
032315,1358.0,47.8536,2.4195,2.495114,1.247557,-1.131485,2.39261,-14.3364,-52.0,275.7
032317,1360.0,47.5488,6.212681,6.220153,3.110077,0.93126,-4.10984,-9.889,-34.1,290.0
032319,1362.0,48.1584,10.734922,10.752216,5.376108,1.133015,-16.89598,0.2937,1.0,293.7
032321,1364.0,48.768,8.421488,8.443522,4.221761,-0.577173,-0.29228,0.02921,0.1,292.1
032323,1366.0,49.6824,2.838449,2.9821,1.49105,-1.365356,-4.83006,-6.302,-23.0,274.0
032325,1368.0,48.1584,4.403336,4.659608,2.329804,0.419377,3.74406,-22.00225,-83.5,263.5
032327,1370.0,49.3776,12.299684,12.359963,6.179981,1.925089,-34.27802,-30.326,-118.0,257.0
032329,1372.0,50.5968,18.647917,18.68773,9.343865,1.581942,-38.69619,-19.656,-72.0,273.0
032331,1374.0,52.7304,21.193072,21.3002,10.6501,0.653118,-31.29425,-13.97568,-50.2,278.4
032333,1376.0,53.6448,19.632191,19.653474,9.826737,-0.411682,0.46811,-10.41043,-37.3,279.1
032335,1378.0,55.1688,17.931619,17.996264,8.998132,-0.414302,-4.66312,-20.061,-74.3,270.0
032337,1380.0,56.388,17.403581,17.446234,8.723117,-0.137507,-6.87154,-12.73734,-46.2,275.7
032339,1382.0,58.2168,17.165435,17.26258,8.63129,-0.045914,-14.54,-17.50353,-64.9,269.7
032341,1384.0,58.8264,17.639499,17.650029,8.825014,0.096862,-4.94239,-19.85112,-71.1,279.2
032343,1386.0,59.436,19.225526,19.235188,9.617594,0.39629,-10.49639,-10.24296,-36.4,281.4
032345,1388.0,60.6552,18.521337,18.561422,9.280711,-0.168442,-5.87181,-1.5093,-5.4,279.5
032347,1390.0,60.96,16.509978,16.512792,8.256396,-0.512157,2.13949,-10.29588,-35.7,288.4
032349,1392.0,62.1792,14.963191,15.012779,7.50639,-0.375003,-4.16874,-1.23228,-4.2,293.4
032351,1394.0,62.7888,12.526349,12.541174,6.270587,-0.617901,0.78693,6.78678,23.1,293.8
032353,1396.0,62.484,5.590595,5.598897,2.799449,-1.735569,3.7011,-0.67632,-2.4,281.8
032355,1398.0,64.3128,1.88577,2.626907,1.313453,-0.742998,-16.03014,-17.38392,-64.1,271.2
032357,1400.0,64.3128,4.602892,4.602892,2.301446,0.493996,-3.32553,-19.35408,-73.2,264.4
032359,1402.0,64.6176,10.035152,10.03978,5.01989,1.359222,-15.48966,-25.86944,-97.4,265.6
032401,1404.0,66.4464,14.872957,14.984971,7.492486,1.236298,-34.46463,-14.12,-50.0,282.4
032403,1406.0,67.9704,16.212032,16.283506,8.141753,0.324634,-17.86886,-1.3014,-4.5,289.2
032405,1408.0,67.9704,13.657551,13.657551,6.828776,-0.656489,3.00441,-1.27952,-4.4,290.8
032407,1410.0,67.9704,9.116392,9.116392,4.558196,-1.13529,3.16745,3.4047,11.7,291.0
032409,1412.0,67.9704,3.319734,3.319734,1.659867,-1.449164,1.23565,-3.30872,-11.8,280.4
032411,1414.0,68.58,2.781272,2.847294,1.423647,-0.11811,-5.59938,-15.9152,-56.0,284.2
032413,1416.0,69.1896,6.16563,6.195692,3.097846,0.837099,-10.63453,-3.7739,-13.0,290.3
032415,1418.0,69.1896,9.433437,9.433437,4.716718,0.809436,-9.50022,-1.218,-4.2,290.0
032417,1420.0,68.2752,10.04465,10.086184,5.043092,0.163187,2.3131,-3.10467,-11.1,279.7
032419,1422.0,68.2752,12.109379,12.109379,6.054689,0.505799,-8.46694,-25.4364,-94.0,270.6
032421,1424.0,71.0184,15.354336,15.597461,7.79873,0.872021,-38.3995,-12.3105,-43.5,283.0
032423,1426.0,71.9328,12.706547,12.739406,6.369703,-0.714514,0.30885,-5.21916,-18.3,285.2
032425,1428.0,72.8472,5.821672,5.893046,2.946523,-1.71159,0.24889,-6.49116,-23.4,277.4
032427,1430.0,73.4568,7.524851,7.549503,3.774752,0.414114,-8.34535,-8.556,-30.0,285.2
032429,1432.0,73.7616,7.5941,7.600214,3.800107,0.012677,-2.28618,-1.24829,-4.3,290.3
032431,1434.0,73.4568,3.337013,3.350905,1.675452,-1.062327,1.75704,-1.1608,-4.0,290.2
032433,1436.0,72.8472,2.587608,2.658445,1.329222,-0.173115,1.69331,-1.1636,-4.0,290.9
032435,1438.0,71.628,8.748771,8.833314,4.416657,1.543718,-3.40668,-1.2642,-4.3,294.0
032437,1440.0,70.4088,14.009708,14.062658,7.031329,1.307336,-9.15275,5.14156,17.3,297.2
032439,1442.0,69.1896,15.137928,15.186946,7.593473,0.281072,2.71782,5.78228,19.3,299.6
032441,1444.0,68.2752,14.665479,14.693958,7.346979,-0.123247,3.61058,5.03766,17.1,294.6
032443,1446.0,67.3608,12.829771,12.862315,6.431158,-0.45791,4.71992,2.35183,7.9,297.7
032445,1448.0,65.532,12.938067,13.066679,6.533339,0.05109,5.45336,0.99586,3.4,292.9
032447,1450.0,64.9224,13.969282,13.982577,6.991288,0.228975,1.17385,4.52268,15.3,295.6
032449,1452.0,64.008,13.688256,13.718763,6.859382,-0.065953,3.27994,2.63529,8.9,296.1
032451,1454.0,61.8744,13.59536,13.761761,6.88088,0.010749,6.54413,3.23076,10.9,296.4
032453,1456.0,60.6552,15.525704,15.573501,7.78675,0.452935,1.90992,4.09219,13.7,298.7
032455,1458.0,59.436,16.461231,16.506319,8.253159,0.233205,2.92967,4.80907,16.1,298.7
032457,1460.0,59.1312,15.050154,15.05324,7.52662,-0.36327,2.93872,7.39655,24.5,301.9
032459,1462.0,57.912,14.104145,14.156742,7.078371,-0.224124,4.87882,9.55032,31.2,306.1
032501,1464.0,55.1688,11.852889,12.166187,6.083094,-0.497638,10.09384,7.28624,24.8,293.8
032503,1466.0,54.864,7.674486,7.680536,3.840268,-1.121413,3.47042,1.23656,4.1,301.6
032505,1468.0,54.5592,5.496961,5.505405,2.752703,-0.543783,1.68628,1.63968,5.6,292.8
032507,1470.0,53.9496,5.918354,5.949666,2.974833,0.111065,1.50839,-4.7553,-16.5,288.2
032509,1472.0,54.864,7.634523,7.689088,3.844544,0.434856,-11.54605,-2.45448,-8.4,292.2
032511,1474.0,54.864,4.691605,4.691605,2.345803,-0.74937,0.91065,-1.9239,-6.6,291.5
032513,1476.0,54.864,2.211714,2.211714,1.105857,-0.619973,0.15764,-1.63408,-5.6,291.8
032515,1478.0,54.5592,0.956956,1.004325,0.502162,-0.301847,0.67896,-1.37663,-4.7,292.9
032517,1480.0,54.864,0.41702,0.516536,0.258268,-0.121947,-0.30843,-1.68954,-5.8,291.3
032519,1482.0,55.1688,0.088193,0.317303,0.158651,-0.049809,-0.33131,-3.43734,-11.8,291.3
032521,1484.0,54.5592,0.22239,0.648899,0.324449,0.082899,-0.33753,-2.24147,-7.7,291.1
032523,1486.0,55.4736,0.352773,0.98009,0.490045,0.082798,-0.33111,-1.95908,-6.7,292.4
032525,1488.0,54.5592,0.552929,1.068577,0.534289,0.022122,2.37227,-1.57896,-5.4,292.4
032527,1490.0,55.4736,1.196195,1.505659,0.75283,0.10927,-9.30843,-1.1716,-4.0,292.9
032529,1492.0,54.5592,1.644206,1.881367,0.940684,0.093927,2.36242,-1.14231,-3.9,292.9
032531,1494.0,54.5592,1.847158,1.847158,0.923579,-0.008553,-0.26382,-1.1427,-3.9,293.0
032533,1496.0,54.864,1.811012,1.836482,0.918241,-0.002669,-3.07822,-1.14231,-3.9,292.9
032535,1498.0,53.9496,1.801705,2.020462,1.010231,0.045995,2.39363,-1.1427,-3.9,293.0
032537,1500.0,55.1688,1.728146,2.114932,1.057466,0.023618,-12.10794,-1.14309,-3.9,293.1
032539,1502.0,55.1688,1.878967,1.878967,0.939484,-0.058991,-0.23399,-1.14348,-3.9,293.2
032541,1504.0,55.1688,1.878967,1.878967,0.939484,0.0,-0.62854,-1.14309,-3.9,293.1
032543,1506.0,55.4736,1.728146,1.754819,0.87741,-0.031037,-3.04056,-1.14348,-3.9,293.2
032545,1508.0,55.4736,1.801704,1.801704,0.900852,0.011721,-0.27687,-1.14387,-3.9,293.3
032547,1510.0,55.1688,1.728146,1.754819,0.87741,-0.011721,0.62761,-1.14387,-3.9,293.3
032549,1512.0,55.7784,1.878967,1.975381,0.98769,0.05514,-6.1773,-1.14465,-3.9,293.5
032551,1514.0,54.864,1.728145,1.95515,0.977575,-0.005057,2.42148,-1.14387,-3.9,293.3
032553,1516.0,55.4736,1.878967,1.97538,0.98769,0.005057,-6.07786,-1.14348,-3.9,293.2
032555,1518.0,54.5592,1.801703,2.020461,1.010231,0.01127,2.41461,-1.14426,-3.9,293.4
032557,1520.0,55.4736,1.728145,1.95515,0.977575,-0.016328,-9.0441,-1.14348,-3.9,293.2
032559,1522.0,55.1688,1.878966,1.903527,0.951764,-0.012906,0.63539,-1.14426,-3.9,293.4
032601,1524.0,55.7784,1.597158,1.70954,0.85477,-0.048497,-6.02407,-1.14426,-3.9,293.4
032603,1526.0,54.864,1.878966,2.089651,1.044825,0.095027,2.36511,-1.14504,-3.9,293.6
