122550,0,408.736799,0.0,0.0,0,0,-0.35,-0.21833,-0.7,311.9
122552,2.0,409.041599,7.712047,7.718068,3.859034,1.929517,-17.06539,-0.2184,-0.7,312.0
122556,6.0,409.041599,9.832002,9.832002,2.458001,-0.350258,0.38101,-0.34309,-1.1,311.9
122558,8.0,408.431999,4.581882,4.622256,2.311128,-0.073436,1.73623,-6.91523,-22.3,310.1
122600,10.0,409.955999,5.919885,6.112905,3.056453,0.372662,-16.66809,-0.43652,-1.4,311.8
122602,12.0,409.651199,5.358819,5.36748,2.68374,-0.186357,1.07699,-6.8805,-22.5,305.8
122604,14.0,410.260799,7.119402,7.145453,3.572726,0.444493,-8.42716,-16.73442,-55.8,299.9
122606,16.0,410.870399,11.79755,11.813289,5.906644,1.166959,-18.24186,-20.96874,-70.2,298.7
122610,20.0,412.089599,33.415234,33.437468,8.359367,0.613181,-13.71593,-14.00575,-46.3,302.5
122612,22.0,412.394399,18.682473,18.68496,9.34248,0.491557,-9.20342,-8.3538,-27.0,309.4
122614,24.0,411.479999,18.903895,18.925998,9.462999,0.060259,2.98819,-0.27945,-0.9,310.5
122616,26.0,411.175199,19.125527,19.127956,9.563978,0.050489,1.27471,-0.27981,-0.9,310.9
122618,28.0,410.260799,18.571289,18.593786,9.296893,-0.133542,4.04304,-0.27999,-0.9,311.1
122620,30.0,408.736799,19.459112,19.518699,9.75935,0.231229,3.80765,2.87868,9.2,312.9
122622,32.0,408.127199,20.01795,20.02723,10.013615,0.127133,1.76103,3.79577,12.1,313.7
122624,34.0,407.212799,18.131886,18.154928,9.077464,-0.468076,5.8026,11.71344,36.8,318.3
122626,36.0,405.079199,20.59612,20.706337,10.353169,0.637853,3.08982,16.42744,51.4,319.6
122628,38.0,404.164799,16.949245,16.973892,8.486946,-0.933111,7.9072,10.3812,32.8,316.5
122630,40.0,404.164799,9.454979,9.454979,4.727489,-1.879729,5.37685,6.04416,19.2,314.8
122632,42.0,404.164799,3.785702,3.785702,1.892851,-1.417319,1.41441,0.06254,0.2,312.7
122636,46.0,403.859999,9.487989,9.492884,2.373221,0.120093,0.13608,-0.40612,-1.3,312.4
122638,48.0,404.774399,4.527854,4.619263,2.309632,-0.031795,-8.4896,-0.375,-1.2,312.5
122640,50.0,404.164799,3.405831,3.459956,1.729978,-0.289827,1.88126,-1.1507,-3.7,311.0
122642,52.0,404.164799,5.486275,5.486275,2.743137,0.506579,-3.95321,-7.47005,-24.5,304.9
122644,54.0,404.164799,8.817365,8.817365,4.408683,0.832773,-9.056,0.6252,2.0,312.6
122648,58.0,402.640799,28.400272,28.441133,7.110283,0.6754,-0.28515,1.97631,6.3,313.7
122650,60.0,403.250399,12.65705,12.671721,6.335861,-0.387211,-0.06089,1.66155,5.3,313.5
122654,64.0,403.250399,7.56315,7.56315,1.890787,-1.111269,1.06798,-0.34353,-1.1,312.3
122656,66.0,402.640799,5.797602,5.829563,2.914781,0.511997,0.80223,-0.6238,-2.0,311.9
122658,68.0,402.335999,7.018051,7.024667,3.512333,0.298776,0.23214,-3.4664,-11.2,309.5
122700,70.0,402.031199,3.283302,3.29742,1.64871,-0.931812,1.60005,-7.03246,-22.7,309.8
122702,72.0,402.640799,9.089644,9.110063,4.555031,1.45316,-18.17124,-14.01246,-46.2,303.3
122704,74.0,402.335999,16.058696,16.061588,8.030794,1.737882,-28.01922,-13.8538,-45.2,306.5
122706,76.0,402.031199,18.716702,18.719184,9.359592,0.664399,-13.1396,-12.79504,-42.2,303.2
122708,78.0,401.421599,20.593625,20.602646,10.301323,0.470866,-0.32463,-0.37296,-1.2,310.8
122710,80.0,400.811999,21.669509,21.678082,10.839041,0.268859,0.91331,-0.2799,-0.9,311.0
122712,82.0,399.592799,21.986502,22.020279,11.01014,0.085549,3.89555,-0.28008,-0.9,311.2
122714,84.0,399.592799,20.475391,20.475391,10.237695,-0.386223,3.1272,4.18176,13.2,316.8
122716,86.0,398.983199,18.74308,18.752991,9.376495,-0.4306,4.82914,9.90019,31.3,316.3
122718,88.0,398.678399,16.266282,16.269137,8.134569,-0.620963,4.37346,7.42835,23.5,316.1
122720,90.0,398.373599,14.654596,14.657766,7.328883,-0.402843,3.02282,5.06989,16.1,314.9
122722,92.0,398.068799,12.929291,12.932884,6.466442,-0.43122,2.82368,0.0625,0.2,312.5
122724,94.0,397.763999,13.139248,13.142783,6.571391,0.052474,0.97032,-1.8654,-6.0,310.9
122726,96.0,398.068799,13.658516,13.661916,6.830958,0.129784,-2.87837,-0.2184,-0.7,312.0
122728,98.0,397.459199,13.705962,13.719512,6.859756,0.014399,2.04037,3.2656,10.4,314.0
122730,100.0,397.154399,11.685226,11.689201,5.8446,-0.507578,2.86033,5.19255,16.5,314.7
122732,102.0,397.154399,9.247715,9.247715,4.623858,-0.610371,1.75614,2.32064,7.4,313.6
122734,104.0,396.849599,5.861849,5.869769,2.934884,-0.844487,2.27804,1.4444,4.6,314.0
122736,106.0,396.849599,3.368362,3.368362,1.684181,-0.625352,0.42557,-0.125,-0.4,312.5
122738,108.0,396.544799,0.202532,0.365954,0.182977,-0.750602,-0.2522,-0.53057,-1.7,312.1
122740,110.0,396.544799,0.169277,0.169277,0.084639,-0.049169,-0.34011,-0.4686,-1.5,312.4
122742,112.0,396.544799,0.237952,0.237952,0.118976,0.017169,-0.34079,-0.46875,-1.5,312.5
122744,114.0,395.935199,0.344155,0.700039,0.35002,0.115522,-0.3434,-0.40612,-1.3,312.4
122746,116.0,395.630399,0.650943,0.71877,0.359385,0.004683,-0.31951,-0.34353,-1.1,312.3
122748,118.0,395.935199,0.818733,0.873629,0.436814,0.038714,-0.32178,-0.34353,-1.1,312.3
122750,120.0,395.935199,0.796559,0.796559,0.398279,-0.019267,-0.31053,-0.34353,-1.1,312.3
122752,122.0,395.325599,0.713855,0.938723,0.469361,0.035541,-0.31879,-0.34353,-1.1,312.3
122754,124.0,396.544799,0.581173,1.350634,0.675317,0.102978,-12.25728,-0.34342,-1.1,312.2
122756,126.0,395.630399,0.56238,1.073498,0.536749,-0.069284,2.38937,-0.34331,-1.1,312.1
122758,128.0,396.239999,0.475903,0.773367,0.386683,-0.075033,-0.29884,-0.34331,-1.1,312.1
122802,132.0,396.239999,0.111195,0.111195,0.027799,-0.089721,-0.34608,-0.3121,-1.0,312.1
122804,134.0,395.630399,0.0,0.6096,0.0,-0.013899,-0.35,-0.34331,-1.1,312.1
122806,136.0,395.935199,1.032464,1.076515,0.538258,0.269129,-3.47308,-0.34342,-1.1,312.2
122808,138.0,395.935199,1.162347,1.162347,0.581173,0.021457,-0.30647,-0.34331,-1.1,312.1
122810,140.0,396.544799,0.611213,0.863246,0.431623,-0.074775,-0.29296,-0.34353,-1.1,312.3
122814,144.0,397.154399,0.713855,0.938723,0.234681,-0.049235,-0.32256,-0.34353,-1.1,312.3
122816,146.0,396.849599,3.330738,3.344655,1.672327,0.718823,-0.02811,-8.1708,-26.4,309.5
122818,148.0,397.154399,6.945318,6.952003,3.476002,0.901838,-8.5616,-6.02745,-19.5,309.1
122820,150.0,397.154399,8.287606,8.287606,4.143803,0.333901,-4.3895,-16.02607,-52.7,304.1
122822,152.0,398.373599,12.410657,12.470399,6.2352,1.045698,-23.35694,-27.59118,-94.2,292.9
122824,154.0,398.983199,16.433072,16.444375,8.222188,0.993494,-19.865,-32.62324,-111.8,291.8
122828,158.0,402.031199,41.717585,41.828784,10.457196,0.558752,-23.11175,-28.13808,-96.1,292.8
122830,160.0,404.469599,22.51308,22.644747,11.322373,0.432588,-29.72318,-28.05244,-94.9,295.6
122834,164.0,408.127199,41.585434,41.745974,10.436494,-0.22147,-9.79701,-22.74702,-76.9,295.8
122836,166.0,409.651199,23.538082,23.587367,11.793684,0.678595,-26.68984,-17.51686,-58.9,297.4
122838,168.0,410.565599,25.368635,25.385109,12.692555,0.449435,-15.94611,-23.24202,-78.6,295.7
122840,170.0,413.308799,23.988793,24.14513,12.072565,-0.309995,-14.93898,-20.09854,-68.2,294.7
122842,172.0,414.527999,22.165464,22.19897,11.099485,-0.48654,0.5651,-29.50605,-101.5,290.7
122844,174.0,417.271199,22.992969,23.156031,11.578015,0.239265,-28.31228,-4.9024,-16.0,306.4
122846,176.0,417.880799,21.109532,21.118333,10.559166,-0.509424,2.24509,-0.3074,-1.0,307.4
122848,178.0,419.404799,14.690867,14.769703,7.384852,-1.587157,2.90933,7.7925,25.0,311.7
122852,182.0,420.014399,10.049931,10.068402,2.517101,-1.216938,0.80742,1.01706,3.3,308.2
122854,184.0,420.014399,8.24137,8.24137,4.120685,0.801792,-8.22454,-0.33935,-1.1,308.5
122856,186.0,420.319199,1.980741,2.004055,1.002027,-1.559329,-0.22185,-0.33979,-1.1,308.9
122858,188.0,420.623999,2.244444,2.265046,1.132523,0.065248,-3.15515,-0.3399,-1.1,309.0
122900,190.0,420.014399,2.275924,2.35615,1.178075,0.022776,1.51769,-0.3399,-1.1,309.0
122902,192.0,420.014399,2.30146,2.30146,1.15073,-0.013672,-0.2395,-0.3399,-1.1,309.0
122906,196.0,420.319199,5.231965,5.240836,1.310209,0.03987,-1.56303,-0.3399,-1.1,309.0
122908,198.0,420.319199,1.06879,1.06879,0.534395,-0.387907,-0.17974,-8.26608,-27.2,303.9
122910,200.0,420.928799,7.091158,7.117313,3.558656,1.512131,-16.02227,-11.29392,-37.2,303.6
122912,202.0,421.843199,8.563682,8.612362,4.306181,0.373762,-11.2217,-17.92735,-59.5,301.3
122916,206.0,423.671999,20.933581,21.013313,5.253328,0.236787,-10.16521,-4.9296,-16.0,308.1
122918,208.0,423.671999,5.5424,5.5424,2.7712,-1.241064,1.94476,0.6798,2.2,309.0
122920,210.0,423.671999,2.045755,2.045755,1.022878,-0.874161,0.27216,-6.02316,-19.8,304.2
122922,212.0,424.281599,5.343392,5.378053,2.689026,0.833074,-10.01089,-14.13344,-46.4,304.6
122924,214.0,424.586399,9.261066,9.26608,4.63304,0.972007,-10.91905,-7.6608,-25.2,304.0
122926,216.0,423.671999,13.344474,13.375766,6.687883,1.027422,-7.30587,-19.48625,-65.5,297.5
122928,218.0,422.452799,17.25124,17.294268,8.647134,0.979626,-8.33791,-0.3081,-1.0,308.1
122930,220.0,419.709599,22.263216,22.431583,11.215791,1.284329,0.36425,-0.27747,-0.9,308.3
122932,222.0,417.880799,23.429121,23.500387,11.750194,0.267201,4.49202,-0.24672,-0.8,308.4
122934,224.0,416.051999,24.753402,24.820867,12.410433,0.33012,3.85494,3.174,10.0,317.4
122936,226.0,415.137599,25.214884,25.231458,12.615729,0.102648,2.74309,17.36178,54.7,317.4
122938,228.0,412.699199,23.848233,23.972568,11.986284,-0.314723,10.42905,15.8364,49.8,318.0
122940,230.0,410.260799,21.930035,22.065181,11.032591,-0.476846,11.15187,14.31925,45.1,317.5
122944,234.0,408.127199,38.724701,38.783433,9.695858,-0.334183,5.7357,12.58078,39.8,316.1
122946,236.0,407.517599,16.73634,16.747438,8.373719,-0.66107,5.583,8.8164,27.9,316.0
122948,238.0,405.993599,15.563317,15.637756,7.818878,-0.27742,6.17738,7.2135,22.9,315.0
122950,240.0,405.079199,14.140782,14.170316,7.085158,-0.36686,4.56329,5.86993,18.7,313.9
122952,242.0,404.469599,13.095083,13.109265,6.554632,-0.265263,3.09882,4.95646,15.8,313.7
122954,244.0,403.555199,12.555279,12.588533,6.294266,-0.130183,3.41198,4.26224,13.6,313.4
122956,246.0,403.555199,11.391058,11.391058,5.695529,-0.299368,1.203,9.47044,29.8,317.8
122958,248.0,402.335999,7.067206,7.171601,3.5858,-1.054864,5.78598,2.21449,7.1,311.9
123002,252.0,402.640799,1.949786,1.973466,0.493367,-0.773108,-0.07968,-0.43498,-1.4,310.7
123004,254.0,402.335999,0.602792,0.675471,0.337736,-0.077816,-0.30476,-0.311,-1.0,311.0
123006,256.0,402.640799,0.81873,0.873626,0.436813,0.049539,-0.3246,-0.3109,-1.0,310.9
123008,258.0,402.640799,0.677083,0.677083,0.338541,-0.049136,-0.31043,-1.548,-5.0,309.6
123010,260.0,402.335999,3.500334,3.51358,1.75679,0.709124,-0.04656,-6.82428,-22.2,307.4
123012,262.0,401.726399,9.135692,9.156008,4.578004,1.410607,-8.7054,-11.13006,-36.6,304.1
123014,264.0,402.031199,14.493059,14.496264,7.248132,1.335064,-20.30204,-14.12208,-46.7,302.4
123018,268.0,402.335999,35.799381,35.800679,8.95017,0.42551,-6.3233,-22.20084,-74.7,297.2
123020,270.0,403.859999,20.328626,20.385672,10.192836,0.621333,-24.23058,-16.88248,-56.2,300.4
123022,272.0,405.688799,21.224584,21.303227,10.651614,0.229389,-19.1975,-16.93344,-56.9,297.6
123024,274.0,406.298399,20.640866,20.649866,10.324933,-0.163341,0.01041,-16.25499,-53.7,302.7
123026,276.0,407.517599,19.389285,19.427579,9.71379,-0.305572,-2.8676,-6.72987,-21.9,307.3
123028,278.0,408.127199,20.16718,20.176391,10.088196,0.187203,-6.41496,3.89608,12.4,314.2
123030,280.0,408.431999,16.628758,16.631551,8.315775,-0.88621,3.99698,7.28824,23.3,312.8
123034,284.0,407.822399,26.273456,26.280527,6.570132,-0.436411,2.8824,0.2472,0.8,309.0
123038,288.0,406.907999,32.280932,32.293881,8.07347,0.375835,-0.00317,-8.62792,-28.4,303.8
123040,290.0,405.079199,18.79492,18.883685,9.441842,0.684186,2.14906,-0.2472,-0.8,309.0
123044,294.0,403.859999,41.096517,41.114598,10.278649,0.209202,1.27935,-0.27828,-0.9,309.2
123046,296.0,402.335999,21.763696,21.816989,10.908495,0.314923,3.28445,10.52108,33.2,316.9
123048,298.0,401.116799,20.955487,20.990924,10.495462,-0.206517,5.66391,12.915,41.0,315.0
123050,300.0,399.897599,18.711503,18.751181,9.37559,-0.559936,7.33079,17.7912,56.0,317.7
123052,302.0,398.983199,13.67307,13.703611,6.851806,-1.261892,8.13574,12.88056,40.8,315.7
123056,306.0,398.068799,12.133511,12.167917,3.041979,-0.952457,2.98243,6.63282,21.3,311.4
123058,308.0,398.373599,0.419223,0.518316,0.259158,-1.391411,-0.11262,-0.37272,-1.2,310.6
123100,310.0,397.154399,0.169272,1.230895,0.615447,0.178144,3.19893,-0.3726,-1.2,310.5
123102,312.0,398.068799,0.237951,0.944853,0.472427,-0.07151,-0.28848,-0.37248,-1.2,310.4
123104,314.0,397.763999,0.405055,0.506925,0.253462,-0.109483,-0.31127,-0.37212,-1.2,310.1
123106,316.0,397.763999,0.084636,0.084636,0.042318,-0.105572,-0.34363,-0.37248,-1.2,310.4
123108,318.0,398.068799,0.202528,0.365951,0.182976,0.070329,-0.34163,-0.37236,-1.2,310.3
123110,320.0,397.459199,0.169272,0.632665,0.316333,0.066678,-0.33484,-0.3102,-1.0,310.2
123112,322.0,397.763999,0.084636,0.316333,0.158166,-0.079083,-0.3287,-0.3104,-1.0,310.4
123116,326.0,397.459199,5.612598,5.620868,1.405217,0.311763,-0.0421,-1.5425,-5.0,308.5
123118,328.0,396.544799,7.067271,7.12618,3.56309,1.078937,0.35317,-3.03633,-9.9,306.7
123120,330.0,395.630399,10.497214,10.536965,5.268482,0.852696,0.13807,-6.16,-20.0,308.0
123122,332.0,395.935199,13.574859,13.578281,6.78914,0.760329,-11.4505,-0.217,-0.7,310.0
123126,336.0,395.630399,31.906994,31.90845,7.977113,0.296993,-6.3042,-14.75574,-49.8,296.3
123130,340.0,396.544799,45.085242,45.094514,11.273629,0.824129,-19.09415,-23.03503,-77.9,295.7
123132,342.0,396.849599,25.277485,25.279322,12.639661,0.683016,-15.81528,-0.3388,-1.1,308.0
123136,346.0,396.849599,45.750269,45.750269,11.437567,-0.300524,3.01404,-0.37008,-1.2,308.4
123138,348.0,397.154399,22.158193,22.160289,11.080145,-0.178711,1.19649,-0.24704,-0.8,308.8
123142,352.0,395.020799,44.405603,44.456831,11.114208,0.008516,3.97226,-0.2472,-0.8,309.0
123146,356.0,394.411199,46.612192,46.616178,11.654045,0.134959,0.95872,-0.21637,-0.7,309.1
123148,358.0,393.801599,23.747251,23.755074,11.877537,0.111746,2.03417,-0.37104,-1.2,309.2
123150,360.0,392.582399,23.646198,23.677609,11.838804,-0.019367,4.73417,-0.34001,-1.1,309.1
123152,362.0,391.972799,24.219585,24.227256,12.113628,0.137412,1.89547,-0.34001,-1.1,309.1
123154,364.0,391.058399,25.48981,25.506206,12.753103,0.319737,1.01197,-0.34034,-1.1,309.4
123156,366.0,391.058399,25.220162,25.220162,12.610081,-0.071511,1.38501,-0.34023,-1.1,309.3
123158,368.0,390.448799,26.880793,26.887704,13.443852,0.416886,-1.19512,-0.34056,-1.1,309.6
123200,370.0,389.839199,26.816543,26.823471,13.411735,-0.016058,2.28973,-0.37116,-1.2,309.3
123202,372.0,388.924799,26.649888,26.665571,13.332785,-0.039475,3.41365,-0.40222,-1.3,309.4
123204,374.0,387.400799,26.099323,26.14378,13.07189,-0.130447,6.05239,-0.4641,-1.5,309.4
123208,378.0,387.095999,55.180621,55.181463,13.795366,0.180869,-0.9039,-0.43316,-1.4,309.4
123210,380.0,386.181599,26.814152,26.829738,13.414869,-0.190249,4.56925,-0.34034,-1.1,309.4
123212,382.0,386.791199,25.621114,25.628365,12.814182,-0.300344,1.2465,-0.3714,-1.2,309.5
123214,384.0,387.095999,24.078776,24.080705,12.040353,-0.386914,3.02602,-0.40248,-1.3,309.6
123218,388.0,388.010399,42.929017,42.938755,10.734689,-0.326416,1.60266,-0.27873,-0.9,309.7
123220,390.0,387.705599,18.36958,18.372108,9.186054,-0.774317,5.74314,12.0262,38.3,314.0
123222,392.0,387.400799,14.076421,14.079721,7.03986,-1.073097,5.72795,9.66743,30.7,314.9
123224,394.0,387.400799,6.356669,6.356669,3.178335,-1.930763,3.58859,-4.92749,-16.3,302.3
123226,396.0,386.486399,8.903983,8.950813,4.475406,0.648535,1.00323,-14.63683,-48.1,304.3
123228,398.0,384.657599,15.76784,15.87354,7.93677,1.730682,-12.57921,-3.21568,-10.4,309.2
123230,400.0,382.523999,19.939087,20.052916,10.026458,1.044844,0.73499,-0.27837,-0.9,309.3
123232,402.0,381.304799,21.561028,21.595472,10.797736,0.385639,1.94329,-0.24776,-0.8,309.7
123234,404.0,379.475999,26.748704,26.811148,13.405574,1.303919,-23.98646,-0.37152,-1.2,309.6
123236,406.0,378.866399,24.793844,24.801337,12.400669,-0.502453,6.45009,-0.34034,-1.1,309.4
123238,408.0,376.427999,26.989682,27.099608,13.549804,0.574568,2.78123,5.6966,18.2,313.0
123240,410.0,375.208799,26.993816,27.021335,13.510668,-0.019568,4.03808,5.03658,16.2,310.9
123242,412.0,373.989599,26.995482,27.022999,13.5115,0.000416,3.87689,-3.76375,-12.5,301.1
123244,414.0,375.208799,25.470595,25.499758,12.749879,-0.38081,0.10231,-23.00064,-77.6,296.4
123246,416.0,377.342399,28.44294,28.522852,14.261426,0.755774,-38.29206,-23.48073,-79.3,296.1
123248,418.0,378.256799,28.363311,28.378046,14.189023,-0.036202,-3.71447,-11.66031,-38.7,301.3
123250,420.0,378.256799,28.127116,28.127116,14.063558,-0.062733,0.48283,-17.03944,-57.8,294.8
123252,422.0,379.171199,29.869635,29.883628,14.941814,0.439128,-18.02672,-25.46379,-86.7,293.7
123254,424.0,379.780799,31.016485,31.022475,15.511238,0.284712,-10.87706,-0.4912,-1.6,307.0
123256,426.0,379.780799,30.210487,30.210487,15.105243,-0.202997,1.02165,-0.4611,-1.5,307.4
123258,428.0,380.390399,28.824101,28.830547,14.415273,-0.344985,0.89227,-5.85948,-19.3,303.6
123300,430.0,380.695199,28.485411,28.487042,14.243521,-0.085876,-0.32871,-10.32548,-34.1,302.8
123302,432.0,381.609599,28.477965,28.492642,14.246321,0.0014,-4.79384,-10.31814,-34.2,301.7
123306,436.0,381.304799,58.46198,58.462774,14.615694,0.092343,-0.79202,-10.19746,-33.8,301.7
123308,438.0,379.475999,30.579185,30.633822,15.316911,0.350608,1.17235,-0.4614,-1.5,307.6
123310,440.0,378.561599,30.203158,30.216996,15.108498,-0.104207,2.8012,-0.46185,-1.5,307.9
123312,442.0,377.951999,30.015516,30.021706,15.010853,-0.048822,1.48588,-0.46185,-1.5,307.9
123314,444.0,376.732799,30.432807,30.457219,15.22861,0.108879,1.67267,-0.46215,-1.5,308.1
123316,446.0,376.427999,31.033621,31.035118,15.517559,0.144474,-1.57742,-0.27747,-0.9,308.3
123318,448.0,373.379999,31.946026,32.091103,16.045551,0.263996,4.80178,-0.15615,-0.5,312.3
123320,450.0,371.551199,32.712766,32.763846,16.381923,0.168186,1.8268,8.00768,25.6,312.8
123322,452.0,369.112799,33.262586,33.351843,16.675921,0.146999,3.52052,8.26848,26.4,313.2
123324,454.0,368.503199,33.181865,33.187464,16.593732,-0.041094,0.12117,8.38113,26.7,313.9
123326,456.0,365.759999,33.3891,33.501599,16.7508,0.078534,5.01778,8.5408,27.2,314.0
123328,458.0,362.711999,36.172304,36.300494,18.150247,0.699724,-2.25946,8.67744,27.6,314.4
123330,460.0,359.968799,35.256568,35.363127,17.681564,-0.234342,7.36365,25.3414,78.7,322.0
123332,462.0,357.530399,33.971928,34.059326,17.029663,-0.32595,7.95363,23.9686,74.0,323.9
123336,466.0,355.091999,61.058313,61.106983,15.276746,-0.438229,6.6092,7.05376,22.4,314.9
123338,468.0,353.872799,29.268696,29.294079,14.647039,-0.314853,5.85133,1.11996,3.6,311.1
123340,470.0,353.567999,28.50758,28.509209,14.254605,-0.196217,2.3826,-0.43456,-1.4,310.4
123342,472.0,351.434399,29.642632,29.719318,14.859659,0.302527,2.94121,-0.52734,-1.7,310.2
123344,474.0,349.910399,30.49039,30.528453,15.264226,0.202284,1.6858,-0.52717,-1.7,310.1
123346,476.0,347.776799,31.085324,31.15846,15.57923,0.157502,3.58894,-0.43428,-1.4,310.2
123350,480.0,346.252799,63.999091,64.017234,16.004308,0.106269,-0.32591,-0.155,-0.5,310.0
123352,482.0,344.728799,32.907573,32.942844,16.471422,0.233557,0.20915,-0.03102,-0.1,310.2
123354,484.0,344.728799,32.846256,32.846256,16.423128,-0.024147,-1.6712,-0.12396,-0.4,309.9
123356,486.0,344.119199,32.165794,32.17157,16.085785,-0.168672,1.78659,-0.341,-1.1,310.0
123358,488.0,344.423999,30.992044,30.993542,15.496771,-0.294507,0.71421,-0.46485,-1.5,309.9
123400,490.0,345.338399,29.385887,29.40011,14.700055,-0.398358,0.32317,-0.43386,-1.4,309.9
123404,494.0,344.728799,54.587985,54.591389,13.647847,-0.263052,3.26251,-0.403,-1.3,310.0
123406,496.0,344.423999,26.742346,26.744083,13.372042,-0.137903,2.39658,-0.34089,-1.1,309.9
123410,500.0,342.899999,50.740127,50.763009,12.690752,-0.170322,4.31843,-0.34056,-1.1,309.6
123414,504.0,343.509599,47.922603,47.92648,11.98162,-0.177283,1.43943,-0.40274,-1.3,309.8
123416,506.0,342.595199,23.592272,23.609986,11.804993,-0.088313,4.32439,-0.34089,-1.1,309.9
123418,508.0,342.595199,22.241156,22.241156,11.120578,-0.342207,3.18187,-0.31,-1.0,310.0
123420,510.0,343.509599,20.728366,20.748525,10.374262,-0.373158,0.43045,6.76026,21.4,315.9
123422,512.0,344.119199,15.548275,15.560221,7.780111,-1.297076,4.65926,15.37184,48.4,317.6
123424,514.0,343.814399,5.935063,5.942885,2.971442,-2.404335,5.05925,5.11844,16.4,312.1
123426,516.0,343.814399,5.360965,5.360965,2.680482,-0.14548,0.12107,-0.52768,-1.7,310.4
123428,518.0,344.119199,2.452204,2.471074,1.235537,-0.722473,-1.19032,-8.26336,-27.2,303.8
123430,520.0,343.509599,4.719014,4.758225,2.379112,0.571787,0.83153,-17.5182,-58.2,301.0
123434,524.0,343.509599,24.154093,24.154093,6.038523,0.914853,-13.34036,-19.91407,-67.3,295.9
123436,526.0,343.509599,17.926434,17.926434,8.963217,1.462347,-29.73303,-6.96758,-22.6,308.3
123438,528.0,344.119199,17.548438,17.559023,8.779512,-0.091852,-1.65155,-0.24704,-0.8,308.8
123440,530.0,343.814399,16.721324,16.724101,8.362051,-0.208731,2.43589,-0.2163,-0.7,309.0
123442,532.0,344.119199,15.487619,15.490618,7.745309,-0.308371,0.95905,-0.21637,-0.7,309.1
123444,534.0,344.119199,15.378259,15.378259,7.689129,-0.02809,0.54872,-0.21658,-0.7,309.4
123448,538.0,343.509599,30.696836,30.702888,7.675722,-0.003352,1.32384,-0.21651,-0.7,309.3
123450,540.0,343.509599,15.224527,15.224527,7.612264,-0.031729,0.55433,-0.21665,-0.7,309.5
123452,542.0,343.204799,15.268922,15.271964,7.635982,0.011859,1.24965,-0.21665,-0.7,309.5
123456,546.0,342.595199,32.319999,32.325747,8.081437,0.111364,0.82432,-9.7905,-32.1,305.0
123500,550.0,342.899999,38.914492,38.915686,9.728921,0.411871,-6.34239,-1.72872,-5.6,308.7
123502,552.0,342.595199,19.597647,19.600017,9.800009,0.035544,1.39109,6.294,20.0,314.7
123506,556.0,341.985599,32.594727,32.600427,8.150107,-0.412475,3.37039,8.3104,26.5,313.6
123508,558.0,341.375999,14.447377,14.460232,7.230116,-0.459996,4.12378,0.24784,0.8,309.8
123510,560.0,341.375999,15.555825,15.555825,7.777912,0.273898,-7.23944,-0.21686,-0.7,309.8
123512,562.0,340.156799,16.722968,16.767352,8.383676,0.302882,2.55814,8.28168,26.4,313.7
123514,564.0,338.937599,15.061982,15.111245,7.555623,-0.414026,5.82614,14.13252,44.4,318.3
123518,568.0,337.413599,19.154115,19.214648,4.803662,-0.68799,4.28705,9.14046,29.4,310.9
123520,570.0,335.889599,12.548339,12.640545,6.320273,0.758305,1.85436,-3.4034,-11.0,309.4
123522,572.0,335.584799,16.297589,16.300439,8.15022,0.914973,-15.06797,-0.21672,-0.7,309.6
123526,576.0,333.451199,38.113499,38.173172,9.543293,0.348268,1.80734,-0.24768,-0.8,309.6
123528,578.0,332.536799,21.181197,21.200926,10.600463,0.528585,0.16627,1.79835,5.7,315.5
123530,580.0,331.012799,21.877699,21.930716,10.965358,0.182448,4.15027,13.75641,43.3,317.7
123532,582.0,329.793599,20.403994,20.440387,10.220194,-0.372582,6.59961,11.89664,37.6,316.4
123534,584.0,329.183999,17.906284,17.916657,8.958329,-0.630933,5.73276,18.16238,56.3,322.6
123536,586.0,327.9648,13.165135,13.221468,6.610734,-1.173797,8.47046,8.22942,26.2,314.1
123538,588.0,328.5744,9.238874,9.258964,4.629482,-0.990626,1.02683,-10.19405,-33.5,304.3
123540,590.0,328.2696,10.316162,10.320664,5.160332,0.265425,0.20593,-21.5622,-72.6,297.0
123542,592.0,329.183999,14.755551,14.783857,7.391928,1.115798,-23.36512,-28.42077,-96.9,293.3
123544,594.0,330.707999,17.576933,17.642878,8.821439,0.714755,-24.83815,-19.20875,-63.5,302.5
123548,598.0,333.146399,30.237193,30.335352,7.583838,-0.3094,-5.0767,-1.3995,-4.5,311.0
123550,600.0,334.060799,8.150824,8.201954,4.100977,-1.741431,1.60541,0.03089,0.1,308.9
123552,602.0,333.755999,6.551409,6.558496,3.279248,-0.410864,1.63695,-19.0328,-64.3,296.0
123554,604.0,334.670399,11.494381,11.530695,5.765348,1.24305,-21.83217,-24.71872,-83.2,297.1
123556,606.0,334.365599,16.738145,16.74092,8.37046,1.302556,-22.06056,-4.94914,-16.1,307.4
123558,608.0,334.060799,18.063144,18.065716,9.032858,0.331199,-0.293,-0.24648,-0.8,308.1
123602,612.0,332.841599,37.312658,37.332572,9.333143,0.075071,2.00348,-0.2468,-0.8,308.5
123604,614.0,332.536799,19.536044,19.538422,9.769211,0.218034,0.32605,10.192,32.5,313.6
123606,616.0,332.231999,16.297893,16.300743,8.150371,-0.80942,5.2967,15.5477,49.0,317.3
123608,618.0,331.317599,11.044858,11.082644,5.541322,-1.304524,7.14539,6.33674,20.2,313.7
123610,620.0,331.317599,8.143055,8.143055,4.071528,-0.734897,1.80239,-11.94,-40.0,298.5
123612,622.0,331.622399,11.147739,11.151905,5.575953,0.752213,-9.96934,-27.12276,-91.6,296.1
123614,624.0,331.317599,16.106318,16.109201,8.054601,1.239324,-20.0795,-16.10805,-52.9,304.5
123616,626.0,332.231999,16.737996,16.762954,8.381477,0.163438,-9.17774,-0.37188,-1.2,309.9
123618,628.0,332.841599,12.917363,12.931739,6.465869,-0.957804,2.18076,6.67466,21.4,311.9
123620,630.0,333.755999,6.869183,6.929776,3.464888,-1.500491,0.3874,1.5912,5.1,312.0
123622,632.0,334.060799,2.2951,2.315251,1.157626,-1.153631,-0.34326,-10.23456,-33.6,304.6
123624,634.0,334.060799,5.25983,5.25983,2.629915,0.736145,-5.01163,-19.22884,-64.7,297.2
123628,638.0,336.803999,24.731945,24.883614,6.220904,0.897747,-22.98522,-22.7838,-78.0,292.1
123630,640.0,336.803999,16.861583,16.861583,8.430792,1.104944,-21.90243,-23.10028,-78.2,295.4
123632,642.0,337.718399,18.928054,18.950128,9.475064,0.522136,-15.82788,-3.7638,-12.3,306.0
123634,644.0,338.632799,17.855345,17.878744,8.939372,-0.267846,-1.39134,-0.27594,-0.9,306.6
123636,646.0,338.937599,15.156116,15.159181,7.57959,-0.679891,2.58443,-0.24568,-0.8,307.1
123638,648.0,340.766399,12.938541,13.067148,6.533574,-0.523008,-9.33958,-0.21693,-0.7,309.9
123640,650.0,341.375999,9.429788,9.449472,4.724736,-0.904419,0.85016,1.0164,3.3,308.0
123642,652.0,340.766399,5.836989,5.868735,2.934367,-0.895185,3.25639,-6.3399,-21.0,301.9
123644,654.0,341.375999,8.535443,8.557184,4.278592,0.672112,-10.77243,-13.62454,-45.4,300.1
123646,656.0,342.290399,12.862356,12.894818,6.447409,1.084409,-21.22675,-14.95936,-49.6,301.6
123648,658.0,342.290399,14.89551,14.89551,7.447755,0.500173,-10.29264,-7.10184,-23.3,304.8
123650,660.0,342.899999,13.151996,13.166116,6.583058,-0.432349,0.20162,-1.56366,-5.1,306.6
123652,662.0,343.204799,12.002524,12.006394,6.003197,-0.28993,0.36798,0.77225,2.5,308.9
123654,664.0,342.899999,9.208513,9.213556,4.606778,-0.69821,2.87931,2.09168,6.8,307.6
123658,668.0,342.595199,11.193614,11.197763,2.799441,-0.451834,1.09797,-4.65728,-15.2,306.4
123700,670.0,342.899999,7.911061,7.91693,3.958465,0.579512,-6.72245,-20.19846,-68.1,296.6
123702,672.0,342.899999,11.881404,11.881404,5.940702,0.991119,-14.03163,-6.00062,-19.7,304.6
123704,674.0,343.204799,13.398049,13.401515,6.700758,0.380028,-6.24973,-1.44243,-4.7,306.9
123706,676.0,343.204799,12.875962,12.875962,6.437981,-0.131388,0.77424,1.79162,5.8,308.9
123710,680.0,343.204799,15.419817,15.419817,3.854954,-0.645757,1.48189,4.51286,14.6,309.1
123712,682.0,343.204799,3.335848,3.335848,1.667924,-1.093515,0.88294,-3.41264,-11.2,304.7
123714,684.0,343.509599,4.15372,4.164889,2.082444,0.20726,-3.58584,-2.91935,-9.5,307.3
123716,686.0,344.119199,4.783208,4.821897,2.410949,0.164253,-6.40611,-0.67606,-2.2,307.3
123718,688.0,343.509599,2.241672,2.323081,1.161541,-0.624704,1.9642,-0.73632,-2.4,306.8
123720,690.0,343.509599,0.754747,0.754747,0.377373,-0.392084,-0.22884,-3.48726,-11.4,305.9
123722,692.0,343.509599,2.694101,2.694101,1.347051,0.484839,-2.05536,-4.1205,-13.4,307.5
123726,696.0,343.814399,7.697281,7.703313,1.925828,0.144694,-1.83133,-5.35325,-17.5,305.9
123728,698.0,343.509599,6.91576,6.922473,3.461237,0.767704,-3.72447,0.33825,1.1,307.5
123730,700.0,343.509599,5.864893,5.864893,2.932447,-0.264395,0.37383,1.66158,5.4,307.7
123734,704.0,343.814399,3.777325,3.789602,0.947401,-0.496261,-0.62546,-0.4617,-1.5,307.8
123736,706.0,344.119199,0.713843,0.776193,0.388096,-0.279652,-0.25138,-0.98048,-3.2,306.4
123738,708.0,344.119199,1.962206,1.962206,0.981103,0.296504,-1.22171,-3.20112,-10.4,307.8
123740,710.0,344.423999,4.04056,4.05204,2.02602,0.522458,-4.85749,-0.98464,-3.2,307.7
123744,714.0,344.423999,2.657836,2.657836,0.664459,-0.34039,-0.15708,-0.33803,-1.1,307.3
123746,716.0,344.423999,0.812429,0.812429,0.406215,-0.129122,-0.28317,-1.35212,-4.4,307.3
123748,718.0,343.509599,0.6112,1.09986,0.54993,0.071858,2.34486,-1.29486,-4.2,308.3
123750,720.0,344.119199,0.92508,1.107874,0.553937,0.002003,-6.17257,-1.32096,-4.3,307.2
123752,722.0,343.814399,1.701929,1.729007,0.864503,0.155283,0.53601,-1.10592,-3.6,307.2
123756,726.0,344.423999,4.055824,4.10138,1.025345,0.040211,-3.1216,-1.38195,-4.5,307.1
123758,728.0,343.814399,1.476846,1.597713,0.798856,-0.113244,1.55407,-1.56468,-5.1,306.8
123800,730.0,344.728799,1.46766,1.729206,0.864603,0.032874,-9.12721,-1.35256,-4.4,307.4
123804,734.0,344.119199,1.542369,1.658467,0.414617,-0.112497,-0.28589,-1.10412,-3.6,306.7
123806,736.0,343.814399,0.812429,0.867724,0.433862,0.009623,-0.31446,-1.23,-4.0,307.5
123808,738.0,344.119199,1.345031,1.379134,0.689567,0.127852,-3.31493,-1.07625,-3.5,307.5
123810,740.0,343.814399,1.11789,1.158698,0.579349,-0.055109,0.60986,-1.2936,-4.2,308.0
123814,744.0,343.814399,2.017973,2.017973,0.504493,-0.018714,-0.30016,-1.13738,-3.7,307.4
123816,746.0,344.119199,0.782952,0.840188,0.420094,-0.0422,-0.30263,-1.44431,-4.7,307.3
123818,748.0,344.119199,0.554334,0.554334,0.277167,-0.071463,-0.31392,-1.10808,-3.6,307.8
123820,750.0,343.814399,0.344152,0.459721,0.229861,-0.023653,-0.32662,-1.50528,-4.9,307.2
123828,758.0,343.814399,4.461847,4.461847,0.557731,0.040984,-0.31471,-0.0,-0.0,5.3
123830,760.0,343.814399,1.97014,1.97014,0.98507,0.21367,-1.06195,-0.27729,-0.9,308.1
131640,3050.0,346.557599,15.370741,15.61361,0.006818,-0.000427,-0.3494,-13.46277,-44.3,303.9
131642,3052.0,346.862399,16.884862,16.887613,8.443807,4.218494,-71.70682,-1.36224,-4.4,309.6
131644,3054.0,346.862399,14.566198,14.566198,7.283099,-0.580354,2.8864,-0.24944,-0.8,311.8
131646,3056.0,346.862399,11.312418,11.312418,5.656209,-0.813445,2.92309,5.93819,19.1,310.9
131648,3058.0,348.081599,6.883041,6.990186,3.495093,-1.080558,-3.69992,-6.02112,-19.6,307.2
131650,3060.0,347.776799,8.652683,8.658049,4.329025,0.416966,-0.1381,-7.70112,-25.2,305.6
131652,3062.0,347.167199,10.129835,10.148161,5.074081,0.372528,0.77703,-10.61748,-34.8,305.1
131654,3064.0,347.776799,12.23444,12.249618,6.124809,0.525364,-10.8053,-1.33816,-4.3,311.2
131656,3066.0,348.081599,11.074315,11.078509,5.539254,-0.292778,0.24678,0.99168,3.2,309.9
131658,3068.0,348.081599,9.212388,9.212388,4.606194,-0.46653,1.35361,-0.21693,-0.7,309.9
131700,3070.0,348.386399,8.221771,8.227418,4.113709,-0.246242,-0.26185,0.77425,2.5,309.7
131702,3072.0,348.081599,5.321773,5.330494,2.665247,-0.724231,1.92672,1.27141,4.1,310.1
131704,3074.0,347.776799,1.068909,1.111517,0.555758,-1.054745,0.93776,-0.465,-1.5,310.0
131706,3076.0,348.081599,0.423135,0.521484,0.260742,-0.147508,-0.30426,-0.58786,-1.9,309.4
131710,3080.0,347.776799,10.110105,10.114698,2.528675,0.566983,-2.47932,-8.10744,-26.4,307.1
131712,3082.0,348.995999,10.363632,10.4351,5.21755,1.344438,-24.71683,-13.98674,-46.1,303.4
131714,3084.0,348.081599,14.733558,14.761906,7.380953,1.081701,-9.81202,-9.35736,-30.7,304.8
131716,3086.0,347.471999,16.694237,16.705363,8.352681,0.485864,-0.13051,-1.60212,-5.2,308.1
131718,3088.0,347.167199,18.07638,18.07895,9.039475,0.343397,-6.75885,-8.65632,-28.4,304.8
131720,3090.0,346.862399,22.426795,22.428866,11.214433,1.087479,-26.07166,-10.26048,-33.4,307.2
131722,3092.0,345.643199,19.748769,19.786367,9.893184,-0.660625,8.17345,-4.91832,-16.2,303.6
131724,3094.0,345.033599,22.631005,22.639214,11.319607,0.713211,-14.89055,-10.45005,-34.5,302.9
131726,3096.0,345.033599,22.630062,22.630062,11.315031,-0.002288,0.96423,-7.59772,-24.7,307.6
131730,3100.0,345.338399,46.802303,46.803295,11.700824,0.096448,-0.10173,-0.6158,-2.0,307.9
131732,3102.0,345.338399,25.30994,25.30994,12.65497,0.477073,-17.96731,-0.6164,-2.0,308.2
131734,3104.0,344.728799,24.206915,24.214589,12.107295,-0.273837,4.86551,-0.40092,-1.3,308.4
131738,3108.0,345.033599,44.335633,44.336681,11.08417,-0.255781,2.15298,-0.27783,-0.9,308.7
131740,3110.0,344.119199,21.257433,21.277091,10.638546,-0.222812,4.91902,-11.04012,-36.4,303.3
131742,3112.0,344.119199,25.975079,25.975079,12.987539,1.174497,-36.87743,-3.29988,-10.7,308.4
131744,3114.0,343.814399,25.513592,25.515413,12.757706,-0.114917,2.53216,-1.49352,-4.9,304.8
131746,3116.0,343.204799,25.262449,25.269803,12.634902,-0.061402,3.07905,-4.24367,-13.9,305.3
131750,3120.0,342.290399,49.73716,49.745565,12.436391,-0.049628,2.6461,-0.37008,-1.2,308.4
131752,3122.0,341.985599,22.617103,22.619157,11.309578,-0.563406,5.6315,-9.75016,-32.2,302.8
131754,3124.0,341.985599,23.94651,23.94651,11.973255,0.331838,-13.05208,-7.81537,-25.7,304.1
131756,3126.0,341.375999,26.391622,26.398662,13.199331,0.613038,-16.8686,-8.459,-27.5,307.6
131758,3128.0,341.071199,26.596324,26.59807,13.299035,0.049852,0.94898,-1.4544,-4.8,303.0
131800,3130.0,341.375999,26.619696,26.621441,13.310721,0.005843,-0.48988,-12.45195,-41.3,301.5
131802,3132.0,342.290399,26.895247,26.910787,13.455393,0.072336,-6.56083,-12.5818,-41.8,301.0
131806,3136.0,342.899999,52.857451,52.860966,13.215241,-0.060038,0.08652,-11.6318,-38.0,306.1
131808,3138.0,343.509599,24.69021,24.697735,12.348867,-0.433187,2.39382,-0.40001,-1.3,307.7
131810,3140.0,344.119199,22.39267,22.400966,11.200483,-0.574192,2.97822,-0.24648,-0.8,308.1
131812,3142.0,344.728799,21.342971,21.351675,10.675837,-0.262323,0.73074,3.64008,11.6,313.8
131814,3144.0,344.728799,17.5044,17.5044,8.7522,-0.961818,5.57066,9.7188,31.2,311.5
131816,3146.0,345.338399,13.137691,13.151826,6.575913,-1.088144,2.76631,5.208,16.8,310.0
131818,3148.0,345.338399,10.127598,10.127598,5.063799,-0.756057,2.40045,2.11548,6.8,311.1
131820,3150.0,345.643199,7.125789,7.132305,3.566153,-0.748823,0.67179,2.91776,9.4,310.4
131822,3152.0,346.252799,3.12632,3.185198,1.592599,-0.986777,-2.71686,0.55584,1.8,308.8
131824,3154.0,346.252799,0.202506,0.202506,0.101253,-0.745673,-0.29618,-0.4017,-1.3,309.0
131828,3158.0,346.252799,1.831906,1.831906,0.457976,0.089181,-0.33417,-1.4784,-4.8,308.0
131830,3160.0,345.947999,7.554436,7.560583,3.780291,1.661157,-11.07642,-18.22352,-61.4,296.8
131832,3162.0,345.643199,13.182699,13.186222,6.593111,1.40641,-18.06002,-20.1863,-67.4,299.5
131834,3164.0,345.643199,17.042219,17.042219,8.52111,0.964,-19.7388,-13.93167,-46.3,300.9
131836,3166.0,345.338399,20.255497,20.25779,10.128895,0.803892,-17.37681,-15.76845,-52.3,301.5
131838,3168.0,344.728799,22.527348,22.535594,11.267797,0.569451,-11.54567,-11.01205,-36.5,301.7
131840,3170.0,344.423999,24.745979,24.747856,12.373928,0.553065,-16.20927,-10.9792,-36.5,300.8
131844,3174.0,344.119199,53.189876,53.190749,13.297687,0.23094,-0.92898,-9.48861,-31.1,305.1
131846,3176.0,343.814399,25.844536,25.846333,12.923167,-0.18726,3.0065,-0.67298,-2.2,305.9
131848,3178.0,344.423999,24.988584,24.996018,12.498009,-0.212579,0.71241,-5.89485,-19.5,302.3
131850,3180.0,343.814399,25.15766,25.165044,12.582522,0.042256,2.32908,-11.6415,-39.0,298.5
131852,3182.0,344.423999,25.664908,25.672147,12.836074,0.126776,-4.79908,-15.6738,-51.9,302.0
131854,3184.0,345.033599,25.56489,25.572157,12.786078,-0.024998,-0.89766,-7.13695,-23.5,303.7
131856,3186.0,345.643199,24.561099,24.568663,12.284332,-0.250873,1.07699,-19.00602,-63.8,297.9
131858,3188.0,347.471999,25.005631,25.072417,12.536209,0.125939,-16.63919,-10.82026,-35.9,301.4
131900,3190.0,348.691199,23.753095,23.784364,11.892182,-0.322013,-0.23169,-11.90376,-39.6,300.6
131902,3192.0,348.995999,22.706225,22.70827,11.354135,-0.269024,1.88372,-0.58216,-1.9,306.4
131904,3194.0,349.300799,19.906304,19.908637,9.954319,-0.699908,3.98909,7.46704,23.6,316.4
131906,3196.0,350.215199,13.500932,13.531862,6.765931,-1.594194,4.05973,10.14681,32.7,310.3
131908,3198.0,350.824799,6.927136,6.953907,3.476953,-1.644489,1.58744,1.47648,4.8,307.6
131910,3200.0,350.519999,5.538489,5.54687,2.773435,-0.351759,1.36835,-7.55466,-24.9,303.4
131912,3202.0,350.519999,7.584423,7.584423,3.792211,0.509388,-5.3712,-9.76536,-32.4,301.4
131914,3204.0,351.739199,8.106036,8.197211,4.098606,0.153198,-12.3177,-11.79843,-39.9,295.7
131916,3206.0,352.043999,9.48127,9.486168,4.743084,0.322239,-4.92758,-15.42514,-51.4,300.1
131918,3208.0,352.348799,12.874815,12.878423,6.439211,0.848063,-12.18323,-7.26321,-23.9,303.9
131920,3210.0,352.348799,13.094023,13.094023,6.547011,0.0539,0.07299,3.097,10.0,309.7
131922,3212.0,352.043999,11.543966,11.547989,5.773994,-0.386508,2.41534,6.03534,19.4,311.1
131924,3214.0,351.739199,8.567714,8.573134,4.286567,-0.743714,2.83022,2.07365,6.7,309.5
131926,3216.0,352.043999,6.496555,6.503701,3.25185,-0.517359,0.0537,0.12316,0.4,307.9
131928,3218.0,351.434399,3.91765,3.964795,1.982397,-0.634726,2.35454,0.43078,1.4,307.7
131930,3220.0,351.434399,2.509324,2.509324,1.254662,-0.363868,0.03212,-0.36912,-1.2,307.6
131932,3222.0,351.129599,1.068738,1.111352,0.555676,-0.349493,0.70439,-0.33825,-1.1,307.5
131936,3226.0,352.043999,1.111949,1.439638,0.35991,-0.048941,-0.30797,-0.24608,-0.8,307.6
213224,32794.0,413.918399,8.817622,62.499535,0.002114,-1.2e-05,-0.34981,-1.60316,-5.2,308.3
213226,32796.0,413.308799,3.463622,3.516858,1.758429,0.878158,0.666,-2.4672,-8.0,308.4
213228,32798.0,412.394399,1.885884,2.095874,1.047937,-0.355246,2.63386,-1.04822,-3.4,308.3
213230,32800.0,412.089599,2.113618,2.135482,1.067741,0.009902,0.62756,-1.11132,-3.6,308.7
213232,32802.0,413.308799,1.996482,2.339314,1.169657,0.050958,-12.0909,-1.69565,-5.5,308.3
213234,32804.0,413.918399,3.074117,3.133976,1.566988,0.198665,-6.49241,-3.77856,-12.3,307.2
213236,32806.0,414.223199,3.812398,3.824563,1.912281,0.172647,-3.43442,-2.7675,-9.0,307.5
213238,32808.0,414.223199,7.767232,7.767232,3.883616,0.985668,-9.19535,-4.2882,-14.0,306.3
213240,32810.0,414.223199,7.863412,7.863412,3.931706,0.024045,-0.04905,-4.9104,-16.0,306.9
213242,32812.0,413.613599,13.023004,13.037264,6.518632,1.293463,-13.35486,-0.21581,-0.7,308.3
213244,32814.0,413.003999,8.765225,8.786397,4.393199,-1.062716,4.61232,-5.60346,-18.3,306.2
213246,32816.0,413.613599,9.346767,9.366625,4.683313,0.145057,-6.24127,-0.89465,-2.9,308.5
213248,32818.0,413.918399,8.736597,8.741912,4.370956,-0.156179,-0.6295,-0.27792,-0.9,308.8
213250,32820.0,414.527999,7.710976,7.735035,3.867517,-0.251719,-3.20562,-2.4488,-8.0,306.1
213252,32822.0,414.527999,12.211591,12.211591,6.105796,1.11914,-15.98336,-4.03611,-13.1,308.1
213254,32824.0,414.223199,11.898497,11.9024,5.9512,-0.077298,1.37966,-8.9096,-29.6,301.0
213256,32826.0,415.137599,12.147254,12.181622,6.090811,0.069805,-8.22275,-8.87808,-28.9,307.2
213258,32828.0,416.051999,11.25961,11.296679,5.648339,-0.221236,-5.03395,-0.24704,-0.8,308.8
213300,32830.0,415.137599,6.860438,6.921108,3.460554,-1.093893,4.88571,3.081,10.0,308.1
213302,32832.0,415.442399,2.492829,2.511394,1.255697,-1.102428,-0.3055,-2.32484,-7.6,305.9
213304,32834.0,415.137599,4.43608,4.446539,2.223269,0.483786,0.0968,-6.45328,-21.2,304.4
213306,32836.0,415.137599,6.458182,6.458182,3.229091,0.502911,-4.57444,-12.716,-42.5,299.2
213308,32838.0,416.051999,9.509483,9.553344,4.776672,0.77379,-15.23819,-18.6744,-62.0,301.2
213310,32840.0,415.442399,13.754125,13.767627,6.883813,1.053571,-11.13778,-8.0507,-26.5,303.8
213312,32842.0,415.442399,14.424278,14.424278,7.212139,0.164163,-0.34407,-1.19847,-3.9,307.3
213314,32844.0,415.747199,13.7444,13.74778,6.87389,-0.169125,0.12261,-0.24616,-0.8,307.7
213316,32846.0,416.356799,13.062387,13.076604,6.538302,-0.167794,-2.01506,-0.2772,-0.9,308.0
213318,32848.0,416.356799,11.194457,11.194457,5.597229,-0.470537,1.74521,5.07093,16.3,311.1
213320,32850.0,415.442399,6.133549,6.201334,3.100667,-1.248281,4.90235,2.34916,7.6,309.1
213322,32852.0,415.747199,1.488982,1.519859,0.75993,-1.170369,-1.3379,-0.49328,-1.6,308.3
213324,32854.0,416.051999,1.189729,1.228152,0.614076,-0.072927,-3.07119,-0.52411,-1.7,308.3
213326,32856.0,415.747199,0.925075,0.973996,0.486998,-0.063539,-0.28889,-0.36996,-1.2,308.3
213328,32858.0,416.356799,0.778364,0.988668,0.494334,0.003668,-0.30775,-0.3702,-1.2,308.5
213330,32860.0,415.747199,0.555975,0.825058,0.412529,-0.040903,-0.3038,-0.33935,-1.1,308.5
213332,32862.0,416.051999,0.344151,0.45972,0.22986,-0.091335,-0.31736,-0.33935,-1.1,308.5
213334,32864.0,415.747199,0.592357,0.666176,0.333088,0.051614,-0.33105,-0.33924,-1.1,308.4
213336,32866.0,416.051999,0.423112,0.521466,0.260733,-0.036178,-0.32154,-0.33935,-1.1,308.5
213338,32868.0,416.661599,0.602703,0.857242,0.428621,0.083944,-0.33385,-0.33935,-1.1,308.5
213340,32870.0,416.051999,0.554303,0.823932,0.411966,-0.008327,-0.31185,-0.33935,-1.1,308.5
213342,32872.0,416.661599,0.632728,0.878611,0.439305,0.01367,-0.31507,-0.33935,-1.1,308.5
213344,32874.0,416.356799,0.538798,0.619036,0.309518,-0.064894,-0.31092,-0.33935,-1.1,308.5
213346,32876.0,416.966399,0.632728,0.878611,0.439305,0.064894,-0.32847,-0.33935,-1.1,308.5
213348,32878.0,416.661599,0.538798,0.619036,0.309518,-0.064894,-0.31092,-0.33935,-1.1,308.5
213350,32880.0,416.661599,0.477997,0.477997,0.238999,-0.035259,-0.32404,-0.33935,-1.1,308.5
213352,32882.0,416.356799,0.538798,0.619036,0.309518,0.035259,-0.32938,-0.33935,-1.1,308.5
213354,32884.0,416.661599,0.554303,0.632578,0.316289,0.003386,-0.32292,-0.33935,-1.1,308.5
213356,32886.0,416.966399,0.43748,0.53319,0.266595,-0.024847,-0.3227,-0.33935,-1.1,308.5
213358,32888.0,416.356799,0.477997,0.774657,0.387329,0.060367,-0.32998,-0.33935,-1.1,308.5
213400,32890.0,416.051999,0.477997,0.566908,0.283454,-0.051938,-0.3164,-0.33935,-1.1,308.5
213402,32892.0,416.051999,0.423112,0.423112,0.211556,-0.035949,-0.32694,-0.33935,-1.1,308.5
213404,32894.0,416.661599,0.33849,0.697272,0.348636,0.06854,-0.33368,-0.33935,-1.1,308.5
213406,32896.0,416.966399,0.277152,0.411966,0.205983,-0.071327,-0.32321,-0.33935,-1.1,308.5
213408,32898.0,416.661599,0.512131,0.59597,0.297985,0.046001,-0.33205,-2.4392,-8.0,304.9
213410,32900.0,417.271199,4.243898,4.287456,2.143728,0.922872,-9.6544,-14.47928,-48.2,300.4
213412,32902.0,416.966399,10.050075,10.054696,5.027348,1.44181,-13.43375,-10.98,-36.0,305.0
213414,32904.0,417.271199,12.245006,12.248799,6.124399,0.548525,-8.09843,-5.84078,-19.1,305.8
213416,32906.0,417.880799,12.698794,12.713417,6.356709,0.116155,-5.75759,-2.7585,-9.0,306.5
213418,32908.0,418.795199,11.787877,11.82329,5.911645,-0.222532,-4.80589,-4.73772,-15.6,303.7
213420,32910.0,418.795199,13.088895,13.088895,6.544448,0.316402,-6.61914,-21.29383,-72.7,292.9
213422,32912.0,419.099999,18.783809,18.786282,9.393141,1.424347,-26.76303,-31.37792,-108.8,288.4
213426,32916.0,419.709599,45.353968,45.358065,11.339516,0.486594,-10.01311,-35.65034,-123.7,288.2
213428,32918.0,421.233599,25.836456,25.881365,12.940682,0.800583,-31.276,-17.35776,-58.8,295.2
213430,32920.0,423.062399,26.260506,26.324108,13.162054,0.110686,-16.47937,-22.6455,-77.5,292.2
213432,32922.0,423.671999,27.646576,27.653296,13.826648,0.332297,-10.89137,-15.07,-50.0,301.4
213434,32924.0,425.195999,25.693656,25.738814,12.869407,-0.47862,-0.08124,-0.42672,-1.4,304.8
213436,32926.0,425.500799,24.279546,24.281459,12.14073,-0.364338,2.83466,-0.36636,-1.2,305.3
213438,32928.0,425.195999,23.136895,23.138903,11.569452,-0.285639,3.84666,-2.74001,-9.1,301.1
213440,32930.0,425.500799,22.539577,22.541638,11.270819,-0.149317,1.0503,-0.27513,-0.9,305.7
213442,32932.0,425.195999,22.065073,22.067178,11.033589,-0.118615,2.56827,-0.27909,-0.9,310.1
213444,32934.0,423.976799,20.453323,20.489628,10.244814,-0.394387,6.7393,12.93417,41.1,314.7
213446,32936.0,423.367199,15.475772,15.487773,7.743887,-1.250464,7.97114,11.7952,38.0,310.4
213448,32938.0,424.281599,8.558022,8.606733,4.303367,-1.72026,1.78082,3.36156,10.9,308.4
213450,32940.0,423.671999,2.879361,2.943184,1.471592,-1.415887,2.80016,0.1537,0.5,307.4
213452,32942.0,423.976799,0.374064,0.482521,0.241261,-0.615166,-0.2405,-0.46035,-1.5,306.9
213454,32944.0,423.976799,0.538803,0.538803,0.269402,0.014071,-0.32865,-0.4605,-1.5,307.0
213456,32946.0,423.976799,0.279467,0.279467,0.139734,-0.064834,-0.33236,-0.70541,-2.3,306.7
213458,32948.0,423.671999,2.81761,2.834048,1.417024,0.638645,0.12603,-10.11365,-33.5,301.9
213500,32950.0,423.671999,9.002552,9.002552,4.501276,1.542126,-15.63096,-14.54775,-48.9,297.5
213502,32952.0,424.281599,14.33209,14.345048,7.172524,1.335624,-23.13119,-10.28394,-34.2,300.7
213504,32954.0,423.976799,16.81137,16.814133,8.407066,0.617271,-10.63871,-12.18288,-40.8,298.6
213506,32956.0,423.367199,18.721273,18.731196,9.365598,0.479266,-0.24887,-9.9358,-32.9,302.0
213508,32958.0,422.452799,20.2421,20.262743,10.131371,0.382886,1.11707,-7.21616,-23.8,303.2
213510,32960.0,422.147999,21.964052,21.966167,10.983083,0.425856,-10.88899,-5.81895,-19.3,301.5
213512,32962.0,421.538399,23.244794,23.252786,11.626393,0.321655,0.55289,-10.57656,-34.7,304.8
213514,32964.0,421.233599,23.852203,23.85415,11.927075,0.150341,0.87437,-0.36708,-1.2,305.9
213516,32966.0,421.233599,23.803384,23.803384,11.901692,-0.012692,1.13727,-0.36696,-1.2,305.8
213518,32968.0,421.233599,23.531486,23.531486,11.765743,-0.067975,1.49955,-6.2202,-21.0,296.2
213520,32970.0,420.928799,24.726713,24.728591,12.364296,0.299277,-0.33537,-23.94857,-82.1,291.7
213522,32972.0,421.843199,27.148354,27.163748,13.581874,0.608789,-21.19519,-13.11296,-44.8,292.7
213524,32974.0,422.452799,28.718787,28.725256,14.362628,0.390377,-13.01473,-22.2528,-76.0,292.8
213526,32976.0,423.976799,28.866536,28.906738,14.453369,0.04537,-12.10071,-21.89824,-75.2,291.2
213528,32978.0,425.500799,28.770144,28.81048,14.40524,-0.024064,-10.08553,-10.5932,-35.5,298.4
213530,32980.0,427.024799,27.980739,28.022211,14.011105,-0.197068,-5.17975,-20.56158,-70.2,292.9
213532,32982.0,430.072799,27.476401,27.644943,13.822472,-0.094316,-23.02325,-25.07878,-86.3,290.6
213536,32986.0,433.425599,54.79691,54.899386,13.724846,-0.024406,-11.48322,-15.99975,-54.7,292.5
213538,32988.0,434.339999,26.046046,26.062092,13.031046,-0.3469,0.62929,-17.73344,-60.4,293.6
213540,32990.0,435.559199,25.060482,25.090122,12.545061,-0.242993,-1.41156,-23.57901,-81.9,287.9
213542,32992.0,436.168799,25.966072,25.973227,12.986613,0.220776,-7.31444,-26.65395,-91.5,291.3
213544,32994.0,438.302399,26.925192,27.009595,13.504797,0.259092,-23.60951,-18.74284,-64.1,292.4
213546,32996.0,438.607199,26.736435,26.738172,13.369086,-0.067856,0.05486,-16.731,-57.2,292.5
213548,32998.0,440.740799,26.262599,26.349124,13.174562,-0.097262,-13.99663,-22.62087,-78.3,288.9
213550,33000.0,442.264799,26.834885,26.878126,13.439063,0.13225,-14.17156,-23.5535,-81.5,289.0
213552,33002.0,443.788799,27.476665,27.518898,13.759449,0.160193,-15.07646,-23.46223,-81.1,289.3
213554,33004.0,445.617599,27.279334,27.340566,13.670283,-0.044583,-12.42359,-14.93504,-51.2,291.7
213556,33006.0,448.055999,26.596905,26.708447,13.354224,-0.15803,-15.3559,-15.35908,-52.1,294.8
213558,33008.0,448.970399,25.382215,25.398681,12.69934,-0.327442,0.60166,-19.70946,-67.8,290.7
213600,33010.0,450.799199,25.52869,25.594111,12.797056,0.048858,-14.77561,-20.52158,-69.4,295.7
213602,33012.0,452.018399,25.10301,25.132599,12.5663,-0.115378,-4.61519,-13.22673,-44.7,295.9
213604,33014.0,453.542399,24.12569,24.173777,12.086889,-0.239706,-4.67001,-7.81022,-26.2,298.1
213606,33016.0,454.761599,21.709438,21.743646,10.871823,-0.607533,1.24367,-8.1992,-27.7,296.0
213608,33018.0,456.285599,19.489745,19.549238,9.774619,-0.548602,-1.04209,-12.47832,-42.4,294.3
213610,33020.0,456.285599,18.95096,18.95096,9.47548,-0.14957,1.50208,-12.28338,-41.4,296.7
213612,33022.0,457.504799,18.571384,18.611361,9.305681,-0.084899,-7.42855,-17.49522,-60.6,288.7
213614,33024.0,458.114399,19.604869,19.614344,9.807172,0.250745,-7.70256,-11.95264,-40.6,294.4
213616,33026.0,459.638399,18.912481,18.973785,9.486893,-0.160139,-8.87415,-14.55654,-49.8,292.3
213618,33028.0,460.552799,19.088841,19.110729,9.555364,0.034235,-6.55216,-22.26448,-77.2,288.4
213620,33030.0,461.162399,20.820766,20.829688,10.414844,0.42974,-11.4281,-11.8974,-39.5,301.2
213622,33032.0,461.467199,20.157334,20.159639,10.079819,-0.167512,0.86264,-0.33297,-1.1,302.7
213624,33034.0,462.076799,17.212371,17.223162,8.611581,-0.734119,2.5217,13.201,43.0,307.0
213626,33036.0,462.686399,11.269737,11.286212,5.643106,-1.484237,3.38826,1.09476,3.6,304.1
213628,33038.0,463.295999,2.899282,2.962676,1.481338,-2.080884,-0.16454,-0.3031,-1.0,303.1
213630,33040.0,462.991199,0.698692,0.762282,0.381141,-0.550099,-0.19178,-0.81945,-2.7,303.5
213632,33042.0,463.295999,0.679884,0.745081,0.37254,-0.004301,-0.3164,-1.2176,-4.0,304.4
213634,33044.0,463.295999,2.541242,2.541242,1.270621,0.449041,-1.86737,-4.49085,-14.7,305.5
213636,33046.0,463.295999,3.036315,3.036315,1.518157,0.123768,-0.32813,-7.8069,-26.5,294.6
213638,33048.0,463.600799,6.855167,6.86194,3.43097,0.956406,-8.86962,-16.19896,-55.4,292.4
213640,33050.0,463.600799,10.458917,10.458917,5.229458,0.899244,-11.40103,-9.7442,-33.2,293.5
213642,33052.0,464.515199,13.378054,13.409267,6.704634,0.737588,-17.03521,-12.23184,-40.8,299.8
213644,33054.0,465.124799,14.712461,14.725084,7.362542,0.328954,-8.73143,-0.68195,-2.3,296.5
213646,33056.0,465.734399,14.880911,14.893392,7.446696,0.042077,-4.47732,-9.33679,-31.3,298.3
213648,33058.0,467.258399,15.913761,15.986568,7.993284,0.273294,-16.96755,-0.4542,-1.5,302.8
213650,33060.0,466.648799,15.565622,15.577555,7.788777,-0.102254,2.68547,-0.33341,-1.1,303.1
213652,33062.0,465.124799,15.28271,15.358509,7.679254,-0.054762,5.11817,-0.3033,-1.0,303.3
213654,33064.0,465.734399,14.617657,14.630363,7.315182,-0.182036,-1.23937,10.60542,34.2,310.1
213656,33066.0,464.819999,7.983039,8.035238,4.017619,-1.648782,6.62935,3.10692,10.2,304.6
213658,33068.0,464.210399,2.970441,3.032347,1.516174,-1.250723,2.69262,0.39533,1.3,304.1
213700,33070.0,464.515199,0.812447,0.86774,0.43387,-0.541152,-0.17219,-0.456,-1.5,304.0
213702,33072.0,465.124799,0.237949,0.654394,0.327197,-0.053337,-0.31094,-0.45615,-1.5,304.1
213704,33074.0,464.819999,0.40504,0.506912,0.253456,-0.03687,-0.32223,-0.45615,-1.5,304.1
213706,33076.0,465.124799,0.253895,0.396693,0.198347,-0.027555,-0.32937,-0.45615,-1.5,304.1
213708,33078.0,465.124799,0.478037,0.478037,0.239019,0.020336,-0.33195,-0.48672,-1.6,304.2
213710,33080.0,464.819999,1.215119,1.252764,0.626382,0.193682,0.52276,-1.54581,-5.1,303.1
213712,33082.0,464.515199,2.244923,2.26552,1.13276,0.253189,0.46885,-2.51407,-8.3,302.9
213714,33084.0,464.515199,5.950239,5.950239,2.975119,0.921179,-6.72897,-5.0869,-16.9,301.0
213716,33086.0,464.515199,9.291611,9.291611,4.645805,0.835343,-9.55471,-1.5205,-5.0,304.1
213718,33088.0,463.905599,11.106784,11.123501,5.56175,0.457972,0.43696,-0.06116,-0.2,305.8
213720,33090.0,462.686399,11.607839,11.671691,5.835845,0.137048,3.28694,8.97444,29.1,308.4
213722,33092.0,461.162399,8.942481,9.071413,4.535707,-0.650069,6.27256,0.6721,2.2,305.5
213724,33094.0,459.943199,9.157094,9.237902,4.618951,0.041622,3.52106,1.12998,3.7,305.4
213726,33096.0,459.333599,9.964122,9.982752,4.991376,0.186212,1.34009,2.81645,9.1,309.5
213728,33098.0,459.028799,9.253799,9.258817,4.629409,-0.180983,1.4652,0.76425,2.5,305.7
213730,33100.0,459.028799,8.451977,8.451977,4.225989,-0.20171,0.5435,7.27352,23.6,308.2
213732,33102.0,458.114399,2.393045,2.561795,1.280897,-1.472546,3.55575,-0.39663,-1.3,305.1
213734,33104.0,458.114399,1.149826,1.149826,0.574913,-0.352992,-0.17878,-0.48816,-1.6,305.1
213736,33106.0,457.809599,1.149826,1.189539,0.594769,0.009928,0.58869,-0.36612,-1.2,305.1
213738,33108.0,458.419199,0.419215,0.739833,0.369917,-0.112426,-0.29282,-0.39663,-1.3,305.1
213740,33110.0,457.809599,0.0,0.6096,0.0,-0.184959,-0.35,-0.9135,-3.0,304.5
213742,33112.0,457.809599,1.940234,1.940234,0.970117,0.485059,-1.57798,-1.28058,-4.2,304.9
213744,33114.0,458.419199,1.542422,1.658517,0.829258,-0.07043,-5.97212,-0.79248,-2.6,304.8
213746,33116.0,457.809599,0.419215,0.739833,0.369917,-0.22967,-0.267,-0.6092,-2.0,304.6
213748,33118.0,457.809599,0.37407,0.37407,0.187035,-0.091441,-0.32343,-0.64029,-2.1,304.9
213750,33120.0,457.504799,0.875046,0.926611,0.463306,0.138136,-0.34749,-1.43068,-4.7,304.4
213752,33122.0,458.419199,3.83721,3.944656,1.972328,0.754511,-11.71719,-4.8972,-16.5,296.8
213754,33124.0,457.809599,6.734758,6.762291,3.381146,0.704409,0.31649,-3.62474,-11.9,304.6
213756,33126.0,456.590399,9.795926,9.871505,4.935752,0.777303,1.38376,-2.04149,-6.7,304.7
213758,33128.0,456.895199,11.850483,11.854402,5.927201,0.495725,-7.32967,2.48589,8.1,306.9
213800,33130.0,455.675999,11.620599,11.684382,5.842191,-0.042505,3.91166,3.53165,11.5,307.1
213802,33132.0,456.285599,9.738327,9.757388,4.878694,-0.481749,-0.27916,0.88943,2.9,306.7
213804,33134.0,455.371199,7.448393,7.504312,3.752156,-0.563269,3.91819,-0.3033,-1.0,303.3
213806,33136.0,455.675999,8.124465,8.13018,4.06509,0.156467,-3.37028,-12.5076,-42.0,297.8
213808,33138.0,455.675999,11.464863,11.464863,5.732431,0.833671,-11.73407,-27.30858,-94.2,289.9
213810,33140.0,457.809599,14.158227,14.318088,7.159044,0.713306,-29.14513,-18.71275,-62.9,297.5
213812,33142.0,458.723999,20.015087,20.035963,10.017982,1.429469,-34.32472,-11.5736,-39.1,296.0
213814,33144.0,459.028799,19.793421,19.795767,9.897884,-0.060049,0.18398,-13.34509,-45.1,295.9
213816,33146.0,459.638399,20.237477,20.246656,10.123328,0.112722,-4.90581,-22.1715,-75.8,292.5
213818,33148.0,459.943199,21.905401,21.907521,10.95376,0.415216,-8.29264,-1.0605,-3.5,303.0
213820,33150.0,460.857599,19.793421,19.814531,9.907265,-0.523248,1.13758,-0.33385,-1.1,303.5
213822,33152.0,461.771999,18.366673,18.389421,9.19471,-0.356278,-0.10167,-30.8016,-110.4,279.0
213824,33154.0,462.686399,20.640583,20.660828,10.330414,0.567852,-17.24662,-7.7614,-25.7,302.0
213826,33156.0,463.600799,20.610197,20.630471,10.315235,-0.007589,-5.35893,7.63185,24.9,306.5
213828,33158.0,464.210399,19.460769,19.470314,9.735157,-0.290039,0.59683,-0.33385,-1.1,303.5
213830,33160.0,463.905599,18.907874,18.91033,9.455165,-0.139996,2.33335,-0.33407,-1.1,303.7
213832,33162.0,463.295999,18.570324,18.580327,9.290164,-0.082501,2.86812,1.79832,5.9,304.8
213834,33164.0,462.076799,17.573894,17.616135,8.808067,-0.241048,5.38894,2.4416,8.0,305.2
213836,33166.0,462.076799,17.026292,17.026292,8.513146,-0.147461,1.27233,0.09123,0.3,304.1
213838,33168.0,462.076799,16.906926,16.906926,8.453463,-0.029841,0.66722,-0.3053,-1.0,305.3
213840,33170.0,461.467199,15.951473,15.963117,7.981559,-0.235952,3.35699,7.60266,24.7,307.8
213842,33172.0,461.771999,13.01421,13.017779,6.50889,-0.736334,2.24118,8.66016,27.9,310.4
213844,33174.0,462.076799,7.01805,7.024666,3.512333,-1.498279,2.20966,2.16692,7.1,305.2
213846,33176.0,461.771999,1.149854,1.189566,0.594783,-1.458775,1.10876,-0.45735,-1.5,304.9
213848,33178.0,461.771999,1.417682,1.417682,0.708841,0.057029,-0.31189,-1.12184,-3.7,303.2
213850,33180.0,461.771999,2.931626,2.931626,1.465813,0.378486,-1.89407,-8.07576,-26.6,303.6
213852,33182.0,462.076799,5.501539,5.509975,2.754988,0.644588,-6.06952,-0.4548,-1.5,303.2
213854,33184.0,462.076799,5.77669,5.77669,2.888345,0.066678,-0.20658,-5.6018,-18.5,302.8
213856,33186.0,462.076799,6.898759,6.898759,3.44938,0.280518,-3.33095,0.24464,0.8,305.8
213858,33188.0,462.381599,3.002263,3.017696,1.508848,-0.970266,-0.23559,0.3654,1.2,304.5
213900,33190.0,462.076799,1.227857,1.265123,0.632561,-0.438144,0.76053,-0.51799,-1.7,304.7
213902,33192.0,462.686399,1.489149,1.609092,0.804546,0.085993,-6.23476,-0.42644,-1.4,304.6
213904,33194.0,462.381599,1.069007,1.111611,0.555805,-0.124371,0.62994,-0.36552,-1.2,304.6
213906,33196.0,462.076799,0.679907,0.745102,0.372551,-0.091627,-0.29703,-0.39598,-1.3,304.6
213908,33198.0,462.076799,0.698704,0.698704,0.349352,-0.011599,-0.31697,-0.36576,-1.2,304.8
213910,33200.0,462.381599,0.698704,0.762293,0.381146,0.015897,-0.32021,-0.36576,-1.2,304.8
213912,33202.0,461.771999,0.675058,0.909569,0.454784,0.036819,-0.32011,-0.39663,-1.3,305.1
213914,33204.0,462.076799,0.538849,0.619081,0.30954,-0.072622,-0.30949,-0.366,-1.2,305.0
213916,33206.0,462.381599,0.812467,0.867759,0.43388,0.06217,-0.32803,-0.39663,-1.3,305.1
213918,33208.0,461.771999,0.679907,0.913174,0.456587,0.011353,-0.31307,-0.36612,-1.2,305.1
213920,33210.0,462.076799,0.613928,0.685428,0.342714,-0.056937,-0.30835,-0.42714,-1.4,305.1
213922,33212.0,462.381599,0.519844,0.602612,0.301306,-0.020704,-0.31988,-0.36612,-1.2,305.1
213924,33214.0,462.076799,0.740826,0.801079,0.400539,0.049617,-0.32673,-0.39663,-1.3,305.1
213926,33216.0,462.991199,0.538849,1.06136,0.53068,0.06507,-9.23812,-0.36612,-1.2,305.1
213928,33218.0,462.991199,0.679907,0.679907,0.339954,-0.095363,-0.30091,-0.39663,-1.3,305.1
213930,33220.0,462.686399,0.478055,0.566956,0.283478,-0.028238,-0.3204,-0.36612,-1.2,305.1
213932,33222.0,462.686399,0.607579,0.607579,0.30379,0.010156,-0.32522,-0.366,-1.2,305.0
213934,33224.0,462.686399,0.613928,0.613928,0.306964,0.001587,-0.32339,-0.39663,-1.3,305.1
213936,33226.0,462.991199,0.405053,0.506923,0.253461,-0.026751,-0.32376,-0.45675,-1.5,304.5
213938,33228.0,463.600799,0.611209,0.863243,0.431621,0.08908,-0.33506,-2.40239,-7.9,304.1
213940,33230.0,463.295999,4.80375,4.81341,2.406705,0.987542,-2.83287,-4.43499,-14.7,301.7
213942,33232.0,462.686399,6.04258,6.073252,3.036626,0.314961,1.13261,-11.74284,-39.3,298.8
213944,33234.0,462.686399,9.960734,9.960734,4.980367,0.971871,-11.58957,-10.95495,-36.7,298.5
213946,33236.0,463.295999,11.173795,11.190412,5.595206,0.307419,-8.00484,-4.19796,-13.8,304.2
213948,33238.0,463.295999,10.970806,10.970806,5.485403,-0.054902,0.34439,-0.27414,-0.9,304.6
213950,33240.0,462.991199,7.79514,7.801097,3.900548,-0.792428,2.73433,3.10998,10.2,304.9
213952,33242.0,463.295999,2.811899,2.82837,1.414185,-1.243182,-0.06892,-0.42714,-1.4,305.1
213956,33246.0,463.905599,1.208287,1.353355,0.338339,-0.268962,-0.26618,-0.427,-1.4,305.0
213958,33248.0,463.600799,0.356338,0.468913,0.234457,-0.051941,-0.32221,-0.36612,-1.2,305.1
214000,33250.0,463.295999,0.512151,0.595988,0.297994,0.031768,-0.32952,-0.39663,-1.3,305.1
214002,33252.0,463.600799,0.277189,0.411991,0.205996,-0.045999,-0.32631,-0.36612,-1.2,305.1
214004,33254.0,463.600799,0.279482,0.279482,0.139741,-0.033127,-0.335,-0.42714,-1.4,305.1
214006,33256.0,463.905599,0.33753,0.454785,0.227393,0.043826,-0.33601,-0.36612,-1.2,305.1
214008,33258.0,463.905599,0.374075,0.374075,0.187037,-0.020178,-0.33137,-0.39663,-1.3,305.1
214010,33260.0,463.905599,0.279482,0.279482,0.139741,-0.023648,-0.33579,-0.36612,-1.2,305.1
214012,33262.0,464.210399,0.111195,0.324449,0.162225,0.011242,-0.33687,-0.39663,-1.3,305.1
214014,33264.0,463.905599,0.22239,0.377307,0.188653,0.013214,-0.33496,-0.36612,-1.2,305.1
214016,33266.0,463.600799,0.22239,0.377307,0.188653,0.0,-0.40556,-0.36612,-1.2,305.1
214018,33268.0,463.600799,0.202527,0.202527,0.101264,-0.043695,-0.33849,-0.39663,-1.3,305.1
214020,33270.0,464.210399,0.169272,0.632665,0.316333,0.107534,-0.34253,-0.36624,-1.2,305.2
214022,33272.0,464.819999,0.084636,0.615447,0.307724,-0.004304,-0.32225,-0.39663,-1.3,305.1
214024,33274.0,464.515199,0.169272,0.348649,0.174324,-0.0667,-0.32781,-0.36624,-1.2,305.2
214026,33276.0,464.515199,0.279482,0.279482,0.139741,-0.017291,-0.33632,-0.42714,-1.4,305.1
214028,33278.0,464.515199,0.253908,0.253908,0.126954,-0.006394,-0.33839,-0.39455,-1.3,303.5
214030,33280.0,465.429599,2.230331,2.410499,1.205249,0.539148,-10.26961,-12.96009,-42.9,302.1
214032,33282.0,465.124799,7.45006,7.456293,3.728146,1.261448,-7.90358,-10.458,-35.0,298.8
214034,33284.0,465.429599,11.675774,11.679752,5.839876,1.055865,-13.82132,-12.42925,-41.5,299.5
214036,33286.0,465.124799,14.036101,14.039411,7.019705,0.589915,-7.95542,-10.36142,-34.7,298.6
214038,33288.0,466.039199,14.775016,14.803285,7.401642,0.190968,-9.68918,-10.4755,-35.0,299.3
214040,33290.0,466.039199,14.002061,14.002061,7.001031,-0.200306,1.17001,-12.85092,-43.8,293.4
214042,33292.0,467.563199,15.57557,15.649951,7.824976,0.411973,-19.11885,-23.06518,-79.7,289.4
214044,33294.0,467.867999,17.796221,17.798831,8.899415,0.53722,-9.79287,-8.37279,-27.9,300.1
214046,33296.0,469.087199,17.460886,17.503399,8.7517,-0.073857,-7.97526,-0.3036,-1.0,303.6
214048,33298.0,469.391999,15.902902,15.905822,7.952911,-0.399395,1.45288,-0.33429,-1.1,303.9
214050,33300.0,470.001599,15.301504,15.313642,7.656821,-0.148045,-1.49488,8.31604,26.8,310.3
214052,33302.0,469.391999,9.229179,9.249289,4.624645,-1.516088,6.0301,6.02504,19.6,307.4
214054,33304.0,468.477599,3.678207,3.790163,1.895081,-1.364782,4.02739,0.1222,0.4,305.5
214056,33306.0,469.391999,0.555975,1.070157,0.535078,-0.680002,-8.43959,-0.63903,-2.1,304.3
214058,33308.0,469.087199,1.105897,1.147132,0.573566,0.019244,0.58377,-0.85372,-2.8,304.9
214100,33310.0,469.087199,0.848804,0.848804,0.424402,-0.074582,-0.29396,-0.36552,-1.2,304.6
214102,33312.0,469.391999,0.611212,0.682996,0.341498,-0.041452,-0.31165,-0.39611,-1.3,304.7
214104,33314.0,469.087199,0.538858,0.619089,0.309544,-0.015977,-0.31993,-0.36564,-1.2,304.7
214106,33316.0,469.391999,0.279484,0.413539,0.20677,-0.051387,-0.32556,-0.42644,-1.4,304.6
214108,33318.0,469.087199,0.698711,0.762299,0.38115,0.08719,-0.33638,-0.39637,-1.3,304.9
214110,33320.0,469.696799,0.419227,0.73984,0.36992,-0.005615,-0.31635,-0.45735,-1.5,304.9
214112,33322.0,469.696799,0.337534,0.337534,0.168767,-0.100576,-0.32511,-0.39663,-1.3,305.1
214114,33324.0,469.696799,0.0,0.0,0.0,-0.084384,-0.35,-0.73008,-2.4,304.2
214116,33326.0,469.696799,1.907291,1.907291,0.953645,0.476823,-1.54139,-4.408,-14.5,304.0
214118,33328.0,469.391999,5.932101,5.939926,2.969963,1.008159,-4.243,-6.776,-22.4,302.5
214120,33330.0,469.087199,9.138139,9.143221,4.57161,0.800823,-6.09787,-4.2364,-14.0,302.6
214122,33332.0,468.782399,11.098735,11.10292,5.55146,0.489925,-4.55595,-7.52675,-25.3,297.5
214124,33334.0,469.696799,13.071916,13.103859,6.551929,0.500234,-13.75704,-22.33907,-75.7,295.1
214126,33336.0,470.001599,16.250528,16.253386,8.126693,0.787382,-13.37632,-15.41486,-51.4,299.9
214128,33338.0,471.525599,16.169331,16.240992,8.120496,-0.003099,-12.49097,-6.62087,-22.3,296.9
214130,33340.0,472.439999,16.429213,16.454639,8.22732,0.053412,-7.39065,-18.93801,-63.7,297.3
214132,33342.0,473.049599,17.368271,17.378966,8.689483,0.231082,-7.33194,-10.27065,-34.5,297.7
214134,33344.0,472.744799,17.8673,17.8699,8.93495,0.122733,0.81909,-10.62304,-35.6,298.4
214136,33346.0,473.049599,19.228617,19.231033,9.615516,0.340283,-6.43322,-0.87899,-2.9,303.1
214138,33348.0,472.744799,18.882489,18.884949,9.442475,-0.08652,2.02967,-0.33407,-1.1,303.7
214140,33350.0,472.744799,18.209422,18.209422,9.104711,-0.168882,1.52084,1.3552,4.4,308.0
214142,33352.0,472.439999,16.429204,16.432031,8.216016,-0.444348,3.54924,7.30434,23.7,308.2
214144,33354.0,472.135199,13.215245,13.21876,6.60938,-0.803318,4.34036,3.3737,11.0,306.7
214146,33356.0,472.439999,11.18108,11.185233,5.592617,-0.508382,0.97912,1.40392,4.6,305.2
214148,33358.0,471.830399,8.893259,8.914127,4.457064,-0.567776,3.34567,3.2742,10.7,306.0
214150,33360.0,472.439999,5.083153,5.119576,2.559788,-0.948638,-0.70863,0.03053,0.1,305.3
214152,33362.0,471.830399,1.443138,1.566607,0.783304,-0.888242,1.91306,-1.24763,-4.1,304.3
214154,33364.0,472.135199,0.169276,0.348651,0.174325,-0.30449,-0.30313,-1.64538,-5.4,304.7
214156,33366.0,472.439999,0.337535,0.454789,0.227394,0.026535,-0.33367,-1.55091,-5.1,304.1
214158,33368.0,472.135199,0.253914,0.396706,0.198353,-0.01452,-0.33091,-2.03077,-6.7,303.1
214200,33370.0,471.830399,1.455932,1.487495,0.743748,0.272698,0.48456,-2.27625,-7.5,303.5
214202,33372.0,471.830399,0.846381,0.846381,0.42319,-0.160279,-0.27253,-1.57976,-5.2,303.8
214204,33374.0,472.744799,0.22239,0.941055,0.470528,0.023669,-0.31539,-1.5205,-5.0,304.1
214206,33376.0,472.439999,0.0,0.3048,0.0,-0.235264,-0.35,-1.519,-5.0,303.8
214208,33378.0,472.135199,0.22239,0.377307,0.188653,0.094327,-0.34407,-1.522,-5.0,304.4
214210,33380.0,472.439999,0.169276,0.348651,0.174325,-0.007164,-0.33398,-1.49303,-4.9,304.7
214212,33382.0,471.830399,0.0,0.6096,0.0,-0.087162,-0.35,-1.49254,-4.9,304.6
214214,33384.0,472.744799,0.337535,0.974709,0.487354,0.243677,-0.73124,-1.5185,-5.0,303.7
214216,33386.0,472.744799,0.169276,0.169276,0.084638,-0.201358,-0.33244,-1.48862,-4.9,303.8
214218,33388.0,472.439999,0.169276,0.348651,0.174325,0.044843,-0.33938,-1.49254,-4.9,304.6
214220,33390.0,472.439999,0.0,0.0,0.0,-0.087162,-0.35,-1.48764,-4.9,303.6
214222,33392.0,472.744799,0.084638,0.316333,0.158167,0.079084,-0.34359,-1.48911,-4.9,303.9
214224,33394.0,472.439999,0.846381,0.899591,0.449795,0.145814,-0.34962,-2.50826,-8.3,302.2
214226,33396.0,472.439999,3.055076,3.055076,1.527538,0.538872,-2.44955,-5.06184,-16.8,301.3
214228,33398.0,472.439999,5.51158,5.51158,2.75579,0.614126,-4.56294,-2.5857,-8.5,304.2
214230,33400.0,472.744799,5.840028,5.847976,2.923988,0.084099,-2.95529,-1.2164,-4.0,304.1
214232,33402.0,472.439999,5.51158,5.520001,2.760001,-0.081994,0.92097,-1.33804,-4.4,304.1
214234,33404.0,472.439999,4.491327,4.491327,2.245664,-0.257168,0.19291,-1.73223,-5.7,303.9
214236,33406.0,472.439999,3.808713,3.808713,1.904357,-0.170654,0.01175,-1.85684,-6.1,304.4
214238,33408.0,472.439999,4.245031,4.245031,2.122516,0.10908,-0.29989,-2.51822,-8.3,303.4
214240,33410.0,472.744799,4.507814,4.518107,2.259054,0.068269,-2.9771,-1.5504,-5.1,304.0
214242,33412.0,472.439999,1.862037,1.886819,0.94341,-0.657822,0.99235,-1.672,-5.5,304.0
214244,33414.0,472.744799,0.202531,0.365953,0.182977,-0.380216,-0.29255,-1.58704,-5.2,305.2
214246,33416.0,471.830399,0.253914,0.948999,0.4745,0.145762,-0.34959,-1.54938,-5.1,303.8
214248,33418.0,472.135199,0.279485,0.413539,0.20677,-0.133865,-0.31541,-1.54224,-5.1,302.4
214250,33420.0,472.135199,0.084638,0.084638,0.042319,-0.082226,-0.34422,-1.55295,-5.1,304.5
214252,33422.0,472.135199,0.279485,0.279485,0.139742,0.048712,-0.34181,-1.55193,-5.1,304.3
214254,33424.0,471.830399,0.169276,0.348651,0.174325,0.017291,-0.33652,-1.63944,-5.4,303.6
214256,33426.0,472.135199,1.039719,1.083475,0.541738,0.183707,-3.38132,-2.18736,-7.2,303.8
214258,33428.0,471.830399,2.127606,2.149328,1.074664,0.266463,0.46398,-2.24516,-7.4,303.4
214300,33430.0,471.525599,2.871633,2.887764,1.443882,0.184609,0.50849,-2.21628,-7.3,303.6
214302,33432.0,472.135199,2.127606,2.213215,1.106607,-0.168638,-5.63333,-1.66815,-5.5,303.3
214304,33434.0,472.135199,0.793542,0.793542,0.396771,-0.354918,-0.23139,-1.64214,-5.4,304.1
214306,33436.0,471.830399,0.139742,0.335307,0.167654,-0.114559,-0.32388,-1.64754,-5.4,305.1
214308,33438.0,472.135199,0.084638,0.316333,0.158167,-0.004743,-0.3357,-1.63998,-5.4,303.7
214310,33440.0,471.525599,0.22239,0.648899,0.324449,0.083141,-0.33763,-1.64214,-5.4,304.1
214312,33442.0,472.439999,0.0,0.9144,0.0,-0.162225,-0.35,-1.61332,-5.3,304.4
214314,33444.0,472.439999,0.169276,0.169276,0.084638,0.042319,-0.34472,-1.60908,-5.3,303.6
214316,33446.0,472.439999,0.0,0.0,0.0,-0.042319,-0.35,-1.60908,-5.3,303.6
214318,33448.0,472.135199,0.169276,0.348651,0.174325,0.087162,-0.34377,-1.61226,-5.3,304.2
214320,33450.0,472.135199,0.581173,0.581173,0.290587,0.058131,-0.33459,-2.09898,-6.9,304.2
214322,33452.0,471.830399,1.692761,1.719984,0.859992,0.284702,0.46977,-4.45704,-14.7,303.2
214324,33454.0,471.830399,4.944666,4.944666,2.472333,0.80617,-5.07717,-2.00706,-6.6,304.1
214326,33456.0,471.830399,5.337175,5.337175,2.668587,0.098127,-0.26814,-1.45776,-4.8,303.7
214328,33458.0,471.830399,3.940665,3.940665,1.970333,-0.349127,0.23374,-1.94496,-6.4,303.9
214330,33460.0,471.525599,4.296904,4.307701,2.153851,0.091759,0.61318,-1.6416,-5.4,304.0
214332,33462.0,471.525599,4.890978,4.890978,2.445489,0.145819,-0.345,-1.30892,-4.3,304.4
214334,33464.0,471.525599,4.693663,4.693663,2.346831,-0.049329,-0.07278,-1.8222,-6.0,303.7
214336,33466.0,470.611199,3.345872,3.468571,1.734286,-0.306272,2.78942,-1.94624,-6.4,304.1
214338,33468.0,471.220799,2.284005,2.363956,1.181978,-0.276154,-5.33119,-2.128,-7.0,304.0
214340,33470.0,471.220799,1.858751,1.858751,0.929376,-0.126301,-0.19853,-2.21409,-7.3,303.3
214342,33472.0,470.915999,3.254706,3.268947,1.634474,0.352549,0.34111,-1.8848,-6.2,304.0
214344,33474.0,469.696799,2.370197,2.665386,1.332693,-0.150891,3.4472,-1.97665,-6.5,304.1
214346,33476.0,470.306399,1.496305,1.615716,0.807858,-0.262417,-5.6711,-1.61544,-5.3,304.8
214348,33478.0,470.611199,0.688309,0.752776,0.376388,-0.215735,-0.26867,-1.42974,-4.7,304.2
214352,33482.0,470.306399,1.12476,1.165328,0.291332,-0.021264,-0.32078,-1.18716,-3.9,304.4
214354,33484.0,470.611199,0.22239,0.377307,0.188653,-0.051339,-0.32771,-1.27932,-4.2,304.6
214356,33486.0,470.611199,1.633957,1.633957,0.816978,0.314163,-1.10458,-2.27925,-7.5,303.9
214358,33488.0,470.001599,3.987196,4.033528,2.016764,0.599893,0.88824,-1.67255,-5.5,304.1
214400,33490.0,470.001599,3.446592,3.446592,1.723296,-0.146734,-0.04742,-1.6709,-5.5,303.8
214402,33492.0,469.696799,0.688309,0.752776,0.376388,-0.673454,-0.16611,-1.523,-5.0,304.6
214404,33494.0,469.696799,0.0,0.0,0.0,-0.188194,-0.35,-1.49009,-4.9,304.1
214406,33496.0,469.696799,0.22239,0.22239,0.111195,0.055597,-0.34394,-1.49254,-4.9,304.6
214408,33498.0,469.391999,1.301882,1.337086,0.668543,0.278674,0.48777,-2.24516,-7.4,303.4
214410,33500.0,470.001599,3.442946,3.496497,1.748249,0.539853,-7.70371,-1.8246,-6.0,304.1
214412,33502.0,469.087199,5.160365,5.240753,2.620376,0.436063,1.87323,-1.24804,-4.1,304.4
214414,33504.0,468.477599,7.249828,7.275412,3.637706,0.508665,0.65727,-1.1571,-3.8,304.5
214416,33506.0,469.391999,8.236732,8.287332,4.143666,0.25298,-10.15291,-1.06785,-3.5,305.1
214418,33508.0,467.867999,8.736337,8.868267,4.434134,0.145234,4.1236,-0.55044,-1.8,305.8
214420,33510.0,467.258399,8.562527,8.584199,4.2921,-0.071017,2.00414,1.16508,3.8,306.6
214422,33512.0,467.258399,6.499013,6.499013,3.249506,-0.521297,0.95033,2.11761,6.9,306.9
214424,33514.0,466.648799,2.846893,2.911428,1.455714,-0.896896,2.33558,-0.94488,-3.1,304.8
214426,33516.0,467.258399,0.279483,0.670614,0.335307,-0.560204,-0.20879,-1.49009,-4.9,304.1
214428,33518.0,466.953599,0.22239,0.377307,0.188653,-0.073327,-0.32524,-1.522,-5.0,304.4
214430,33520.0,467.258399,0.279483,0.413538,0.206769,0.009058,-0.333,-1.49009,-4.9,304.1
214432,33522.0,466.648799,0.139742,0.625412,0.312706,0.052969,-0.33246,-1.49352,-4.9,304.8
214434,33524.0,466.953599,0.22239,0.377307,0.188653,-0.062027,-0.32651,-1.46256,-4.8,304.7
214436,33526.0,466.953599,0.22239,0.22239,0.111195,-0.038729,-0.33769,-1.4335,-4.7,305.0
214438,33528.0,466.648799,0.111195,0.324449,0.162225,0.025515,-0.33825,-1.43162,-4.7,304.6
214440,33530.0,466.953599,0.279483,0.413538,0.206769,0.022272,-0.33463,-1.43068,-4.7,304.4
214442,33532.0,467.563199,0.374076,0.715224,0.357612,0.075422,-0.33472,-1.36935,-4.5,304.3
214444,33534.0,466.953599,0.22239,0.648899,0.324449,-0.016582,-0.31837,-0.6092,-2.0,304.6
214446,33536.0,466.648799,0.22239,0.377307,0.188653,-0.067898,-0.32585,-0.54882,-1.8,304.9
214448,33538.0,467.258399,0.111195,0.619658,0.309829,0.060588,-0.33403,-0.54936,-1.8,305.2
214450,33540.0,467.563199,0.22239,0.377307,0.188653,-0.060588,-0.32667,-0.54864,-1.8,304.8
214452,33542.0,467.563199,0.0,0.0,0.0,-0.094327,-0.35,-0.54882,-1.8,304.9
214454,33544.0,467.258399,0.812475,0.867767,0.433883,0.216941,-0.66618,-1.88604,-6.2,304.2
214456,33546.0,466.953599,3.725061,3.737511,1.868755,0.717436,-0.09304,-1.03632,-3.4,304.8
214458,33548.0,466.343999,5.126959,5.163072,2.581536,0.35639,1.11214,-0.51867,-1.7,305.1
214500,33550.0,466.343999,6.677908,6.677908,3.338954,0.378709,-3.88983,0.09177,0.3,305.9
214502,33552.0,466.039199,7.544405,7.55056,3.77528,0.218163,0.39171,-3.78079,-12.7,297.7
214504,33554.0,464.819999,11.484897,11.549429,5.774714,0.999717,0.31949,-15.50736,-52.8,293.7
214506,33556.0,464.515199,16.935007,16.93775,8.468875,1.34708,-23.1089,-13.15572,-44.4,296.3
214508,33558.0,464.210399,21.305389,21.307569,10.653785,1.092455,-24.63706,-24.3338,-84.2,289.0
214510,33560.0,465.124799,24.738902,24.755796,12.377898,0.862057,-25.86236,-21.7412,-74.0,293.8
214512,33562.0,466.343999,26.691898,26.719728,13.359864,0.490983,-20.74278,-18.4779,-63.0,293.3
214514,33564.0,466.343999,26.557972,26.557972,13.278986,-0.040439,0.77812,-20.9952,-72.0,291.6
214516,33566.0,467.563199,27.023114,27.050603,13.525302,0.123158,-10.97478,-13.10088,-44.2,296.4
214518,33568.0,468.782399,26.066997,26.095493,13.047747,-0.238778,-1.33963,-18.36333,-63.3,290.1
214520,33570.0,471.525599,25.720751,25.866623,12.933312,-0.057218,-21.03857,-23.55792,-81.6,288.7
214522,33572.0,473.659199,25.735083,25.823376,12.911688,-0.010812,-16.25428,-27.91484,-97.4,286.6
214524,33574.0,474.878399,26.206025,26.23437,13.117185,0.102748,-10.28145,-16.24161,-55.3,293.7
214526,33576.0,476.097599,25.255175,25.284586,12.642293,-0.237446,-1.52124,-13.71,-45.7,300.0
214528,33578.0,476.707199,22.844,22.852132,11.426066,-0.608114,3.31926,-0.39234,-1.3,301.8
214530,33580.0,477.316799,19.642834,19.652291,9.826146,-0.79996,3.60865,-1.04335,-3.5,298.1
214532,33582.0,479.450399,17.35811,17.488746,8.744373,-0.540887,-8.78322,-7.81695,-26.1,299.5
214534,33584.0,480.059999,15.698139,15.709971,7.854985,-0.444694,0.73883,-9.207,-31.0,297.0
214536,33586.0,480.974399,14.862071,14.890174,7.445087,-0.204949,-3.78981,-3.89709,-12.9,302.1
214538,33588.0,481.888799,12.035926,12.07061,6.035305,-0.704891,0.08717,0.42364,1.4,302.6
214540,33590.0,482.498399,8.709443,8.730751,4.365375,-0.834965,0.43966,-0.27252,-0.9,302.8
214542,33592.0,483.412799,6.778077,6.839478,3.419739,-0.472818,-5.05464,-0.36336,-1.2,302.8
214544,33594.0,483.412799,4.970216,4.970216,2.485108,-0.467316,0.5623,-6.82191,-22.9,297.9
214546,33596.0,483.717599,6.852651,6.859427,3.429713,0.472303,-5.54512,-14.64565,-49.9,293.5
214548,33598.0,482.803199,13.817189,13.847412,6.923706,1.746996,-17.85162,-12.57527,-42.1,298.7
214550,33600.0,480.669599,19.463467,19.580061,9.790031,1.433163,-11.02662,-0.39325,-1.3,302.5
214552,33602.0,479.145599,22.495196,22.54676,11.27338,0.741675,0.4095,-0.27252,-0.9,302.8
214554,33604.0,476.402399,23.215943,23.37745,11.688725,0.207673,7.57316,10.7433,34.5,311.4
214556,33606.0,475.487999,23.453942,23.471761,11.73588,0.023578,3.52143,15.3713,49.0,313.7
214558,33608.0,474.573599,22.2197,22.238507,11.119254,-0.308313,5.62262,13.9017,44.7,311.0
214600,33610.0,473.049599,19.547236,19.606556,9.803278,-0.657988,8.99631,12.90625,41.3,312.5
214602,33612.0,471.830399,19.501077,19.539152,9.769576,-0.016851,4.3591,20.73834,65.4,317.1
214604,33614.0,470.306399,14.428899,14.50916,7.25458,-1.257498,10.24675,14.28042,46.2,309.1
214606,33616.0,468.477599,10.087752,10.252183,5.126091,-1.064245,8.71543,6.1491,19.9,309.0
214608,33618.0,468.477599,5.003772,5.003772,2.501886,-1.312103,1.82679,0.24528,0.8,306.6
214610,33620.0,469.391999,1.800123,2.019052,1.009526,-0.74618,-7.51996,-0.45765,-1.5,305.1
214612,33622.0,468.477599,0.611212,1.099867,0.549934,-0.229796,2.44363,-0.57931,-1.9,304.9
214614,33624.0,469.087199,0.848805,1.045027,0.522514,-0.01371,-6.1653,-1.75972,-5.8,303.4
214616,33626.0,467.563199,5.021635,5.247799,2.6239,1.050693,2.69264,-6.98221,-22.9,304.9
214618,33628.0,467.258399,8.243768,8.249401,4.1247,0.7504,-4.81604,6.80459,22.1,307.9
214620,33630.0,466.953599,5.490463,5.498917,2.749459,-0.687621,1.91081,0.85456,2.8,305.2
214622,33632.0,466.648799,2.087356,2.109493,1.054746,-0.847357,1.16479,-0.54864,-1.8,304.8
214624,33634.0,466.343999,1.562238,1.591695,0.795847,-0.12945,0.67122,-1.00551,-3.3,304.7
214626,33636.0,466.648799,0.88597,0.936935,0.468467,-0.16369,-0.26329,-0.63987,-2.1,304.7
214628,33638.0,466.039199,0.337536,0.696809,0.348404,-0.060031,-0.30702,-0.61,-2.0,305.0
214630,33640.0,466.343999,1.397426,1.430281,0.71514,0.183368,-3.39337,-1.3072,-4.3,304.0
214632,33642.0,465.734399,3.274934,3.331186,1.665593,0.475226,1.10577,-3.69416,-12.2,302.8
214634,33644.0,465.124799,6.943745,6.970453,3.485226,0.909817,-0.14347,-7.61175,-25.5,298.5
214636,33646.0,465.124799,12.107921,12.107921,6.05396,1.284367,-17.84869,-18.37938,-62.9,292.2
214638,33648.0,466.039199,16.089299,16.115262,8.057631,1.001835,-22.73874,-28.93956,-101.4,285.4
214640,33650.0,466.343999,20.725714,20.727955,10.363978,1.153174,-23.4235,-26.89378,-94.1,285.8
214642,33652.0,467.258399,27.115524,27.130937,13.565469,1.600746,-48.11032,-11.20014,-37.8,296.3
214644,33654.0,468.477599,24.183259,24.213972,12.106986,-0.729242,2.80218,-8.97789,-30.3,296.3
214646,33656.0,468.477599,23.361994,23.361994,11.680997,-0.212994,2.48794,-13.61976,-46.2,294.8
214648,33658.0,469.087199,23.162981,23.171001,11.585501,-0.047748,-0.72157,-11.30178,-37.9,298.2
214650,33660.0,470.001599,23.094543,23.112638,11.556319,-0.014591,-4.49989,-10.29384,-34.8,295.8
214652,33662.0,470.611199,21.5239,21.532531,10.766266,-0.395027,1.60603,12.43584,40.8,304.8
214654,33664.0,471.220799,17.858925,17.869326,8.934663,-0.915801,3.67306,-0.05966,-0.2,298.3
214656,33666.0,471.525599,16.8382,16.840958,8.420479,-0.257092,0.91129,-1.91016,-6.3,303.2
214658,33668.0,471.830399,15.780627,15.78357,7.891785,-0.264347,0.79606,-0.33352,-1.1,303.2
214700,33670.0,472.439999,13.204393,13.218457,6.609228,-0.641278,1.03251,-0.6058,-2.0,302.9
214702,33672.0,472.439999,11.626668,11.626668,5.813334,-0.397947,1.57761,-22.1837,-77.0,288.1
214704,33674.0,472.439999,14.582264,14.582264,7.291132,0.738899,-13.55042,-31.18603,-108.7,286.9
214706,33676.0,473.049599,18.366675,18.376789,9.188394,0.948631,-20.52543,-30.36574,-105.4,288.1
214708,33678.0,474.573599,24.372861,24.420461,12.21023,1.510918,-47.3987,-26.45912,-90.8,291.4
214710,33680.0,475.792799,25.176192,25.205696,12.602848,0.196309,-12.4752,-13.2795,-45.0,295.1
214712,33682.0,476.707199,24.138798,24.156111,12.078055,-0.262397,0.33677,-13.6344,-46.0,296.4
214714,33684.0,477.926399,23.696766,23.728109,11.864055,-0.107,-5.11024,-7.67034,-25.8,297.3
214716,33686.0,478.840799,21.684497,21.703768,10.851884,-0.506085,1.46711,-2.83222,-9.4,301.3
214718,33688.0,480.059999,21.952607,21.986437,10.993218,0.070667,-9.70167,-0.36204,-1.2,301.7
214720,33690.0,480.059999,18.907874,18.907874,9.453937,-0.76964,4.9865,-0.3333,-1.1,303.0
214722,33692.0,480.364799,15.900875,15.903796,7.951898,-0.75102,3.117,6.48932,21.2,306.1
214724,33694.0,479.450399,13.012284,13.044373,6.522186,-0.714856,5.72524,4.60852,15.1,305.2
