092144,0,567.0,0.0,0.0,0,0,-0.35
092205,21.0,567.0,69.49606,69.49606,3.309336,0.157587,-1.4246
092209,25.0,576.0,15.34652,17.790888,4.447722,0.284596,-23.89358
092213,29.0,576.0,12.854236,12.854236,3.213559,-0.308541,0.11019
092217,33.0,576.0,13.386145,13.386145,3.346536,0.033244,-0.22425
092234,50.0,576.0,56.405032,56.405032,3.317943,-0.001682,-0.18958
092238,54.0,576.0,12.760776,12.760776,3.190194,-0.031937,-0.16643
092243,59.0,576.0,16.337429,16.337429,3.267486,0.015458,-0.20958
092253,69.0,576.0,32.308699,32.308699,3.23087,-0.003662,-0.19219
092303,79.0,576.0,34.916146,34.916146,3.491615,0.026075,-0.21034
092331,107.0,576.0,93.241079,93.241079,3.330039,-0.005771,-0.18473
092333,109.0,576.0,4.867876,4.867876,2.433938,-0.44805,0.10146
092351,127.0,575.0,61.656949,61.665058,3.425837,0.055106,-0.07536
092408,144.0,575.0,55.563402,55.563402,3.268435,-0.009259,-0.18453
092420,156.0,575.0,39.215202,39.215202,3.267934,-4.2e-05,-0.19388
092426,162.0,575.0,20.534383,20.534383,3.422397,0.025744,-0.21309
092440,176.0,575.0,46.34098,46.34098,3.31007,-0.008023,-0.1835
092504,200.0,567.0,80.124232,80.522622,3.355109,0.001877,0.82101
092512,208.0,567.0,26.018219,26.018219,3.252277,-0.012854,-0.18179
092514,210.0,567.0,9.034995,9.034995,4.517497,0.63261,-4.07963
092540,236.0,567.0,86.720596,86.720596,3.335408,-0.045465,-0.14344
092604,260.0,567.0,77.197336,77.197336,3.216556,-0.004952,-0.19166
092621,277.0,557.0,56.699621,57.574708,3.386748,0.010011,1.58827
092657,313.0,557.0,119.614952,119.614952,3.322638,-0.001781,-0.18922
092700,316.0,557.0,12.727551,12.727551,4.242517,0.306626,-2.40643
092703,319.0,557.0,8.952458,8.952458,2.984153,-0.419455,0.17894
092716,332.0,557.0,44.156647,44.156647,3.396665,0.031732,-0.22052
092809,385.0,556.0,174.79844,174.801301,3.298138,-0.001859,-0.13313
092824,400.0,556.0,50.876213,50.876213,3.391748,0.006241,-0.19397
092837,413.0,556.0,42.309277,42.309277,3.25456,-0.010553,-0.18397
092928,464.0,556.0,169.102321,169.102321,3.315732,0.001199,-0.19264
092942,478.0,556.0,47.405002,47.405002,3.386072,0.005024,-0.19298
092958,494.0,558.0,52.071469,52.109863,3.256866,-0.008075,-1.07593
093014,510.0,558.0,54.248101,54.248101,3.390506,0.008352,-0.19625
093122,578.0,558.0,227.863521,227.863521,3.350934,-0.000582,-0.18896
093139,595.0,558.0,55.972944,55.972944,3.292526,-0.003436,-0.18912
093152,608.0,558.0,42.746829,42.746829,3.288218,-0.000331,-0.19251
093202,618.0,561.0,34.353988,34.484728,3.448473,0.016026,-2.91342
093212,628.0,561.0,32.286998,32.286998,3.2287,-0.021977,-0.17399
093218,634.0,561.0,20.512812,20.512812,3.418802,0.031684,-0.21953
093233,649.0,561.0,50.319486,50.319486,3.354632,-0.004278,-0.18493
093252,668.0,561.0,61.560644,61.560644,3.240034,-0.006031,-0.18932
093301,677.0,564.0,30.658463,30.804892,3.422766,0.020304,-3.27308
093311,687.0,564.0,34.377221,34.377221,3.437722,0.001496,-0.18659
093323,699.0,564.0,40.714507,40.714507,3.392876,-0.003737,-0.18344
093330,706.0,564.0,22.251757,22.251757,3.178822,-0.030579,-0.16846
093351,727.0,564.0,68.606095,68.606095,3.266957,0.004197,-0.19821
093402,738.0,548.0,37.09282,40.396501,3.672409,0.036859,4.20303
093412,748.0,548.0,32.994325,32.994325,3.299433,-0.037298,-0.15416
093420,756.0,548.0,25.980349,25.980349,3.247544,-0.006486,-0.18844
093427,763.0,548.0,23.710731,23.710731,3.387247,0.019958,-0.20857
093438,774.0,548.0,36.924193,36.924193,3.356745,-0.002773,-0.18637
093440,776.0,546.0,6.456151,6.758837,3.379419,0.011337,2.83703
093450,786.0,546.0,33.158368,33.158368,3.315837,-0.006358,-0.18487
093504,800.0,546.0,48.380152,48.380152,3.455725,0.009992,-0.19471
093522,818.0,546.0,59.767602,59.767602,3.320422,-0.007517,-0.18343
093558,854.0,546.0,117.899277,117.899277,3.27498,-0.001262,-0.19225
093612,868.0,547.0,46.613285,46.624011,3.330286,0.00395,-0.55717
093624,880.0,547.0,41.418646,41.418646,3.451554,0.010106,-0.19504
093638,894.0,547.0,47.289622,47.289622,3.37783,-0.005266,-0.18263
093653,909.0,547.0,48.948258,48.948258,3.263217,-0.007641,-0.18643
093719,935.0,547.0,88.147886,88.147886,3.390303,0.004888,-0.19261
093734,950.0,552.0,48.665993,48.922171,3.261478,-0.008588,-3.20004
093755,971.0,552.0,69.054664,69.054664,3.288317,0.001278,-0.19414
093801,977.0,552.0,21.422713,21.422713,3.570452,0.047023,-0.2299
093807,983.0,552.0,20.628844,20.628844,3.438141,-0.022052,-0.16149
093812,988.0,552.0,16.542086,16.542086,3.308417,-0.025945,-0.16521
093831,1007.0,557.0,60.810619,61.015829,3.211359,-0.005108,-2.50453
093840,1016.0,557.0,31.021184,31.021184,3.446798,0.02616,-0.21242
093845,1021.0,557.0,17.600217,17.600217,3.520043,0.014649,-0.19658
093908,1044.0,557.0,75.772734,75.772734,3.294467,-0.009808,-0.18252
093927,1063.0,557.0,62.064017,62.064017,3.266527,-0.001471,-0.19249
094041,1137.0,544.0,248.07672,248.417106,3.356988,0.001222,0.34302
094114,1170.0,544.0,110.074201,110.074201,3.335582,-0.000649,-0.18969
094145,1201.0,544.0,102.595585,102.595585,3.309535,-0.00084,-0.19086
094207,1223.0,544.0,73.547383,73.547383,3.343063,0.001524,-0.19154
094216,1232.0,544.0,30.89605,30.89605,3.432894,0.009981,-0.19584
094344,1320.0,542.0,291.015464,291.022336,3.307072,-0.00143,-0.12136
094406,1342.0,542.0,75.114446,75.114446,3.414293,0.004874,-0.19136
094422,1358.0,542.0,53.788245,53.788245,3.361765,-0.003283,-0.18556
094437,1373.0,542.0,46.785061,46.785061,3.119004,-0.016184,-0.186
094439,1375.0,542.0,8.319191,8.319191,4.159595,0.520295,-3.28917
094444,1380.0,538.0,15.875988,16.372141,3.274428,-0.177033,2.41546
094447,1383.0,538.0,12.266064,12.266064,4.088688,0.27142,-2.17854
094449,1385.0,538.0,6.526078,6.526078,3.263039,-0.412824,0.22287
094452,1388.0,538.0,10.107761,10.107761,3.369254,0.035405,-0.22551
094453,1389.0,538.0,2.857921,2.857921,2.857921,-0.511333,0.23743
094455,1391.0,538.0,6.016005,6.016005,3.008002,0.075041,-0.27721
094508,1404.0,538.0,42.27223,42.27223,3.25171,0.018747,-0.21361
094520,1416.0,538.0,41.704806,41.704806,3.475401,0.018641,-0.20303
094523,1419.0,538.0,8.417957,8.417957,2.805986,-0.223138,-0.02376
094539,1435.0,538.0,54.650655,54.650655,3.415666,0.038105,-0.22643
094645,1501.0,538.0,219.448226,219.448226,3.324973,-0.001374,-0.18949
094747,1563.0,538.0,207.231308,207.231308,3.34244,0.000282,-0.19028
094935,1671.0,538.0,358.395122,358.395122,3.318473,-0.000222,-0.19102
094943,1679.0,538.0,25.52151,25.52151,3.190189,-0.016036,-0.1821
094949,1685.0,538.0,19.308807,19.308807,3.218135,0.004658,-0.20113
095016,1712.0,538.0,92.593708,92.593708,3.429397,0.007825,-0.19372
095034,1730.0,538.0,58.10017,58.10017,3.227787,-0.011201,-0.18479
095053,1749.0,538.0,62.414682,62.414682,3.284983,0.00301,-0.19606
095058,1754.0,538.0,18.605153,18.605153,3.721031,0.08721,-0.27026
095122,1778.0,538.0,79.039414,79.039414,3.293309,-0.017822,-0.1744
095205,1821.0,535.0,142.823091,142.854595,3.3222,0.000672,0.02014
095215,1831.0,535.0,34.721614,34.721614,3.472161,0.014996,-0.19926
095244,1860.0,535.0,96.232783,96.232783,3.318372,-0.005303,-0.1858
095252,1868.0,535.0,24.828053,24.828053,3.103507,-0.026858,-0.17661
095300,1876.0,535.0,27.04079,27.04079,3.380099,0.034574,-0.22419
095308,1884.0,538.0,26.686432,26.854527,3.356816,-0.00291,-3.62754
095338,1914.0,538.0,100.322106,100.322106,3.34407,-0.000425,-0.18947
095346,1922.0,538.0,27.046338,27.046338,3.380792,0.00459,-0.19278
095351,1927.0,538.0,17.895011,17.895011,3.579002,0.039642,-0.22137
095408,1944.0,538.0,55.74866,55.74866,3.279333,-0.017628,-0.1754
095426,1962.0,568.0,61.335102,68.278801,3.793267,0.028552,-16.85766
095441,1977.0,568.0,48.557661,48.557661,3.237177,-0.037073,-0.15837
095459,1995.0,568.0,60.44539,60.44539,3.358077,0.006717,-0.19618
095508,2004.0,568.0,29.866376,29.866376,3.318486,-0.004399,-0.18676
095525,2021.0,568.0,55.244845,55.244845,3.249697,-0.004046,-0.1908
095530,2026.0,569.0,18.527716,18.554683,3.710937,0.092248,-2.14413
095618,2074.0,569.0,158.839336,158.839336,3.309153,-0.008371,-0.18319
095639,2095.0,569.0,70.633931,70.633931,3.363521,0.002589,-0.19161
095718,2134.0,569.0,129.88485,129.88485,3.330381,-0.00085,-0.18978
095737,2153.0,569.0,63.24363,63.24363,3.328612,-9.3e-05,-0.19065
095816,2192.0,556.0,128.68116,129.336155,3.316312,-0.000315,0.82126
095845,2221.0,556.0,97.432126,97.432126,3.359728,0.001497,-0.19066
095859,2235.0,556.0,45.040606,45.040606,3.217186,-0.010182,-0.18641
095910,2246.0,556.0,38.864551,38.864551,3.533141,0.028723,-0.21134
095916,2252.0,556.0,17.991308,17.991308,2.998551,-0.089098,-0.12511
095921,2257.0,551.0,17.016878,17.736238,3.547248,0.109739,2.73728
095928,2264.0,551.0,24.059194,24.059194,3.437028,-0.015746,-0.16826
095933,2269.0,551.0,15.604094,15.604094,3.120819,-0.063242,-0.14044
095939,2275.0,551.0,19.562954,19.562954,3.260492,0.023279,-0.21779
095943,2279.0,551.0,14.719858,14.719858,3.679964,0.104868,-0.29151
095948,2284.0,554.0,16.926637,17.190435,3.438087,-0.048375,-5.74713
095957,2293.0,554.0,28.089276,28.089276,3.121031,-0.035228,-0.16749
100005,2301.0,554.0,27.858888,27.858888,3.482361,0.045166,-0.23131
100015,2311.0,554.0,32.093439,32.093439,3.209344,-0.027302,-0.16983
100029,2325.0,554.0,46.236706,46.236706,3.302622,0.006663,-0.1989
100114,2370.0,564.0,152.774541,153.101471,3.402255,0.002214,-2.07799
100129,2385.0,564.0,49.536297,49.536297,3.30242,-0.006656,-0.18531
100144,2400.0,564.0,49.133019,49.133019,3.275535,-0.001792,-0.1917
100200,2416.0,564.0,52.564813,52.564813,3.285301,0.00061,-0.19363
100217,2433.0,564.0,56.742556,56.742556,3.337797,0.003088,-0.19345
100236,2452.0,568.0,63.869485,63.994618,3.368138,0.001597,-1.96241
100239,2455.0,568.0,9.957336,9.957336,3.319112,-0.016342,-0.17445
100253,2469.0,568.0,45.924455,45.924455,3.280318,-0.002771,-0.19046
100259,2475.0,568.0,19.94373,19.94373,3.323955,0.007273,-0.19847
100340,2516.0,568.0,135.894983,135.894983,3.314512,-0.00023,-0.19125
100425,2561.0,577.0,149.360461,149.631371,3.325142,0.000236,-1.85779
100512,2608.0,577.0,158.270104,158.270104,3.367449,0.0009,-0.18965
100532,2628.0,577.0,67.346814,67.346814,3.367341,-5.0e-06,-0.18871
100541,2637.0,577.0,28.837714,28.837714,3.20419,-0.018128,-0.17926
100609,2665.0,577.0,92.978036,92.978036,3.320644,0.004159,-0.19545
100613,2669.0,599.0,13.889759,26.01779,6.504447,0.795951,-60.69616
100630,2686.0,599.0,57.658426,57.658426,3.391672,-0.183104,0.0048
100640,2696.0,599.0,32.156433,32.156433,3.215643,-0.017603,-0.17914
100719,2735.0,599.0,129.495531,129.495531,3.320398,0.002686,-0.19396
100813,2789.0,599.0,179.712661,179.712661,3.328012,0.000141,-0.19095
100831,2807.0,583.0,60.763014,62.834257,3.490792,0.009043,2.50753
100909,2845.0,583.0,125.138723,125.138723,3.293124,-0.005202,-0.18731
100923,2859.0,583.0,48.872597,48.872597,3.4909,0.014127,-0.19746
100943,2879.0,583.0,64.951187,64.951187,3.247559,-0.012167,-0.18276
101004,2900.0,583.0,69.148568,69.148568,3.292789,0.002154,-0.19483
101012,2908.0,584.0,27.479621,27.497811,3.437226,0.018055,-1.13612
101052,2948.0,584.0,132.827272,132.827272,3.320682,-0.002914,-0.18818
101107,2963.0,584.0,50.500968,50.500968,3.366731,0.00307,-0.19196
101122,2978.0,584.0,48.933167,48.933167,3.262211,-0.006968,-0.18719
101136,2992.0,584.0,48.141482,48.141482,3.438677,0.012605,-0.19838
101150,3006.0,579.0,44.707874,44.986598,3.213328,-0.016096,0.90387
101157,3013.0,579.0,24.839828,24.839828,3.548547,0.047888,-0.23173
101220,3036.0,579.0,75.387846,75.387846,3.277732,-0.011775,-0.18147
101243,3059.0,579.0,76.773094,76.773094,3.337961,0.002619,-0.19297
101251,3067.0,579.0,27.734004,27.734004,3.46675,0.016099,-0.20075
101255,3071.0,582.0,13.030035,13.370932,3.342733,-0.031004,-7.36057
101301,3077.0,582.0,18.903354,18.903354,3.150559,-0.032029,-0.16879
101309,3085.0,582.0,26.454557,26.454557,3.30682,0.019533,-0.21189
101313,3089.0,582.0,15.406517,15.406517,3.851629,0.136202,-0.32515
101320,3096.0,582.0,22.843584,22.843584,3.263369,-0.084037,-0.10927
101328,3104.0,580.0,27.268531,27.341777,3.417722,0.019294,0.55276
101339,3115.0,580.0,36.078208,36.078208,3.279837,-0.012535,-0.18058
101425,3161.0,580.0,152.296356,152.296356,3.31079,0.000673,-0.19238
101509,3205.0,580.0,145.445365,145.445365,3.305576,-0.000119,-0.19184
101607,3263.0,580.0,194.877341,194.877341,3.359954,0.000938,-0.19009
101726,3342.0,584.0,261.479163,261.509756,3.31025,-0.000629,-0.34485
101746,3362.0,584.0,67.979316,67.979316,3.398966,0.004436,-0.19173
101801,3377.0,584.0,49.118722,49.118722,3.274581,-0.008292,-0.18518
101803,3379.0,584.0,6.83397,6.83397,3.416985,0.071202,-0.26143
101818,3394.0,584.0,49.769722,49.769722,3.317981,-0.0066,-0.18454
101838,3414.0,591.0,67.314364,67.677349,3.383867,0.003294,-3.38948
101858,3434.0,591.0,66.382682,66.382682,3.319134,-0.003237,-0.18794
101910,3446.0,591.0,41.416918,41.416918,3.45141,0.011023,-0.19608
101919,3455.0,591.0,29.388521,29.388521,3.265391,-0.020669,-0.17318
101941,3477.0,591.0,72.825516,72.825516,3.310251,0.002039,-0.19382
102001,3497.0,583.0,67.648463,68.119854,3.405993,0.004787,1.02304
102018,3514.0,583.0,54.868848,54.868848,3.227579,-0.010495,-0.18555
102041,3537.0,583.0,77.058416,77.058416,3.350366,0.005339,-0.19515
102109,3565.0,583.0,91.813042,91.813042,3.279037,-0.002547,-0.19077
102314,3690.0,583.0,418.495144,418.495144,3.347961,0.000551,-0.19031
102353,3729.0,578.0,129.896296,129.992491,3.333141,-0.00038,0.19923
102432,3768.0,578.0,129.535531,129.535531,3.321424,-0.0003,-0.19082
102604,3860.0,578.0,305.84019,305.84019,3.32435,3.2e-05,-0.19101
102656,3912.0,578.0,171.648979,171.648979,3.300942,-0.00045,-0.19174
102817,3993.0,578.0,269.453792,269.453792,3.32659,0.000317,-0.19119
102833,4009.0,584.0,56.060824,56.380989,3.523812,0.012326,-3.65336
102840,4016.0,584.0,20.833967,20.833967,2.976281,-0.078219,-0.13691
102845,4021.0,584.0,18.128607,18.128607,3.625721,0.129888,-0.32079
102853,4029.0,584.0,26.130005,26.130005,3.266251,-0.044934,-0.14858
102901,4037.0,584.0,27.356611,27.356611,3.419576,0.019166,-0.20626
102904,4040.0,581.0,8.249779,8.778317,2.926106,-0.16449,2.97442
102909,4045.0,581.0,19.098623,19.098623,3.819725,0.178724,-1.68394
102915,4051.0,581.0,17.288158,17.288158,2.88136,-0.156394,-0.0743
102939,4075.0,581.0,80.520658,80.520658,3.355027,0.019736,-0.20987
103004,4100.0,581.0,83.711397,83.711397,3.348456,-0.000263,-0.18944
103027,4123.0,587.0,77.395821,77.628044,3.375132,0.00116,-2.47362
103122,4178.0,587.0,183.411311,183.411311,3.334751,-0.000734,-0.18968
103227,4243.0,587.0,215.338018,215.338018,3.312893,-0.000336,-0.19124
103323,4299.0,587.0,186.768202,186.768202,3.335146,0.000397,-0.19083
103504,4400.0,587.0,337.374138,337.374138,3.340338,5.1e-05,-0.1902
103544,4440.0,582.0,130.726524,130.822109,3.270553,-0.001745,0.18759
103626,4482.0,582.0,139.836847,139.836847,3.329449,0.001402,-0.19216
103649,4505.0,582.0,77.914481,77.914481,3.387586,0.002528,-0.19031
103706,4522.0,582.0,56.163868,56.163868,3.303757,-0.004931,-0.18701
103716,4532.0,582.0,32.822913,32.822913,3.282291,-0.002147,-0.191
103720,4536.0,581.0,13.508897,13.545859,3.386465,0.026043,0.54422
103726,4542.0,581.0,21.025934,21.025934,3.504322,0.019643,-0.20279
103750,4566.0,581.0,78.956776,78.956776,3.289866,-0.008936,-0.18368
103901,4637.0,581.0,236.630462,236.630462,3.332823,0.000605,-0.19116
103940,4676.0,581.0,130.278941,130.278941,3.340486,0.000196,-0.19034
104013,4709.0,590.0,111.230964,111.594477,3.381651,0.001247,-2.59384
104110,4766.0,590.0,187.296597,187.296597,3.285905,-0.00168,-0.19129
104119,4775.0,590.0,30.218563,30.218563,3.357618,0.007968,-0.19752
104211,4827.0,590.0,172.777487,172.777487,3.322644,-0.000673,-0.19038
104259,4875.0,590.0,160.271274,160.271274,3.338985,0.00034,-0.19057
104345,4921.0,579.0,153.570269,153.963722,3.347037,0.000175,0.53626
104405,4941.0,579.0,68.40767,68.40767,3.420383,0.003667,-0.18981
104426,4962.0,579.0,70.138152,70.138152,3.339912,-0.003832,-0.1862
104455,4991.0,579.0,96.377215,96.377215,3.323352,-0.000571,-0.19044
104522,5018.0,579.0,87.662507,87.662507,3.24676,-0.002837,-0.19218
104538,5034.0,576.0,55.829522,55.910066,3.494379,0.015476,0.37068
104543,5039.0,576.0,15.910342,15.910342,3.182068,-0.062462,-0.13686
104556,5052.0,576.0,43.275632,43.275632,3.328895,0.011294,-0.20238
104600,5056.0,576.0,13.730691,13.730691,3.432673,0.025945,-0.21285
104740,5156.0,576.0,332.375142,332.375142,3.323751,-0.001089,-0.18989
104831,5207.0,572.0,167.947475,167.995102,3.294022,-0.000583,0.04623
104937,5273.0,572.0,221.684734,221.684734,3.35886,0.000982,-0.19018
105000,5296.0,572.0,76.745951,76.745951,3.33678,-0.00096,-0.18933
105113,5369.0,572.0,240.505737,240.505737,3.294599,-0.000578,-0.19194
105116,5372.0,572.0,10.078744,10.078744,3.359581,0.021661,-0.21165
105124,5380.0,570.0,28.104274,28.175347,3.521918,0.020292,0.55658
105134,5390.0,570.0,34.137722,34.137722,3.413772,-0.010815,-0.17484
105151,5407.0,570.0,54.585229,54.585229,3.210896,-0.011934,-0.18503
105200,5416.0,570.0,31.499701,31.499701,3.499967,0.032119,-0.2165
105212,5428.0,570.0,41.191273,41.191273,3.432606,-0.005613,-0.17931
105215,5431.0,570.0,7.539338,7.539338,2.513113,-0.306498,0.00622
105216,5432.0,570.0,4.412147,4.412147,4.412147,1.899034,-9.80422
105234,5450.0,570.0,59.578619,59.578619,3.309923,-0.061235,-0.12898
105237,5453.0,570.0,10.754905,10.754905,3.584968,0.091682,-0.27892
105256,5472.0,570.0,61.987858,61.987858,3.262519,-0.016971,-0.17706
105312,5488.0,570.0,54.730858,54.730858,3.420679,0.009885,-0.19637
105317,5493.0,570.0,17.158583,17.158583,3.431717,0.002208,-0.18766
105340,5516.0,570.0,75.867746,75.867746,3.298598,-0.005788,-0.18641
105425,5561.0,570.0,150.362729,150.362729,3.341394,0.000951,-0.19106
105449,5585.0,570.0,79.682727,79.682727,3.320114,-0.000887,-0.19028
105452,5588.0,568.0,10.617836,10.804557,3.601519,0.093802,1.74377
105459,5595.0,568.0,21.692108,21.692108,3.098873,-0.071807,-0.13379
105530,5626.0,568.0,103.722136,103.722136,3.345875,0.007968,-0.19809
105532,5628.0,568.0,7.911881,7.911881,3.95594,0.305033,-2.25444
105703,5719.0,568.0,300.972711,300.972711,3.307392,-0.007127,-0.18456
105709,5725.0,565.0,19.767622,19.993971,3.332328,0.004156,1.32364
105756,5772.0,565.0,158.27027,158.27027,3.367453,0.000747,-0.18948
105804,5780.0,565.0,25.497378,25.497378,3.187172,-0.022535,-0.17588
105814,5790.0,565.0,31.876773,31.876773,3.187677,5.0e-05,-0.19814
105816,5792.0,565.0,8.394559,8.394559,4.19728,0.504802,-3.24891
105833,5809.0,564.0,56.097557,56.106469,3.300381,-0.052759,0.04033
105905,5841.0,564.0,106.922685,106.922685,3.341334,0.00128,-0.1914
105933,5869.0,564.0,91.99387,91.99387,3.285495,-0.001994,-0.19097
105948,5884.0,564.0,51.352316,51.352316,3.423488,0.0092,-0.1955
105956,5892.0,564.0,25.247008,25.247008,3.155876,-0.033452,-0.16705
105959,5895.0,563.0,12.675092,12.714478,4.238159,0.360761,0.3978
110057,5953.0,563.0,192.159101,192.159101,3.313088,-0.015949,-0.17519
110120,5976.0,563.0,75.79108,75.79108,3.295264,-0.000775,-0.19169
110146,6002.0,563.0,86.742192,86.742192,3.336238,0.001576,-0.19197
110230,6046.0,563.0,145.502475,145.502475,3.306874,-0.000667,-0.1912
110244,6060.0,561.0,47.563919,47.605949,3.400425,0.006682,0.23985
110258,6074.0,561.0,47.905274,47.905274,3.421805,0.001527,-0.18745
110338,6114.0,561.0,133.277081,133.277081,3.331927,-0.002247,-0.18825
110345,6121.0,561.0,20.416437,20.416437,2.916634,-0.059328,-0.15843
110437,6173.0,561.0,176.191837,176.191837,3.388305,0.009071,-0.19712
110447,6183.0,561.0,30.517169,30.517169,3.051717,-0.033659,-0.1733
110456,6192.0,561.0,31.926691,31.926691,3.54741,0.055077,-0.23965
110531,6227.0,561.0,116.752592,116.752592,3.335788,-0.006046,-0.18412
110622,6278.0,561.0,169.131375,169.131375,3.316301,-0.000382,-0.19099
110627,6283.0,561.0,15.514191,15.514191,3.102838,-0.042693,-0.16146
110707,6323.0,560.0,134.841783,134.845491,3.371137,0.006707,-0.11958
110724,6340.0,560.0,55.721762,55.721762,3.277751,-0.005493,-0.18782
110815,6391.0,560.0,170.412832,170.412832,3.341428,0.001249,-0.19136
110914,6450.0,560.0,194.874084,194.874084,3.302951,-0.000652,-0.19141
110921,6457.0,560.0,24.884431,24.884431,3.554919,0.035995,-0.21838
110924,6460.0,564.0,10.112125,10.874514,3.624838,0.023306,-13.46072
110931,6467.0,564.0,21.872796,21.872796,3.124685,-0.07145,-0.13223
110933,6469.0,564.0,9.084774,9.084774,4.542387,0.708851,-4.46129
110941,6477.0,564.0,24.082082,24.082082,3.01026,-0.191516,-0.02875
110953,6489.0,564.0,41.909516,41.909516,3.49246,0.040183,-0.22554
111039,6535.0,570.0,152.094299,152.212601,3.30897,-0.003989,-1.13592
111128,6584.0,570.0,161.754461,161.754461,3.301111,-0.00016,-0.19202
111151,6607.0,570.0,76.582321,76.582321,3.329666,0.001242,-0.19197
111158,6614.0,570.0,23.843904,23.843904,3.406272,0.010944,-0.1982
111208,6624.0,570.0,32.888289,32.888289,3.288829,-0.011744,-0.18087
111210,6626.0,580.0,6.734399,12.056207,6.028104,1.369638,-58.9076
111233,6649.0,580.0,76.638853,76.638853,3.332124,-0.117217,-0.06966
111257,6673.0,580.0,81.831445,81.831445,3.409644,0.00323,-0.1899
111350,6726.0,580.0,175.3671,175.3671,3.308813,-0.001902,-0.18984
111531,6827.0,580.0,335.272649,335.272649,3.319531,0.000106,-0.19134
111618,6874.0,555.0,156.854248,158.834049,3.379448,0.001275,1.426
111750,6966.0,555.0,307.461678,307.461678,3.341975,-0.000407,-0.18961
111819,6995.0,555.0,97.377712,97.377712,3.357852,0.000547,-0.18977
111857,7033.0,555.0,124.902487,124.902487,3.286908,-0.001867,-0.19102
112018,7114.0,555.0,269.211177,269.211177,3.323595,0.000453,-0.19146
112107,7163.0,543.0,163.898641,164.337349,3.353823,0.000617,0.5537
112156,7212.0,543.0,164.882204,164.882204,3.364943,0.000227,-0.18905
112239,7255.0,543.0,141.399229,141.399229,3.288354,-0.001781,-0.19102
112302,7278.0,543.0,77.747745,77.747745,3.380337,0.003999,-0.19219
112320,7296.0,543.0,59.113821,59.113821,3.284101,-0.005346,-0.18762
112323,7299.0,542.0,11.673671,11.716424,3.905475,0.207125,0.60216
112348,7324.0,542.0,80.409008,80.409008,3.21636,-0.027565,-0.16913
112420,7356.0,542.0,108.097123,108.097123,3.378035,0.005052,-0.19341
112453,7389.0,542.0,110.196409,110.196409,3.339285,-0.001174,-0.18895
112551,7447.0,542.0,191.261962,191.261962,3.29762,-0.000718,-0.19161
112622,7478.0,542.0,105.471582,105.471582,3.402309,0.003377,-0.1904
112633,7489.0,542.0,34.700667,34.700667,3.154606,-0.022518,-0.17779
112637,7493.0,542.0,13.100132,13.100132,3.275033,0.030107,-0.22405
112721,7537.0,542.0,147.050866,147.050866,3.342065,0.001523,-0.19159
112739,7555.0,542.0,60.188203,60.188203,3.343789,9.6e-05,-0.19002
112741,7557.0,541.0,5.526822,5.616561,2.808281,-0.267754,1.53378
112743,7559.0,541.0,6.793946,6.793946,3.396973,0.294346,-1.93796
112746,7562.0,541.0,11.086078,11.086078,3.695359,0.099462,-0.28498
112749,7565.0,541.0,9.599439,9.599439,3.199813,-0.165182,-0.03381
112752,7568.0,541.0,10.942778,10.942778,3.647593,0.14926,-0.34232
112755,7571.0,541.0,10.23424,10.23424,3.411413,-0.078727,-0.10322
112806,7582.0,541.0,36.316894,36.316894,3.301536,-0.009989,-0.18193
112846,7622.0,541.0,133.013205,133.013205,3.32533,0.000595,-0.1915
112904,7640.0,541.0,59.971986,59.971986,3.331777,0.000358,-0.19092
112920,7656.0,541.0,54.4397,54.4397,3.402481,0.004419,-0.19149
112929,7665.0,541.0,30.187459,30.187459,3.354162,-0.005369,-0.1838
112942,7678.0,541.0,41.003767,41.003767,3.154136,-0.015387,-0.18478
113007,7703.0,541.0,84.026338,84.026338,3.361054,0.008277,-0.19763
113028,7724.0,541.0,71.48797,71.48797,3.404189,0.002054,-0.18891
113042,7738.0,541.0,43.625287,43.625287,3.116092,-0.020578,-0.18192
113055,7751.0,539.0,44.757691,44.802354,3.446335,0.025403,0.25561
113103,7759.0,539.0,27.413706,27.413706,3.426713,-0.002453,-0.18295
113106,7762.0,539.0,9.210021,9.210021,3.070007,-0.118902,-0.09114
113108,7764.0,539.0,7.813564,7.813564,3.906782,0.418387,-2.6907
113110,7766.0,539.0,4.629679,4.629679,2.314839,-0.795971,0.32843
113215,7831.0,538.0,215.784166,215.786483,3.319792,0.015461,-0.16035
113312,7888.0,538.0,190.493925,190.493925,3.341999,0.00039,-0.19042
113316,7892.0,538.0,13.091834,13.091834,3.272958,-0.01726,-0.17614
113330,7906.0,538.0,48.3942,48.3942,3.456729,0.013126,-0.19801
113401,7937.0,538.0,101.951522,101.951522,3.288759,-0.005418,-0.18729
113430,7966.0,537.0,96.353127,96.358316,3.322701,0.00117,-0.08751
113506,8002.0,537.0,121.292911,121.292911,3.369248,0.001293,-0.18993
113512,8008.0,537.0,19.852256,19.852256,3.308709,-0.01009,-0.18142
113541,8037.0,537.0,97.450809,97.450809,3.360373,0.001782,-0.1909
113611,8067.0,541.0,100.17183,100.251661,3.341722,-0.000622,-1.17122
113642,8098.0,541.0,100.811825,100.811825,3.251994,-0.002894,-0.19181
113655,8111.0,541.0,42.554447,42.554447,3.273419,0.001648,-0.19528
113700,8116.0,541.0,17.777095,17.777095,3.555419,0.0564,-0.24079
113722,8138.0,541.0,74.369407,74.369407,3.380428,-0.007954,-0.17967
113729,8145.0,539.0,23.536003,23.620826,3.374404,-0.000861,0.68029
113751,8167.0,539.0,73.37349,73.37349,3.335159,-0.001784,-0.18853
113814,8190.0,539.0,74.586512,74.586512,3.242892,-0.004012,-0.19117
113920,8256.0,539.0,221.86399,221.86399,3.361576,0.001798,-0.19086
113924,8260.0,539.0,13.174263,13.174263,3.293566,-0.017003,-0.17522
114006,8302.0,536.0,138.367905,138.400423,3.295248,4.0e-05,0.02442
114021,8317.0,536.0,52.006359,52.006359,3.467091,0.011456,-0.19571
114032,8328.0,536.0,35.448576,35.448576,3.222598,-0.022227,-0.17408
114034,8330.0,536.0,6.192583,6.192583,3.096291,-0.063154,-0.14226
114040,8336.0,536.0,18.821966,18.821966,3.136994,0.006784,-0.20728
114235,8451.0,532.0,385.111622,385.132395,3.348977,0.001843,-0.08592
114246,8462.0,532.0,35.02363,35.02363,3.183966,-0.015001,-0.18347
114258,8474.0,532.0,39.145202,39.145202,3.2621,0.006511,-0.20077
114309,8485.0,532.0,39.184493,39.184493,3.562227,0.027284,-0.20843
114330,8506.0,532.0,69.040467,69.040467,3.287641,-0.013076,-0.17955
114340,8516.0,535.0,32.902119,33.038606,3.303861,0.001622,-2.88699
114350,8526.0,535.0,33.035566,33.035566,3.303557,-3.0e-05,-0.192
114405,8541.0,535.0,50.67865,50.67865,3.378577,0.005001,-0.19332
114413,8549.0,535.0,25.723621,25.723621,3.215453,-0.020391,-0.17633
114423,8559.0,535.0,34.527791,34.527791,3.452779,0.023733,-0.20954
114441,8577.0,531.0,57.797998,57.936246,3.21868,-0.013006,0.49139
114524,8620.0,531.0,144.271791,144.271791,3.355158,0.003174,-0.19261
114542,8638.0,531.0,61.35572,61.35572,3.408651,0.002972,-0.18963
114556,8652.0,531.0,46.464138,46.464138,3.318867,-0.006413,-0.18463
114651,8707.0,531.0,183.937784,183.937784,3.344323,0.000463,-0.19036
114728,8744.0,532.0,120.512814,120.516963,3.257215,-0.002354,-0.27415
114735,8751.0,532.0,25.263789,25.263789,3.609113,0.050271,-0.232
114744,8760.0,532.0,28.653947,28.653947,3.183772,-0.04726,-0.15169
114748,8764.0,532.0,14.03562,14.03562,3.508905,0.081283,-0.26948
114751,8767.0,532.0,9.085999,9.085999,3.028666,-0.16008,-0.05617
114753,8769.0,533.0,6.586156,6.66164,3.33082,0.151077,-5.44194
114756,8772.0,533.0,9.568656,9.568656,3.189552,-0.047089,-0.15147
114800,8776.0,533.0,13.2413,13.2413,3.310325,0.030193,-0.22261
114831,8807.0,533.0,103.218488,103.218488,3.329629,0.000623,-0.1913
114843,8819.0,535.0,41.095178,41.143817,3.428651,0.008252,-1.52769
114950,8886.0,535.0,222.096376,222.096376,3.314871,-0.001698,-0.18969
115026,8922.0,535.0,119.161594,119.161594,3.310044,-0.000134,-0.19155
115029,8925.0,535.0,11.766408,11.766408,3.922136,0.204031,-1.82538
115039,8935.0,535.0,33.32704,33.32704,3.332704,-0.058943,-0.12969
115052,8948.0,534.0,41.71272,41.724705,3.209593,-0.00947,0.04609
115138,8994.0,534.0,152.875438,152.875438,3.323379,0.002474,-0.19353
115146,9002.0,534.0,28.755387,28.755387,3.594423,0.033881,-0.21432
115203,9019.0,534.0,53.528705,53.528705,3.148747,-0.026216,-0.17453
115227,9043.0,534.0,80.049771,80.049771,3.335407,0.007778,-0.19839
115258,9074.0,532.0,103.315966,103.335322,3.333397,-6.5e-05,0.00554
115348,9124.0,532.0,167.103603,167.103603,3.342072,0.000174,-0.19018
115420,9156.0,532.0,107.278396,107.278396,3.35245,0.000324,-0.1898
115423,9159.0,532.0,11.196034,11.196034,3.732011,0.12652,-0.31537
115448,9184.0,532.0,82.903472,82.903472,3.316139,-0.016635,-0.17429
115459,9195.0,533.0,35.949572,35.963477,3.269407,-0.004248,-0.73856
115518,9214.0,533.0,62.802137,62.802137,3.305376,0.001893,-0.19387
115531,9227.0,533.0,44.036301,44.036301,3.387408,0.00631,-0.19424
115532,9228.0,533.0,4.104203,4.104203,4.104203,0.716795,-4.08798
115643,9299.0,533.0,235.658718,235.658718,3.319137,-0.011057,-0.17985
115716,9332.0,529.0,109.378188,109.451304,3.316706,-7.4e-05,0.17686
115726,9342.0,529.0,34.14297,34.14297,3.414297,0.009759,-0.19651
115806,9382.0,529.0,133.691095,133.691095,3.342277,-0.001801,-0.18813
115841,9417.0,529.0,115.334955,115.334955,3.295284,-0.001343,-0.19108
115940,9476.0,529.0,194.792613,194.792613,3.30157,0.000107,-0.19223
115956,9492.0,529.0,54.054032,54.054032,3.378377,0.0048,-0.19311
115958,9494.0,529.0,8.57418,8.57418,4.28709,0.454357,-3.0884
120007,9503.0,529.0,29.681011,29.681011,3.29789,-0.109911,-0.0801
120014,9510.0,529.0,21.594184,21.594184,3.084883,-0.03043,-0.17431
120033,9529.0,529.0,64.56126,64.56126,3.397961,0.016478,-0.20439
120047,9543.0,530.0,47.584716,47.595222,3.399659,0.000121,-0.53159
120055,9551.0,530.0,24.31607,24.31607,3.039509,-0.045019,-0.16335
120105,9561.0,530.0,35.621455,35.621455,3.562145,0.052264,-0.23598
120118,9574.0,530.0,41.870959,41.870959,3.220843,-0.026254,-0.17016
120137,9593.0,530.0,62.246762,62.246762,3.276145,0.002911,-0.19641
120152,9608.0,527.0,49.455676,49.546583,3.303106,0.001797,0.41351
120217,9633.0,527.0,83.321716,83.321716,3.332869,0.001191,-0.19171
120255,9671.0,527.0,126.647572,126.647572,3.332831,-1.0e-06,-0.19048
120309,9685.0,527.0,47.653583,47.653583,3.403827,0.005071,-0.19209
120311,9687.0,527.0,6.30094,6.30094,3.15047,-0.126678,-0.07644
120327,9703.0,526.0,54.016847,54.026102,3.376631,0.014135,-0.01315
120352,9728.0,526.0,82.858251,82.858251,3.31433,-0.002492,-0.1889
120414,9750.0,526.0,73.018567,73.018567,3.319026,0.000213,-0.19143
120439,9775.0,526.0,85.051265,85.051265,3.402051,0.003321,-0.19034
120512,9808.0,526.0,107.047931,107.047931,3.243877,-0.004793,-0.19032
120528,9824.0,527.0,55.88647,55.895416,3.493463,0.015599,-0.48002
120535,9831.0,527.0,23.457375,23.457375,3.351054,-0.020344,-0.16842
120541,9837.0,527.0,18.130533,18.130533,3.021756,-0.054883,-0.15527
120544,9840.0,527.0,11.780682,11.780682,3.926894,0.301713,-2.22647
120546,9842.0,527.0,6.24796,6.24796,3.12398,-0.401457,0.1869
120549,9845.0,527.0,7.714122,7.714122,2.571374,-0.184202,-0.0827
120555,9851.0,527.0,22.096581,22.096581,3.682764,0.185232,-1.65865
120603,9859.0,527.0,27.319625,27.319625,3.414953,-0.033476,-0.15077
120621,9877.0,527.0,56.867137,56.867137,3.159285,-0.014204,-0.18564
120656,9912.0,527.0,119.806255,119.806255,3.423036,0.007536,-0.19372
120700,9916.0,528.0,12.019178,12.060707,3.015177,-0.101965,-2.1013
120704,9920.0,528.0,11.798108,11.798108,2.949527,-0.016413,-0.19532
120709,9925.0,528.0,17.314467,17.314467,3.462893,0.102673,-0.29369
120711,9927.0,528.0,5.841939,5.841939,2.92097,-0.270961,0.03326
120732,9948.0,528.0,71.153605,71.153605,3.388267,0.022252,-0.21091
120739,9955.0,531.0,23.457677,23.648734,3.378391,-0.001411,-4.17577
120801,9977.0,531.0,71.631343,71.631343,3.25597,-0.005565,-0.1889
120809,9985.0,531.0,28.23522,28.23522,3.529402,0.034179,-0.21744
120815,9991.0,531.0,20.030077,20.030077,3.338346,-0.031843,-0.15729
120831,10007.0,531.0,53.475176,53.475176,3.342198,0.000241,-0.19025
120841,10017.0,528.0,34.130612,34.262205,3.42622,0.008402,0.71661
120851,10027.0,528.0,33.335299,33.335299,3.33353,-0.009269,-0.18088
120902,10038.0,528.0,34.520522,34.520522,3.138229,-0.017755,-0.18337
120910,10046.0,528.0,28.445319,28.445319,3.555665,0.052179,-0.23612
120923,10059.0,528.0,42.921819,42.921819,3.301678,-0.019537,-0.17215
120934,10070.0,528.0,36.301145,36.301145,3.300104,-0.000143,-0.19206
121010,10106.0,528.0,119.093543,119.093543,3.308154,0.000224,-0.19201
121012,10108.0,528.0,6.791857,6.791857,3.395928,0.043887,-0.23331
121048,10144.0,528.0,120.272279,120.272279,3.340897,-0.001529,-0.18848
121050,10146.0,528.0,6.158128,6.158128,3.079064,-0.130917,-0.07888
121118,10174.0,527.0,92.584527,92.589927,3.306783,0.008133,-0.09171
121123,10179.0,527.0,17.601283,17.601283,3.520257,0.042695,-0.2271
121149,10205.0,527.0,87.162912,87.162912,3.35242,-0.006455,-0.18276
121216,10232.0,527.0,89.644278,89.644278,3.320158,-0.001195,-0.18992
121227,10243.0,527.0,37.703467,37.703467,3.427588,0.009766,-0.19586
121247,10263.0,528.0,65.093866,65.101547,3.255077,-0.008626,-0.33771
121303,10279.0,528.0,53.412898,53.412898,3.338306,0.005202,-0.19557
121314,10290.0,528.0,35.476304,35.476304,3.225119,-0.01029,-0.18584
121318,10294.0,528.0,16.032984,16.032984,4.008246,0.195782,-1.82532
121324,10300.0,528.0,17.213143,17.213143,2.868857,-0.189898,-0.04575
121330,10306.0,527.0,23.01616,23.037874,3.839646,0.161798,0.15051
121351,10327.0,527.0,68.607826,68.607826,3.267039,-0.027267,-0.16635
121415,10351.0,527.0,80.630612,80.630612,3.359609,0.003857,-0.19309
121444,10380.0,527.0,94.148763,94.148763,3.246509,-0.0039,-0.19108
121459,10395.0,527.0,49.793815,49.793815,3.319588,0.004872,-0.19619
121515,10411.0,531.0,54.404003,54.550853,3.409428,0.005615,-2.37225
121536,10432.0,531.0,70.553331,70.553331,3.359682,-0.002369,-0.18661
121631,10487.0,531.0,182.582538,182.582538,3.319683,-0.000727,-0.19043
121640,10496.0,531.0,30.656829,30.656829,3.406314,0.009626,-0.19677
121758,10574.0,531.0,260.697865,260.697865,3.34228,-0.000821,-0.18914
121842,10618.0,527.0,143.998618,144.054164,3.273958,-0.001553,0.08409
121903,10639.0,527.0,70.990522,70.990522,3.380501,0.005073,-0.19329
121923,10659.0,527.0,67.660159,67.660159,3.383008,0.000125,-0.18798
121944,10680.0,527.0,69.131571,69.131571,3.29198,-0.004335,-0.18821
122000,10696.0,527.0,51.837349,51.837349,3.239834,-0.003259,-0.19208
122053,10749.0,525.0,178.359977,178.37119,3.365494,0.002371,-0.07664
122059,10755.0,525.0,18.123354,18.123354,3.020559,-0.057489,-0.15292
122219,10835.0,525.0,268.69262,268.69262,3.358658,0.004226,-0.19352
122336,10912.0,525.0,254.276546,254.276546,3.302293,-0.000732,-0.19134
122434,10970.0,525.0,193.620421,193.620421,3.338283,0.000621,-0.19084
122437,10973.0,525.0,10.913322,10.913322,3.637774,0.09983,-0.28671
122448,10984.0,525.0,35.91731,35.91731,3.26521,-0.033869,-0.15979
122517,11013.0,525.0,97.384115,97.384115,3.358073,0.003202,-0.19249
122533,11029.0,525.0,51.334595,51.334595,3.208412,-0.009354,-0.18769
122545,11041.0,525.0,40.002083,40.002083,3.333507,0.010425,-0.20121
122552,11048.0,527.0,25.036655,25.11641,3.588059,0.036365,-2.82074
122604,11060.0,527.0,37.973481,37.973481,3.164457,-0.0353,-0.16468
122632,11088.0,527.0,94.597072,94.597072,3.378467,0.007643,-0.19608
122719,11135.0,527.0,157.005611,157.005611,3.340545,-0.000807,-0.18925
122740,11156.0,527.0,68.26796,68.26796,3.250855,-0.004271,-0.19047
122926,11262.0,524.0,353.104923,353.117667,3.331299,0.000759,-0.10539
123028,11324.0,524.0,205.753093,205.753093,3.318598,-0.000205,-0.19102
123120,11376.0,524.0,175.20118,175.20118,3.369253,0.000974,-0.18958
123127,11383.0,524.0,23.787583,23.787583,3.398226,0.004139,-0.1914
123133,11389.0,524.0,18.071377,18.071377,3.011896,-0.064388,-0.14708
123139,11395.0,523.0,21.104531,21.12821,3.521368,0.084912,0.23308
123149,11405.0,523.0,34.142405,34.142405,3.414241,-0.010713,-0.17487
123155,11411.0,523.0,20.201544,20.201544,3.366924,-0.007886,-0.18047
123317,11493.0,523.0,272.089583,272.089583,3.318166,-0.000595,-0.19064
123337,11513.0,523.0,66.562499,66.562499,3.328125,0.000498,-0.19124
123340,11516.0,520.0,10.332721,10.759421,3.586474,0.086116,2.76431
123348,11524.0,520.0,25.101683,25.101683,3.13771,-0.056096,-0.14615
123401,11537.0,520.0,45.285272,45.285272,3.483482,0.026598,-0.21121
123419,11555.0,520.0,58.80361,58.80361,3.266867,-0.012034,-0.18176
123451,11587.0,520.0,106.14465,106.14465,3.31702,0.001567,-0.19292
123502,11598.0,526.0,35.990314,36.487021,3.317002,-2.0e-06,-5.38472
123652,11708.0,526.0,366.925819,366.925819,3.335689,0.00017,-0.19051
123712,11728.0,526.0,66.818174,66.818174,3.340909,0.000261,-0.19033
123715,11731.0,526.0,10.52628,10.52628,3.50876,0.05595,-0.24196
