031836.888,0,2.14984925818958,0.0,0.0,0,0,-0.35
031841.838,4.94999999999891,2.25000023841858,64.559338,64.559416,13.042306,2.634809,-69.99358
031844.666,7.77799999999843,2.33257223957511,29.020373,29.020491,10.261843,-0.983191,7.10717
031846.796,9.90799999999945,2.35000014305115,19.130594,19.130601,8.981503,-0.601099,4.04379
031848.966,12.0779999999995,2.35498849770126,17.942894,17.942895,8.268615,-0.32852,2.26346
031851.200,14.3119999999999,2.41754231915453,17.857937,17.858047,7.993754,-0.123035,0.95421
031853.415,16.527,2.45000004768372,26.799639,26.799658,12.099168,1.85346,-44.02981
031855.625,18.7369999999992,2.45000004768372,34.255114,34.255114,15.500051,1.538861,-61.93607
031857.845,20.9569999999985,2.45164606723943,42.812935,42.812935,19.285106,1.70498,-68.35818
031900.009,23.1209999999992,2.51349491446309,45.827855,45.827896,21.177401,0.874443,-38.92831
031902.172,25.2839999999997,2.55000019073486,45.744387,45.744401,21.148591,-0.013319,-7.18349
031904.339,27.4509999999991,2.55018503360214,46.399103,46.399103,21.411676,0.121405,-9.28249
031906.527,29.6389999999992,2.57965377964635,46.457909,46.457919,21.233052,-0.081638,-6.34479
031908.638,31.75,2.65000009536743,45.570099,45.570153,21.586998,0.167667,-10.38693
031910.815,33.9269999999997,2.65000009536743,45.341939,45.341939,20.827717,-0.348774,-2.17208
031912.998,36.1099999999988,2.65535803492341,45.647276,45.647276,20.910342,0.037849,-7.46326
031915.212,38.3239999999987,2.74006123447144,45.280919,45.280998,20.452122,-0.206965,-3.86903
031917.414,40.5259999999998,2.73912831364603,44.707441,44.707441,20.303107,-0.067673,-5.26916
031919.650,42.7619999999988,2.75000023841858,44.820495,44.820496,20.044945,-0.115457,-4.3746
031921.845,44.9569999999985,2.75000023841858,43.851537,43.851537,19.977921,-0.030535,-5.3538
031924.067,47.1789999999983,2.75000023841858,43.280546,43.280546,19.478194,-0.2249,-2.32688
031926.282,49.3939999999984,2.75000023841858,44.184814,44.184814,19.947997,0.212101,-8.42165
031928.459,51.5709999999999,2.75000023841858,43.051856,43.051856,19.775772,-0.079111,-4.49277
031930.602,53.7139999999999,2.75000023841858,42.268233,42.268233,19.72386,-0.024224,-5.12643
031932.785,55.896999999999,2.85000133514404,41.926268,41.926387,19.205858,-0.237289,-2.17965
031934.919,58.030999999999,2.85000133514404,42.391526,42.391526,19.86482,0.308792,-33.37391
031937.077,60.1889999999985,2.84982746147083,42.595089,42.595089,19.738225,-0.058663,-4.70723
031939.230,62.3419999999987,2.84979752439725,43.490978,43.490978,20.200176,0.214562,-8.80269
031941.366,64.4779999999992,2.95000028610229,43.039791,43.039908,20.14977,-0.023598,-5.94972
031943.489,66.6009999999987,2.95000254891106,43.277231,43.277231,20.384941,0.110773,-7.70558
031945.707,68.8189999999995,3.04494810752489,44.262732,44.262834,19.956192,-0.193304,-3.51332
031947.911,71.0229999999992,3.0500009059906,45.48264,45.48264,20.636406,0.308627,-11.89651
031950.100,73.2119999999995,3.0500009059906,43.811253,43.811253,20.014277,-0.284207,-2.14196
031952.298,75.4099999999999,3.12578845361332,44.144834,44.144899,20.084121,0.031776,-6.5036
031954.510,77.6219999999994,3.15000057220459,43.923009,43.923016,19.856698,-0.102813,-4.35492
031956.765,79.8769999999986,3.15000057220459,44.709321,44.709321,19.82675,-0.013281,-5.38979
031959.001,82.1129999999994,3.20621531955932,45.049756,45.049791,20.147491,0.143444,-7.96851
032001.211,84.3229999999985,3.29528149075672,44.274462,44.274551,20.033734,-0.051474,-5.40668
032003.475,86.5869999999995,3.37545750665975,44.225978,44.22605,19.534475,-0.220521,-2.66396
032006.192,89.3039999999983,3.4626545151585,53.410614,53.410685,19.657963,0.04545,-6.12795
032008.766,91.8779999999988,3.53999539400005,49.612478,49.612538,19.27449,-0.148979,-3.24241
032012.004,95.116,3.55196094953163,63.426034,63.426035,19.588028,0.096831,-6.50826
032014.542,97.6539999999986,3.66261627183982,51.098992,51.099112,20.133614,0.214967,-8.98964
032017.099,100.210999999999,3.68022736496861,51.717212,51.717215,20.225739,0.036029,-6.56602
032019.691,102.803,3.71564445163959,52.039321,52.039333,20.076903,-0.057421,-5.21498
032022.236,105.348,3.80614208741715,51.594542,51.594621,20.272936,0.077027,-7.3403
032024.799,107.911,3.93228449130587,51.484788,51.484942,20.087765,-0.072248,-5.26086
032027.360,110.472,3.99883784133971,51.736618,51.736661,20.201742,0.044505,-6.76526
032029.916,113.027999999998,4.06122246287888,52.596705,52.596742,20.577755,0.14711,-8.60043
032031.959,115.071,4.15000152587891,43.71092,43.71101,21.395502,0.400268,-17.90007
032034.108,117.219999999999,4.25,46.383638,46.383746,21.583874,0.087656,-9.35811
032036.300,119.411999999998,4.25,45.701223,45.701223,20.849098,-0.335208,-2.37718
032038.512,121.624,4.25,44.700471,44.700471,20.20817,-0.28975,-2.27776
032040.691,123.803,4.25,42.814205,42.814205,19.648557,-0.256821,-2.10521
032042.873,125.984999999999,4.25,41.387936,41.387936,18.96789,-0.311946,-0.74361
032045.082,128.194,4.25,40.872586,40.872586,18.502755,-0.210564,-1.51519
032047.289,130.401,4.25,39.762427,39.762427,18.016505,-0.220322,-0.94079
032049.465,132.576999999999,4.25,40.030668,40.030668,18.396447,0.174606,-5.95707
032051.704,134.815999999999,4.25,40.479351,40.479351,18.07921,-0.141687,-1.91054
032053.900,137.011999999999,4.25,40.256985,40.256985,18.331961,0.115096,-5.1796
032056.131,139.242999999999,4.25,40.586636,40.586636,18.192127,-0.062678,-2.94333
032058.347,141.458999999999,4.25,40.72467,40.72467,18.377559,0.083679,-4.8625
032100.550,143.661999999998,4.25,38.720871,38.720871,17.576428,-0.363655,1.07135
032102.764,145.875999999998,4.25,38.473573,38.473573,17.377404,-0.089893,-1.8248
032104.969,148.080999999998,4.25,37.473878,37.473878,16.994956,-0.173446,-0.55921
032107.133,150.244999999999,4.25,37.590331,37.590331,17.370763,0.173663,-4.75487
032109.363,152.474999999999,4.25,38.029185,38.029185,17.053446,-0.142295,-0.95019
032111.596,154.707999999999,4.25,37.363613,37.363613,16.732473,-0.143741,-0.6564
032113.743,156.855,4.25,35.84948,35.84948,16.697475,-0.016301,-1.99149
032115.885,158.996999999999,4.25,29.920947,29.920947,13.968696,-1.27394,11.46117
032118.025,161.136999999999,4.25,23.820842,23.820842,11.131235,-1.325916,10.42356
032120.295,163.406999999999,4.25,8.230828,8.230828,3.625915,-3.306308,7.6902
032122.518,165.629999999999,4.25,5.012657,5.012657,2.254906,-0.616738,0.75691
032124.757,167.868999999999,4.25,3.516623,3.516623,1.570622,-0.30562,0.10683
032233.218,236.33,4.25,28.640942,28.640942,0.418354,-0.016831,-0.30599
032240.252,243.364,4.25,108.205095,108.205095,15.383153,2.127495,-80.8574
032242.388,245.5,4.25,28.027473,28.027473,13.121476,-1.058838,9.501
032244.549,247.661,4.25,26.413916,26.413916,12.223006,-0.415766,4.34822
032246.733,249.844999999999,4.25,23.281402,23.281402,10.659983,-0.71567,5.77475
032248.898,252.009999999998,4.25,18.570618,18.570618,8.577653,-0.961815,5.86853
032251.082,254.194,4.25,15.23403,15.23403,6.975288,-0.733684,3.65388
032253.220,256.331999999999,4.25,14.740196,14.740196,6.894385,-0.037841,0.52904
