204331,0,169.076995849609,0.0,0.0,0,0,-0.35
204443,72.0,173.832701941068,2265.642234,2265.647225,31.467323,0.437046,-35.71634
204457,86.0,174.202499391579,441.143489,441.143644,31.51026,0.003067,-27.27811
204509,98.0,173.65877154605,402.976218,402.976585,33.581382,0.172593,-34.92546
204519,108.0,174.972038557978,314.468279,314.471021,31.447102,-0.213428,-24.00024
204539,128.0,176.567890728322,632.311344,632.313358,31.615668,0.008428,-27.89841
204609,158.0,174.559762036378,942.552182,942.554321,31.418477,-0.006573,-26.40668
204618,167.0,174.257037082147,241.229073,241.229263,26.803251,-0.512803,-9.55407
204622,171.0,174.199016287009,94.169108,94.169126,23.542281,-0.815243,-0.96343
204627,176.0,173.98806974433,93.027629,93.027868,18.605574,-0.987341,5.59869
204633,182.0,173.921502093351,33.600793,33.600859,5.600143,-2.167572,6.76451
204638,187.0,173.618456244486,32.460161,32.461576,6.492315,0.178434,-0.09467
204648,197.0,173.313918292401,123.831107,123.831481,12.383148,0.589083,-17.59165
204650,199.0,173.320690494772,25.605204,25.605205,12.802603,0.209727,-1.23281
204655,204.0,173.498052397448,49.149927,49.150247,9.830049,-0.594511,3.56354
204702,211.0,173.947595263828,146.260016,146.260707,20.894387,1.58062,-61.49293
204706,215.0,174.258119807473,111.562131,111.562564,27.890641,1.749064,-96.27216
204715,224.0,174.868194580078,295.957272,295.957901,32.884211,0.554841,-45.37035
204729,238.0,175.782194555368,441.403118,441.404064,31.528862,-0.096811,-25.82134
204756,265.0,175.172988891602,863.822926,863.823141,31.99345,0.017207,-28.38538
204810,279.0,173.765066924238,452.420578,452.422769,32.315912,0.023033,-28.83354
204821,290.0,173.09780244849,356.4005,356.401124,32.400102,0.007654,-28.97576
204831,300.0,174.257662650351,324.381222,324.383296,32.43833,0.003823,-29.93957
204842,311.0,169.104106801296,356.303407,356.340676,32.394607,-0.003975,-26.58678
204910,339.0,166.381306957269,907.045242,907.049329,32.394619,0.0,-62.04617
204932,361.0,168.467290729458,710.726769,710.729831,32.305901,-0.004033,-29.37148
204951,380.0,169.076995849609,614.40077,614.401073,32.336899,0.001631,-29.21083
205025,414.0,172.257842878856,1098.726807,1098.731411,32.31563,-0.000626,-29.44984
205051,440.0,174.026583867885,841.126412,841.128272,32.351087,0.001364,-29.43404
205059,448.0,173.648986816406,258.782166,258.782442,32.347805,-0.00041,-28.78207
205108,457.0,173.648986816406,289.481902,289.481902,32.164656,-0.02035,-28.25293
205117,466.0,175.105227210275,292.262787,292.266415,32.474046,0.034377,-30.80673
205126,475.0,175.072620703135,289.821063,289.821064,32.20234,-0.03019,-28.15111
205135,484.0,176.431670040675,280.330013,280.333308,31.148145,-0.117133,-25.08398
205140,489.0,181.127837768958,153.466008,153.537844,30.707569,-0.088115,-28.79747
205144,493.0,180.54335716168,123.805901,123.807281,30.95182,0.061063,-26.06452
205148,497.0,183.059634662565,122.72444,122.750233,30.687558,-0.066065,-27.47201
205152,501.0,179.541142373837,123.522052,123.572153,30.893038,0.05137,-21.86611
205209,518.0,176.215385779855,545.192981,545.203125,32.070772,0.069278,-28.55283
205217,526.0,176.701576024058,259.634512,259.634968,32.454371,0.04795,-30.46207
205226,535.0,178.221761312899,317.264204,317.267846,35.251983,0.310846,-43.10252
205246,555.0,178.128149950597,676.316225,676.316232,33.815812,-0.071809,-31.26691
205308,577.0,173.772838230108,756.51875,756.531287,34.387786,0.025999,-33.47277
205331,600.0,179.123456240926,747.41143,747.430582,32.496982,-0.082209,-29.18698
205359,628.0,184.929079083487,909.672753,909.691279,32.488974,-0.000286,-30.48048
205419,648.0,179.826935531806,667.207388,667.226896,33.361345,0.043619,-30.91933
205447,676.0,182.810335990498,929.788325,929.793111,33.206897,-0.005516,-31.57898
205458,687.0,181.611061643343,362.921274,362.923255,32.993023,-0.019443,-29.66335
205520,709.0,181.33464095021,732.513541,732.513593,33.296072,0.013775,-31.51024
205541,730.0,184.670524307411,694.333516,694.341529,33.063882,-0.011057,-31.41151
205553,742.0,182.793610351099,399.457645,399.462055,33.288505,0.018719,-30.81686
205609,758.0,185.215289736019,529.82082,529.826354,33.114147,-0.010897,-31.49671
205616,765.0,182.274449358288,231.985117,232.003757,33.143394,0.004178,-28.79715
205623,772.0,182.865504238019,231.831269,231.832022,33.11886,-0.003505,-31.28337
205630,779.0,182.994170687293,230.917995,230.918031,32.98829,-0.018653,-30.34461
205637,786.0,184.18310843944,233.278087,233.281117,33.325874,0.048226,-33.178
205659,808.0,185.878090573766,735.317909,735.319862,33.42363,0.004443,-32.13453
205710,819.0,185.230355557007,364.452882,364.453457,33.132132,-0.0265,-30.14192
205722,831.0,184.483452364827,399.126654,399.127352,33.260613,0.010707,-31.10592
205744,853.0,184.631914267201,732.829104,732.82912,33.310415,0.002264,-31.44255
205812,881.0,184.760155644278,925.114673,925.114681,33.03981,-0.009664,-30.55776
205822,891.0,183.237624276578,332.519952,332.523438,33.252344,0.021253,-30.7962
205846,915.0,180.158740420923,784.870136,784.876175,32.703174,-0.022882,-28.80351
205915,944.0,180.486440568412,960.375612,960.375668,33.116402,0.014249,-31.20556
205941,970.0,188.454695668015,858.502816,858.539794,33.020761,-0.003679,-32.22692
210012,1001.0,205.221286561154,1023.798397,1023.93568,33.030183,0.000304,-33.57895
210044,1033.0,213.39746911939,1055.641284,1055.672946,32.98978,-0.001263,-31.94077
210052,1041.0,213.195349191082,264.943121,264.943198,33.1179,0.016015,-31.06863
210100,1049.0,212.942821376555,264.936861,264.936981,33.117123,-9.7e-05,-30.74376
210114,1063.0,210.527197892858,468.987252,468.993473,33.499534,0.027315,-31.42666
210132,1081.0,216.5068035014,600.878957,600.908709,33.383817,-0.006429,-33.21824
210140,1089.0,213.231420088915,267.113409,267.13349,33.391686,0.000984,-29.4251
210148,1097.0,216.34001159668,263.350931,263.369278,32.92116,-0.058816,-31.45717
210208,1117.0,219.388000488281,643.366696,643.373916,32.168696,-0.037623,-28.80012
210228,1137.0,216.34001159668,639.284137,639.291403,31.96457,-0.010206,-27.17706
210236,1145.0,213.607615829817,255.853917,255.868507,31.983563,0.002374,-26.43188
210244,1153.0,210.963742862548,254.634892,254.648617,31.831077,-0.019061,-25.76295
210256,1165.0,207.196043525496,384.241848,384.26032,32.021693,0.015885,-26.89857
210305,1174.0,207.219690854114,287.006375,287.006376,31.889597,-0.014677,-27.74397
210313,1182.0,207.314597433332,256.025719,256.025736,32.003217,0.014203,-28.55899
210321,1190.0,207.219356870943,254.485669,254.485687,31.810711,-0.024063,-27.32162
210338,1207.0,207.196014404297,542.608351,542.608352,31.918138,0.006319,-28.15241
210413,1242.0,210.244003295898,1117.49797,1117.502126,31.928632,0.0003,-28.5451
210449,1278.0,215.17820066712,1149.224975,1149.235567,31.92321,-0.000151,-28.79341
210508,1297.0,216.34001159668,605.308013,605.309128,31.858375,-0.003412,-28.18272
210521,1310.0,216.34001159668,413.808803,413.808803,31.831446,-0.002071,-27.81795
210539,1328.0,213.704775955116,575.306703,575.312739,31.961819,0.007243,-27.5033
210603,1352.0,216.33496166267,764.057852,764.062379,31.835932,-0.005245,-28.35647
210611,1360.0,216.557918605224,254.315558,254.315656,31.789457,-0.005809,-27.8042
210619,1368.0,216.040435907215,254.424612,254.425139,31.803142,0.001711,-27.47309
210630,1379.0,213.292007446289,353.519357,353.53004,32.139095,0.030541,-27.77551
210700,1409.0,213.340028624309,957.891543,957.891544,31.929718,-0.006979,-27.96885
210711,1420.0,214.122603122681,351.561822,351.562693,31.960245,0.002775,-28.57947
210722,1431.0,215.911867929766,349.897278,349.901853,31.809259,-0.013726,-28.43018
210748,1457.0,213.292007446289,835.20543,835.209539,32.123444,0.012084,-28.20993
210818,1487.0,212.513012077006,961.514111,961.514426,32.050481,-0.002432,-28.1831
210832,1501.0,213.292007446289,446.061968,446.062648,31.861618,-0.01349,-27.98507
210846,1515.0,213.292005708257,447.114307,447.114307,31.936736,0.005366,-28.19043
210910,1539.0,213.392779227461,763.888762,763.888769,31.828699,-0.004502,-27.79016
210934,1563.0,216.475258130976,764.184346,764.190562,31.841273,0.000524,-28.5688
210943,1572.0,219.030127985315,287.406869,287.418224,31.935358,0.010454,-29.78859
210952,1581.0,217.810914890572,286.263101,286.265697,31.8073,-0.014229,-26.83249
211014,1603.0,214.997729923895,706.774103,706.779702,32.12635,0.014502,-28.11578
211045,1634.0,209.214969154423,1008.005522,1008.022109,32.516842,0.012597,-28.69467
211108,1657.0,211.698634954041,734.666038,734.670236,31.942184,-0.024985,-28.25094
211122,1671.0,213.044863294122,446.389957,446.391987,31.885142,-0.004074,-28.41788
211142,1691.0,213.297531444909,638.58933,638.58938,31.929469,0.002216,-28.18609
211210,1719.0,219.395167403923,903.687595,903.708166,32.275292,0.012351,-30.2718
211225,1734.0,219.557423850316,485.807852,485.80788,32.387192,0.00746,-29.35129
211232,1741.0,219.57610983483,225.294411,225.294411,32.184916,-0.028897,-28.19406
211240,1749.0,219.612125101417,257.759661,257.759664,32.219958,0.00438,-28.86726
211251,1760.0,221.270397837133,354.870505,354.874379,32.261307,0.003759,-29.73307
211259,1768.0,221.263790368544,258.828691,258.828691,32.353586,0.011535,-29.28202
211307,1776.0,223.373623517715,257.366819,257.375467,32.171933,-0.022707,-29.66243
211315,1784.0,224.5245929125,253.828684,253.831294,31.728912,-0.055378,-27.43275
211323,1792.0,228.206465345899,254.327393,254.354043,31.794255,0.008168,-30.3628
211348,1817.0,227.970078244775,797.910635,797.91067,31.916427,0.004887,-28.09323
211419,1848.0,225.845921875893,987.661571,987.663855,31.860124,-0.001816,-27.53044
211429,1858.0,226.825288269461,319.774525,319.776025,31.977602,0.011748,-28.92592
211454,1883.0,231.6172637864,794.592494,794.606944,31.784278,-0.007733,-28.63925
211509,1898.0,234.153175084904,446.041222,446.048431,29.736562,-0.136514,-21.86301
211534,1923.0,228.830541566454,725.102951,725.122486,29.004899,-0.029267,-20.01483
211542,1931.0,231.598015940606,231.164918,231.181484,28.897685,-0.013402,-23.01454
211558,1947.0,237.725990485143,457.008645,457.049728,28.565608,-0.020755,-22.41517
211605,1954.0,244.71205624402,197.8975,198.020771,28.288682,-0.039561,-24.8374
211614,1963.0,244.291367571871,248.557345,248.557701,27.617522,-0.074573,-17.42518
211628,1977.0,238.57682685072,384.30544,384.347925,27.453423,-0.011721,-16.11967
211636,1985.0,244.018701332959,218.220994,218.288836,27.286105,-0.020915,-21.44855
211644,1993.0,247.375420737032,216.936086,216.962054,27.120257,-0.020731,-19.74633
211653,2002.0,250.148919183584,249.546685,249.562097,27.729122,0.067652,-21.66981
211702,2011.0,250.232154946481,278.369186,278.369198,30.929911,0.355643,-31.81894
211726,2035.0,240.112468045559,772.357751,772.424044,32.184335,0.052268,-27.36489
211747,2056.0,227.794379447671,674.816343,674.928761,32.139465,-0.002137,-25.4251
211756,2065.0,229.082241271517,285.684929,285.687832,31.743092,-0.044041,-27.65894
211804,2073.0,225.63101053545,255.453746,255.477058,31.934632,0.023942,-26.22017
211813,2082.0,232.183549296656,286.988646,287.06344,31.895938,-0.004299,-31.81152
211837,2106.0,242.647636740597,752.410156,752.482917,31.353455,-0.022603,-28.69956
211848,2117.0,238.540997329608,341.834931,341.859597,31.078145,-0.025028,-23.72763
211900,2129.0,233.543069805682,374.593469,374.626809,31.218901,0.01173,-24.43557
211926,2155.0,234.696737159485,825.563585,825.564391,31.752477,0.020522,-28.27023
211958,2187.0,238.454204179597,1016.462199,1016.469144,31.764661,0.000381,-28.34258
212028,2217.0,241.719767722669,956.815365,956.820937,31.894031,0.004312,-28.66843
212049,2238.0,240.915084214098,670.617849,670.618332,31.934206,0.001913,-27.93768
212123,2272.0,243.61348180322,1083.043375,1083.046736,31.854316,-0.00235,-28.3049
212145,2294.0,246.381188292246,698.296714,698.302199,31.741009,-0.00515,-28.24173
212153,2302.0,250.241570832322,253.654563,253.683937,31.710492,-0.003815,-30.09355
212200,2309.0,253.647277987741,220.924473,220.950722,31.564389,-0.020872,-29.48688
212207,2316.0,255.200147874095,217.648323,217.653863,31.093409,-0.067283,-26.22449
212214,2323.0,258.13691446613,216.868465,216.888349,30.98405,-0.015623,-27.90158
212221,2330.0,260.200247788245,211.918036,211.92808,30.27544,-0.10123,-24.25826
212227,2336.0,258.974702752967,178.478276,178.482484,29.747081,-0.08806,-20.69299
212234,2343.0,260.646215532776,185.303592,185.31113,26.473019,-0.467723,-11.14801
212241,2350.0,260.5627092286,182.327334,182.327353,26.046765,-0.060893,-14.87526
212248,2357.0,255.644711583135,184.76949,184.83493,26.40499,0.051175,-13.45771
212254,2363.0,253.70088097106,161.719457,161.731138,26.95519,0.0917,-17.12094
212256,2365.0,251.477285247188,56.808237,56.851738,28.425869,0.73534,-25.83822
212302,2371.0,257.376761542156,187.152387,187.245347,31.207558,0.463615,-53.31628
212307,2376.0,255.740860293932,157.683255,157.69174,31.538348,0.066158,-26.58863
212312,2381.0,256.584881604025,151.966731,151.969074,30.393815,-0.228907,-21.73739
212317,2386.0,258.440721665098,152.462332,152.473627,30.494725,0.020182,-27.14395
212325,2394.0,262.969348950093,254.285034,254.325357,31.79067,0.161993,-33.58938
212343,2412.0,267.386049211274,579.818044,579.834866,32.213048,0.023465,-30.49499
212403,2432.0,266.983229417012,642.567918,642.568044,32.128402,-0.004232,-28.39933
212419,2448.0,259.69809572081,515.581476,515.632943,32.227059,0.006166,-26.4946
212442,2471.0,254.731903402273,739.755243,739.771912,32.163996,-0.002742,-27.46032
212512,2501.0,242.491949782861,968.888666,968.965977,32.298866,0.004496,-26.87648
212540,2529.0,244.166683339149,899.511359,899.512918,32.125461,-0.006193,-28.76944
212616,2565.0,233.80475206199,1159.586594,1159.63289,32.212025,0.002405,-27.26806
212634,2583.0,228.720770433426,577.969864,577.992223,32.110679,-0.00563,-26.91468
212646,2595.0,234.899219998203,383.75277,383.802504,31.983542,-0.010595,-30.77484
212713,2622.0,228.385035053683,869.738985,869.76338,32.213459,0.008515,-27.62244
212721,2630.0,226.828096620753,256.74478,256.749501,32.093688,-0.014971,-27.17818
212728,2637.0,223.620894285817,225.449387,225.472199,32.210314,0.016661,-26.60067
212741,2650.0,230.284958906578,416.466459,416.519772,32.039982,-0.013102,-30.84852
212801,2670.0,231.910936283076,642.546384,642.548442,32.127422,0.004372,-29.0648
212810,2679.0,225.715418313197,289.069562,289.135947,32.126216,-0.000134,-24.88601
212843,2712.0,231.411144614626,1059.679607,1059.694914,32.111967,-0.000432,-29.43002
212913,2742.0,231.600997924805,964.225151,964.225169,32.140839,0.000962,-28.63808
212926,2755.0,230.559666306988,418.81761,418.818904,32.216839,0.005846,-28.44233
212944,2773.0,228.723626612265,579.863256,579.866162,32.214787,-0.000114,-28.21577
213008,2797.0,222.57385721967,770.882407,770.906937,32.121122,-0.003903,-27.10487
213029,2818.0,212.487841376014,676.016583,676.091819,32.194849,0.003511,-26.20997
213038,2827.0,217.290356136411,289.55217,289.591994,32.176888,-0.001996,-31.46697
213046,2835.0,219.130389461067,254.627035,254.633683,31.82921,-0.04346,-28.32348
213054,2843.0,219.237930045687,256.904602,256.904624,32.113078,0.035484,-29.20396
213106,2855.0,222.402602842329,386.864633,386.877577,32.239798,0.01056,-30.40261
213133,2882.0,226.000509042448,865.15308,865.160562,32.042984,-0.007289,-28.93624
213147,2896.0,228.321078203148,448.531696,448.537699,32.038407,-0.000327,-29.22071
213154,2903.0,227.94343316872,219.423702,219.424027,31.34629,-0.098874,-24.77278
213201,2910.0,228.720638110842,232.535754,232.537052,33.219579,0.267613,-36.58421
213208,2917.0,228.823847261832,239.419448,239.41947,34.202781,0.140457,-36.29774
213221,2930.0,228.546688183187,429.540357,429.540447,33.041573,-0.089324,-29.02672
213244,2953.0,225.320347400994,737.346691,737.35375,32.058859,-0.042727,-26.90229
213314,2983.0,225.261629172964,956.926345,956.926346,31.897545,-0.005377,-27.90981
213340,3009.0,221.548726143819,828.269138,828.27746,31.856825,-0.001566,-27.1294
213347,3016.0,220.932998657227,223.194222,223.195071,31.88501,0.004026,-27.5831
213354,3023.0,221.849188780421,222.148812,222.150701,31.735814,-0.021314,-27.96399
213402,3031.0,222.745448614189,254.308053,254.309633,31.788704,0.006611,-28.46783
213409,3038.0,222.762491965637,224.240669,224.24067,32.034381,0.035097,-28.95447
213417,3046.0,222.00715412215,253.074479,253.075606,31.634451,-0.049991,-26.04025
213447,3076.0,224.040081665646,956.871587,956.873746,31.895792,0.008711,-28.51942
213513,3102.0,229.672820384105,828.061581,828.080739,31.849259,-0.00179,-29.02453
213542,3131.0,228.357798694149,928.286625,928.287557,32.009916,0.00554,-28.13298
213608,3157.0,221.625795319222,827.966734,827.994102,31.845927,-0.006307,-26.40461
213629,3178.0,220.968619101104,668.377043,668.377366,31.827494,-0.000878,-27.66567
213655,3204.0,209.245632764816,830.440533,830.523273,31.943203,0.00445,-25.7892
213715,3224.0,215.395319911715,644.310238,644.339585,32.216979,0.013689,-30.63161
213742,3251.0,218.936032974407,887.740192,887.747253,32.879528,0.024539,-31.4763
213815,3284.0,219.922581188314,1088.224986,1088.225433,32.976528,0.002939,-30.78823
213841,3310.0,217.288534915608,842.340882,842.345,32.397885,-0.022256,-28.25699
213905,3334.0,214.264559775302,766.03589,766.041859,31.918411,-0.019978,-27.03944
213943,3372.0,216.947006225586,1214.697815,1214.700777,31.96581,0.001247,-28.5648
214016,3405.0,219.218730553068,1054.661738,1054.664185,31.959521,-0.000191,-28.51723
214043,3432.0,217.292953775563,861.368394,861.370547,31.902613,-0.002108,-27.60442
214115,3464.0,219.839068668314,1023.684579,1023.687745,31.990242,0.002738,-28.69737
214146,3495.0,221.991437276457,987.841289,987.843634,31.865924,-0.00401,-28.23744
214216,3525.0,221.813232272387,959.194647,959.194663,31.973155,0.003574,-28.21826
214246,3555.0,226.58858776467,956.819296,956.831213,31.894374,-0.002626,-28.8078
214314,3583.0,226.613232838468,894.797619,894.79762,31.957058,0.002239,-28.19662
214345,3614.0,225.806200948378,990.220796,990.221125,31.942617,-0.000466,-27.97234
214359,3628.0,230.546427508853,445.11159,445.13683,31.795488,-0.010509,-29.39813
214406,3635.0,229.951995849609,222.718604,222.719397,31.817057,0.003081,-27.42985
214413,3642.0,229.951995849609,223.527047,223.527047,31.932435,0.016483,-28.38293
214420,3649.0,228.940055940752,223.077688,223.079984,31.868569,-0.009124,-27.02129
214427,3656.0,227.951995849609,222.110686,222.112883,31.730412,-0.019737,-26.53544
214440,3669.0,224.951995849609,414.5134,414.524256,31.886481,0.012005,-26.96737
214447,3676.0,224.951995849609,222.829599,222.829599,31.8328,-0.007669,-27.72966
214454,3683.0,225.698244081002,221.581236,221.582493,31.654642,-0.025451,-27.57891
214501,3690.0,226.140994637486,222.76088,222.76132,31.823046,0.024058,-28.59148
214507,3696.0,225.232549029482,191.403362,191.405518,31.90092,0.012979,-27.44028
214514,3703.0,226.969683639047,223.065825,223.072589,31.867513,-0.004772,-29.18157
214526,3715.0,228.236850586112,384.145113,384.147203,32.012267,0.012063,-29.05443
214601,3750.0,228.35398608717,1119.027071,1119.027077,31.972202,-0.001145,-28.1876
214631,3780.0,229.286107278707,959.167437,959.16789,31.972263,2.0e-06,-28.35564
214702,3811.0,227.951995849609,992.572021,992.572918,32.018481,0.001491,-28.09484
214732,3841.0,226.794404349373,961.548705,961.549402,32.051647,0.001106,-28.18895
214806,3875.0,225.951995849609,1088.010497,1088.010823,32.000318,-0.00151,-28.09607
214840,3909.0,222.951995849609,1090.423495,1090.427622,32.071401,0.002091,-27.98607
214901,3930.0,221.951995849609,672.879071,672.879814,32.041896,-0.001405,-28.07143
214933,3962.0,220.951995849609,1023.595369,1023.595858,31.987371,-0.001704,-28.02491
215007,3996.0,215.460170440027,1090.38857,1090.4024,32.070659,0.00245,-27.59617
215031,4020.0,218.832387880076,768.292326,768.299727,32.012489,-0.002424,-28.98346
215105,4054.0,219.712525453046,1088.022423,1088.022779,32.00067,-0.000348,-28.3827
215144,4093.0,217.95100402832,1250.265195,1250.266435,32.058114,0.001473,-28.1701
215215,4124.0,213.941150028401,992.572017,992.580117,32.018713,-0.001271,-27.57981
215247,4156.0,216.961547603726,1023.595367,1023.599823,31.987494,-0.000976,-28.7036
215324,4193.0,213.695970126717,1185.832635,1185.837131,32.049652,0.00168,-27.92203
215332,4201.0,212.154559898661,257.53851,257.543122,32.19289,0.017905,-27.98603
215340,4209.0,210.856438659296,255.336624,255.339924,31.91749,-0.034425,-26.59236
215348,4217.0,209.875915760763,255.932337,255.934215,31.991777,0.009286,-27.73342
215402,4231.0,209.830145852098,446.697184,446.697186,31.906942,-0.00606,-27.9036
215410,4239.0,208.437272116694,256.600445,256.604225,32.075528,0.021073,-27.86021
215418,4247.0,208.779280049486,255.391328,255.391557,31.923945,-0.018948,-27.96432
215426,4255.0,207.786713161554,255.212743,255.214673,31.901834,-0.002764,-27.30497
215443,4272.0,205.973200521533,544.369801,544.372822,32.021931,0.007065,-27.84778
215511,4300.0,206.235871175249,894.959826,894.959864,31.962852,-0.00211,-28.16763
215530,4319.0,206.823030107711,610.81863,610.818912,32.148364,0.009764,-28.92459
215553,4342.0,194.540390129928,737.286602,737.388905,32.060387,-0.003825,-25.46893
215624,4373.0,195.61212615455,992.576905,992.577484,32.018629,-0.001347,-28.4389
215651,4400.0,207.854176748815,863.796267,863.883012,31.995667,-0.00085,-30.62884
215658,4407.0,205.817821783553,224.612369,224.6216,32.0888,0.013305,-27.13359
215705,4414.0,207.311879867943,222.217862,222.222884,31.746126,-0.048953,-27.94251
215712,4421.0,211.63345972616,224.631532,224.673099,32.096157,0.050004,-32.62384
215723,4432.0,211.970580374351,349.159798,349.159961,31.741815,-0.032213,-27.2513
215730,4439.0,212.710235798308,223.447156,223.44838,31.921197,0.025626,-29.06633
215737,4446.0,210.939093549528,223.756847,223.763857,31.966265,0.006438,-26.93103
215800,4469.0,213.94248248952,737.286582,737.292699,32.056204,0.00391,-29.14024
215829,4498.0,211.934891190341,930.578151,930.580316,32.088976,0.00113,-28.10498
215900,4529.0,206.992321307394,992.596407,992.608712,32.019636,-0.002237,-27.40092
215929,4558.0,205.78841935796,930.550372,930.551151,32.087971,0.002356,-28.26756
215954,4583.0,213.029628318687,808.860991,808.893403,32.355736,0.010711,-30.81239
220023,4612.0,215.926115128723,944.863477,944.867917,32.581652,0.00779,-30.29259
220052,4641.0,215.060435255303,944.860863,944.86126,32.581423,-8.0e-06,-29.46376
220108,4657.0,211.790247085483,498.688877,498.699599,31.168725,-0.088294,-23.74657
220121,4670.0,212.400093390248,417.551911,417.552356,32.119412,0.07313,-30.04833
220148,4697.0,206.950856348769,878.157199,878.174106,32.524967,0.015021,-28.67411
220213,4722.0,204.125065812476,813.784845,813.789752,32.55159,0.001065,-28.96199
220225,4734.0,205.424048347671,417.726057,417.728077,34.810673,0.188257,-39.27286
220241,4750.0,199.753192710513,569.244624,569.27287,35.579554,0.048055,-36.17975
220303,4772.0,205.434403930039,765.216579,765.237669,34.78353,-0.036183,-35.76561
220314,4783.0,203.934527278979,362.946585,362.949684,32.995426,-0.162555,-26.97869
220333,4802.0,197.453064977205,610.815971,610.850358,32.150019,-0.044495,-25.99826
220406,4835.0,205.192131406088,1088.010471,1088.037995,32.970848,0.024874,-32.24501
220435,4864.0,203.942128548147,954.398853,954.399671,32.910333,-0.002087,-30.13939
220502,4891.0,203.945999145508,880.435607,880.435607,32.608726,-0.011171,-29.48404
220529,4918.0,205.408663898529,875.667427,875.668649,32.432172,-0.006539,-29.43382
220539,4928.0,205.736701234365,322.848299,322.848466,32.284847,-0.014733,-28.82807
220549,4938.0,201.707159677824,323.224485,323.249602,32.32496,0.004011,-26.93106
220559,4948.0,201.326298985794,322.367576,322.367801,32.23678,-0.008818,-28.43843
220609,4958.0,198.78868545859,322.952631,322.962601,32.29626,0.005948,-27.68862
220641,4990.0,194.441036251306,1036.346171,1036.355291,32.386103,0.002808,-28.47098
220709,5018.0,197.714691887368,902.5454,902.551337,32.233976,-0.005433,-29.31311
220727,5036.0,197.334734796655,580.191725,580.191849,32.232881,-6.1e-05,-28.67008
220740,5049.0,195.066317692599,401.171187,401.1776,30.859815,-0.10562,-22.9227
220752,5061.0,195.049374009813,338.970427,338.970428,28.247536,-0.21769,-16.69038
220805,5074.0,195.267637941923,355.512419,355.512486,27.347114,-0.069263,-17.30287
220807,5076.0,195.289421334151,50.391595,50.3916,25.1958,-1.075657,0.39062
220815,5084.0,199.306630252615,188.369009,188.41184,23.55148,-0.20554,-11.51326
220819,5088.0,199.215962712564,57.427027,57.427099,14.356775,-2.298676,17.49253
220825,5094.0,199.181016533866,27.234548,27.23457,4.539095,-1.63628,4.0845
220828,5097.0,198.786273022068,30.57011,30.572658,10.190886,1.88393,-36.27659
220840,5109.0,193.505998103318,157.763786,157.852125,13.154344,0.246955,0.89097
220845,5114.0,193.499726902298,21.512312,21.512313,4.302463,-1.770376,4.14202
220855,5124.0,193.491841927136,10.760333,10.760336,1.076034,-0.322643,-0.07154
220901,5130.0,193.41829096148,41.760776,41.760841,6.96014,0.980684,-14.61432
220907,5136.0,193.417572219507,54.904084,54.904084,9.150681,0.36509,-9.29456
220911,5140.0,193.480779304765,26.865444,26.865519,6.71638,-0.608575,2.36539
220913,5142.0,193.539941432012,14.441995,14.442116,7.221058,0.252339,-2.06424
220918,5147.0,193.743812300586,36.17196,36.172535,7.234507,0.00269,0.05923
220924,5153.0,193.870426611787,27.730784,27.731073,4.621846,-0.435444,1.01312
220926,5155.0,193.801112082101,9.274501,9.27476,4.63738,0.007767,0.20043
220931,5160.0,193.607175377956,23.430467,23.431269,4.686254,0.009775,0.22149
220937,5166.0,193.539885186512,26.960475,26.960559,4.493426,-0.032138,0.16067
220941,5170.0,193.574440309706,11.933143,11.933193,2.983298,-0.377532,0.45685
220958,5187.0,193.574274503265,2.390691,2.390691,0.140629,-0.167216,-0.32603
222109,5858.0,193.575183187662,4.781382,4.781382,0.007126,-0.000199,-0.34943
222114,5863.0,193.567598141334,5.094271,5.094276,1.018855,0.202346,-0.97236
222120,5869.0,193.733837426112,26.988793,26.989305,4.498217,0.579894,-4.34465
222127,5876.0,193.848460703897,25.490576,25.490833,3.641548,-0.122381,0.10263
222130,5879.0,193.675225275997,19.860304,19.861059,6.620353,0.992935,-13.22573
222132,5881.0,193.595924302199,10.751844,10.752137,5.376068,-0.622142,2.12752
222137,5886.0,193.463154018733,31.070415,31.070699,6.21414,0.167614,-0.24002
222142,5891.0,193.416578100108,18.955037,18.955094,3.791019,-0.484624,1.0066
222149,5898.0,193.449694739556,62.061647,62.061656,8.865951,0.72499,-9.40278
222155,5904.0,193.500435921163,49.690878,49.690904,8.281817,-0.097356,0.7921
222203,5912.0,196.725368608284,143.438049,143.474298,17.934287,1.206559,-44.95303
222205,5914.0,198.519178239348,30.468097,30.520856,15.260428,-1.336929,5.05207
222210,5919.0,198.409027574098,61.780878,61.780976,12.356195,-0.580847,4.79257
222218,5927.0,195.091516456233,156.328529,156.363726,19.545466,0.898659,-42.23181
222224,5933.0,194.001970389832,154.574096,154.577935,25.762989,1.036254,-81.34318
222240,5949.0,192.047120690579,466.269303,466.273401,29.142088,0.211194,-24.56547
222252,5961.0,186.951748852693,318.056236,318.097048,26.508087,-0.2195,-11.21846
222305,5974.0,180.563471101038,327.056722,327.119106,25.163008,-0.103468,-10.15774
222319,5988.0,151.436800164826,339.170112,340.41846,24.315604,-0.060529,-0.85261
222333,6002.0,136.856994628906,321.886746,322.216771,23.015484,-0.092866,-3.90149
222400,6029.0,136.92707824707,619.733422,619.733426,22.95309,-0.002311,-10.48658
222421,6050.0,136.971314391335,511.640729,511.640731,24.363844,0.067179,-13.69165
222442,6071.0,138.59380726038,509.385084,509.387668,24.256556,-0.005109,-12.95672
222458,6087.0,156.972244852872,391.675309,392.106254,24.506641,0.01563,-24.17342
222510,6099.0,159.746305500318,332.93707,332.948626,27.745719,0.269923,-24.30054
222527,6116.0,165.793433103132,498.973088,499.00973,29.353514,0.094576,-25.70976
222544,6133.0,176.845294253044,512.719275,512.838375,30.166963,0.04785,-28.31133
222607,6156.0,185.990359384368,695.941795,696.001878,30.260951,0.004086,-26.46371
222635,6184.0,197.96583569286,846.589651,846.674346,30.23837,-0.000806,-26.50004
222645,6194.0,202.384775031423,301.674993,301.707356,30.170736,-0.006763,-26.33206
222657,6206.0,202.339601199275,361.885942,361.885944,30.157162,-0.001131,-24.02418
222720,6229.0,206.094362171471,706.491848,706.501826,30.717471,0.024361,-26.57867
222744,6253.0,195.688339095313,754.503485,754.575241,31.440635,0.030132,-25.14533
222807,6276.0,204.061697595537,739.092956,739.140386,32.136539,0.030257,-31.02394
222826,6295.0,202.008673626253,608.467486,608.47095,32.024787,-0.005882,-27.61994
222858,6327.0,200.994389032889,1027.110824,1027.111325,32.097229,0.002264,-28.33698
222926,6355.0,197.762191891887,900.383956,900.389757,32.156777,0.002127,-28.02737
222944,6373.0,194.813685811318,577.412981,577.420509,32.078917,-0.004326,-27.47289
223008,6397.0,194.520048328781,770.968905,770.968961,32.123707,0.001866,-28.49183
223039,6428.0,195.021467184212,995.091356,995.091482,32.099725,-0.000774,-28.5409
223113,6462.0,196.979263595427,1090.441443,1090.443201,32.071859,-0.00082,-28.69609
223143,6492.0,198.115752681023,961.564809,961.565481,32.052183,-0.000656,-28.5487
223153,6502.0,198.566887406386,317.158248,317.158568,31.715857,-0.033633,-27.23606
223204,6513.0,199.803231357113,346.234672,346.236879,31.47608,-0.021798,-27.24737
223228,6537.0,203.194246689665,771.094468,771.101924,32.129247,0.027215,-29.76834
223243,6552.0,201.320426473851,474.318286,474.321987,31.621466,-0.033852,-26.11282
223253,6562.0,201.439961724003,315.737786,315.737808,31.573781,-0.004768,-27.22949
223306,6575.0,201.194532361591,410.402146,410.402219,31.569401,-0.000337,-27.13111
223329,6598.0,204.25421789279,725.476529,725.482981,31.542738,-0.001159,-27.86531
223358,6627.0,204.451509242677,918.22686,918.226881,31.662996,0.004147,-27.56285
223432,6661.0,198.486662725097,1076.196422,1076.212952,31.653322,-0.000285,-26.4916
223447,6676.0,204.091570180182,472.422765,472.456013,31.497068,-0.010417,-28.88179
223502,6691.0,207.261906830403,470.922624,470.933295,31.395553,-0.006768,-27.84992
223538,6727.0,205.828055307321,1137.295389,1137.296293,31.591564,0.005445,-27.17258
223553,6742.0,208.647344104172,472.805899,472.814304,31.520954,-0.004707,-28.04918
223603,6752.0,210.566981174147,315.377533,315.383375,31.538338,0.001738,-28.22184
223617,6766.0,212.259018205648,441.846145,441.849385,31.56067,0.001595,-27.89373
223627,6776.0,213.305652480906,314.734607,314.736347,31.473635,-0.008704,-27.43194
223637,6786.0,215.679558176537,317.519434,317.528308,31.752831,0.02792,-29.41366
223647,6796.0,213.324109965193,315.272312,315.281111,31.528111,-0.022472,-25.51233
223720,6829.0,212.692102215261,1042.772775,1042.772967,31.599181,0.002154,-27.24783
223739,6848.0,210.20797462364,596.536809,596.541981,31.396946,-0.010644,-25.96936
223800,6869.0,215.947529385156,664.694329,664.719108,31.653291,0.012207,-29.10292
223826,6895.0,216.434727562361,823.722732,823.722876,31.681649,0.001091,-27.62417
223852,6921.0,226.642662371035,818.53149,818.595139,31.484428,-0.007585,-29.01504
223921,6950.0,222.704743649927,918.003335,918.011781,31.655579,0.005902,-26.82819
223935,6964.0,225.807282188612,440.194329,440.205262,31.443233,-0.015168,-27.88124
223955,6984.0,228.563582214268,631.565675,631.571689,31.578584,0.006768,-28.12338
224014,7003.0,231.494564203632,600.403531,600.410685,31.600562,0.001157,-28.1673
224032,7021.0,231.600791191742,570.296809,570.296819,31.683157,0.004589,-27.62846
224058,7047.0,234.788768625971,818.51906,818.525268,31.481741,-0.007747,-27.57483
224123,7072.0,247.009667387895,789.860708,789.955245,31.59821,0.004659,-30.0104
224147,7096.0,247.00411073836,758.841338,758.841338,31.618389,0.000841,-27.39053
224208,7117.0,252.966003233088,675.251729,675.278048,32.156098,0.025605,-30.59313
224242,7151.0,261.63712129097,1095.171915,1095.206242,32.211948,0.001643,-30.1591
224310,7179.0,274.631472744081,897.147704,897.241804,32.04435,-0.005986,-30.75132
224340,7209.0,281.580724846617,966.369527,966.394513,32.21315,0.005627,-30.11947
224410,7239.0,282.982481478555,964.071215,964.072234,32.135741,-0.00258,-28.81086
224431,7260.0,281.939517113982,675.993444,675.994249,32.190202,0.002593,-28.51629
224442,7271.0,278.821119238348,352.192671,352.206476,32.018771,-0.015585,-26.55122
224506,7295.0,279.248288809203,772.755159,772.755277,32.198137,0.007474,-28.9774
224541,7330.0,277.914142960853,1125.938899,1125.939689,32.169705,-0.000812,-28.4674
224600,7349.0,280.807384254247,608.091436,608.098318,32.005175,-0.008659,-28.95845
224609,7358.0,280.18628298676,288.676039,288.676707,32.07519,0.007779,-28.2312
224619,7368.0,277.76455766066,320.995294,321.004429,32.100443,0.002525,-27.27686
224636,7385.0,279.561826678544,544.831069,544.834033,32.049061,-0.003022,-28.91091
224700,7409.0,279.193233676419,758.730113,758.730202,31.613758,-0.018138,-26.99294
224720,7429.0,279.600083922086,593.641436,593.641576,29.682079,-0.096584,-21.62336
224732,7441.0,276.834880968047,316.839223,316.851289,26.404274,-0.27315,-11.33188
224750,7459.0,270.298051869256,541.85577,541.895198,30.105289,0.205612,-25.40819
224808,7477.0,272.410856697611,550.600733,550.604786,30.589155,0.026881,-26.12378
224825,7494.0,276.88499443305,549.271084,549.289306,32.311136,0.101293,-32.19249
224833,7502.0,277.236088755457,258.723921,258.72416,32.34052,0.003673,-29.38608
224841,7510.0,273.629530298868,257.534051,257.559303,32.194913,-0.018201,-26.02578
224849,7518.0,271.286882484004,248.865891,248.876916,31.109615,-0.135662,-22.37909
224900,7529.0,269.413683748335,326.884551,326.889918,29.717265,-0.126577,-20.19527
224916,7545.0,265.886402348908,441.442857,441.456949,27.591059,-0.132888,-15.5862
224933,7562.0,262.556719225529,498.693406,498.704522,29.33556,0.102618,-22.91062
224958,7587.0,270.642793970281,756.411415,756.454634,30.258185,0.036905,-26.64518
225027,7616.0,263.602918232155,863.774626,863.803314,29.786321,-0.016271,-21.73269
225040,7629.0,257.064253494116,331.693022,331.757464,25.519805,-0.328194,-7.62407
225100,7649.0,263.403783877303,498.82042,498.860703,24.943035,-0.028838,-15.11773
225120,7669.0,266.685249729486,482.135428,482.146595,24.10733,-0.041785,-12.72359
225140,7689.0,265.127533098277,479.702702,479.705231,23.985262,-0.006103,-11.70005
225204,7713.0,268.60785428491,580.013752,580.024194,24.167675,0.007601,-13.3693
225225,7734.0,256.649844634087,532.224639,532.358959,25.350427,0.056322,-12.28282
225244,7753.0,257.905900901049,465.428516,465.430211,24.496327,-0.044953,-12.80517
225306,7775.0,260.703892002995,541.622302,541.62953,24.619524,0.0056,-14.01302
225330,7799.0,259.446618898561,586.956247,586.957594,24.456566,-0.00679,-12.6147
225355,7824.0,254.331588013207,594.106048,594.128067,23.765123,-0.027658,-10.38366
225405,7834.0,252.95556176779,264.844076,264.847651,26.484765,0.271964,-19.78366
225420,7849.0,252.963954843775,460.780822,460.780822,30.718721,0.282264,-30.03669
225448,7877.0,249.88514116889,859.683599,859.689112,30.703183,-0.000555,-24.7023
225509,7898.0,253.17663074918,613.229821,613.238654,29.201841,-0.071492,-21.73447
225547,7936.0,262.014115910186,1102.436062,1102.471484,29.012407,-0.004985,-22.79669
225612,7961.0,263.908922525167,711.104812,711.107337,28.444293,-0.022725,-20.51453
225630,7979.0,264.814660348947,455.776734,455.777634,25.32098,-0.173517,-12.37298
225656,8005.0,262.610340813668,656.210362,656.214064,25.239002,-0.003153,-13.84733
225716,8025.0,253.556328257223,508.217719,508.298363,25.414918,0.008796,-12.36472
225732,8041.0,254.286353156637,353.150813,353.151567,22.071973,-0.208934,-6.92727
225747,8056.0,260.142065866476,329.278473,329.330537,21.955369,-0.007774,-10.99722
225757,8066.0,257.508710912077,164.644751,164.665809,16.466581,-0.548879,3.97339
225808,8077.0,256.274789780224,233.838592,233.841848,21.25835,0.435615,-36.80819
225822,8091.0,257.218799157985,334.034262,334.035596,23.859685,0.18581,-14.7464
225837,8106.0,262.950852060901,367.482345,367.527047,24.501803,0.042808,-15.66235
225850,8119.0,263.593911780398,298.252347,298.253041,22.942542,-0.119943,-9.2848
225905,8134.0,257.85141023039,326.899032,326.949466,21.796631,-0.076394,-5.84137
225923,8152.0,257.944603052041,415.183697,415.183707,23.065762,0.070507,-11.61495
225939,8168.0,260.292648972082,374.610312,374.617671,23.413604,0.02174,-12.31598
225959,8188.0,264.625533308425,484.383333,484.402711,24.220136,0.040327,-14.26712
230022,8211.0,261.866401303413,589.36835,589.374808,25.624992,0.061081,-15.2412
230041,8230.0,255.198248587239,505.853731,505.897679,26.626194,0.052695,-15.77182
230053,8242.0,252.955827259161,294.850387,294.858914,24.571576,-0.171218,-9.90286
230105,8254.0,250.565253404844,286.194902,286.204886,23.850407,-0.060097,-10.13062
230119,8268.0,250.230763957377,335.508996,335.509163,23.96494,0.008181,-12.1354
230127,8276.0,249.883086089582,227.977904,227.978169,28.497271,0.566541,-74.87464
230146,8295.0,252.8120379859,590.967273,590.974531,31.103923,0.137192,-29.33477
230211,8320.0,246.45466120878,800.087557,800.112814,32.004513,0.036024,-27.54896
230225,8334.0,245.397940341051,451.940301,451.941537,32.281538,0.019788,-28.87337
230238,8347.0,242.94751646537,412.740661,412.747935,31.749841,-0.0409,-25.97319
230252,8361.0,240.857551070314,449.697191,449.702047,32.121575,0.026552,-28.21643
230317,8386.0,253.796490389093,794.563941,794.669285,31.786771,-0.013392,-30.29396
230333,8402.0,248.739269126953,462.895847,462.923472,28.932717,-0.178378,-16.98633
230350,8419.0,243.185819737847,522.539307,522.568817,30.739342,0.106272,-25.40735
230420,8449.0,243.482208251953,954.411995,954.412041,31.813735,0.035813,-28.49896
230450,8479.0,244.600699345346,959.193747,959.194399,31.973147,0.005314,-28.49214
230514,8503.0,242.291411474765,775.472519,775.475958,32.311498,0.014098,-28.73273
230529,8518.0,242.263000488281,487.471888,487.471889,32.498126,0.012442,-29.65036
230544,8533.0,242.263000488281,485.894911,485.894911,32.392994,-0.007009,-29.06782
230611,8560.0,242.263000488281,877.331168,877.331168,32.493747,0.003732,-29.49652
230626,8575.0,242.263000488281,488.167885,488.167885,32.544526,0.003385,-29.6117
230648,8597.0,242.926156152795,713.406603,713.406912,32.427587,-0.005315,-29.34047
230712,8621.0,242.181509978961,773.093013,773.093372,32.212224,-0.008973,-28.44085
230732,8641.0,239.680283749688,608.435658,608.440799,30.42204,-0.089509,-22.52374
230756,8665.0,241.133300423819,727.745714,727.747165,30.322799,-0.004135,-24.70069
230817,8686.0,243.125919200099,658.539254,658.542269,31.359156,0.04935,-28.12189
230855,8724.0,238.137747218532,1219.25286,1219.263063,32.08587,0.019124,-28.09684
230927,8756.0,236.941127826576,1025.98714,1025.987838,32.06212,-0.000742,-28.19399
230958,8787.0,234.052491015136,994.964181,994.968374,32.095754,0.001085,-28.00634
231020,8809.0,232.120140724745,704.144989,704.147641,32.006711,-0.004047,-27.73542
231040,8829.0,227.959000307284,641.185861,641.199363,32.059968,0.002663,-27.33494
231100,8849.0,237.010676033392,640.069283,640.133283,32.006664,-0.002665,-30.63651
231112,8861.0,238.205137881883,384.934298,384.936151,32.078013,0.005946,-29.07671
231124,8873.0,237.70278956643,382.62676,382.62709,31.885591,-0.016035,-27.49296
231141,8890.0,238.014246424436,547.477002,547.47709,32.204535,0.018761,-29.16684
231156,8905.0,238.005868763786,486.708628,486.708628,32.447242,0.01618,-29.59891
231212,8921.0,238.680870528289,520.223018,520.223456,32.513966,0.00417,-29.7746
231237,8946.0,237.705055117657,801.724454,801.725048,32.069002,-0.017799,-27.90535
231318,8987.0,241.238599021765,1309.95711,1309.961875,31.95029,-0.002895,-28.55441
231352,9021.0,241.32259322792,1088.045013,1088.045016,32.001324,0.001501,-28.30495
231432,9061.0,246.843217329197,1278.946226,1278.958141,31.973954,-0.000684,-28.92717
231505,9094.0,250.173029731391,1052.263686,1052.268954,31.886938,-0.002637,-28.49454
231529,9118.0,241.730555130067,737.285969,737.334304,30.722263,-0.048528,-22.65547
231543,9132.0,248.060010750212,410.421472,410.470275,29.319305,-0.100211,-23.09058
231602,9151.0,256.951093212961,579.803377,579.871543,30.519555,0.063171,-28.42466
231625,9174.0,255.41926616451,713.450599,713.452243,31.019663,0.021744,-26.02322
231645,9194.0,243.149475241667,644.229683,644.346516,32.217326,0.059883,-26.55832
231718,9227.0,250.486146090208,1066.57393,1066.599163,32.321187,0.003147,-30.26321
231755,9264.0,252.220600698881,1178.742341,1178.743617,31.857936,-0.01252,-27.97006
231837,9306.0,252.57180005607,1336.208916,1336.208962,31.814499,-0.001034,-27.86256
231905,9334.0,261.496184501782,889.998906,890.04365,31.787273,-0.000972,-29.45627
231913,9342.0,262.103717795786,252.124463,252.125195,31.515649,-0.033953,-26.97265
231921,9350.0,259.332862181157,248.739545,248.754978,31.094372,-0.05266,-23.45348
231929,9358.0,256.794723917847,242.566559,242.579838,30.32248,-0.096487,-21.18048
231937,9366.0,254.401451233751,253.04288,253.054197,31.631775,0.163662,-28.62827
231952,9381.0,250.026517520392,454.225739,454.246808,30.283121,-0.08991,-21.33644
232000,9389.0,248.451114751492,222.12997,222.135556,27.766945,-0.314522,-13.30608
232007,9396.0,249.090288871145,200.902154,200.903171,28.700453,0.133358,-23.54346
232015,9404.0,252.112486521321,218.888725,218.909588,27.363698,-0.167094,-17.82485
232028,9417.0,256.829788502688,355.79322,355.824491,27.371115,0.000571,-20.24925
232037,9426.0,258.132867694916,232.008321,232.01198,25.779109,-0.17689,-13.6062
232047,9436.0,254.257643123771,260.298516,260.327361,26.032736,0.025363,-14.06764
232059,9448.0,249.953708899139,322.579339,322.608049,26.884004,0.070939,-16.49255
232104,9453.0,248.975174107643,136.295549,136.299062,27.259812,0.075162,-18.16073
232110,9459.0,248.113986897134,166.531436,166.533663,27.755611,0.082633,-19.54566
232123,9472.0,244.909859298719,372.950823,372.964587,28.689584,0.071844,-20.76504
232135,9484.0,241.964057949767,369.495774,369.507516,30.792293,0.175226,-27.11143
232145,9494.0,241.856090389473,306.724241,306.72426,30.672426,-0.011987,-24.96651
232155,9504.0,243.216782352777,308.305376,308.308379,30.830838,0.015841,-26.56753
232205,9514.0,234.609063262542,304.747311,304.868851,30.486885,-0.034395,-19.65969
232215,9524.0,240.970693335446,305.096669,305.162986,30.516299,0.002941,-28.30704
232227,9536.0,240.460202819098,354.194083,354.19445,29.516204,-0.083341,-21.13477
232240,9549.0,242.467917881478,355.567599,355.573267,27.35179,-0.166493,-16.62009
232254,9563.0,237.930106730073,357.404856,357.433662,25.530976,-0.130058,-11.32996
232310,9579.0,231.843400944932,403.002308,403.04827,25.190517,-0.021279,-11.93268
232326,9595.0,241.314622167214,390.768992,390.883754,24.430235,-0.047518,-15.45266
232337,9606.0,244.098056639862,231.618888,231.635612,21.057783,-0.306587,-5.57039
232345,9614.0,242.926073330561,164.747108,164.751277,20.59391,-0.057984,-5.66273
232356,9625.0,244.247987480924,231.362772,231.366548,21.033323,0.039947,-8.78548
232409,9638.0,245.87399430069,291.919715,291.924243,22.455711,0.109414,-11.75664
232424,9653.0,248.332345392791,320.867311,320.876729,21.391782,-0.070929,-8.24431
232430,9659.0,247.370294263604,97.960928,97.965652,16.327609,-0.844029,6.12993
232436,9665.0,245.176531441443,79.678028,79.708222,13.284704,-0.507151,5.82372
232441,9670.0,243.499056740151,64.936692,64.958355,12.991671,-0.058607,2.60849
232445,9674.0,241.673515363038,52.751008,52.782587,13.195647,0.050994,2.34614
232449,9678.0,240.171001906576,55.36986,55.390242,13.84756,0.162978,0.62186
232452,9681.0,240.53301296402,45.170402,45.171853,15.057284,0.403241,-10.1993
232500,9689.0,241.558882954871,157.586413,157.589752,19.698719,0.580179,-22.50935
232508,9697.0,243.309861286431,181.973878,181.982302,22.747788,0.381134,-21.29311
232518,9707.0,244.855967453587,225.444156,225.449458,22.544946,-0.020284,-10.46942
232526,9715.0,245.622190368261,193.026088,193.027608,24.128451,0.197938,-15.52556
232536,9725.0,248.571930189435,269.897579,269.913697,26.99137,0.286292,-24.59561
232557,9746.0,253.222608327566,586.95354,586.971964,27.951046,0.045699,-21.32822
232624,9773.0,259.635605728292,742.045501,742.073212,27.484193,-0.017291,-19.53919
232646,9795.0,263.221897201277,565.492868,565.50424,25.704738,-0.080884,-14.91495
232707,9816.0,265.494293510885,570.252062,570.256589,27.155076,0.069064,-19.48594
232732,9841.0,268.19111654245,672.840501,672.845906,26.913836,-0.00965,-17.86277
232742,9851.0,269.108649884893,221.900596,221.902493,22.190249,-0.472359,-4.16924
232756,9865.0,270.428827684419,324.489035,324.49172,23.17798,0.070552,-12.27397
232806,9875.0,271.395077148616,238.608627,238.610584,23.861058,0.068308,-13.38759
232827,9896.0,273.641971869906,548.780321,548.784921,26.132615,0.108169,-18.06283
232851,9920.0,276.026485247774,653.780906,653.785255,27.241052,0.046185,-19.27497
232916,9945.0,270.94104651604,682.412632,682.431581,27.297263,0.002248,-17.12337
232932,9961.0,270.027945313657,405.632265,405.633292,25.352081,-0.121574,-12.56972
232948,9977.0,271.3498529429,393.70144,393.70366,24.606479,-0.0466,-13.06019
233003,9992.0,272.86470055121,353.126112,353.129361,23.541957,-0.070968,-11.10078
233020,10009.0,274.298757332695,400.862108,400.864673,23.580275,0.002254,-12.00934
233038,10027.0,275.988541255619,431.873324,431.87663,23.993146,0.022937,-13.00716
233055,10044.0,277.648893685235,410.402006,410.405364,24.141492,0.008726,-13.09066
233119,10068.0,276.430664773485,603.71945,603.720679,25.155028,0.042231,-14.50318
233138,10087.0,269.728256727746,496.297723,496.342978,26.123315,0.050962,-14.78837
233159,10108.0,261.816704112011,560.725399,560.78121,26.703867,0.027645,-15.42369
233219,10128.0,257.208264791381,544.021483,544.041002,27.20205,0.024909,-17.12347
233239,10148.0,262.738124687987,589.335759,589.361703,29.468085,0.113302,-25.88319
233301,10170.0,269.954459609933,646.598498,646.638766,29.392671,-0.003428,-24.13509
233315,10184.0,274.399600432558,398.147124,398.171938,28.440853,-0.067987,-21.09968
233328,10197.0,278.53087288267,390.271366,390.293231,30.022556,0.121669,-27.47762
233345,10214.0,275.594520816691,519.964464,519.972755,30.586633,0.033181,-24.68134
233405,10234.0,269.385005940761,587.764662,587.797462,29.389873,-0.059838,-19.83419
233431,10260.0,262.568717625987,736.319056,736.350605,28.321177,-0.041104,-18.18436
233448,10277.0,259.433792834332,457.239784,457.250531,26.89709,-0.08377,-15.19226
233500,10289.0,257.256881277661,340.135904,340.142871,28.345239,0.120679,-21.14634
233518,10307.0,251.779943766265,524.360426,524.389029,29.132724,0.043749,-20.959
233535,10324.0,253.157502045552,464.048991,464.051035,27.29712,-0.107977,-16.99799
233553,10342.0,258.372695167689,416.944392,416.977007,23.165389,-0.229541,-9.52124
233616,10365.0,258.215909479112,517.738661,517.738684,22.510378,-0.028479,-9.46132
233627,10376.0,256.783753828698,245.03952,245.043705,22.2767,-0.021243,-8.54209
233635,10384.0,247.844409655499,206.112605,206.306369,25.788296,0.43895,-15.51587
233644,10393.0,247.766751658915,231.44112,231.441133,25.715681,-0.008068,-15.03171
233652,10401.0,241.264354949149,248.142598,248.227779,31.028472,0.664099,-32.8726
233706,10415.0,238.609730500378,441.424548,441.43253,31.530895,0.035887,-26.77536
233721,10430.0,240.82517150069,431.891108,431.896791,28.793119,-0.182518,-19.10754
233736,10445.0,244.360633522287,418.082651,418.097599,27.873173,-0.06133,-19.62517
233748,10457.0,240.177663018342,338.080568,338.106444,28.175537,0.025197,-18.43568
233807,10476.0,234.65459731053,520.962974,520.99225,27.420645,-0.039731,-16.26261
233826,10495.0,234.920333564506,529.208429,529.208496,27.853079,0.02276,-19.67255
233842,10511.0,236.20264914101,426.084177,426.086107,26.630382,-0.076419,-16.20189
233858,10527.0,237.772612185201,393.415831,393.418964,24.588685,-0.127606,-12.02347
233913,10542.0,236.77051584894,354.674703,354.676119,23.645075,-0.062907,-10.4662
233929,10558.0,235.79680531881,389.453566,389.454783,24.340924,0.043491,-13.03132
233939,10568.0,236.658180418194,233.926874,233.92846,23.392846,-0.094808,-10.47628
233957,10586.0,238.220616706566,441.424596,441.427361,24.523742,0.062828,-14.38892
234015,10604.0,239.380601617215,477.193028,477.194438,26.510802,0.110392,-18.58406
234032,10621.0,238.204971296848,458.142434,458.143943,26.949644,0.025814,-17.49699
234051,10640.0,237.730982452786,532.078843,532.079055,28.004161,0.055501,-20.26813
234112,10661.0,236.307733999197,608.42528,608.426945,28.972712,0.046121,-21.90744
234127,10676.0,237.210155819715,448.574131,448.575039,29.905003,0.062153,-24.85825
234148,10697.0,238.736761916472,608.42528,608.427195,28.972724,-0.044394,-21.23387
234157,10706.0,241.05494829861,282.621009,282.630516,31.403391,0.270074,-32.84656
234212,10721.0,243.544527239721,475.531886,475.538403,31.70256,0.019945,-28.79585
234238,10747.0,244.338795721471,824.509581,824.509964,31.711922,0.00036,-27.76117
234246,10755.0,244.674890729782,252.554027,252.55425,31.569281,-0.01783,-27.18076
234301,10770.0,246.830914947906,475.260359,475.265249,31.68435,0.007671,-28.42625
234334,10803.0,252.799299161727,1046.697772,1046.714788,31.71863,0.001039,-28.59287
234343,10812.0,251.003395548715,287.005621,287.01124,31.890138,0.019056,-27.27962
234351,10820.0,251.962288209799,246.463773,246.465638,30.808205,-0.135242,-23.91151
234400,10829.0,251.271384469393,265.683569,265.684467,29.520496,-0.143079,-20.0108
234414,10843.0,247.655764664282,427.132321,427.147624,30.510545,0.070718,-24.66188
234417,10846.0,247.135369320095,78.913253,78.914969,26.30499,-1.401852,4.64279
234423,10852.0,247.103672243551,151.823211,151.823214,25.303869,-0.166854,-12.13457
234427,10856.0,248.865273231382,102.84507,102.860155,25.715039,0.102792,-18.96465
234431,10860.0,249.860851122153,98.619459,98.624484,24.656121,-0.264729,-11.10663
234435,10864.0,249.444148289701,98.871657,98.872535,24.718134,0.015503,-13.08186
234441,10870.0,249.340349861414,152.192351,152.192387,25.365398,0.107877,-15.95321
234456,10885.0,252.326460088601,443.658138,443.668188,29.577879,0.280832,-28.39455
234509,10898.0,265.174412626377,384.738629,384.953091,29.611776,0.002607,-28.20949
