144424,0,377.994001132977,0.0,0.0,0,0,-0.35
144426,2.0,378.348112232265,19.380596,19.383831,9.691915,4.845958,-84.63515
144427,3.0,378.376745238252,9.832423,9.832465,9.832465,0.14055,-0.31478
144428,4.0,378.288081884772,9.832422,9.832822,9.832822,0.000357,1.03436
144429,5.0,377.908615439033,9.939464,9.946704,9.946704,0.113882,1.96797
144430,6.0,377.208084425514,8.939179,8.966586,8.966586,-0.980118,8.82163
144431,7.0,376.273767486619,8.195959,8.249042,8.249042,-0.717544,8.4329
144432,8.0,374.883386067873,8.195957,8.313054,8.313054,0.064012,7.38534
144433,9.0,373.202339333832,8.787079,8.946434,8.946434,0.63338,6.23972
144434,10.0,371.988100277758,8.459567,8.546265,8.546265,-0.400169,8.59796
144435,11.0,371.010100701032,8.089495,8.148399,8.148399,-0.397866,7.22241
144436,12.0,369.743863620732,8.997513,9.086176,9.086176,0.937777,2.56292
144437,13.0,368.66126683955,8.786154,8.852599,8.852599,-0.233577,7.2229
144438,14.0,367.609815559601,8.842717,8.90501,8.90501,0.052411,5.71406
144439,15.0,366.671249973503,8.51032,8.561919,8.561919,-0.343091,6.89988
144440,16.0,365.823365048774,8.438465,8.480955,8.480955,-0.080964,5.21555
144441,17.0,365.060496200842,8.741218,8.774443,8.774443,0.293488,3.06416
144442,18.0,364.5150979342,8.665209,8.682356,8.682356,-0.092087,3.71576
144443,19.0,364.106603824251,8.842701,8.852131,8.852131,0.169775,1.79074
144444,20.0,363.871202965516,9.492602,9.49552,9.49552,0.643389,-10.12511
144445,21.0,363.658188460515,8.786127,8.788709,8.788709,-0.706811,4.87577
144446,22.0,363.662362999295,10.261516,10.261517,10.261517,1.472808,-24.2386
144447,23.0,363.813227902473,10.579503,10.580579,10.580579,0.319062,-5.63384
144448,24.0,364.228226434781,11.256162,11.26381,11.26381,0.683231,-17.71499
144449,25.0,364.797055340989,10.375644,10.391225,10.391225,-0.872585,2.50356
144450,26.0,365.522235401498,9.826391,9.853114,9.853114,-0.538111,-0.48955
144451,27.0,366.491362734073,10.375635,10.420797,10.420797,0.567683,-24.65125
144452,28.0,367.537521270866,9.826382,9.881914,9.881914,-0.538883,-6.08199
144453,29.0,368.626807125917,9.492558,9.554852,9.554852,-0.327062,-10.92125
144454,30.0,369.559593672376,8.842659,8.891721,8.891721,-0.663131,-3.46458
144455,31.0,370.305055505793,8.089429,8.123704,8.123704,-0.768017,-0.20023
144456,32.0,370.788717636431,6.276176,6.294785,6.294785,-1.828919,3.79379
144457,33.0,371.27208227434,5.496155,5.517369,5.517369,-0.777416,-0.1317
144458,34.0,371.592075769804,3.29395,3.309457,3.309457,-2.207912,2.13875
144459,35.0,371.702618736296,1.779119,1.78255,1.78255,-1.526907,0.66422
144500,36.0,371.827313917893,1.222576,1.228919,1.228919,-0.553631,-0.99819
144501,37.0,372.023570470383,2.446288,2.454148,2.454148,1.225229,-8.53812
144502,38.0,372.123496338883,4.016619,4.017862,4.017862,1.563714,-12.27822
144503,39.0,372.036832929935,4.044708,4.045636,4.045636,0.027774,0.37161
144504,40.0,371.816826505275,5.053934,5.058721,5.058721,1.013085,-7.07291
144505,41.0,371.621926696878,5.40275,5.406264,5.406264,0.347543,0.11702
144506,42.0,371.448458820733,5.466769,5.46952,5.46952,0.063256,0.82842
144507,43.0,371.276344701839,5.402747,5.405488,5.405488,-0.064032,1.1846
144508,44.0,371.198810643832,5.091714,5.092304,5.092304,-0.313184,1.32708
144509,45.0,371.301854411385,5.300128,5.30113,5.30113,0.208826,-2.66942
144510,46.0,371.694259750628,4.808313,4.824298,4.824298,-0.476832,-1.79497
144511,47.0,372.168909814035,4.96972,4.992335,4.992335,0.168037,-8.81962
144512,48.0,372.765673589375,5.71687,5.747932,5.747932,0.755597,-17.01649
144513,49.0,373.527933241356,6.761046,6.80388,6.80388,1.055948,-24.67707
144514,50.0,374.361729658881,7.393157,7.440026,7.440026,0.636146,-21.32021
144515,51.0,375.155670166116,7.726796,7.767478,7.767478,0.327452,-16.57679
144516,52.0,375.742242073347,7.059597,7.083924,7.083924,-0.683554,-0.22418
144517,53.0,376.19382571887,7.4599,7.473556,7.473556,0.389632,-11.32037
144518,54.0,376.661616762356,6.276145,6.293554,6.293554,-1.180002,1.69699
144519,55.0,376.871684379437,4.618027,4.622802,4.622802,-1.670752,3.04917
144520,56.0,377.124080555664,4.472917,4.480032,4.480032,-0.14277,-2.41283
144521,57.0,377.274752933968,2.699841,2.704042,2.704042,-1.77599,1.63862
144523,59.0,377.407913794682,2.158635,2.162738,1.081369,-0.811336,-0.14533
144524,60.0,377.571814493428,2.576307,2.581515,2.581515,1.500146,-9.48643
144525,61.0,377.859335796964,4.339866,4.34938,4.34938,1.767865,-18.00282
144526,62.0,378.129217385621,5.466736,5.473393,5.473393,1.124013,-14.59673
144527,63.0,378.313235763626,5.091688,5.095012,5.095012,-0.378381,0.13627
144528,64.0,378.365322223807,5.863644,5.863876,5.863876,0.768864,-7.69566
144529,65.0,378.318492127107,6.010475,6.010657,6.010657,0.146781,-0.06939
144530,66.0,378.200719678364,6.089145,6.090283,6.090283,0.079626,0.52141
144531,67.0,377.899738151129,6.616654,6.623496,6.623496,0.533213,-0.09302
144532,68.0,377.40374808955,7.113732,7.131002,7.131002,0.507506,0.93212
144533,69.0,376.891929561444,7.311562,7.329454,7.329454,0.198452,2.19004
144534,70.0,376.282125703868,8.299709,8.322081,8.322081,0.992627,-6.93789
144535,71.0,375.73160199762,9.191039,9.207512,9.207512,0.885431,-8.12908
144536,72.0,375.028382287529,8.368898,8.398391,8.398391,-0.809121,7.70767
144537,73.0,374.193319115969,8.786002,8.825597,8.825597,0.427206,2.8102
144538,74.0,373.359030031833,8.064731,8.10777,8.10777,-0.717827,7.84107
144539,75.0,372.465977639359,8.842559,8.887541,8.887541,0.779771,1.43528
144540,76.0,371.544327402911,9.131902,9.178294,9.178294,0.290753,3.89229
144541,77.0,370.626643108217,10.046717,10.088541,10.088541,0.910247,0.50821
144542,78.0,369.823222531682,9.733369,9.766471,9.766471,-0.32207,6.44628
144543,79.0,368.998001808063,9.884832,9.919218,9.919218,0.152747,4.0933
144544,80.0,368.295019829677,10.046705,10.071269,10.071269,0.152051,3.46416
144545,81.0,367.509860313591,10.1833,10.213524,10.213524,0.142255,3.95416
144546,82.0,366.723897448462,9.907052,9.93818,9.93818,-0.275344,6.15817
144547,83.0,365.988989453294,9.262524,9.291633,9.291633,-0.646547,7.55671
144548,84.0,365.213730659038,9.131868,9.164717,9.164717,-0.126916,5.16868
144549,85.0,364.299179934015,9.622369,9.665733,9.665733,0.501016,2.75439
144550,86.0,363.472749522408,9.539125,9.574858,9.574858,-0.090875,5.32949
144551,87.0,362.725395579304,9.539121,9.568353,9.568353,-0.006505,4.48397
144552,88.0,362.176304007597,8.842509,8.859541,8.859541,-0.708812,6.67879
144553,89.0,361.857567513189,8.146289,8.152522,8.152522,-0.707019,5.11841
144554,90.0,361.695180705965,6.010428,6.012621,6.012621,-2.139901,7.86943
144555,91.0,361.580971976506,4.926693,4.928016,4.928016,-1.084605,3.50457
144556,92.0,361.552043078287,3.024532,3.02467,3.02467,-1.903346,3.11411
144557,93.0,361.550226437962,1.537551,1.537552,1.537552,-1.487118,1.00046
144558,94.0,361.586075848923,2.515696,2.515952,2.515952,0.9784,-4.72199
144559,95.0,361.679043656516,3.642043,3.643229,3.643229,1.127277,-8.36207
144600,96.0,361.803553933826,4.339808,4.341594,4.341594,0.698365,-6.78744
144601,97.0,361.971703991584,5.783959,5.786403,5.786403,1.444809,-16.66784
144602,98.0,362.178283337349,6.849084,6.852199,6.852199,1.065796,-15.09879
144603,99.0,362.565787091863,8.007084,8.016455,8.016455,1.164256,-21.51103
144604,100.0,363.113825331243,8.842484,8.859451,8.859451,0.842996,-20.67283
144605,101.0,363.710354906345,9.906992,9.924935,9.924935,1.065484,-26.66406
144606,102.0,364.169539968703,9.884752,9.895411,9.895411,-0.029524,-4.77588
144607,103.0,364.65591290219,9.622319,9.634603,9.634603,-0.260808,-1.38106
144608,104.0,365.428738212608,9.262468,9.294653,9.294653,-0.33995,-5.39807
144609,105.0,366.438735401304,9.53907,9.592391,9.592391,0.297738,-20.23524
144610,106.0,367.428714352274,10.319591,10.366968,10.366968,0.774577,-28.83258
144611,107.0,368.354398894843,10.798744,10.838347,10.838347,0.471379,-22.25518
144612,108.0,369.176848198099,10.319582,10.352304,10.352304,-0.486043,-2.47241
144613,109.0,369.86053428596,9.826127,9.849883,9.849883,-0.502421,-0.39474
144614,110.0,370.309109536306,9.965067,9.975158,9.975158,0.125275,-7.32048
144615,111.0,370.475487831084,8.246819,8.248497,8.248497,-1.726661,7.11294
144616,112.0,370.54806032297,7.45978,7.460133,7.460133,-0.788364,3.0588
144617,113.0,370.67788391672,5.402594,5.404154,5.404154,-2.055979,5.34663
144618,114.0,370.686295848368,3.773965,3.773975,3.773975,-1.630179,3.19249
144619,115.0,370.710105264058,1.825489,1.825644,1.825644,-1.948331,1.56704
144620,116.0,370.671528492729,2.008287,2.008657,2.008657,0.183013,-0.18527
144621,117.0,370.677802576825,3.291409,3.291415,3.291415,1.282758,-7.14326
144622,118.0,370.747805123035,4.326233,4.326799,4.326799,1.035384,-8.42915
144623,119.0,370.819573552598,5.578278,5.57874,5.57874,1.251941,-12.57095
144624,120.0,371.041071610404,6.558271,6.56201,6.56201,0.98327,-13.93327
144625,121.0,371.354304097906,6.916012,6.923102,6.923102,0.361092,-8.33869
144626,122.0,371.514275012956,8.842419,8.843866,8.843866,1.920764,-30.92022
144627,123.0,371.806595676744,9.492251,9.496751,9.496751,0.652885,-13.64742
144628,124.0,372.082936843988,9.131744,9.135924,9.135924,-0.360827,0.80024
144629,125.0,372.317323090241,9.26241,9.265376,9.265376,0.129452,-3.75531
144630,126.0,372.615739114156,9.294629,9.299418,9.299418,0.034042,-3.28494
144631,127.0,373.23360264975,9.262403,9.282988,9.282988,-0.01643,-8.06942
144632,128.0,374.178824233058,9.826066,9.871425,9.871425,0.588437,-24.27473
144633,129.0,374.896005638747,10.100319,10.125749,10.125749,0.254324,-14.35822
144634,130.0,375.459270105448,8.510039,8.52866,8.52866,-1.597089,4.73594
144635,131.0,376.136339456238,8.842386,8.86827,8.86827,0.33961,-14.94855
144636,132.0,376.734823272534,8.08918,8.111289,8.111289,-0.756981,0.51463
144637,133.0,377.333874750847,7.028779,7.054261,7.054261,-1.057028,1.10201
144638,134.0,377.700031315578,6.275993,6.286666,6.286666,-0.767595,0.84083
144639,135.0,377.921844178104,4.044586,4.050664,4.050664,-2.236002,3.64913
144640,136.0,378.103080240719,3.773944,3.778294,3.778294,-0.27237,-0.6671
144641,137.0,378.170581401342,3.686101,3.686719,3.686719,-0.091575,-0.22582
144642,138.0,378.115167760629,3.773943,3.77435,3.77435,0.087631,0.06831
144643,139.0,377.994867997523,4.184489,4.186218,4.186218,0.411868,-0.3
144644,140.0,377.882773657512,4.225407,4.226894,4.226894,0.040676,0.4886
144645,141.0,377.933433100811,4.20048,4.200786,4.200786,-0.026108,-0.21513
144646,142.0,377.97364812691,3.911649,3.911856,3.911856,-0.28893,0.35899
144647,143.0,377.986903882088,5.223447,5.223464,5.223464,1.311608,-11.41342
144648,144.0,377.973688542411,4.719772,4.71979,4.71979,-0.503674,1.37434
144649,145.0,377.910253677093,4.33973,4.340193,4.340193,-0.379597,1.21439
144650,146.0,377.662344878549,3.268285,3.277674,3.277674,-1.062519,3.06783
144651,147.0,377.148839928895,3.348634,3.387777,3.387777,0.110103,2.41022
144652,148.0,376.84487507225,1.752907,1.779067,1.779067,-1.60871,2.90782
144653,149.0,376.447122699226,2.325842,2.359607,2.359607,0.58054,1.18798
144654,150.0,376.220301210935,1.464705,1.482163,1.482163,-0.877444,1.64751
144656,152.0,375.995283428115,1.464705,1.481888,0.740944,-0.37061,0.44345
144657,153.0,376.044143375052,0.423464,0.426273,0.426273,-0.314671,-0.24498
144701,157.0,376.06304752803,0.698877,0.699133,0.174783,-0.062873,-0.33042
144702,158.0,376.071503302098,0.753214,0.753261,0.753261,0.578478,-1.08106
144709,165.0,376.022079697202,0.423464,0.426338,0.060905,-0.098908,-0.34201
144710,166.0,375.896233325681,0.753214,0.763654,0.763654,0.702749,0.08229
144711,167.0,375.598805428876,1.970419,1.99274,1.99274,1.229086,0.05759
144712,168.0,375.22204933085,2.576223,2.603626,2.603626,0.610886,0.98027
144713,169.0,374.779925276855,3.348632,3.377693,3.377693,0.774067,0.84015
144714,170.0,374.254581332621,5.031297,5.05865,5.05865,1.680957,-7.75977
144715,171.0,373.813289598942,5.494481,5.512174,5.512174,0.453524,1.08491
144716,172.0,373.347042836376,6.226559,6.243991,6.243991,0.731817,0.18102
144717,173.0,372.950324280285,6.915938,6.927307,6.927307,0.683316,-0.20261
144718,174.0,372.609673883667,8.359314,8.366252,8.366252,1.438945,-18.46267
144719,175.0,372.457910607217,8.740785,8.742103,8.742103,0.375851,-6.23414
144720,176.0,372.393569190189,8.842331,8.842566,8.842566,0.100463,0.31641
144721,177.0,372.387761055999,9.431115,9.431117,9.431117,0.588551,-13.13526
144722,178.0,372.348054684909,9.492137,9.49222,9.49222,0.061103,0.42892
144723,179.0,372.321798405534,10.490079,10.490112,10.490112,0.997892,-22.0398
144724,180.0,372.51676702253,10.878563,10.88031,10.88031,0.390198,-7.8353
144725,181.0,372.648985812581,10.12114,10.122004,10.122004,-0.758306,4.0112
144726,182.0,373.031798680344,11.31694,11.323413,11.323413,1.201409,-27.71546
144727,183.0,373.793148449017,10.868859,10.895492,10.895492,-0.427921,-1.81887
144728,184.0,374.721686209523,10.490052,10.531067,10.531067,-0.364425,-6.40122
144729,185.0,375.917149585931,10.953628,11.018671,11.018671,0.487604,-27.39209
144730,186.0,377.145860446015,10.121112,10.195422,10.195422,-0.823249,-3.65914
144731,187.0,377.858924406457,9.8025,9.828401,9.828401,-0.367021,-3.32641
144732,188.0,378.206716637517,10.490031,10.495794,10.495794,0.667393,-15.643
144733,189.0,378.685338391124,11.3169,11.327017,11.327017,0.831223,-21.88896
144734,190.0,378.726622124055,10.878505,10.878584,10.878584,-0.448433,3.09381
144735,191.0,378.445895563968,11.553789,11.557199,11.557199,0.678615,-13.34509
144736,192.0,378.318447161015,11.316882,11.3176,11.3176,-0.239599,2.88118
144737,193.0,378.411539941701,10.490002,10.490415,10.490415,-0.827185,4.79778
144738,194.0,378.544941259694,9.053099,9.054082,9.054082,-1.436333,6.71709
144739,195.0,378.632018223226,8.802435,8.802866,8.802866,-0.251216,1.17288
144740,196.0,378.741321154616,7.914274,7.915029,7.915029,-0.887837,3.52629
144741,197.0,378.842179214321,5.466466,5.467397,5.467397,-2.447632,6.71562
144742,198.0,378.902739177727,4.74133,4.741717,4.741717,-0.72568,1.55766
144743,199.0,378.988565262933,3.241898,3.243034,3.243034,-1.498683,2.05343
144744,200.0,379.033385884423,2.654199,2.654578,2.654578,-0.588456,0.46005
144745,201.0,379.107505193495,2.897242,2.89819,2.89819,0.243612,-2.14205
144746,202.0,379.206535449322,3.57733,3.5787,3.5787,0.68051,-5.48993
144747,203.0,379.350220723449,5.091461,5.093488,5.093488,1.514788,-15.29737
144748,204.0,379.403630247723,5.402448,5.402712,5.402712,0.309224,-2.77561
144749,205.0,379.490391633388,5.476322,5.477009,5.477009,0.074297,-1.07326
144750,206.0,379.561528765838,4.797717,4.798245,4.798245,-0.678764,1.40916
144751,207.0,379.720275820575,4.719688,4.722357,4.722357,-0.075888,-1.19775
144752,208.0,379.896555176687,4.263491,4.267134,4.267134,-0.455223,0.11096
144753,209.0,380.069502328181,3.30422,3.308743,3.308743,-0.958391,0.70196
144754,210.0,380.233567396219,2.897236,2.901877,2.901877,-0.406866,-0.34709
144755,211.0,380.308086522968,1.464668,1.466562,1.466562,-1.435315,0.49851
144757,213.0,380.376953896363,1.537513,1.539055,0.769527,-0.348518,-0.32665
144759,215.0,380.408431737281,1.145853,1.146286,0.573143,-0.098192,-0.37461
144801,217.0,380.416998724011,0.69887,0.698922,0.349461,-0.111841,-0.30171
144805,221.0,380.385115966856,0.69887,0.699597,0.174899,-0.04364,-0.3322
144806,222.0,380.370239617897,0.66717,0.667335,0.667335,0.492436,-0.85378
144807,223.0,380.346778751898,0.508142,0.508683,0.508683,-0.158652,-0.14423
144812,228.0,380.307677308603,0.846903,0.847805,0.169561,-0.067824,-0.33056
144813,229.0,380.284216442548,0.508142,0.508683,0.508683,0.339122,-0.2793
144820,236.0,380.307677308603,0.508142,0.508683,0.072669,-0.062288,-0.34188
144821,237.0,380.332289234362,1.223144,1.223392,1.223392,1.150723,-2.98335
144823,239.0,380.467754232728,2.59322,2.596756,1.298378,0.037493,-1.28494
144824,240.0,380.608867597158,2.935252,2.938642,2.938642,1.640264,-10.68593
144825,241.0,380.779982152799,3.348586,3.352955,3.352955,0.414313,-4.94595
144826,242.0,380.979234191004,4.263487,4.268141,4.268141,0.915186,-9.6911
144827,243.0,381.257778081222,4.387041,4.395875,4.395875,0.127734,-5.05126
144828,244.0,381.69680715867,6.226462,6.24192,6.24192,1.846045,-26.9569
144829,245.0,382.143041073861,6.536465,6.551679,6.551679,0.309759,-9.95975
144830,246.0,382.488944593476,7.392822,7.40091,7.40091,0.849231,-15.53538
144831,247.0,382.735254122691,8.664642,8.668142,8.668142,1.267232,-21.74472
144832,248.0,382.963918651735,10.953517,10.955903,10.955903,2.287761,-45.72352
144833,249.0,383.003233585498,10.804844,10.804916,10.804916,-0.150987,1.36213
144834,250.0,382.914659684038,11.316788,11.317135,11.317135,0.512219,-12.94251
144835,251.0,382.61235709507,11.072298,11.076424,11.076424,-0.240711,3.73852
144836,252.0,381.949746110728,11.355314,11.37463,11.37463,0.298206,2.43364
144837,253.0,380.594084259228,11.072287,11.154971,11.154971,-0.219659,9.14629
144838,254.0,378.679285491588,10.659799,10.830409,10.830409,-0.324562,12.59616
144839,255.0,377.586946161039,11.072277,11.126029,11.126029,0.29562,4.70293
144840,256.0,377.256258612797,12.133494,12.138,12.138,1.011971,-20.70827
144841,257.0,376.766830941301,12.886673,12.895963,12.895963,0.757963,-14.35487
144842,258.0,375.927695294876,12.804368,12.831835,12.831835,-0.064128,5.32665
144843,259.0,375.138280850963,12.479654,12.504596,12.504596,-0.327239,7.00147
144844,260.0,374.434494557919,13.304442,13.323044,13.323044,0.818448,-13.17656
144845,261.0,373.735092643236,13.583184,13.601178,13.601178,0.278134,1.64724
144846,262.0,373.22036190284,13.174227,13.184278,13.184278,-0.4169,5.9044
144847,263.0,372.587989205461,14.570308,14.584025,14.584025,1.399747,-33.32238
144848,264.0,371.897473201997,13.304411,13.322319,13.322319,-1.261706,12.76992
144849,265.0,371.363056655665,13.174201,13.185036,13.185036,-0.137283,4.04057
144850,266.0,371.213961250642,12.980237,12.981094,12.981094,-0.203942,2.59844
144851,267.0,371.111267681978,13.232578,13.232977,13.232977,0.251883,-0.99269
144852,268.0,371.177122244485,13.583127,13.583287,13.583287,0.35031,-6.2177
144853,269.0,371.263011044339,14.008241,14.008505,14.008505,0.425218,-8.84511
144854,270.0,371.889834940298,13.583111,13.597566,13.597566,-0.410939,-0.29165
144855,271.0,373.843138447727,13.033413,13.17897,13.17897,-0.418596,-20.88543
144856,272.0,375.593613981791,13.583094,13.695423,13.695423,0.516453,-40.03259
144857,273.0,376.873410091562,13.304344,13.365756,13.365756,-0.329667,-11.07901
144858,274.0,377.640199070804,12.551603,12.575003,12.575003,-0.790753,1.93916
144859,275.0,378.097850653823,13.232511,13.240422,13.240422,0.665419,-20.28281
144900,276.0,378.568478564091,12.340658,12.349629,12.349629,-0.890793,4.17987
144901,277.0,378.650261823113,12.479511,12.479779,12.479779,0.13015,-0.60968
144902,278.0,378.485959335163,12.377461,12.378552,12.378552,-0.101227,2.2866
144903,279.0,377.736503334253,11.627586,11.651714,11.651714,-0.726838,9.25429
144904,280.0,377.102106912655,10.804609,10.823218,10.823218,-0.828496,8.80317
144905,281.0,376.169071434078,11.627573,11.664948,11.664948,0.84173,0.4618
144906,282.0,375.066567127266,11.627566,11.679718,11.679718,0.01477,6.4963
144907,283.0,373.757525951418,10.48969,10.571054,10.571054,-1.108664,13.76849
144908,284.0,372.565211224216,10.182656,10.252224,10.252224,-0.31883,8.60826
144909,285.0,371.925169741061,9.116364,9.138805,9.138805,-1.113419,9.26526
144910,286.0,371.21349122543,7.606758,7.639977,7.639977,-1.498828,10.15271
144911,287.0,370.524832733358,6.91566,6.949864,6.949864,-0.690113,6.41078
144912,288.0,369.958749892389,5.794286,5.821873,5.821873,-1.127991,6.6035
144913,289.0,369.537498834444,5.053433,5.07096,5.07096,-0.750913,4.30426
144914,290.0,369.176941138383,4.339543,4.354496,4.354496,-0.716464,3.55584
144915,291.0,368.894149959064,3.64179,3.652753,3.652753,-0.701743,2.79158
144916,292.0,368.579808418927,3.975219,3.987628,3.987628,0.334875,0.90565
144917,293.0,368.429992222288,1.825386,1.831523,1.831523,-2.156105,2.68518
144918,294.0,368.281613985776,1.752821,1.75909,1.75909,-0.072433,0.63335
144919,295.0,368.157797284552,1.537483,1.542461,1.542461,-0.216629,0.59781
144922,298.0,368.070171589018,1.294362,1.297325,0.432442,-0.370006,-0.23069
144924,300.0,367.977460378049,1.084841,1.088796,0.544398,0.055978,-0.08092
144926,302.0,367.92000810639,1.223144,1.224493,0.612246,0.033924,-0.16266
144930,306.0,367.861136504052,0.753185,0.755482,0.188871,-0.105844,-0.32451
144931,307.0,367.830714072151,0.423429,0.42452,0.42452,0.235649,-0.64142
144933,309.0,367.775404238612,0.790194,0.792128,0.396064,-0.014228,-0.3159
144934,310.0,367.738667172683,0.508114,0.509441,0.509441,0.113377,-0.14856
144937,313.0,367.67743872967,0.846857,0.849068,0.283023,-0.075473,-0.31639
144938,314.0,367.640701663828,0.508114,0.509441,0.509441,0.226418,-0.17928
144940,316.0,367.569220066395,1.510319,1.512009,0.756005,0.123282,-0.15328
144942,318.0,367.497301810227,1.464601,1.466365,0.733183,-0.011411,-0.09975
144944,320.0,367.432362769878,2.158423,2.1594,1.0797,0.173258,-0.19493
144946,322.0,367.330686787326,1.944273,1.94693,0.973465,-0.053117,0.02017
144947,323.0,367.300211001461,1.145813,1.146218,1.146218,0.172753,-0.20594
144950,326.0,367.264637717245,1.752821,1.753182,0.584394,-0.187275,-0.18367
144953,329.0,367.275393973873,1.487699,1.487738,0.495913,-0.029494,-0.30325
144955,331.0,367.363433665291,1.294362,1.297353,0.648676,0.076381,-1.04183
144957,333.0,367.370840225175,1.450588,1.450607,0.725303,0.038314,-0.32721
145009,345.0,367.368912818659,0.753186,0.753188,0.062766,-0.055211,-0.34322
145010,346.0,367.392445689233,0.423429,0.424082,0.424082,0.361316,-0.73667
145011,347.0,367.392445689233,0.0,0.0,0.0,-0.424082,-0.35
145012,348.0,367.391052675287,1.537483,1.537484,1.537484,1.537484,-4.97154
145014,350.0,366.898585778751,8.998197,9.011663,4.505831,1.484173,-9.24715
145015,351.0,366.662515519479,4.871281,4.876998,4.876998,0.371167,0.32093
145016,352.0,366.202994936286,5.76346,5.78175,5.78175,0.904752,-0.25129
145017,353.0,365.715905203381,6.557953,6.576018,6.576018,0.794268,-0.026
145018,354.0,365.302401674108,7.615945,7.627162,7.627162,1.051144,-9.70054
145019,355.0,364.975089334957,8.358965,8.365371,8.365371,0.738209,-8.1844
145020,356.0,364.716060037579,8.740403,8.74424,8.74424,0.378869,0.03063
145021,357.0,364.473128252761,9.430716,9.433844,9.433844,0.689604,-10.67809
145022,358.0,364.243877478346,9.11631,9.119192,9.119192,-0.314652,3.21625
145023,359.0,364.075004352533,8.358952,8.360657,8.360657,-0.758535,4.6655
145024,360.0,363.927304321244,9.37384,9.375004,9.375004,1.014347,-17.7154
145025,361.0,363.821246480538,9.491719,9.492311,9.492311,0.117307,0.49169
145026,362.0,363.695046225084,10.120656,10.121443,10.121443,0.629132,-12.77069
145027,363.0,363.542202722552,9.80208,9.803272,9.803272,-0.318171,3.03248
145028,364.0,363.423922161115,9.802076,9.802789,9.802789,-0.000483,1.19027
145029,365.0,363.334739507835,9.769419,9.769826,9.769826,-0.032963,1.20318
145030,366.0,363.226250374738,10.041106,10.041692,10.041692,0.271866,-0.28979
145031,367.0,363.175594677701,10.846761,10.84688,10.84688,0.805188,-18.66085
145032,368.0,362.991410402631,11.262821,11.264327,11.264327,0.417447,-9.27527
145033,369.0,362.868372742994,11.191783,11.192459,11.192459,-0.071868,1.82376
145034,370.0,362.780368035968,10.846742,10.847099,10.847099,-0.34536,3.16259
145035,371.0,362.500068483044,11.945324,11.948612,11.948612,1.101513,-23.08038
145036,372.0,362.151240384445,11.191764,11.197199,11.197199,-0.751413,7.06498
145037,373.0,361.499020358468,11.992113,12.009837,12.009837,0.812638,-10.37961
145038,374.0,360.773898967996,11.925419,11.947444,11.947444,-0.062393,5.05037
145039,375.0,360.20057929592,11.953841,11.967582,11.967582,0.020138,3.73279
145040,376.0,359.919658927961,12.022887,12.026168,12.026168,0.058586,2.04262
145041,377.0,359.97656027313,11.924765,11.9249,11.9249,-0.101268,1.20139
145042,378.0,359.639889016715,11.415158,11.420122,11.420122,-0.504778,5.6194
145043,379.0,359.150793744712,12.586188,12.595688,12.595688,1.175566,-23.00461
145044,380.0,358.540180628894,12.108771,12.124157,12.124157,-0.471531,7.14189
145045,381.0,357.720306394115,12.663633,12.690145,12.690145,0.565988,1.04039
145046,382.0,357.003443002155,12.108758,12.129959,12.129959,-0.560186,8.26996
145047,383.0,356.400324806405,12.108752,12.123763,12.123763,-0.006196,4.09348
145048,384.0,355.802786678241,12.15004,12.164725,12.164725,0.040962,3.73666
145049,385.0,355.193521576209,12.313778,12.328841,12.328841,0.164116,2.89563
145050,386.0,354.67227730369,11.633924,11.645595,11.645595,-0.683246,7.78673
145051,387.0,354.051885525023,11.673206,11.68968,11.68968,0.044085,3.79264
145052,388.0,353.22856243298,11.9247,11.953089,11.953089,0.263409,3.48817
145053,389.0,352.621882386966,11.924694,11.940116,11.940116,-0.012973,4.11476
145054,390.0,352.139411262398,12.5401,12.549377,12.549377,0.609261,-10.22412
145055,391.0,351.660466554333,12.704994,12.714019,12.714019,0.164642,1.95726
145056,392.0,351.139557612967,12.838251,12.848815,12.848815,0.134796,2.28937
145057,393.0,350.537744447922,14.465469,14.477982,14.477982,1.629167,-39.38941
145058,394.0,349.78507772335,13.213969,13.235387,13.235387,-1.242595,12.95875
145059,395.0,348.906652167956,13.388857,13.417642,13.417642,0.182255,3.42123
145100,396.0,347.755001672937,13.289443,13.33925,13.33925,-0.078392,6.76461
145101,397.0,346.866255266375,13.668503,13.697367,13.697367,0.358117,1.97513
145102,398.0,345.824799982793,13.311211,13.35189,13.35189,-0.345477,8.08259
145103,399.0,345.170983824608,13.289419,13.305492,13.305492,-0.046398,3.95303
145104,400.0,344.737484487632,13.388814,13.39583,13.39583,0.090338,1.76644
145105,401.0,344.266114907324,13.778154,13.786214,13.786214,0.390384,-0.52445
145106,402.0,343.85324174155,13.668462,13.674696,13.674696,-0.111518,2.93065
145107,403.0,343.538424549135,13.388789,13.392489,13.392489,-0.282207,3.80921
145108,404.0,342.914065180038,13.592423,13.606755,13.606755,0.214266,1.71498
145109,405.0,342.141815712579,13.001555,13.024469,13.024469,-0.582286,8.46706
145110,406.0,341.123279642443,12.924376,12.964448,12.964448,-0.060021,6.1625
145111,407.0,340.611288041737,12.587698,12.598106,12.598106,-0.366342,5.77662
145112,408.0,340.030984755809,13.001532,13.014476,13.014476,0.41637,0.53288
145113,409.0,339.322991206864,12.158147,12.178743,12.178743,-0.835733,10.00283
145114,410.0,338.615408850925,11.847011,11.868122,11.868122,-0.310621,6.51655
145115,411.0,337.917413362865,12.391664,12.411307,12.411307,0.543185,0.79803
145116,412.0,337.241322919384,11.198968,11.219358,11.219358,-1.191949,11.42659
145117,413.0,336.495695849431,11.240289,11.264992,11.264992,0.045634,4.38917
145118,414.0,335.866073993577,9.813434,9.833611,9.833611,-1.431381,11.37617
145119,415.0,335.319128627117,8.48953,8.50713,8.50713,-1.326481,9.29725
145120,416.0,334.918066424847,8.230501,8.240267,8.240267,-0.266863,3.65755
145121,417.0,334.686878408486,6.644649,6.648669,6.648669,-1.591598,7.07312
145122,418.0,334.555274607367,3.84125,3.843504,3.843504,-2.805165,6.4006
145123,419.0,334.45204829007,2.973071,2.974863,2.974863,-0.868641,1.80628
145124,420.0,334.383300680272,1.944185,1.9454,1.9454,-1.029463,1.23192
145127,423.0,334.34083535737,2.158351,2.158768,0.719589,-0.408604,-0.06254
145131,427.0,334.27521153023,1.825335,1.826515,0.456629,-0.06574,-0.29813
145132,428.0,334.186010609218,2.228638,2.230423,2.230423,1.773794,-6.46917
145133,429.0,334.011224437443,4.244759,4.248356,4.248356,2.017933,-13.8089
145134,430.0,333.864347180862,4.437021,4.439451,4.439451,0.191095,0.32845
145135,431.0,333.619102230293,7.02497,7.029249,7.029249,2.589798,-30.71743
145136,432.0,333.345722710605,8.105392,8.110001,8.110001,1.080752,-13.6821
145137,433.0,332.964449083199,10.516057,10.522967,10.522967,2.412966,-42.57088
145138,434.0,332.7528188738,11.953584,11.955457,11.955457,1.43249,-31.40333
145139,435.0,332.600639033382,12.26752,12.268464,12.268464,0.313007,-0.43154
145141,437.0,331.250830038337,30.928326,30.957767,15.478884,1.60521,-41.98944
145142,438.0,330.182489848629,15.655533,15.691942,15.691942,0.213058,2.1851
145143,439.0,329.376856442066,16.796052,16.815362,16.815362,1.12342,-31.43139
145144,440.0,328.156655582292,17.480292,17.522828,17.522828,0.707466,-3.6248
145145,441.0,327.965177280792,18.619049,18.620033,18.620033,1.097205,-48.73496
145146,442.0,327.802669294777,17.488946,17.489701,17.489701,-1.130332,8.03354
145147,443.0,327.510264996815,18.559032,18.561336,18.561336,1.071635,-45.86308
145148,444.0,326.67836182918,17.866756,17.886113,17.886113,-0.675223,7.00801
145149,445.0,325.422005995051,17.568257,17.613123,17.613123,-0.27299,5.64639
145150,446.0,323.407068655521,17.097435,17.215756,17.215756,-0.397367,11.11654
145151,447.0,322.629168605187,17.403979,17.421355,17.421355,0.205599,-1.12982
145152,448.0,322.082121021192,16.795927,16.804834,16.804834,-0.616521,5.72713
145153,449.0,321.387549197691,16.04349,16.058518,16.058518,-0.746316,8.07663
145154,450.0,320.656397465317,15.746869,15.763834,15.763834,-0.294684,4.61906
145155,451.0,320.74336446923,16.320638,16.320869,16.320869,0.557035,-15.36446
145156,452.0,320.342294951691,15.793682,15.798774,15.798774,-0.522095,4.78269
145157,453.0,320.159667172872,16.189734,16.190764,16.190764,0.39199,-18.73278
145158,454.0,319.488835303358,16.239475,16.253324,16.253324,0.06256,0.83678
145159,455.0,318.737734412056,15.96682,15.984477,15.984477,-0.268847,4.33964
145200,456.0,316.636931048372,16.239456,16.374776,16.374776,0.390299,5.33881
145201,457.0,315.697216226163,16.189696,16.216945,16.216945,-0.157831,4.18581
145202,458.0,315.574299073933,16.492455,16.492913,16.492913,0.275968,-4.14248
145203,459.0,315.52412468653,16.492444,16.49252,16.49252,-0.000393,-2.09141
145204,460.0,315.250653145667,17.028016,17.030212,17.030212,0.537692,-23.76015
145205,461.0,315.294280044114,16.239406,16.239464,16.239464,-0.790748,4.50366
145206,462.0,314.672952050383,17.072823,17.084125,17.084125,0.844661,-27.2026
145207,463.0,314.239368201897,17.771009,17.776297,17.776297,0.692172,-28.09445
145208,464.0,313.920906514387,17.346737,17.34966,17.34966,-0.426637,2.40076
145209,465.0,313.419226194,16.649302,16.656858,16.656858,-0.692802,6.26484
145210,466.0,312.700078941653,17.346712,17.361612,17.361612,0.704754,-22.09978
145211,467.0,311.669867180633,17.969785,17.999291,17.999291,0.637679,-4.64154
145212,468.0,310.579110673861,16.652871,16.688555,16.688555,-1.310736,14.82935
145213,469.0,309.695023382984,16.043216,16.067557,16.067557,-0.620998,7.99049
145214,470.0,309.735194329727,15.74661,15.746661,15.746661,-0.320896,0.81633
145215,471.0,310.16129852239,15.868394,15.874114,15.874114,0.127453,-8.45601
145216,472.0,310.402332417732,16.043179,16.044989,16.044989,0.170875,-6.56316
145217,473.0,309.79518473062,14.279014,14.291916,14.291916,-1.753073,16.05959
145218,474.0,309.55015982262,14.007329,14.009472,14.009472,-0.282444,3.11685
145219,475.0,309.70475664458,13.092795,13.093708,13.093708,-0.915764,5.92592
145220,476.0,309.560343971932,12.478724,12.47956,12.47956,-0.614148,5.54839
145221,477.0,309.130348108033,12.006056,12.013754,12.013754,-0.465806,6.19175
145222,478.0,309.115616994763,12.697249,12.697258,12.697258,0.683504,-20.49414
145223,479.0,309.304691869106,13.721567,13.72287,13.72287,1.025612,-25.11881
145224,480.0,309.95144435574,13.868237,13.88331,13.88331,0.16044,-11.97491
145225,481.0,308.653869877572,14.973092,15.029211,15.029211,1.145901,-16.62123
145226,482.0,308.361976413673,14.702682,14.705579,14.705579,-0.323632,3.26748
145227,483.0,308.355853514362,14.521063,14.521064,14.521064,-0.184515,0.80581
145228,484.0,308.823236900243,13.926242,13.934083,13.934083,-0.586981,1.69488
145229,485.0,308.031805865712,14.299781,14.321666,14.321666,0.387583,0.67605
145230,486.0,307.716388209314,14.335283,14.338753,14.338753,0.017087,1.00261
145231,487.0,306.594316071248,12.979419,13.02783,13.02783,-1.310923,15.36167
145232,488.0,305.212927804571,12.80719,12.881473,12.881473,-0.146357,8.70386
145233,489.0,304.339232240456,13.159363,13.188335,13.188335,0.306862,2.69249
145234,490.0,304.002594387574,11.780766,11.785575,11.785575,-1.40276,11.41681
145235,491.0,303.166729224278,12.393383,12.421538,12.421538,0.635963,0.89733
145236,492.0,303.267513696163,12.125801,12.12622,12.12622,-0.295318,2.2807
145237,493.0,303.549291345979,10.724014,10.727716,10.727716,-1.398504,7.21751
145238,494.0,303.957860522502,10.062885,10.071176,10.071176,-0.65654,1.9927
145239,495.0,303.802716386765,8.448945,8.450369,8.450369,-1.620807,8.52751
145240,496.0,303.329076459876,8.647305,8.660266,8.660266,0.209897,1.94236
145241,497.0,303.083659483342,7.474679,7.478707,7.478707,-1.181559,6.30169
145242,498.0,303.3673503024,7.335257,7.340741,7.340741,-0.137966,-1.37495
145243,499.0,303.65004171082,6.819841,6.825697,6.825697,-0.515044,0.63253
145244,500.0,303.845207588271,6.155464,6.158557,6.158557,-0.66714,1.34106
145245,501.0,303.651681937184,3.807421,3.812336,3.812336,-2.346221,5.74205
145246,502.0,303.60019940359,3.583335,3.583705,3.583705,-0.228631,0.64511
145247,503.0,303.3851240336,3.3295,3.336439,3.336439,-0.247266,1.48335
145248,504.0,303.242211705289,1.487626,1.494475,1.494475,-1.841964,1.98408
145249,505.0,303.145644335088,1.324456,1.327972,1.327972,-0.166503,0.37788
145251,507.0,302.968337883602,3.11938,3.124415,1.562208,0.117118,0.13955
145252,508.0,302.876750931138,3.558238,3.559416,3.559416,1.997208,-12.44878
145253,509.0,302.661059807034,4.969608,4.974286,4.974286,1.41487,-10.55383
145254,510.0,302.522246709534,5.361481,5.363277,5.363277,0.388991,-0.29085
145255,511.0,302.220815257319,6.626287,6.633139,6.633139,1.269862,-12.05768
145256,512.0,301.757866239552,8.527073,8.539631,8.539631,1.906492,-23.98613
145257,513.0,301.085142097958,9.832241,9.855228,9.855228,1.315597,-14.87868
145258,514.0,299.995966899889,10.592629,10.648478,10.648478,0.79325,1.87247
145259,515.0,298.668941703759,11.14196,11.220707,11.220707,0.572229,4.27563
145300,516.0,298.129041696295,11.661035,11.673527,11.673527,0.45282,0.82602
145301,517.0,297.662417607129,11.661034,11.670366,11.670366,-0.003161,3.2815
145302,518.0,297.047812341477,11.659466,11.675654,11.675654,0.005288,4.00404
145303,519.0,296.719320150495,12.43261,12.436949,12.436949,0.761295,-16.06823
145304,520.0,296.470694125478,12.975127,12.977509,12.977509,0.54056,-13.75973
145305,521.0,296.650052420802,13.318673,13.319881,13.319881,0.342372,-7.77582
145306,522.0,296.602327823558,12.853839,12.853928,12.853928,-0.465953,3.93109
145307,523.0,296.624586389459,12.771306,12.771325,12.771325,-0.082603,0.98214
145308,524.0,297.607330630965,13.240932,13.277352,13.277352,0.506027,-25.76605
145309,525.0,296.631225000923,13.252568,13.288466,13.288466,0.011114,5.24462
145310,526.0,295.415593961336,12.66192,12.720141,12.720141,-0.568325,10.78368
145311,527.0,295.326572123454,12.756418,12.756729,12.756729,0.036588,0.76146
145312,528.0,294.947326554231,13.318669,13.324067,13.324067,0.567338,-12.90086
145313,529.0,293.75537640577,12.771301,12.826803,12.826803,-0.497264,10.1426
145314,530.0,292.686346479553,12.527298,12.572829,12.572829,-0.253974,7.94935
145315,531.0,291.129854063869,12.70235,12.797358,12.797358,0.224529,7.13284
145316,532.0,290.650219956321,12.85383,12.862775,12.862775,0.065417,2.54244
145317,533.0,291.362215497828,10.760332,10.783862,10.783862,-2.078913,8.92989
145318,534.0,291.775321292401,10.475202,10.483345,10.483345,-0.300517,0.17587
145319,535.0,291.623082878897,10.089518,10.090667,10.090667,-0.392678,3.51662
145320,536.0,291.153230719801,9.271916,9.283813,9.283813,-0.806854,6.96108
145321,537.0,290.841779590272,8.165379,8.171316,8.171316,-1.112497,6.85757
145322,538.0,290.746520064631,7.2701,7.270724,7.270724,-0.900592,4.27349
145323,539.0,290.60321931003,6.812208,6.813715,6.813715,-0.457009,2.64635
145324,540.0,290.572293526772,3.807398,3.807524,3.807524,-3.006191,6.22518
145325,541.0,290.478281432662,4.58427,4.585233,4.585233,0.777709,-6.35186
145326,542.0,290.422688395942,4.331508,4.331865,4.331865,-0.253368,0.8794
145327,543.0,290.256921684418,5.299782,5.302374,5.302374,0.970509,-8.14028
145328,544.0,290.024777160899,5.495679,5.50058,5.50058,0.198206,0.7416
145329,545.0,289.799731449012,6.587503,6.591346,6.591346,1.090766,-11.17573
145330,546.0,289.50978669046,6.812201,6.818368,6.818368,0.227022,0.92745
145331,547.0,289.155804505466,7.717322,7.725436,7.725436,0.907068,-8.97441
145332,548.0,288.85616423277,8.237503,8.24295,8.24295,0.517514,-0.32091
145333,549.0,288.590407286318,8.245885,8.250167,8.250167,0.007217,1.74633
145334,550.0,288.439797892994,8.98455,8.985812,8.985812,0.735645,-12.31437
145335,551.0,287.823672089702,9.959448,9.978488,9.978488,0.992676,-10.44027
145336,552.0,287.070679953216,11.071092,11.09667,11.09667,1.118182,-13.01582
145337,553.0,286.225539674024,10.883479,10.916244,10.916244,-0.180426,6.18814
145338,554.0,285.673869219191,11.76841,11.781333,11.781333,0.865089,-12.90866
145339,555.0,285.344410810311,11.269504,11.274319,11.274319,-0.507014,5.53749
145340,556.0,285.639658852629,11.495692,11.499483,11.499483,0.225164,-6.33392
145341,557.0,285.719697923187,12.718188,12.71844,12.71844,1.218957,-25.50323
145342,558.0,285.117172869828,14.568905,14.581359,14.581359,1.862919,-45.96335
145343,559.0,285.422540673237,14.701735,14.704906,14.704906,0.123547,-5.49843
145344,560.0,285.90760651783,14.515896,14.523998,14.523998,-0.180908,-1.79313
145345,561.0,286.93240750232,14.085755,14.122985,14.122985,-0.401013,-4.54589
145346,562.0,286.865281387633,14.255512,14.25567,14.25567,0.132685,-1.11192
145347,563.0,286.969334048162,14.000775,14.001161,14.001161,-0.254509,1.08741
145348,564.0,285.765693276217,13.817261,13.869587,13.869587,-0.131574,7.09641
145349,565.0,285.158591652584,14.334699,14.347549,14.347549,0.477962,-1.00367
145350,566.0,283.961180184631,14.417685,14.467323,14.467323,0.119774,4.72862
145351,567.0,283.217330444181,10.481967,10.508328,10.508328,-3.958995,26.74481
145352,568.0,281.933234325923,10.952019,11.02704,11.02704,0.518712,4.39863
145353,569.0,281.278767666005,9.537633,9.560061,9.560061,-1.466979,11.44601
145354,570.0,280.714105506736,6.615483,6.639538,6.639538,-2.920523,13.51644
145355,571.0,280.548557839674,6.557253,6.559343,6.559343,-0.080195,1.35694
145356,572.0,279.940121061165,8.739358,8.760512,8.760512,2.201169,-26.89668
145357,573.0,279.240072771349,10.183962,10.207995,10.207995,1.447483,-17.79588
145358,574.0,278.390833087149,11.855963,11.886339,11.886339,1.678344,-25.22213
145359,575.0,278.329257969454,13.287344,13.287487,13.287487,1.401148,-38.26945
145400,576.0,278.348370335316,13.775865,13.775878,13.775878,0.488391,-8.9674
145401,577.0,277.933561407311,16.307369,16.312644,16.312644,2.536766,-77.70153
145402,578.0,277.953397021028,17.707578,17.707589,17.707589,1.394945,-42.84549
145403,579.0,277.658833931486,18.249565,18.251942,18.251942,0.544353,-27.3167
145404,580.0,277.391129832531,18.91996,18.921854,18.921854,0.669912,-34.19263
145405,581.0,277.537935191105,17.673644,17.674254,17.674254,-1.2476,7.44089
145406,582.0,277.459330435233,19.052784,19.052946,19.052946,1.378692,-62.19042
145407,583.0,275.84575540196,18.32969,18.400575,18.400575,-0.652371,10.49115
145408,584.0,273.330506103069,18.766281,18.93409,18.93409,0.533515,2.79674
145409,585.0,273.177616131734,17.025588,17.026274,17.026274,-1.907816,15.24853
145410,586.0,271.30738598713,18.329654,18.42482,18.42482,1.398546,-28.36896
145411,587.0,271.708407785759,16.973044,16.977781,16.977781,-1.447039,8.17661
145412,588.0,271.026112693443,17.025555,17.039221,17.039221,0.06144,0.12031
145413,589.0,272.862567497504,17.626913,17.72232,17.72232,0.683099,-52.22191
145414,590.0,271.398855268267,15.907828,15.975025,15.975025,-1.747295,20.67812
145415,591.0,272.458471052502,17.025523,17.058465,17.058465,1.08344,-49.64741
145416,592.0,271.961874278778,16.21468,16.222282,16.222282,-0.836183,7.73607
145417,593.0,272.067850610468,14.638742,14.639126,14.639126,-1.583156,11.06357
145418,594.0,271.124966887029,15.67347,15.701805,15.701805,1.062679,-23.04147
145419,595.0,271.477682079403,15.9798,15.983693,15.983693,0.281888,-11.65337
145420,596.0,272.076627164688,15.263981,15.275728,15.275728,-0.707965,1.37497
145421,597.0,272.361836527369,14.82669,14.829433,14.829433,-0.446295,1.14351
145422,598.0,272.392983065767,16.439852,16.439882,16.439882,1.610449,-45.59401
145423,599.0,272.467536376982,16.873379,16.873543,16.873543,0.433661,-12.21168
145424,600.0,273.077551383799,16.234003,16.24546,16.24546,-0.628083,0.13057
145425,601.0,273.423245009146,16.373605,16.377254,16.377254,0.131794,-7.49705
145426,602.0,274.496579923042,15.005831,15.044169,15.044169,-1.333085,4.01342
145427,603.0,270.032018619778,15.741492,16.362362,16.362362,1.318193,9.6276
145428,604.0,266.791771832592,15.965714,16.291201,16.291201,-0.071161,15.41188
145429,605.0,267.31106890343,14.73897,14.748115,14.748115,-1.543086,8.59243
145430,606.0,267.506957807227,13.892533,13.893914,13.893914,-0.854201,5.11398
145431,607.0,266.858547130018,14.39733,14.411924,14.411924,0.51801,-1.15921
145432,608.0,266.0771902619,12.745994,12.769921,12.769921,-1.642003,15.81167
145433,609.0,265.775971140872,11.766521,11.770376,11.770376,-0.999545,8.68745
145434,610.0,265.434787312302,11.278418,11.283578,11.283578,-0.486798,5.48151
145435,611.0,265.124991636876,10.232284,10.236973,10.236973,-1.046605,7.9619
145436,612.0,264.090606735526,10.062757,10.115782,10.115782,-0.121191,6.67686
145437,613.0,263.20453241686,9.430159,9.471696,9.471696,-0.644086,8.42074
145438,614.0,262.500142876708,9.163895,9.190926,9.190926,-0.28077,5.55852
145439,615.0,262.082868351575,6.076317,6.090627,6.090627,-3.100299,12.42041
145440,616.0,262.008742701084,4.114212,4.11488,4.11488,-1.975747,4.70879
145441,617.0,262.038201687001,2.617559,2.617725,2.617725,-1.497155,1.79476
145442,618.0,262.044298717977,1.1898,1.189815,1.189815,-1.42791,0.61802
145443,619.0,261.926690309843,2.617559,2.6202,2.6202,1.430385,-5.70241
145444,620.0,261.822102929202,1.537325,1.540879,1.540879,-1.079321,1.20597
145447,623.0,261.905558126879,1.145601,1.148637,0.382879,-0.386,-0.2411
145449,625.0,261.900559319285,0.698784,0.698802,0.349401,-0.016739,-0.31945
145450,626.0,261.912579695038,0.66717,0.667278,0.667278,0.317877,-0.76554
145451,627.0,261.922596674838,0.555975,0.556065,0.556065,-0.111213,-0.32575
145453,629.0,261.962391353775,0.698784,0.699917,0.349958,-0.103053,-0.30329
145454,630.0,261.99812459274,0.507973,0.509228,0.509228,0.15927,-0.98953
145457,633.0,262.093413230008,1.354594,1.357941,0.452647,-0.01886,-0.3099
145459,635.0,262.212482878273,1.50998,1.514667,0.757334,0.152344,-1.40401
145506,642.0,262.090247217663,1.943775,1.947615,0.278231,-0.068443,-0.318
145507,643.0,262.038201687001,1.012855,1.014191,1.014191,0.73596,-1.04101
145508,644.0,262.0114802892,0.838541,0.838967,0.838967,-0.175224,-0.0658
145511,647.0,261.998092397723,0.66717,0.667304,0.222435,-0.205511,-0.30815
145512,648.0,262.025677595042,0.75309,0.753595,0.753595,0.53116,-1.35386
145513,649.0,262.038201687001,0.555975,0.556116,0.556116,-0.197479,-0.31328
145515,651.0,262.038201687001,0.0,0.0,0.0,-0.278058,-0.35
145516,652.0,261.975779245268,1.222484,1.224077,1.224077,1.224077,-2.26257
145518,654.0,261.922596674838,1.294324,1.295416,0.647708,-0.288184,-0.0604
145519,655.0,261.86920213063,1.324431,1.325507,1.325507,0.677799,-1.3727
145520,656.0,261.797250036156,1.294324,1.296322,1.296322,-0.029185,0.1488
145521,657.0,261.674784344072,2.008121,2.011852,2.011852,0.71553,-0.31781
145522,658.0,261.519327366967,3.583329,3.5867,3.5867,1.574848,-8.7147
145523,659.0,261.424811199329,3.031959,3.033432,3.033432,-0.553268,1.28242
145524,660.0,261.363088768045,3.678089,3.678607,3.678607,0.645175,-4.51722
145525,661.0,261.169274736361,6.947329,6.950032,6.950032,3.271425,-39.72281
145526,662.0,261.356846880493,4.114212,4.118486,4.118486,-2.831546,5.22357
145527,663.0,261.766561321067,8.55869,8.568491,8.568491,4.450005,-73.32432
145529,665.0,260.047908997159,29.153272,29.203887,14.601944,3.016727,-71.76083
145531,667.0,256.947002719452,35.714634,35.848998,17.924499,1.661278,-40.11098
145532,668.0,255.994692560602,12.901374,12.936473,12.936473,-4.988026,39.84203
145533,669.0,255.961668143719,13.39171,13.391751,13.391751,0.455278,-16.4674
145534,670.0,259.020396254948,12.569651,12.936458,12.936458,-0.455293,-39.58456
145541,677.0,297.089650802457,87.7459,95.648372,13.664053,0.103942,-94.74531
145739,795.0,285.849290318705,38.620463,40.222952,0.340872,-0.112908,-0.30271
145748,804.0,241.328771135509,16.281325,16.698901,16.698901,0.607336,11.45882
145749,805.0,236.605745422892,17.012395,17.655837,17.655837,0.956936,12.17352
145750,806.0,232.131350721503,17.220618,17.792411,17.792411,0.136574,18.4424
145751,807.0,228.08207897139,17.220609,17.690279,17.690279,-0.102132,18.58812
145752,808.0,225.455077720272,16.741864,16.946715,16.946715,-0.743564,17.67415
145753,809.0,224.588176202701,17.461819,17.483325,17.483325,0.53661,-3.81301
145754,810.0,223.977323765261,17.316885,17.327655,17.327655,-0.15567,1.45306
145755,811.0,223.305205175721,16.773162,16.786622,16.786622,-0.541033,5.72658
145756,812.0,222.628912925797,17.01234,17.025777,17.025777,0.239155,-1.50652
145757,813.0,221.927792077655,17.268925,17.283152,17.283152,0.257375,-1.83998
145758,814.0,221.251789151537,16.281252,16.29528,16.29528,-0.987872,9.96189
145759,815.0,220.716255300015,17.599597,17.607743,17.607743,1.312463,-45.35935
145800,816.0,220.28310556692,16.773126,16.778718,16.778718,-0.829025,7.05944
145801,817.0,219.836612316187,17.0123,17.018158,17.018158,0.23944,-2.70271
145802,818.0,219.492189874785,16.183343,16.187008,16.187008,-0.83115,6.91764
145803,819.0,218.097926859411,17.368477,17.424349,17.424349,1.237341,-27.10205
145804,820.0,216.264082586988,16.527507,16.628935,16.628935,-0.795414,14.1715
145805,821.0,216.23600769043,16.546047,16.546071,16.546071,-0.082864,-1.52203
145806,822.0,216.23600769043,16.812118,16.812118,16.812118,0.266047,-19.77875
145807,823.0,216.23600769043,16.971569,16.971569,16.971569,0.159451,-4.2619
145808,824.0,216.23600769043,16.085303,16.085303,16.085303,-0.886266,5.63724
145809,825.0,216.23600769043,15.493287,15.493287,15.493287,-0.592016,3.45197
145810,826.0,216.23600769043,15.861955,15.861955,15.861955,0.368668,-20.48826
145811,827.0,216.23600769043,15.214543,15.214543,15.214543,-0.647412,4.04963
145812,828.0,216.23600769043,14.80408,14.80408,14.80408,-0.410463,2.37064
145813,829.0,216.23600769043,14.76507,14.76507,14.76507,-0.03901,-0.53261
145814,830.0,216.23600769043,15.004732,15.004732,15.004732,0.239662,-14.99357
145815,831.0,216.23600769043,15.298996,15.298996,15.298996,0.294264,-17.10466
145816,832.0,216.23600769043,15.591491,15.591491,15.591491,0.292495,-17.70731
145817,833.0,216.23600769043,15.94781,15.94781,15.94781,0.356319,-20.34444
145818,834.0,216.23600769043,16.5274,16.5274,16.5274,0.57959,-28.39266
145819,835.0,216.357636475745,16.971483,16.971919,16.971919,0.444519,-13.47706
145820,836.0,218.971000388751,18.288988,18.47476,18.47476,1.502841,-94.35833
145821,837.0,219.653258263557,17.705421,17.718561,17.718561,-0.756199,-0.01746
145822,838.0,220.2052680011,18.746403,18.754529,18.754529,1.035968,-43.31626
145823,839.0,220.728580199217,18.49545,18.502852,18.502852,-0.251677,-4.72054
145824,840.0,221.271123184764,18.607575,18.615483,18.615483,0.112631,-11.99196
145825,841.0,221.813855583819,17.800741,17.809013,17.809013,-0.80647,1.12894
145826,842.0,222.426353505731,18.288937,18.29919,18.29919,0.490177,-25.36653
145827,843.0,223.015951299948,18.288928,18.298429,18.298429,-0.000761,-8.85542
145828,844.0,223.47182990675,17.01209,17.018197,17.018197,-1.280232,6.37036
145829,845.0,223.985425269581,15.986087,15.994335,15.994335,-1.023862,4.16307
145830,846.0,224.282973805756,13.353674,13.356989,13.356989,-2.637346,17.4083
145831,847.0,224.745689688988,12.686454,12.69489,12.69489,-0.662099,2.64602
145832,848.0,225.06201312623,8.780017,8.785714,8.785714,-3.909176,17.11405
145833,849.0,225.332257398949,5.985172,5.99127,5.99127,-2.794444,7.67151
145834,850.0,225.473785339642,2.617451,2.621274,2.621274,-3.369996,3.83016
145835,851.0,225.661140875681,2.699331,2.705825,2.705825,0.084551,-3.33106
145836,852.0,225.812236396159,1.824775,1.83102,1.83102,-0.874805,-0.14152
145837,853.0,225.915244569072,1.294278,1.298371,1.298371,-0.532649,-0.5781
145838,854.0,226.154708968892,2.541307,2.552564,2.552564,1.254193,-9.61979
145839,855.0,226.481504057977,3.049026,3.066489,3.066489,0.513925,-8.0992
145840,856.0,226.852426973244,3.361873,3.382274,3.382274,0.315785,-7.8761
145841,857.0,227.197588508249,3.6815,3.697645,3.697645,0.315371,-7.50916
145842,858.0,227.578746311027,4.570254,4.586121,4.586121,0.888476,-13.0981
145843,859.0,228.25257364879,6.371877,6.407407,6.407407,1.821286,-31.29341
145844,860.0,228.911039368467,6.104767,6.140176,6.140176,-0.267231,-7.24465
145845,861.0,229.649997151181,7.278779,7.316193,7.316193,1.176017,-26.63269
145846,862.0,230.527698676682,9.337277,9.378438,9.378438,2.062245,-47.54557
145847,863.0,231.925992393051,10.801122,10.891256,10.891256,1.512818,-50.91519
145848,864.0,235.060216038055,11.517994,11.936815,11.936815,1.045559,-73.78791
145849,865.0,237.598021279057,12.064231,12.328265,12.328265,0.39145,-49.50351
145851,867.0,241.868442427465,26.3232,26.667346,13.333673,0.502704,-46.01532
145852,868.0,242.601845460338,14.427271,14.445901,14.445901,1.112228,-38.48083
145853,869.0,244.293530879201,14.634227,14.73168,14.73168,0.285779,-34.17539
145854,870.0,244.97871253392,16.138947,16.153486,16.153486,1.421806,-50.67052
145855,871.0,247.993099399397,15.967225,16.249271,16.249271,0.095785,-53.29382
145856,872.0,247.431067158241,15.704898,15.714952,15.714952,-0.534319,5.78391
145857,873.0,248.39291334556,15.668765,15.698259,15.698259,-0.016693,-13.69221
145858,874.0,249.139606219564,16.820382,16.836947,16.836947,1.138688,-45.26507
145859,875.0,249.675305408419,16.533253,16.541929,16.541929,-0.295018,-2.59928
145900,876.0,250.915718847798,17.507951,17.551837,17.551837,1.009908,-51.71618
145901,877.0,250.835840480454,18.043106,18.043283,18.043283,0.491446,-28.73946
145902,878.0,250.811603548124,18.360289,18.360305,18.360305,0.317022,-24.93994
145903,879.0,253.359176105531,18.652943,18.82611,18.82611,0.465805,-59.3603
145904,880.0,255.697138049858,19.082192,19.224882,19.224882,0.398772,-53.93631
145905,881.0,256.818415596144,19.042952,19.075935,19.075935,-0.148947,-13.60497
145906,882.0,257.253028435655,19.558668,19.563497,19.563497,0.487562,-24.02432
145907,883.0,257.294596685707,19.985082,19.985126,19.985126,0.421629,-15.38571
145908,884.0,257.354588089161,20.404697,20.404786,20.404786,0.41966,-16.23101
145909,885.0,253.691794939934,20.492622,20.817387,20.817387,0.412601,7.20586
145910,886.0,254.701696500187,20.904936,20.929316,20.929316,0.111929,-22.1408
145912,888.0,263.865294709526,39.440082,40.490636,20.245318,-0.341999,-67.8968
145913,889.0,264.484481209483,19.56215,19.571947,19.571947,-0.673371,-1.96356
145914,890.0,264.626694287231,19.082196,19.082726,19.082726,-0.489221,-0.91787
145915,891.0,264.55846131198,20.004868,20.004984,20.004984,0.922258,-50.63364
145916,892.0,264.176867659609,20.053015,20.056646,20.056646,0.051662,-4.92576
145917,893.0,263.93745640612,20.518234,20.519631,20.519631,0.462985,-32.87199
145918,894.0,264.214788691792,19.54725,19.549217,19.549217,-0.970414,2.94315
145919,895.0,264.551347416253,20.700604,20.70334,20.70334,1.154123,-48.79018
145920,896.0,264.521778058633,20.109947,20.109968,20.109968,-0.593372,0.08084
145921,897.0,264.725429936193,20.198282,20.199309,20.199309,0.089341,-8.58388
145922,898.0,264.836482493247,19.619199,19.619514,19.619514,-0.579795,-0.32636
145923,899.0,265.043391773591,19.779893,19.780975,19.780975,0.161461,-8.80317
145924,900.0,265.618505773835,19.978913,19.987189,19.987189,0.206214,-17.05778
145925,901.0,266.466576874026,19.7886,19.806764,19.806764,-0.180425,-8.58132
145926,902.0,265.559753315912,19.3617,19.382924,19.382924,-0.42384,3.60833
145927,903.0,264.328748425917,19.788583,19.826835,19.826835,0.443911,-4.32806
145928,904.0,263.62757662072,20.00207,20.014356,20.014356,0.187521,-4.648
145929,905.0,263.450498189125,19.48222,19.483025,19.483025,-0.531331,0.80595
145930,906.0,263.367757474314,19.892025,19.892197,19.892197,0.409172,-31.61455
145931,907.0,263.246119893189,20.126825,20.127193,20.127193,0.234996,-8.34776
145932,908.0,263.05670577482,19.89602,19.896922,19.896922,-0.230271,-2.72901
145933,909.0,262.780274039183,20.415836,20.417707,20.417707,0.520785,-33.99253
145934,910.0,261.685008090446,20.890719,20.919411,20.919411,0.501704,-7.38755
145935,911.0,260.454339118469,21.327507,21.362985,21.362985,0.443574,-6.75346
145936,912.0,259.411761591154,22.552701,22.576787,22.576787,1.213802,-56.50444
145937,913.0,258.658758353246,23.155474,23.167715,23.167715,0.590928,-14.20126
145938,914.0,257.983560433636,24.802965,24.812154,24.812154,1.644439,-94.02624
145939,915.0,257.336126101833,25.322181,25.330456,25.330456,0.518302,-18.07419
145940,916.0,256.83605109906,25.919769,25.924593,25.924593,0.594137,-55.42327
145941,917.0,256.691044974398,25.303834,25.30425,25.30425,-0.620343,-5.28023
145942,918.0,256.550663214711,25.322138,25.322527,25.322527,0.018277,-13.95691
145943,919.0,253.830019959795,24.904986,25.053148,25.053148,-0.269379,3.86628
145944,920.0,250.952524592881,24.385675,24.55486,24.55486,-0.498288,8.47316
145945,921.0,250.413444814442,23.879514,23.885598,23.885598,-0.669262,-0.64427
145946,922.0,250.388155275498,23.879503,23.879516,23.879516,-0.006082,-11.7726
145947,923.0,250.251531823101,22.976825,22.977232,22.977232,-0.902284,1.23593
145948,924.0,250.293926008647,22.959319,22.959358,22.959358,-0.017874,-10.51303
145949,925.0,250.241980847518,22.635767,22.635827,22.635827,-0.323531,-5.83215
145950,926.0,249.99104557533,22.559154,22.56055,22.56055,-0.075277,-7.67647
145951,927.0,250.119554232241,22.541324,22.54169,22.54169,-0.01886,-10.31252
145952,928.0,250.010622601124,22.541313,22.541577,22.541577,-0.000113,-9.29524
145953,929.0,249.989580044463,22.541303,22.541313,22.541313,-0.000264,-9.75293
145954,930.0,250.14298484682,22.959253,22.959765,22.959765,0.418452,-21.58736
145955,931.0,250.089466138436,22.460231,22.460294,22.460294,-0.499471,-3.47914
145956,932.0,250.073202685047,22.37635,22.376356,22.376356,-0.083938,-8.52954
145957,933.0,250.080332684468,22.460213,22.460214,22.460214,0.083858,-10.78517
145958,934.0,250.123453080933,22.040906,22.040948,22.040948,-0.419266,-4.41268
145959,935.0,250.181037777111,22.541247,22.54132,22.54132,0.500372,-22.57866
150000,936.0,250.083153152177,22.460185,22.460398,22.460398,-0.080922,-8.26171
150001,937.0,250.267018464568,22.361657,22.362413,22.362413,-0.097985,-9.38891
150002,938.0,250.459666578025,22.04087,22.041712,22.041712,-0.320701,-6.35506
150003,939.0,250.355933559265,22.460158,22.460398,22.460398,0.418686,-40.41002
150004,940.0,249.335429710613,22.46015,22.483322,22.483322,0.022924,-4.71276
150005,941.0,245.687209821544,22.039905,22.339805,22.339805,-0.143517,11.24038
150006,942.0,244.988934077445,22.040834,22.051892,22.051892,-0.287913,-2.0908
150007,943.0,244.493006370972,22.29654,22.302055,22.302055,0.250163,-9.88461
150008,944.0,245.146791882292,21.621673,21.631555,21.631555,-0.6705,-4.20328
150009,945.0,238.304456879949,21.537854,22.5986,22.5986,0.967045,14.1969
150010,946.0,235.347826106168,20.950311,21.157911,21.157911,-1.440689,23.8856
150011,947.0,234.27402058913,21.621649,21.648297,21.648297,0.490386,-8.58458
150012,948.0,233.134317840422,20.855656,20.886774,20.886774,-0.761523,6.97775
150013,949.0,232.350641131224,21.3348,21.349188,21.349188,0.462414,-9.27907
150014,950.0,231.539643401871,20.904388,20.920113,20.920113,-0.429075,1.51588
150015,951.0,230.74013958361,20.979962,20.99519,20.99519,0.075077,-4.27646
150016,952.0,229.839487322921,21.03441,21.053684,21.053684,0.058494,-3.64399
150017,953.0,229.18797868107,20.542779,20.553107,20.553107,-0.500577,1.87935
150018,954.0,229.571123028935,20.684284,20.687833,20.687833,0.134726,-11.73374
150019,955.0,229.998504506929,19.695817,19.700453,19.700453,-0.98738,2.22987
150020,956.0,230.259253663999,20.197839,20.199522,20.199522,0.499069,-22.33347
150021,957.0,230.875155639978,19.282935,19.292769,19.292769,-0.906753,0.70488
150022,958.0,231.310072751877,19.679196,19.684001,19.684001,0.391232,-20.79841
150023,959.0,232.534218907573,19.282949,19.321766,19.321766,-0.362235,-8.11188
150024,960.0,234.212608266374,19.277738,19.350664,19.350664,0.028898,-29.65864
150025,961.0,236.094548577013,18.842476,18.936224,18.936224,-0.41444,-17.91483
150026,962.0,238.272280515582,18.276028,18.405317,18.405317,-0.530907,-19.36084
150027,963.0,241.11835492004,18.442222,18.660538,18.660538,0.255221,-57.32444
150028,964.0,242.120217927614,18.442229,18.469422,18.469422,-0.191116,-9.90742
150029,965.0,243.590991368413,17.338578,17.400847,17.400847,-1.068575,-1.0383
150030,966.0,244.344476402316,16.607906,16.62499,16.62499,-0.775857,0.45852
150031,967.0,244.921300221195,16.584144,16.594173,16.594173,-0.030817,-6.86765
150032,968.0,245.550864309019,16.516466,16.52846,16.52846,-0.065713,-6.73432
150033,969.0,246.384051762484,16.500368,16.521391,16.521391,-0.007069,-12.05099
150034,970.0,247.313180392709,16.935094,16.960563,16.960563,0.439172,-27.51316
150035,971.0,248.406593043213,16.500379,16.536567,16.536567,-0.423996,-4.37559
150036,972.0,250.098263160774,16.515062,16.601477,16.601477,0.06491,-29.33134
150037,973.0,250.929105190605,16.014465,16.036003,16.036003,-0.565474,-1.43544
150038,974.0,252.029334371559,16.372132,16.409058,16.409058,0.373055,-27.88335
150039,975.0,252.889754175391,16.432513,16.455024,16.455024,0.045966,-14.06679
150040,976.0,253.906613858599,16.33433,16.365951,16.365951,-0.089073,-12.808
150041,977.0,256.37093221042,16.7575,16.937729,16.937729,0.571778,-58.51738
150042,978.0,257.209891869032,16.34379,16.365309,16.365309,-0.57242,-1.62455
150043,979.0,257.307155864208,16.842135,16.842416,16.842416,0.477107,-13.87923
150044,980.0,257.568067438202,16.757501,16.759532,16.759532,-0.082884,-3.23594
150045,981.0,258.576675960037,16.334332,16.365442,16.365442,-0.39409,-4.06928
150046,982.0,262.301979329285,16.334332,16.753754,16.753754,0.388312,-74.91051
150047,983.0,263.73441436938,15.487993,15.554093,15.554093,-1.199661,0.96105
150048,984.0,263.716661985644,15.911162,15.911172,15.911172,0.357079,-19.95291
150049,985.0,263.522360100919,15.840585,15.841777,15.841777,-0.069395,-0.14695
150050,986.0,263.13411963937,16.010324,16.01503,16.01503,0.173253,-1.35506
150051,987.0,262.406221441443,16.081604,16.098069,16.098069,0.083039,1.11336
150052,988.0,260.970792501931,15.69323,15.758741,15.758741,-0.339328,8.68792
150053,989.0,256.726594923657,15.891495,16.44849,16.44849,0.689749,13.84724
150054,990.0,257.198603992108,15.724775,15.731857,15.731857,-0.716633,1.89197
150055,991.0,257.849364365779,15.07664,15.090678,15.090678,-0.641179,0.65108
150056,992.0,258.923583615017,15.397028,15.434456,15.434456,0.343778,-25.54766
150057,993.0,260.153355567354,15.127296,15.1772,15.1772,-0.257256,-11.66885
150058,994.0,262.767107570676,15.157923,15.381623,15.381623,0.204423,-48.73134
150059,995.0,267.325256849621,15.045885,15.721176,15.721176,0.339553,-87.0052
150100,996.0,268.167048896124,15.157939,15.181295,15.181295,-0.539881,-1.21347
150101,997.0,269.396887144014,15.693302,15.741418,15.741418,0.560123,-34.70849
150102,998.0,270.947600981297,14.743204,14.824533,14.824533,-0.916885,-1.7546
150103,999.0,272.195530362702,15.085562,15.13709,15.13709,0.312557,-27.45948
150104,1000.0,273.536039066816,15.488092,15.545995,15.545995,0.408905,-32.16414
150105,1001.0,274.323829764449,14.990599,15.011285,15.011285,-0.53471,-0.88179
150106,1002.0,274.744021260327,14.581421,14.587474,14.587474,-0.423811,0.39436
150107,1003.0,275.079481858111,13.680918,13.68503,13.68503,-0.902444,4.7853
150108,1004.0,275.419643621726,13.82476,13.828945,13.828945,0.143915,-6.13462
150109,1005.0,275.828536700668,13.322282,13.328555,13.328555,-0.50039,1.6085
150110,1006.0,276.272839776216,11.497453,11.506035,11.506035,-1.82252,9.65808
150111,1007.0,276.633792337841,10.978305,10.984237,10.984237,-0.521798,1.89301
150112,1008.0,276.971237494699,8.704012,8.710551,8.710551,-2.273686,9.23828
150113,1009.0,277.334845047023,7.881835,7.890218,7.890218,-0.820333,1.89794
150114,1010.0,277.632776329992,6.880332,6.88678,6.88678,-1.003438,2.37005
150115,1011.0,277.833707450599,5.445048,5.448754,5.448754,-1.438026,3.23177
150116,1012.0,278.011776761088,5.037791,5.040937,5.040937,-0.407817,0.23098
150117,1013.0,278.130176538906,3.639271,3.641196,3.641196,-1.399741,2.04269
150118,1014.0,278.252351971364,3.263802,3.266088,3.266088,-0.375108,-0.07387
150119,1015.0,278.305494449253,1.777318,1.778112,1.778112,-1.487976,0.92371
150120,1016.0,278.362903235971,1.463838,1.464963,1.464963,-0.313149,-0.29021
150121,1017.0,278.404706571117,1.438781,1.439388,1.439388,-0.025575,-0.63792
150123,1019.0,278.441995603646,2.927676,2.927914,1.463957,0.012285,-0.34174
150124,1020.0,278.440448649565,1.077687,1.077688,1.077688,-0.386269,-0.03506
150125,1021.0,278.441465557985,1.542466,1.542466,1.542466,0.464778,-1.24437
150127,1023.0,278.394233069439,1.294278,1.29514,0.64757,-0.447448,-0.02098
150131,1027.0,278.435329210076,1.53714,1.537689,0.384422,-0.065787,-0.30633
150132,1028.0,278.440448649565,1.084355,1.084367,1.084367,0.699945,-1.51416
150134,1030.0,278.540051113578,2.575292,2.577218,1.288609,0.102121,-1.12079
150135,1031.0,278.639800454077,3.361867,3.363347,3.363347,2.074738,-13.70851
150136,1032.0,278.719899972606,4.603938,4.604635,4.604635,1.241288,-10.7398
150137,1033.0,278.728112470453,4.570245,4.570252,4.570252,-0.034383,0.06487
150138,1034.0,278.774317883744,4.993416,4.99363,4.99363,0.423378,-3.56896
150139,1035.0,278.920178294577,7.701709,7.70309,7.70309,2.70946,-38.05975
150140,1036.0,279.169743141936,8.658427,8.662023,8.662023,0.958933,-16.99787
150141,1037.0,279.332488889671,9.072905,9.074365,9.074365,0.412342,-7.12524
150142,1038.0,279.382167106404,9.98683,9.986954,9.986954,0.912589,-14.39425
150143,1039.0,279.478442803142,11.848782,11.849173,11.849173,1.862219,-37.58606
150144,1040.0,279.522139535495,12.707291,12.707366,12.707366,0.858193,-16.61667
150145,1041.0,279.456565970501,13.135247,13.13541,13.13541,0.428044,-14.69364
150146,1042.0,279.496543487536,13.626097,13.626155,13.626155,0.490745,-9.21795
150147,1043.0,279.846696733376,14.608367,14.612563,14.612563,0.986408,-28.83973
150148,1044.0,280.120259620812,14.567682,14.570251,14.570251,-0.042312,-1.79431
150149,1045.0,280.055522098397,14.102406,14.102555,14.102555,-0.467696,3.51548
150150,1046.0,279.672861771474,14.567679,14.572704,14.572704,0.470149,-13.39737
150151,1047.0,279.693117814614,14.524025,14.524039,14.524039,-0.048665,-0.38504
150152,1048.0,279.623916494267,14.567675,14.56784,14.56784,0.043801,-0.668
150153,1049.0,279.026751929938,15.030083,15.041941,15.041941,0.474101,-1.74548
150154,1050.0,278.621040356889,14.060251,14.066103,14.066103,-0.975838,9.12982
150155,1051.0,277.496175015773,14.557058,14.600454,14.600454,0.534351,1.00982
150156,1052.0,275.380318060442,14.049254,14.207687,14.207687,-0.392767,13.63058
150157,1053.0,274.242614583043,13.202913,13.251841,13.251841,-0.955846,12.95032
150158,1054.0,273.538659662866,14.102399,14.119957,14.119957,0.868116,-16.75135
150159,1055.0,273.027481728434,13.407822,13.417563,13.417563,-0.702394,7.83467
150200,1056.0,272.36815703079,13.95292,13.968489,13.968489,0.550926,-0.89967
150201,1057.0,271.865960980905,13.748323,13.757492,13.757492,-0.210997,4.07963
150202,1058.0,271.146534449375,13.814959,13.833678,13.833678,0.076186,3.05284
150203,1059.0,270.25091697972,13.613692,13.64312,13.64312,-0.190558,6.05525
150204,1060.0,269.567650869092,12.832484,12.850662,12.850662,-0.792458,9.49721
150205,1061.0,268.899008518716,13.101859,13.11891,13.11891,0.268248,1.94645
150206,1062.0,268.299542924022,11.323644,11.339501,11.339501,-1.779409,14.67405
150207,1063.0,267.698511336851,10.641241,10.658201,10.658201,-0.6813,7.69931
150208,1064.0,267.268475276089,9.36531,9.375177,9.375177,-1.283024,9.18471
150209,1065.0,266.811825322997,8.376008,8.388447,8.388447,-0.98673,7.20793
150210,1066.0,266.311426422483,8.293339,8.308421,8.308421,-0.080026,3.36735
150211,1067.0,265.647512075252,8.358298,8.384624,8.384624,0.076203,3.53606
150212,1068.0,264.978486875439,9.049747,9.074443,9.074443,0.689819,0.644
150213,1069.0,264.403835131206,9.065263,9.083459,9.083459,0.009016,3.44663
150214,1070.0,263.742728019439,11.773992,11.792538,11.792538,2.709079,-49.99875
150215,1071.0,263.234110227584,12.017684,12.028442,12.028442,0.235904,2.09837
150216,1072.0,262.880044741105,11.596137,11.601541,11.601541,-0.426901,5.30588
150217,1073.0,263.27340512996,12.979156,12.985116,12.985116,1.383575,-35.48793
150218,1074.0,264.687577734569,13.184508,13.260133,13.260133,0.275017,-27.83726
150219,1075.0,266.207582142303,13.380001,13.466062,13.466062,0.205929,-28.18681
150220,1076.0,266.796818777273,13.345309,13.358311,13.358311,-0.107751,-4.23331
150221,1077.0,267.21993163594,12.404125,12.41134,12.41134,-0.946971,4.79953
150222,1078.0,267.965558755755,11.667421,11.691222,11.691222,-0.720118,1.41308
150223,1079.0,268.581158280877,9.729956,9.74941,9.74941,-1.941812,7.44102
150224,1080.0,269.091992178053,9.139975,9.154239,9.154239,-0.595171,0.72468
150225,1081.0,269.541381020614,7.678745,7.691884,7.691884,-1.462355,3.97522
150226,1082.0,270.08993167212,6.975036,6.996573,6.996573,-0.695311,-0.02142
150227,1083.0,270.617150940197,6.802735,6.823135,6.823135,-0.173438,-5.53031
150228,1084.0,271.274331651744,5.898564,5.935061,5.935061,-0.888074,-0.78033
150229,1085.0,271.697136471007,4.904398,4.922589,4.922589,-1.012472,0.5016
150230,1086.0,271.946162353635,3.839378,3.847445,3.847445,-1.075144,0.86454
150231,1087.0,272.06501103916,3.18049,3.18271,3.18271,-0.664735,0.41161
150232,1088.0,272.177522451121,2.59192,2.594361,2.594361,-0.588349,0.08189
150233,1089.0,272.299026805998,2.227795,2.231106,2.231106,-0.363255,-0.43939
150234,1090.0,272.390397760129,1.862278,1.864518,1.864518,-0.366588,-0.31614
150235,1091.0,272.457918442739,1.509601,1.51111,1.51111,-0.353408,-0.29929
150237,1093.0,272.518540811286,1.46386,1.465115,0.732558,-0.389276,-0.29894
150238,1094.0,272.541352434927,0.555975,0.556442,0.556442,-0.176116,-0.42863
150240,1096.0,272.518540811286,0.555975,0.556442,0.278221,-0.139111,-0.30751
150241,1097.0,272.555378227253,1.354171,1.354672,1.354672,1.076451,-3.25385
150242,1098.0,272.638118568101,1.824791,1.826666,1.826666,0.471994,-2.86603
150243,1099.0,272.786864484763,3.67545,3.678458,3.678458,1.851792,-14.18264
150244,1100.0,272.96973228662,4.435008,4.438776,4.438776,0.760318,-8.39955
150245,1101.0,273.205750358641,5.512513,5.517563,5.517563,1.078787,-13.62777
150246,1102.0,273.362425966196,6.464454,6.466353,6.466353,0.94879,-12.25469
150247,1103.0,273.5885001083,8.400237,8.403279,8.403279,1.936926,-30.97397
150248,1104.0,273.936589293407,10.144258,10.150228,10.150228,1.746949,-35.02518
150249,1105.0,274.609361509106,11.479901,11.499598,11.499598,1.34937,-36.15339
150250,1106.0,275.679490259808,11.911983,11.959955,11.959955,0.460357,-24.9684
150251,1107.0,277.058211797001,12.016036,12.094875,12.094875,0.13492,-23.35075
150252,1108.0,278.491091555525,11.479909,11.568987,11.568987,-0.525888,-10.75903
150253,1109.0,279.356164067912,12.492388,12.522305,12.522305,0.953318,-32.87611
150254,1110.0,279.603609737886,11.981854,11.984409,11.984409,-0.537896,3.01012
150255,1111.0,279.798105838707,12.316751,12.318286,12.318286,0.333877,-7.01028
150256,1112.0,280.186491972611,12.098927,12.10516,12.10516,-0.213126,0.25357
150257,1113.0,280.574385654403,13.238673,13.244354,13.244354,1.139194,-30.298
150258,1114.0,281.131005830727,13.322549,13.334172,13.334172,0.089818,-8.38368
150259,1115.0,281.025657751133,14.242314,14.242704,14.242704,0.908532,-28.68615
150300,1116.0,280.537830692934,14.863771,14.871774,14.871774,0.62907,-16.51052
150301,1117.0,279.878130151572,14.761524,14.776258,14.776258,-0.095516,3.35238
150302,1118.0,279.133693732706,13.742072,13.762222,13.762222,-1.014036,11.23935
150303,1119.0,278.368637528447,14.524377,14.544513,14.544513,0.782291,-14.74405
150304,1120.0,277.794660985126,14.980601,14.991593,14.991593,0.44708,-1.59689
150305,1121.0,276.980060721094,14.608715,14.631409,14.631409,-0.360184,6.33505
150306,1122.0,275.68862678841,14.102743,14.161749,14.161749,-0.46966,9.92138
150307,1123.0,272.162084050501,14.743505,15.159402,15.159402,0.997653,9.22405
150308,1124.0,263.663988365033,15.085866,17.314762,17.314762,2.15536,21.38958
150309,1125.0,256.217534971028,15.519321,17.213337,17.213337,-0.101425,36.83025
150310,1126.0,251.761296269913,15.590246,16.214618,16.214618,-0.998719,29.86765
150311,1127.0,247.209388405466,15.506162,16.160474,16.160474,-0.054144,22.24745
150312,1128.0,242.890418333899,16.010727,16.58303,16.58303,0.422556,16.42461
150313,1129.0,242.413290762774,16.081997,16.089074,16.089074,-0.493956,4.76331
150314,1130.0,243.150502539289,15.50615,15.523665,15.523665,-0.565409,-0.64463
150315,1131.0,244.416257800052,16.192321,16.241718,16.241718,0.718053,-40.65204
150316,1132.0,245.805187169579,15.50614,15.568221,15.568221,-0.673497,-3.18273
150317,1133.0,247.403785306699,15.596773,15.678483,15.678483,0.110262,-28.4535
150318,1134.0,249.224052413704,15.278429,15.38648,15.38648,-0.292003,-21.07926
150319,1135.0,253.945825109514,15.161442,15.879687,15.879687,0.493207,-94.41818
150320,1136.0,258.882945694286,15.169863,15.953053,15.953053,0.073366,-86.29444
150322,1138.0,269.901410962204,29.421193,31.416766,15.708383,-0.122335,-90.71256
150323,1139.0,274.7510025091,14.260914,15.062942,15.062942,-0.645441,-64.86826
150324,1140.0,279.488756215074,14.3439,15.106084,15.106084,0.043142,-81.51916
150325,1141.0,280.604426979302,14.92099,14.962643,14.962643,-0.143441,-12.73793
150326,1142.0,280.674081691467,14.205007,14.205178,14.205178,-0.757465,4.95852
150327,1143.0,280.812441609626,13.915671,13.916359,13.916359,-0.288819,1.21171
150328,1144.0,280.905554033736,14.833664,14.833956,14.833956,0.917597,-22.95869
150329,1145.0,281.301324861829,14.8376,14.842877,14.842877,0.008921,-4.11715
150330,1146.0,282.054252754695,14.489533,14.509082,14.509082,-0.333795,-2.00134
150331,1147.0,282.633693353464,14.143448,14.155312,14.155312,-0.35377,-0.74105
150332,1148.0,283.047967020783,13.388981,13.395388,13.395388,-0.759924,3.40875
150333,1149.0,283.355800857168,13.915604,13.919008,13.919008,0.52362,-15.09387
150334,1150.0,283.510905613265,13.662281,13.663162,13.663162,-0.255846,1.02051
150335,1151.0,283.691508550117,13.345248,13.34647,13.34647,-0.316692,1.4881
150336,1152.0,284.298910740037,13.184453,13.198437,13.198437,-0.148033,-3.59175
150337,1153.0,285.004307915745,12.513491,12.533357,12.533357,-0.66508,1.42996
150338,1154.0,285.698602000346,12.754004,12.772888,12.772888,0.239531,-14.00786
150339,1155.0,286.21066298307,11.34106,11.352614,11.352614,-1.420274,6.6965
150340,1156.0,286.359095367084,10.515898,10.516945,10.516945,-0.835669,4.573
150341,1157.0,286.345635512458,9.540615,9.540624,9.540624,-0.976321,5.57696
150342,1158.0,286.191646597808,7.946937,7.948429,7.948429,-1.592195,7.91078
150343,1159.0,286.091514818297,7.995478,7.996105,7.996105,0.047676,0.68007
150344,1160.0,286.138544700905,7.614408,7.614554,7.614554,-0.381551,1.62201
150345,1161.0,286.209882547451,6.560501,6.560889,6.560889,-1.053665,3.52442
150346,1162.0,286.169131125901,7.356029,7.356142,7.356142,0.795253,-12.27734
150347,1163.0,285.902993465411,7.809555,7.814089,7.814089,0.457947,-0.17646
150348,1164.0,285.583570521677,7.946963,7.95338,7.95338,0.139291,1.43535
150349,1165.0,285.263485009768,8.048018,8.054381,8.054381,0.101001,1.60686
150350,1166.0,284.973186346586,8.719025,8.723856,8.723856,0.669475,-8.37463
150351,1167.0,284.803010300487,8.814225,8.815868,8.815868,0.092012,0.90945
150352,1168.0,284.475890276286,10.240719,10.245942,10.245942,1.430074,-24.15025
150353,1169.0,284.404750175162,10.508948,10.509189,10.509189,0.263247,-7.45626
150354,1170.0,284.345362725349,10.656617,10.656782,10.656782,0.147593,0.15194
150355,1171.0,283.958605550366,10.788011,10.794941,10.794941,0.138159,1.92696
150356,1172.0,283.74857847703,9.430686,9.433025,9.433025,-1.361916,8.47672
150357,1173.0,284.274713414408,9.184414,9.199472,9.199472,-0.233553,-2.90601
150358,1174.0,284.575959277029,10.870582,10.874755,10.874755,1.675283,-34.75357
150359,1175.0,283.990419254758,11.422435,11.437434,11.437434,0.562679,0.41839
150400,1176.0,283.780575358416,12.115314,12.117131,12.117131,0.679697,-15.56295
150401,1177.0,283.816466474828,12.85359,12.85364,12.85364,0.736509,-13.93334
150402,1178.0,283.344272094963,13.397594,13.405913,13.405913,0.552273,-11.10088
150403,1179.0,282.639251262593,12.771126,12.790572,12.790572,-0.615341,8.41265
150404,1180.0,281.993401641234,12.042668,12.059974,12.059974,-0.730598,9.01307
150405,1181.0,281.478957648806,11.90538,11.91649,11.91649,-0.143484,4.46037
150406,1182.0,280.652969158795,11.422434,11.452259,11.452259,-0.464231,7.94768
150407,1183.0,277.409443716274,12.324858,12.744512,12.744512,1.292253,8.74051
150408,1184.0,270.57681922616,12.410609,14.167144,14.167144,1.422632,24.61529
150409,1185.0,260.998360687252,13.616338,16.647869,16.647869,2.480725,25.59058
150410,1186.0,253.576794903732,13.616336,15.507555,15.507555,-1.140314,46.81338
150411,1187.0,249.485718297022,14.267537,14.84249,14.84249,-0.665065,25.77037
150412,1188.0,247.535590950122,14.420337,14.551602,14.551602,-0.290888,11.78738
150413,1189.0,246.804528361698,15.054597,15.072337,15.072337,0.520735,-1.45022
150414,1190.0,247.737777731135,14.374158,14.404422,14.404422,-0.667915,-0.31478
150420,1196.0,280.565286965511,11.974665,12.383263,12.383263,-2.785365,2.64957
150421,1197.0,281.42925089148,11.908688,11.939987,11.939987,-0.443276,-1.99048
150422,1198.0,281.771920821274,11.76621,11.771199,11.771199,-0.168788,0.10175
150423,1199.0,282.044576077503,11.102906,11.106253,11.106253,-0.664946,3.25367
150424,1200.0,282.324767993891,12.017474,12.02074,12.02074,0.914487,-20.80039
150425,1201.0,282.738369954059,11.850488,11.857703,11.857703,-0.163037,-0.28546
150426,1202.0,283.104178515408,11.174748,11.180734,11.180734,-0.676969,2.87459
150427,1203.0,283.370624371654,10.656359,10.65969,10.65969,-0.521044,2.24903
150428,1204.0,283.94680652509,10.229603,10.245817,10.245817,-0.413873,-0.12676
150429,1205.0,284.40121545698,10.59867,10.608407,10.608407,0.36259,-11.79853
150430,1206.0,284.589489131401,9.180459,9.18239,9.18239,-1.426017,6.49424
150431,1207.0,284.850545349992,9.451569,9.455173,9.455173,0.272783,-6.61706
150432,1208.0,285.000046874135,10.698444,10.699488,10.699488,1.244315,-23.36929
150433,1209.0,285.003261525652,10.935513,10.935514,10.935514,0.236026,-1.44575
150434,1210.0,285.032351320769,11.911393,11.911428,11.911428,0.975914,-17.65291
150435,1211.0,284.970692273258,12.047408,12.047566,12.047566,0.136138,0.38755
150436,1212.0,284.841626160233,12.441941,12.442611,12.442611,0.395045,-11.42119
150437,1213.0,284.700417697615,12.853558,12.854334,12.854334,0.411723,-12.40188
150438,1214.0,284.580543944552,12.202174,12.202763,12.202763,-0.651571,5.72623
150439,1215.0,284.39043668384,12.115288,12.116779,12.116779,-0.085984,2.45404
150440,1216.0,284.213296925309,12.853556,12.854776,12.854776,0.737997,-19.29109
150441,1217.0,284.12520519912,11.660715,11.661048,11.661048,-1.193728,8.7054
150442,1218.0,283.924119547402,11.277949,11.279742,11.279742,-0.381306,4.11162
150443,1219.0,283.68775523026,11.383435,11.385889,11.385889,0.106147,1.37215
150444,1220.0,283.22428379061,10.927852,10.937676,10.937676,-0.448213,5.75834
150445,1221.0,282.605582329937,11.493553,11.510194,11.510194,0.572518,0.52002
150446,1222.0,281.917882470347,12.080131,12.09969,12.09969,0.589496,0.70647
150447,1223.0,281.281912608799,11.86861,11.885636,11.885636,-0.214054,5.53685
150448,1224.0,280.613698753062,11.948358,11.967029,11.967029,0.081393,3.84085
150449,1225.0,279.854518477994,12.327292,12.350647,12.350647,0.383618,2.22278
150450,1226.0,279.114099825237,11.948343,11.971262,11.971262,-0.379385,7.1616
150451,1227.0,278.466929802581,12.262413,12.279479,12.279479,0.308217,2.18414
150452,1228.0,277.619338794263,12.375848,12.404839,12.404839,0.12536,4.35329
150453,1229.0,276.541141028758,12.304163,12.351314,12.351314,-0.053525,6.7719
150454,1230.0,275.472408090853,12.736601,12.781361,12.781361,0.430047,3.19131
150455,1231.0,273.01096996207,13.388155,13.612545,13.612545,0.831184,6.84739
150456,1232.0,266.568501963585,14.175946,15.571218,15.571218,1.958673,15.93214
150457,1233.0,256.920668354274,14.460048,17.383144,17.383144,1.811926,30.44152
150458,1234.0,253.251149728221,14.815644,15.263311,15.263311,-2.119833,35.21359
150459,1235.0,251.690042740113,14.531417,14.615031,14.615031,-0.64828,12.49852
150500,1236.0,251.186955628373,15.221658,15.229969,15.229969,0.614938,-16.85262
150501,1237.0,251.489906503294,15.087681,15.090722,15.090722,-0.139247,-1.56891
150502,1238.0,253.593467660562,15.633855,15.774739,15.774739,0.684017,-53.62464
150503,1239.0,258.444886550335,15.500668,16.242136,16.242136,0.467397,-96.42715
150506,1242.0,274.847623927288,44.041983,46.997298,15.665766,-0.192123,-88.01248
150507,1243.0,275.386140380629,13.73778,13.748331,13.748331,-1.917435,11.15332
150508,1244.0,275.349622122524,12.997454,12.997505,12.997505,-0.750826,5.79665
150509,1245.0,274.733282068371,12.661114,12.676106,12.676106,-0.321399,5.99127
150510,1246.0,274.22683057328,11.948165,11.958894,11.958894,-0.717212,8.08817
150511,1247.0,274.134877992318,11.652152,11.652515,11.652515,-0.306379,3.20372
150512,1248.0,274.136077880859,10.691498,10.691498,10.691498,-0.961017,6.15955
150513,1249.0,274.136077880859,10.566252,10.566252,10.566252,-0.125246,1.37433
150514,1250.0,274.136077880859,10.454681,10.454681,10.454681,-0.111571,1.27593
150515,1251.0,274.136077880859,10.454676,10.454676,10.454676,-5.0e-06,0.65375
150516,1252.0,274.136077880859,9.909239,9.909239,9.909239,-0.545437,3.46681
150517,1253.0,274.136101966405,9.379427,9.379427,9.379427,-0.529812,3.16908
150518,1254.0,274.136067606961,8.483273,8.483273,8.483273,-0.896154,4.46915
150519,1255.0,274.132869840339,7.723211,7.723212,7.723212,-0.760061,3.47803
150520,1256.0,274.104277587033,7.648198,7.648252,7.648252,-0.07496,0.77747
150521,1257.0,274.085424190222,5.183375,5.183409,5.183409,-2.464843,6.99302
150522,1258.0,274.070536619722,3.4026,3.402633,3.402633,-1.780776,3.2335
150523,1259.0,274.061838435259,1.509459,1.509484,1.509484,-1.893149,1.33891
150524,1260.0,274.05418341865,1.012552,1.012581,1.012581,-0.496903,0.0381
150525,1261.0,274.047090757194,0.930884,0.930911,0.930911,-0.08167,-0.19913
150526,1262.0,274.047090757194,0.0,0.0,0.0,-0.930911,-0.35
150527,1263.0,274.035757469801,1.463714,1.463758,1.463758,1.463758,-4.38026
150528,1264.0,274.018361013759,1.9777,1.977776,1.977776,0.514018,-2.3928
150529,1265.0,273.960728517723,3.601305,3.601766,3.601766,1.62399,-10.79955
150530,1266.0,273.840831913735,4.471516,4.473123,4.473123,0.871357,-6.45813
150531,1267.0,273.663889098143,4.79607,4.799333,4.799333,0.32621,0.13523
150532,1268.0,273.519412284164,5.76219,5.764001,5.764001,0.964668,-9.4025
150533,1269.0,273.391032451025,7.876757,7.877803,7.877803,2.113802,-30.29135
150534,1270.0,273.243622503507,8.319115,8.320421,8.320421,0.442618,-6.86598
150535,1271.0,273.045129170512,9.714103,9.716131,9.716131,1.39571,-24.23124
150536,1272.0,272.952696346747,10.201924,10.202342,10.202342,0.486211,-10.8823
150537,1273.0,272.841093699135,9.855504,9.856135,9.856135,-0.346207,2.98127
150538,1274.0,272.764304975708,9.535524,9.535833,9.535833,-0.320302,2.56856
150539,1275.0,272.7344009754,9.938799,9.938844,9.938844,0.403011,-10.15707
150540,1276.0,272.778188602641,8.646959,8.64707,8.64707,-1.291774,6.16161
150541,1277.0,272.931945057244,8.44882,8.450219,8.450219,-0.196851,0.49271
150542,1278.0,273.101957195479,7.244137,7.246132,7.246132,-1.204087,4.04421
150543,1279.0,273.237507043067,5.757847,5.759442,5.759442,-1.48669,3.99083
150544,1280.0,273.310395100639,4.218206,4.218836,4.218836,-1.540606,3.0788
150545,1281.0,273.365345134113,3.031933,3.032431,3.032431,-1.186405,1.52404
150547,1283.0,273.390355619319,1.294262,1.294504,0.647252,-1.19259,0.04716
150548,1284.0,273.431755854518,1.850154,1.850617,1.850617,1.203365,-4.57953
150551,1287.0,273.385698108932,1.970126,1.970664,0.656888,-0.39791,-0.07863
150552,1288.0,273.356743524648,1.537075,1.537348,1.537348,0.88046,-2.67527
150554,1290.0,273.331576874735,1.294262,1.294507,0.647253,-0.445048,-0.07965
150556,1292.0,273.326647824296,1.438618,1.438626,0.719313,0.03603,-0.29441
150559,1295.0,273.33705394594,1.077612,1.077662,0.359221,-0.120031,-0.2988
150602,1298.0,273.315844514027,1.509441,1.50959,0.503197,0.047992,-0.28637
150603,1299.0,273.295932882636,1.294262,1.294415,1.294415,0.791218,-2.17881
150609,1305.0,273.2882668813,1.084264,1.084291,0.180715,-0.185617,-0.31792
150610,1306.0,273.267291775767,1.487351,1.487499,1.487499,1.306784,-3.86065
150611,1307.0,273.247474440236,1.222391,1.222551,1.222551,-0.264948,0.02274
150612,1308.0,273.225330250524,1.294262,1.294452,1.294452,0.071901,-0.18182
150614,1310.0,273.194927106145,1.824659,1.824913,0.912456,-0.190998,-0.10574
150615,1311.0,273.194927106145,0.0,0.0,0.0,-0.912456,-0.35
150616,1312.0,273.203864994682,1.145267,1.145302,1.145302,1.145302,-2.55616
150617,1313.0,273.207388235182,1.012542,1.012548,1.012548,-0.132754,-0.21709
150618,1314.0,273.21309958793,0.423123,0.423162,0.423162,-0.589386,-0.18373
150619,1315.0,273.21309958793,0.0,0.0,0.0,-0.423162,-0.35
150620,1316.0,273.188473473285,1.223144,1.223392,1.223392,1.223392,-2.92421
150624,1320.0,273.192910345876,0.930871,0.930882,0.23272,-0.247668,-0.30099
150625,1321.0,273.208175004187,0.790031,0.790178,0.790178,0.557458,-1.19956
150627,1323.0,273.223419209493,1.084264,1.084371,0.542186,-0.123996,-0.31144
150629,1325.0,273.249279762028,1.294262,1.294521,0.64726,0.052537,-0.46749
150632,1328.0,273.273103101305,1.222391,1.222623,0.407541,-0.079906,-0.30063
150634,1330.0,273.296925749738,1.223144,1.223376,0.611688,0.102074,-0.50995
150636,1332.0,273.498800540799,9.107993,9.11023,4.555115,1.971714,-16.97653
150637,1333.0,273.582920369522,3.393583,3.394626,3.394626,-1.160489,1.58392
150638,1334.0,273.663344975786,4.399374,4.400109,4.400109,1.005483,-8.49057
150639,1335.0,273.686408751455,4.43451,4.43457,4.43457,0.034461,-0.19015
150640,1336.0,273.718499020327,5.30035,5.300447,5.300447,0.865877,-7.6649
150641,1337.0,273.743884643781,4.73058,4.730648,4.730648,-0.569799,1.3433
150642,1338.0,273.874764996187,7.021096,7.022316,7.022316,2.291668,-29.46762
150643,1339.0,273.922205747948,6.008561,6.008748,6.008748,-1.013568,3.15686
150644,1340.0,273.92515567779,7.910888,7.910889,7.910889,1.902141,-25.02874
150645,1341.0,273.872992513933,9.610398,9.61054,9.61054,1.699651,-31.73453
150646,1342.0,273.885663997769,13.18291,13.182916,13.182916,3.572376,-81.06973
150647,1343.0,273.925616683639,13.951348,13.951405,13.951405,0.768489,-16.54601
150648,1344.0,273.940637509553,14.447604,14.447612,14.447612,0.496207,-9.89688
150649,1345.0,274.032746848904,14.232109,14.232408,14.232408,-0.215204,0.71552
150650,1346.0,274.084100837346,14.491227,14.491318,14.491318,0.25891,-4.42392
150651,1347.0,274.282316639938,13.780501,13.781927,13.781927,-0.709391,4.06416
150652,1348.0,275.012039938215,13.827575,13.846817,13.846817,0.06489,-11.03467
150653,1349.0,276.049100342407,14.264623,14.302271,14.302271,0.455454,-26.65182
150654,1350.0,276.192368713813,13.827561,13.828303,13.828303,-0.473968,2.6003
150655,1351.0,276.078922733865,13.378365,13.378846,13.378846,-0.449457,3.95901
150656,1352.0,276.340053980506,12.977586,12.980213,12.980213,-0.398633,1.80418
150657,1353.0,276.614683432886,12.289099,12.292167,12.292167,-0.688046,3.88397
150658,1354.0,276.714724534576,11.48172,11.482156,11.482156,-0.810011,5.23147
150659,1355.0,276.77914142993,11.321763,11.321947,11.321947,-0.160209,1.40166
150700,1356.0,276.823138342164,10.332287,10.332381,10.332381,-0.989566,5.86153
150701,1357.0,276.854732002462,10.203021,10.20307,10.20307,-0.129311,1.15947
150702,1358.0,276.660437259546,9.539465,9.541443,9.541443,-0.661627,4.92225
150703,1359.0,276.312307043752,7.277945,7.286266,7.286266,-2.255177,10.87076
150704,1360.0,276.083025711134,4.825024,4.830469,4.830469,-2.455797,7.57485
150705,1361.0,275.990451200223,3.440456,3.441702,3.441702,-1.388767,2.96074
150706,1362.0,275.90449461093,2.707949,2.709313,2.709313,-0.732389,1.37411
150707,1363.0,275.876526490173,1.463678,1.463945,1.463945,-1.245368,0.88428
150708,1364.0,275.882037679346,1.463678,1.463689,1.463689,-0.000256,-0.26325
150709,1365.0,275.878982377519,0.50774,0.507749,0.507749,-0.95594,-0.03522
150713,1369.0,275.861685459359,0.698667,0.698881,0.17472,-0.083257,-0.32853
150714,1370.0,275.847205408143,0.555975,0.556163,0.556163,0.381443,-0.34371
150716,1372.0,275.837063585219,1.145256,1.145301,0.57265,0.008244,-0.281
150718,1374.0,275.823123485224,0.555975,0.556149,0.278075,-0.147288,-0.30632
150719,1375.0,275.806395365193,0.66717,0.667379,0.667379,0.389304,-0.34862
150725,1381.0,275.814817496451,0.930858,0.930896,0.155149,-0.085372,-0.33076
150726,1382.0,275.831813483193,0.846234,0.846405,0.846405,0.691256,-1.47437
150729,1385.0,275.913823812711,2.284832,2.286304,0.762101,-0.028101,-0.59113
150731,1387.0,275.980647044166,1.861715,1.862914,0.931457,0.084678,-0.83292
150732,1388.0,276.023274994024,1.463679,1.464299,1.464299,0.532842,-2.11076
150733,1389.0,275.995834142228,1.084253,1.0846,1.0846,-0.379699,0.09861
150734,1390.0,275.925699963141,2.380246,2.381279,2.381279,1.296679,-5.28834
150735,1391.0,275.856785476663,3.838879,3.839498,3.839498,1.458219,-10.22016
150736,1392.0,275.873923429016,5.300294,5.300321,5.300321,1.460823,-13.05589
150737,1393.0,275.885082566307,5.300293,5.300304,5.300304,-1.7e-05,0.03155
150738,1394.0,275.87407098513,6.999741,6.999749,6.999749,1.699445,-23.51709
150739,1395.0,275.917549860242,7.903568,7.903688,7.903688,0.903939,-11.57374
150740,1396.0,276.013387147542,10.144184,10.144637,10.144637,2.240949,-39.55886
150741,1397.0,275.747847423549,10.55962,10.562958,10.562958,0.418321,-0.29957
150742,1398.0,275.746738359866,12.331187,12.331187,12.331187,1.768229,-43.81952
150743,1399.0,275.685096556412,11.353139,11.353306,11.353306,-0.977881,7.02035
150744,1400.0,275.833366112937,12.752283,12.753145,12.753145,1.399839,-30.92175
150745,1401.0,275.778088801126,13.212928,13.213044,13.213044,0.459899,-15.79356
150746,1402.0,275.451432451103,14.100607,14.10439,14.10439,0.891346,-23.92763
150747,1403.0,275.098856180918,14.565809,14.570076,14.570076,0.465686,-13.80454
150748,1404.0,274.775426387565,14.988624,14.992114,14.992114,0.422038,-2.70806
150749,1405.0,274.436356054101,15.415868,15.419596,15.419596,0.427482,-3.12348
150750,1406.0,272.027853825918,13.635675,13.846751,13.846751,-1.572845,24.06195
150751,1407.0,263.649620541847,14.570472,16.807542,16.807542,2.960791,14.63781
150752,1408.0,258.296758442492,13.128372,14.177704,14.177704,-2.629838,47.50453
150753,1409.0,263.016105427704,14.058446,14.829435,14.829435,0.651731,-97.25008
150756,1412.0,275.342467393735,42.264424,44.025229,14.675076,-0.051453,-67.77501
150757,1413.0,275.716178291093,14.606485,14.611265,14.611265,-0.063811,-2.18135
150758,1414.0,276.426467567814,14.05844,14.076372,14.076372,-0.534893,-0.02297
150759,1415.0,277.446118866765,14.993146,15.027779,15.027779,0.951407,-40.55668
150800,1416.0,278.195332372559,14.142995,14.162825,14.162825,-0.864954,2.2286
150801,1417.0,278.659605784308,14.485926,14.493364,14.493364,0.330539,-13.55095
