125856,0,403.062,0.0,0.0,0,0,-0.35
125857,1.0,402.872,7.037977,7.040541,7.040541,7.040541,-88.44433
125858,2.0,403.078,7.007328,7.010356,7.010356,-0.030185,-1.57526
125859,3.0,402.637,7.129066,7.142693,7.142693,0.132337,2.08405
125900,4.0,401.928,6.952129,6.988188,6.988188,-0.154505,4.56567
125901,5.0,402.676,6.137794,6.183205,6.183205,-0.804983,-2.84477
125902,6.0,402.465,5.673829,5.677751,5.677751,-0.505454,2.77703
125903,7.0,403.4,5.979972,6.052627,6.052627,0.374876,-19.26605
125904,8.0,404.069,6.640312,6.673927,6.673927,0.6213,-17.74208
125905,9.0,405.271,7.44881,7.545169,7.545169,0.871242,-31.25165
125906,10.0,406.722,7.910495,8.042471,8.042471,0.497302,-30.83595
125907,11.0,406.587,8.156523,8.15764,8.15764,0.115169,0.58378
125908,12.0,407.736,8.290947,8.370185,8.370185,0.212545,-21.36615
125909,13.0,409.24,8.33716,8.471733,8.471733,0.101548,-25.95244
125910,14.0,410.342,8.143499,8.217724,8.217724,-0.254009,-13.61743
125911,15.0,410.923,8.216798,8.237313,8.237313,0.019589,-8.44752
125912,16.0,411.578,8.555574,8.58061,8.58061,0.343297,-14.65043
125913,17.0,412.915,8.893658,8.993593,8.993593,0.412983,-27.94529
125914,18.0,413.483,9.238488,9.255933,9.255933,0.26234,-11.91554
125915,19.0,414.382,9.412382,9.455218,9.455218,0.199285,-16.71151
125916,20.0,414.53,9.233134,9.23432,9.23432,-0.220898,0.81513
125917,21.0,414.823,9.150466,9.155156,9.155156,-0.079164,-1.40262
125918,22.0,415.743,9.164642,9.210704,9.210704,0.055548,-14.70508
125919,23.0,416.144,9.333738,9.342348,9.342348,0.131644,-6.76482
125920,24.0,416.657,9.404496,9.418477,9.418477,0.076129,-7.79105
125921,25.0,416.366,9.319818,9.32436,9.32436,-0.094117,2.51302
125922,26.0,416.39,8.826484,8.826516,8.826516,-0.497844,2.68375
125923,27.0,414.752,7.905443,8.073356,8.073356,-0.75316,12.25331
125924,28.0,414.398,6.283673,6.293637,6.293637,-1.779719,8.05897
125925,29.0,413.531,4.511161,4.59372,4.59372,-1.699917,8.78176
125926,30.0,413.75,2.712729,2.721554,2.721554,-1.872166,1.44924
125927,31.0,413.531,1.016418,1.039744,1.039744,-1.68181,1.82342
125928,32.0,413.23,0.084702,0.31269,0.31269,-0.727054,-0.20331
125929,33.0,413.615,0.508209,0.637575,0.637575,0.324885,-7.36656
125930,34.0,414.128,0.277369,0.583183,0.583183,-0.054392,-9.21505
125931,35.0,414.641,2.189309,2.248609,2.248609,1.665426,-15.57915
125932,36.0,414.199,4.408168,4.430272,4.430272,2.181663,-11.18309
125933,37.0,413.964,6.728374,6.732477,6.732477,2.302205,-26.09217
125934,38.0,413.639,9.04414,9.049978,9.049978,2.317501,-35.21215
125935,39.0,412.696,10.673897,10.715471,10.715471,1.665493,-19.33103
125936,40.0,412.096,11.732427,11.747759,11.747759,1.032288,-15.55913
125937,41.0,411.475,12.43172,12.447221,12.447221,0.699462,-9.57353
125938,42.0,411.137,13.213177,13.217499,13.217499,0.770278,-18.22469
125939,43.0,409.75,16.001991,16.061989,16.061989,2.84449,-68.13632
125940,44.0,408.286,14.22382,14.298963,14.298963,-1.763026,20.73418
125941,45.0,407.216,14.246473,14.286599,14.286599,-0.012364,5.23686
125942,46.0,406.492,14.370821,14.389046,14.389046,0.102447,2.45266
125943,47.0,406.759,14.351355,14.353839,14.353839,-0.035207,-1.67523
125944,48.0,406.138,14.473121,14.486438,14.486438,0.132599,1.5965
125945,49.0,406.933,14.435124,14.456999,14.456999,-0.029439,-10.13025
125946,50.0,407.184,16.242412,16.244351,16.244351,1.787352,-54.37347
125947,51.0,407.705,15.327602,15.336454,15.336454,-0.907897,3.39958
125948,52.0,407.916,15.236881,15.238342,15.238342,-0.098112,-1.55491
125949,53.0,408.886,15.074595,15.105771,15.105771,-0.132571,-10.6245
125950,54.0,410.011,14.773434,14.816206,14.816206,-0.289565,-9.1297
125951,55.0,411.309,14.351338,14.409917,14.409917,-0.406289,-9.22256
125952,56.0,412.366,13.951992,13.991974,13.991974,-0.417943,-4.83108
125953,57.0,412.545,13.718222,13.71939,13.71939,-0.272584,0.98172
125954,58.0,412.617,13.487477,13.487669,13.487669,-0.231721,1.37283
125955,59.0,412.191,13.756912,13.763506,13.763506,0.275837,0.09199
125956,60.0,412.025,13.669221,13.670229,13.670229,-0.093277,1.50922
125957,61.0,410.759,13.819265,13.877134,13.877134,0.206905,4.93066
125958,62.0,408.648,15.049634,15.196967,15.196967,1.319833,-0.86221
125959,63.0,407.438,14.739462,14.789044,14.789044,-0.407923,8.72825
130000,64.0,406.051,15.121968,15.185444,15.185444,0.3964,2.86918
130001,65.0,403.147,15.352972,15.625203,15.625203,0.439759,10.02082
130002,66.0,400.827,15.668629,15.839455,15.839455,0.214252,8.62238
130003,67.0,397.241,15.48417,15.89399,15.89399,0.054535,16.59362
130004,68.0,396.039,15.256447,15.303724,15.303724,-0.590266,9.87376
130005,69.0,394.443,14.726565,14.812796,14.812796,-0.490928,11.40695
130006,70.0,393.058,14.840425,14.904913,14.904913,0.092117,5.58338
130007,71.0,392.202,15.251334,15.275337,15.275337,0.370424,0.19314
130008,72.0,392.202,15.172686,15.172686,15.172686,-0.102651,-0.35469
130009,73.0,392.202,14.74431,14.74431,14.74431,-0.428376,2.54723
130010,74.0,390.08,14.733694,14.885719,14.885719,0.141409,9.08588
130012,76.0,390.08,29.516799,29.516799,14.758399,-0.06366,-0.3489
130013,77.0,394.181,14.930552,15.483526,15.483526,0.725127,-90.0385
130014,78.0,395.928,14.690603,14.794115,14.794115,-0.689411,-9.46647
130015,79.0,397.17,14.886994,14.938713,14.938713,0.144598,-22.87825
130016,80.0,399.939,14.974428,15.228292,15.228292,0.289579,-54.0693
130017,81.0,400.835,14.924106,14.950978,14.950978,-0.277314,-5.38697
130018,82.0,403.133,14.829768,15.00676,15.00676,0.055782,-39.20453
130019,83.0,404.642,14.924092,15.000187,15.000187,-0.006573,-23.5538
130020,84.0,406.711,14.784944,14.929009,14.929009,-0.071178,-31.69683
130021,85.0,407.831,14.65262,14.695362,14.695362,-0.233647,-10.54124
130022,86.0,409.61,14.374801,14.484465,14.484465,-0.210897,-22.80941
130023,87.0,409.94,14.235914,14.239738,14.239738,-0.244727,-0.32285
130024,88.0,411.404,14.566185,14.639571,14.639571,0.399833,-33.35915
130025,89.0,411.066,15.22858,15.23233,15.23233,0.592759,-19.15181
130026,90.0,411.766,14.523513,14.540372,14.540372,-0.691958,1.03052
130027,91.0,410.545,13.402997,13.458498,13.458498,-1.081874,14.33481
130028,92.0,410.096,12.048417,12.05678,12.05678,-1.401718,12.36064
130029,93.0,409.05,10.555969,10.607667,10.607667,-1.449113,14.42499
130030,94.0,408.545,8.80475,8.81922,8.81922,-1.788447,11.57338
130031,95.0,408.003,9.885299,9.900146,9.900146,1.080926,-13.18874
130032,96.0,408.246,6.120478,6.1253,6.1253,-3.774846,11.29698
130033,97.0,408.365,6.216413,6.217552,6.217552,0.092252,-1.71625
130034,98.0,407.789,8.276603,8.296621,8.296621,2.079069,-23.76651
130035,99.0,408.429,10.989013,11.007634,11.007634,2.711013,-61.89189
130037,101.0,406.666,31.046374,31.09639,15.548195,2.270281,-57.44751
130038,102.0,405.736,14.151472,14.181998,14.181998,-1.366197,14.87965
130039,103.0,405.202,14.057535,14.067674,14.067674,-0.114324,3.34489
130040,104.0,404.65,13.64014,13.651305,13.651305,-0.416369,5.92024
130041,105.0,403.392,13.847068,13.904095,13.904095,0.25279,4.52448
130042,106.0,403.345,14.008628,14.008706,14.008706,0.104611,-0.82535
130043,107.0,403.155,14.216301,14.217571,14.217571,0.208865,-1.03218
130044,108.0,403.03,15.880019,15.880511,15.880511,1.66294,-55.37231
130045,109.0,403.675,16.530893,16.543472,16.543472,0.662961,-28.89947
130046,110.0,403.667,16.868309,16.868311,16.868311,0.324839,-21.50442
130047,111.0,402.716,17.067876,17.09435,17.09435,0.226039,-0.04211
130048,112.0,403.218,16.806725,16.81422,16.81422,-0.28013,-2.80761
130049,113.0,403.266,16.39295,16.393021,16.393021,-0.421199,1.17008
130050,114.0,403.564,16.041515,16.044283,16.044283,-0.348738,-0.52199
130051,115.0,405.012,16.091472,16.15649,16.15649,0.112207,-26.41286
130052,116.0,405.242,16.080379,16.082024,16.082024,-0.074466,-2.55874
130053,117.0,405.509,15.616464,15.618746,15.618746,-0.463278,0.90393
130054,118.0,405.572,15.141498,15.141629,15.141629,-0.477117,2.37952
130055,119.0,406.161,14.529316,14.54125,14.54125,-0.600379,0.90022
130056,120.0,406.376,13.716819,13.718504,13.718504,-0.822746,4.84292
130057,121.0,405.799,13.168502,13.181137,13.181137,-0.537367,7.11331
130058,122.0,406.941,12.503474,12.555517,12.555517,-0.62562,-2.32768
130059,123.0,407.335,12.028589,12.03504,12.03504,-0.520477,2.22712
130100,124.0,407.216,12.366221,12.366793,12.366793,0.331753,-10.05545
130101,125.0,407.327,10.689903,10.690479,10.690479,-1.676314,9.71311
130102,126.0,406.965,9.877201,9.883833,9.883833,-0.806646,6.76207
130103,127.0,407.837,9.053069,9.094968,9.094968,-0.788865,-0.25695
130104,128.0,407.081,8.514962,8.548457,8.548457,-0.546511,6.90718
130105,129.0,407.366,7.829931,7.835116,7.835116,-0.713341,1.84119
130106,130.0,407.287,6.946241,6.94669,6.94669,-0.888426,3.9774
130107,131.0,407.892,5.661738,5.693971,5.693971,-1.252719,0.77066
130108,132.0,407.232,4.246302,4.297288,4.297288,-1.396683,6.69638
130109,133.0,407.784,2.564405,2.623143,2.623143,-1.674145,-1.49075
130110,134.0,407.924,1.012956,1.022585,1.022585,-1.600558,-0.1278
130111,135.0,408.082,0.202618,0.25694,0.25694,-0.765645,-0.22415
130112,136.0,407.247,0.882493,1.214915,1.214915,0.957975,3.51715
130113,137.0,407.427,1.013089,1.028955,1.028955,-0.18596,-2.91618
130114,138.0,407.2,0.68024,0.717116,0.717116,-0.311839,1.02162
130115,139.0,407.319,0.279548,0.303822,0.303822,-0.413294,-0.25863
130116,140.0,408.286,0.0,0.967,0.0,-0.303822,-0.35
130117,141.0,407.475,0.0,0.811,0.0,0.0,-0.35
130118,142.0,407.398,0.08469,0.114461,0.114461,0.114461,-0.34799
130119,143.0,407.625,0.0,0.227,0.0,-0.114461,-0.35
130120,144.0,407.625,0.0,0.0,0.0,0.0,-0.35
130121,145.0,407.255,0.111195,0.386347,0.386347,0.386347,-0.7218
130122,146.0,407.546,0.111195,0.311521,0.311521,-0.074826,-0.31289
130123,147.0,407.625,0.0,0.079,0.0,-0.311521,-0.35
130124,148.0,407.414,0.0,0.211,0.0,0.0,-0.35
130125,149.0,407.987,0.08469,0.579225,0.579225,0.579225,-10.94013
130126,150.0,407.813,0.0,0.174,0.0,-0.579225,-0.35
130127,151.0,407.948,0.0,0.135,0.0,0.0,-0.35
130128,152.0,407.271,0.0,0.677,0.0,0.0,-0.35
130129,153.0,407.546,0.0,0.275,0.0,0.0,-0.35
130130,154.0,407.137,0.08469,0.417676,0.417676,0.417676,-0.77556
130131,155.0,408.193,0.0,1.056,0.0,-0.417676,-0.35
130132,156.0,407.295,0.0,0.898,0.0,0.0,-0.35
130133,157.0,407.876,0.0,0.581,0.0,0.0,-0.35
130134,158.0,407.831,0.08469,0.095903,0.095903,0.095903,-0.34736
130135,159.0,407.594,0.0,0.237,0.0,-0.095903,-0.35
130136,160.0,407.506,0.0,0.088,0.0,0.0,-0.35
130137,161.0,408.112,0.0,0.606,0.0,0.0,-0.35
130138,162.0,407.697,0.0,0.415,0.0,0.0,-0.35
130139,163.0,407.784,0.0,0.087,0.0,0.0,-0.35
130140,164.0,408.365,0.539063,0.792559,0.792559,0.792559,-11.55275
130141,165.0,407.956,2.63808,2.669597,2.669597,1.877038,-2.86959
130142,166.0,409.097,5.076207,5.20286,5.20286,2.533263,-42.85886
130143,167.0,408.31,7.176907,7.219928,7.219928,2.017068,-14.80198
130144,168.0,408.326,8.715398,8.715413,8.715413,1.495485,-21.48815
130145,169.0,408.098,10.077224,10.079803,10.079803,1.36439,-24.32401
130146,170.0,407.462,10.689852,10.708755,10.708755,0.628952,0.41741
130147,171.0,407.184,11.531686,11.535036,11.535036,0.826281,-16.47399
130148,172.0,407.144,12.181518,12.181584,12.181584,0.646548,-18.03821
130149,173.0,406.161,12.444305,12.48307,12.48307,0.301486,3.85085
130150,174.0,405.234,12.578349,12.612461,12.612461,0.129391,4.6256
130151,175.0,403.91,12.717779,12.786512,12.786512,0.174051,6.29441
130152,176.0,403.532,12.551732,12.557422,12.557422,-0.22909,4.18688
130153,177.0,403.139,12.327694,12.333956,12.333956,-0.223466,4.32715
130154,178.0,402.494,12.327687,12.344549,12.344549,0.010593,4.09869
130155,179.0,400.993,12.216245,12.308113,12.308113,-0.036436,8.93568
130156,180.0,401.017,11.937547,11.937571,11.937571,-0.370542,3.10056
130157,181.0,401.165,11.994183,11.995096,11.995096,0.057525,-0.2877
130158,182.0,399.505,11.881226,11.99663,11.99663,0.001534,9.59035
130159,183.0,399.553,11.602453,11.602552,11.602552,-0.394078,3.00639
130200,184.0,398.459,11.380265,11.432727,11.432727,-0.169825,7.58253
130201,185.0,398.459,11.019536,11.019536,11.019536,-0.413191,3.16848
130202,186.0,398.388,10.659732,10.659968,10.659968,-0.359568,3.10795
130203,187.0,398.578,10.323807,10.325555,10.325555,-0.334413,1.48679
130204,188.0,398.248,10.18471,10.190055,10.190055,-0.1355,3.09487
130205,189.0,398.98,10.12715,10.153571,10.153571,-0.036484,-9.39976
130206,190.0,399.505,10.29185,10.305232,10.305232,0.151661,-9.15946
130207,191.0,399.112,10.319206,10.326687,10.326687,0.021455,2.58409
130208,192.0,399.49,10.152506,10.15954,10.15954,-0.167147,-0.73873
130209,193.0,399.947,10.235585,10.245782,10.245782,0.086242,-6.75654
130210,194.0,400.37,10.23558,10.244317,10.244317,-0.001465,-4.53474
130211,195.0,400.591,10.431172,10.433513,10.433513,0.189196,-4.46657
130212,196.0,400.946,10.544683,10.550657,10.550657,0.117144,-5.45542
130213,197.0,400.946,10.348455,10.348455,10.348455,-0.202202,1.75979
130214,198.0,402.053,10.069937,10.130601,10.130601,-0.217854,-12.73247
130215,199.0,401.646,9.873842,9.882227,9.882227,-0.248374,4.03774
130216,200.0,402.652,9.929621,9.980451,9.980451,0.098224,-16.75765
130217,201.0,402.314,9.956759,9.962494,9.962494,-0.017957,2.4634
130218,202.0,403.014,10.013138,10.037576,10.037576,0.075082,-10.91036
130219,203.0,402.298,10.141189,10.166434,10.166434,0.128858,3.67986
130220,204.0,401.913,10.228029,10.235273,10.235273,0.068839,2.27107
130221,205.0,401.654,10.414593,10.417813,10.417813,0.18254,0.98882
130222,206.0,400.993,10.60396,10.624542,10.624542,0.206729,2.97367
130223,207.0,400.356,10.603955,10.62307,10.62307,-0.001472,4.03413
130224,208.0,399.672,10.277148,10.299885,10.299885,-0.323185,6.0176
130225,209.0,398.367,9.66486,9.752566,9.752566,-0.547319,10.29609
130226,210.0,398.319,8.789349,8.78948,8.78948,-0.963086,5.24313
130227,211.0,397.289,7.902802,7.969641,7.969641,-0.819839,9.28491
130228,212.0,396.179,6.881208,6.970159,6.970159,-0.999482,9.83363
130229,213.0,395.944,5.81377,5.818518,5.818518,-1.151641,4.97236
130230,214.0,395.291,4.876349,4.919877,4.919877,-0.898641,5.86658
130231,215.0,395.212,4.140485,4.141239,4.141239,-0.778638,2.13403
130232,216.0,394.786,3.388814,3.415485,3.415485,-0.725754,3.49841
130233,217.0,394.475,2.852531,2.869435,2.869435,-0.54605,2.35809
130234,218.0,394.237,2.162996,2.17605,2.17605,-0.693385,1.88589
130235,219.0,394.213,1.418275,1.418478,1.418478,-0.757572,0.46541
130236,220.0,394.128,0.75516,0.759929,0.759929,-0.658549,0.42606
130237,221.0,393.946,0.202611,0.272351,0.272351,-0.487578,-0.25724
130238,222.0,394.678,0.237968,0.76971,0.76971,0.497359,-13.78818
130239,223.0,393.97,0.337643,0.784389,0.784389,0.014679,3.43277
130240,224.0,393.806,0.337643,0.375364,0.375364,-0.409025,-0.23797
130241,225.0,394.292,0.084686,0.493323,0.493323,0.117959,-0.34225
130242,226.0,393.357,0.139771,0.945389,0.945389,0.452066,4.41733
130243,227.0,393.758,0.0,0.401,0.0,-0.945389,-0.35
130244,228.0,394.3,0.0,0.542,0.0,0.0,-0.35
130245,229.0,394.136,0.0,0.164,0.0,0.0,-0.35
130246,230.0,394.324,0.0,0.188,0.0,0.0,-0.35
130247,231.0,393.341,0.0,0.983,0.0,0.0,-0.35
130248,232.0,393.906,0.139771,0.582032,0.582032,0.582032,-10.80371
130249,233.0,393.468,0.475422,0.646429,0.646429,0.064397,1.9844
130250,234.0,394.12,0.614102,0.89567,0.89567,0.249241,-12.05122
130251,235.0,393.978,0.475422,0.496175,0.496175,-0.399495,-0.20444
130252,236.0,394.12,0.202611,0.247417,0.247417,-0.248758,-0.29744
130253,237.0,394.192,0.084686,0.111156,0.111156,-0.136261,-0.3331
130254,238.0,393.766,0.139771,0.448344,0.448344,0.337188,-0.74172
130255,239.0,394.34,0.139771,0.590772,0.590772,0.142428,-10.50136
130256,240.0,393.814,0.0,0.526,0.0,-0.590772,-0.35
130257,241.0,393.209,0.0,0.605,0.0,0.0,-0.35
130258,242.0,393.751,0.0,0.542,0.0,0.0,-0.35
130259,243.0,393.301,0.0,0.45,0.0,0.0,-0.35
130300,244.0,393.986,0.0,0.685,0.0,0.0,-0.35
130301,245.0,393.663,0.0,0.323,0.0,0.0,-0.35
130302,246.0,393.46,0.0,0.203,0.0,0.0,-0.35
130303,247.0,394.16,0.0,0.7,0.0,0.0,-0.35
130304,248.0,393.885,0.0,0.275,0.0,0.0,-0.35
130305,249.0,393.663,0.0,0.222,0.0,0.0,-0.35
130306,250.0,394.081,0.111195,0.432537,0.432537,0.432537,-0.80229
130307,251.0,393.46,0.0,0.621,0.0,-0.432537,-0.35
130308,252.0,393.539,0.0,0.079,0.0,0.0,-0.35
130309,253.0,393.531,0.0,0.008,0.0,0.0,-0.35
130310,254.0,393.225,0.0,0.306,0.0,0.0,-0.35
130311,255.0,393.97,0.0,0.745,0.0,0.0,-0.35
130312,256.0,393.632,0.0,0.338,0.0,0.0,-0.35
130313,257.0,393.671,0.0,0.039,0.0,0.0,-0.35
130314,258.0,393.444,0.0,0.227,0.0,0.0,-0.35
130315,259.0,393.576,0.0,0.132,0.0,0.0,-0.35
130316,260.0,393.254,0.0,0.322,0.0,0.0,-0.35
130317,261.0,393.539,0.0,0.285,0.0,0.0,-0.35
130318,262.0,392.485,0.0,1.054,0.0,0.0,-0.35
130319,263.0,393.285,0.0,0.8,0.0,0.0,-0.35
130320,264.0,393.624,0.0,0.339,0.0,0.0,-0.35
130321,265.0,391.967,0.0,1.657,0.0,0.0,-0.35
130322,266.0,393.476,0.0,1.509,0.0,0.0,-0.35
130323,267.0,392.995,0.084686,0.488398,0.488398,0.488398,-0.90993
130324,268.0,392.855,0.88246,0.893496,0.893496,0.405098,0.2634
130325,269.0,392.926,1.825386,1.826766,1.826766,0.93327,-4.19336
130326,270.0,393.671,2.695232,2.796301,2.796301,0.969535,-17.6688
130327,271.0,392.202,3.650771,3.935237,3.935237,1.138936,5.29793
130328,272.0,392.931,4.526397,4.584725,4.584725,0.649488,-17.35348
130329,273.0,391.785,5.338846,5.460457,5.460457,0.875732,3.57277
130330,274.0,391.716,6.440278,6.440648,6.440648,0.980191,-12.36317
130331,275.0,391.283,7.330124,7.342902,7.342902,0.902254,-6.79127
130332,276.0,390.992,8.160562,8.165749,8.165749,0.822847,-9.76843
130333,277.0,389.602,8.576377,8.688288,8.688288,0.522539,5.31756
130334,278.0,389.901,9.051735,9.056672,9.056672,0.368384,-8.87136
130335,279.0,388.965,9.215729,9.263139,9.263139,0.206467,4.40429
130336,280.0,389.483,9.201777,9.216345,9.216345,-0.046794,-5.88776
130337,281.0,388.273,8.778668,8.861666,8.861666,-0.354679,8.51259
130338,282.0,388.823,8.432658,8.450575,8.450575,-0.411091,-1.26165
130339,283.0,388.5,7.887656,7.894267,7.894267,-0.556308,4.40569
130340,284.0,388.022,7.893965,7.908424,7.908424,0.014157,2.80651
130341,285.0,388.077,7.953294,7.953484,7.953484,0.04506,-0.12659
130342,286.0,387.612,8.152332,8.165583,8.165583,0.212099,1.89677
130343,287.0,388.754,8.296216,8.374447,8.374447,0.208864,-21.18604
130344,288.0,388.313,8.497448,8.508884,8.508884,0.134437,2.12405
130345,289.0,388.627,8.895615,8.901155,8.901155,0.392271,-9.47757
130346,290.0,388.759,9.841929,9.842814,9.842814,0.941659,-16.29896
130347,291.0,388.556,10.784029,10.785939,10.785939,0.943125,-18.61626
130348,292.0,389.303,11.386508,11.410984,11.410984,0.625045,-22.63713
130349,293.0,389.451,12.127476,12.128379,12.128379,0.717395,-14.51323
130350,294.0,389.28,12.531413,12.53258,12.53258,0.404201,-11.07653
130351,295.0,389.38,12.665742,12.666137,12.666137,0.133557,-1.13179
130352,296.0,389.325,12.733399,12.733518,12.733518,0.067381,0.38024
130353,297.0,388.014,12.39791,12.467032,12.467032,-0.266486,9.38941
130354,298.0,387.7,12.329399,12.333396,12.333396,-0.133636,3.31756
130355,299.0,386.891,12.130215,12.157162,12.157162,-0.176234,6.28431
130356,300.0,386.545,12.309978,12.31484,12.31484,0.157678,1.5699
130357,301.0,385.131,12.664296,12.74299,12.74299,0.42815,5.06138
130358,302.0,384.825,13.098154,13.101728,13.101728,0.358738,-0.58493
130359,303.0,383.876,13.513437,13.546719,13.546719,0.444991,1.79731
130400,304.0,383.562,13.917345,13.920887,13.920887,0.374168,-1.36469
130401,305.0,383.041,14.260728,14.270242,14.270242,0.349355,-0.40955
130402,306.0,382.045,15.357695,15.389958,15.389958,1.119716,-22.57372
130403,307.0,381.237,15.038715,15.060405,15.060405,-0.329553,5.81992
130404,308.0,380.647,15.036592,15.048163,15.048163,-0.012242,2.11807
130405,309.0,378.309,15.155402,15.334681,15.334681,0.286518,8.62372
130406,310.0,377.823,15.043644,15.051492,15.051492,-0.283189,3.75641
130407,311.0,376.472,14.988673,15.049436,15.049436,-0.002056,6.04097
130408,312.0,376.269,15.159004,15.160363,15.160363,0.110927,-1.01294
130409,313.0,375.122,15.760969,15.80265,15.80265,0.642287,-1.14281
130410,314.0,374.99,16.669036,16.669558,16.669558,0.866908,-35.12313
130411,315.0,373.46,17.006765,17.075449,17.075449,0.405891,1.38209
130412,316.0,372.353,17.129848,17.16558,17.16558,0.090131,1.95212
130413,317.0,371.803,16.993926,17.002824,17.002824,-0.162756,1.50122
130414,318.0,371.042,16.822294,16.839498,16.839498,-0.163326,2.76688
130415,319.0,370.022,16.745587,16.776623,16.776623,-0.062875,3.283
130416,320.0,370.078,16.745574,16.745668,16.745668,-0.030955,-2.63838
130417,321.0,369.272,16.468343,16.488055,16.488055,-0.257613,4.15146
130418,322.0,368.094,16.114533,16.157533,16.157533,-0.330522,7.00896
130419,323.0,367.467,15.56014,15.572767,15.572767,-0.584766,6.65666
130420,324.0,366.252,14.681085,14.731276,14.731276,-0.841491,12.21748
130421,325.0,364.793,13.572202,13.650397,13.650397,-1.080879,15.56441
130422,326.0,364.394,12.186202,12.192733,12.192733,-1.457664,12.49499
130423,327.0,363.541,11.106744,11.139451,11.139451,-1.053282,11.52851
130424,328.0,363.102,9.968944,9.978605,9.978605,-1.160846,9.11757
130425,329.0,362.13,10.953301,10.996344,10.996344,1.017739,-0.16565
130426,330.0,362.693,8.230562,8.249796,8.249796,-2.746548,9.58272
130427,331.0,361.464,7.627377,7.725757,7.725757,-0.524039,8.97302
130428,332.0,361.173,7.149359,7.155279,7.155279,-0.570478,3.9936
130429,333.0,360.209,6.846026,6.913564,6.913564,-0.241715,6.21805
130430,334.0,360.389,6.620779,6.623225,6.623225,-0.290339,0.30206
130431,335.0,359.435,5.866083,5.943151,5.943151,-0.680074,7.34232
130432,336.0,359.498,4.933159,4.933561,4.933561,-1.00959,2.39915
130433,337.0,359.223,3.624481,3.634898,3.634898,-1.298663,3.92505
130434,338.0,359.279,2.01906,2.019836,2.019836,-1.615062,1.26644
130435,339.0,358.629,0.793918,1.026063,1.026063,-0.993773,3.69997
130436,340.0,358.777,0.374116,0.402327,0.402327,-0.623736,-0.18356
130437,341.0,359.371,0.831942,1.022235,1.022235,0.619908,-11.73152
130438,342.0,358.861,0.943375,1.072407,1.072407,0.050172,2.39066
130439,343.0,358.713,0.607811,0.62557,0.62557,-0.446837,0.62851
130440,344.0,359.67,0.277314,0.996369,0.996369,0.370799,-17.68482
130441,345.0,359.71,0.139769,0.14538,0.14538,-0.850989,-0.27213
130442,346.0,359.363,0.139769,0.374091,0.374091,0.228711,-0.60364
130443,347.0,358.801,0.084682,0.568344,0.568344,0.194253,2.59406
130444,348.0,358.949,0.0,0.148,0.0,-0.568344,-0.35
130445,349.0,358.589,0.0,0.36,0.0,0.0,-0.35
130446,350.0,359.081,0.0,0.492,0.0,0.0,-0.35
130447,351.0,359.004,0.0,0.077,0.0,0.0,-0.35
130448,352.0,359.223,0.0,0.219,0.0,0.0,-0.35
130449,353.0,358.666,0.0,0.557,0.0,0.0,-0.35
130450,354.0,359.379,0.084682,0.718011,0.718011,0.718011,-13.70512
130451,355.0,358.809,0.0,0.57,0.0,-0.718011,-0.35
130452,356.0,358.642,0.0,0.167,0.0,0.0,-0.35
130453,357.0,358.877,0.0,0.235,0.0,0.0,-0.35
130454,358.0,359.34,0.0,0.463,0.0,0.0,-0.35
130455,359.0,358.618,0.0,0.722,0.0,0.0,-0.35
130456,360.0,359.16,0.0,0.542,0.0,0.0,-0.35
130457,361.0,359.443,0.0,0.283,0.0,0.0,-0.35
130458,362.0,358.103,0.0,1.34,0.0,0.0,-0.35
130459,363.0,359.073,0.0,0.97,0.0,0.0,-0.35
130500,364.0,359.057,0.0,0.016,0.0,0.0,-0.35
130501,365.0,359.176,0.0,0.119,0.0,0.0,-0.35
130502,366.0,358.47,0.0,0.706,0.0,0.0,-0.35
130503,367.0,359.049,0.169363,0.603262,0.603262,0.603262,-11.09116
130504,368.0,359.184,1.63654,1.642099,1.642099,1.038837,-5.37748
130505,369.0,359.2,3.882397,3.88243,3.88243,2.240331,-15.26078
130506,370.0,359.128,5.946143,5.946579,5.946579,2.064149,-22.90289
130507,371.0,358.682,7.53275,7.545942,7.545942,1.599363,-16.4519
130508,372.0,357.96,8.874041,8.903364,8.903364,1.357422,-12.10206
130509,373.0,358.613,9.551068,9.573365,9.573365,0.670001,-20.47838
130510,374.0,357.812,10.260601,10.291819,10.291819,0.718454,0.87936
130511,375.0,356.584,11.092537,11.160303,11.160303,0.868484,2.00862
130512,376.0,356.349,11.460827,11.463236,11.463236,0.302933,0.16089
130513,377.0,356.042,11.881532,11.885497,11.885497,0.422261,-0.22983
130514,378.0,356.253,12.27278,12.274594,12.274594,0.389097,-8.57287
130515,379.0,355.706,12.757043,12.768765,12.768765,0.494171,0.02497
130516,380.0,355.548,13.131631,13.132581,13.132581,0.363816,-11.55864
130517,381.0,354.766,13.532725,13.5553,13.5553,0.422719,1.07371
130518,382.0,353.944,13.868663,13.893002,13.893002,0.337702,1.60814
130519,383.0,353.215,15.154863,15.172387,15.172387,1.279385,-30.87359
130520,384.0,353.326,14.815843,14.816259,14.816259,-0.356128,1.35011
130521,385.0,352.488,15.014364,15.037732,15.037732,0.221473,1.54791
130522,386.0,351.846,15.171641,15.185219,15.185219,0.147487,0.97943
130523,387.0,351.251,15.092782,15.104506,15.104506,-0.080713,2.65511
130524,388.0,350.39,15.250872,15.275157,15.275157,0.170651,1.85986
130525,389.0,350.091,15.09276,15.095721,15.095721,-0.179436,1.9036
130526,390.0,349.481,14.954252,14.966688,14.966688,-0.129033,3.22935
130527,391.0,349.489,15.014299,15.014301,15.014301,0.047613,-1.48257
130528,392.0,348.12,15.135109,15.196898,15.196898,0.182597,4.50963
130529,393.0,347.933,15.273364,15.274508,15.274508,0.07761,-0.92475
130530,394.0,346.931,15.273352,15.306185,15.306185,0.031677,3.71468
130531,395.0,346.696,15.310159,15.311963,15.311963,0.005778,-0.11503
130532,396.0,345.991,15.038837,15.055353,15.055353,-0.25661,4.69392
130533,397.0,345.607,15.118288,15.123164,15.123164,0.067811,0.32483
130534,398.0,345.75,15.286056,15.286724,15.286724,0.16356,-4.17165
130535,399.0,344.638,15.27235,15.312779,15.312779,0.026055,4.33437
130536,400.0,343.401,15.12159,15.172101,15.172101,-0.140678,6.47011
130537,401.0,342.59,14.562658,14.585223,14.585223,-0.586878,8.14793
130538,402.0,341.541,13.444841,13.485702,13.485702,-1.099521,13.55786
130539,403.0,341.657,12.64797,12.648502,12.648502,-0.8372,5.67451
130540,404.0,341.071,12.228967,12.242999,12.242999,-0.405503,6.58004
130541,405.0,340.415,11.67805,11.69646,11.69646,-0.546539,7.70404
130542,406.0,339.453,12.187354,12.225263,12.225263,0.528803,2.43601
130543,407.0,339.366,10.979406,10.979751,10.979751,-1.245512,8.51752
130544,408.0,338.663,10.889505,10.912174,10.912174,-0.067577,4.80858
130545,409.0,338.521,11.06968,11.070591,11.070591,0.158417,0.54006
130546,410.0,338.671,11.398569,11.399556,11.399556,0.328965,-5.97368
130547,411.0,338.148,12.248299,12.25946,12.25946,0.859904,-14.4006
130548,412.0,338.013,13.41948,13.420159,13.420159,1.160699,-31.83336
130549,413.0,337.49,15.983495,15.992049,15.992049,2.57189,-75.09618
130550,414.0,337.218,14.796223,14.798723,14.798723,-1.193326,10.02603
130551,415.0,336.7,14.854974,14.864003,14.864003,0.06528,1.27191
130552,416.0,336.653,15.410268,15.41034,15.41034,0.546337,-23.5138
130553,417.0,336.653,15.885468,15.885468,15.885468,0.475128,-23.59022
130554,418.0,336.201,15.94425,15.950656,15.950656,0.065188,-0.04362
130555,419.0,336.333,15.805463,15.806014,15.806014,-0.144642,-1.20254
130556,420.0,335.318,15.746595,15.779274,15.779274,-0.02674,3.85893
130557,421.0,335.458,15.826862,15.827481,15.827481,0.048207,-2.90004
130558,422.0,334.88,16.49947,16.509591,16.509591,0.68211,-21.19039
130559,423.0,334.145,17.449901,17.465374,17.465374,0.955783,-30.06182
130600,424.0,333.997,17.530124,17.530749,17.530749,0.065375,-3.25875
130601,425.0,333.746,17.449873,17.451678,17.451678,-0.079071,-1.2774
130602,426.0,333.989,17.092493,17.094221,17.094221,-0.357457,-0.96866
130603,427.0,333.207,16.996593,17.014573,17.014573,-0.079648,1.95632
130604,428.0,332.856,17.054905,17.058516,17.058516,0.043943,-1.48646
130605,429.0,332.377,17.113437,17.120139,17.120139,0.061623,-1.03932
130606,430.0,331.466,16.894631,16.919175,16.919175,-0.200964,3.82902
130607,431.0,330.771,16.696926,16.711384,16.711384,-0.207791,2.93725
130608,432.0,330.943,16.405595,16.406497,16.406497,-0.304887,-0.51059
130609,433.0,329.917,15.924398,15.957416,15.957416,-0.449081,7.37558
130610,434.0,329.997,15.337492,15.337701,15.337701,-0.619715,3.35392
130611,435.0,329.637,14.918369,14.922712,14.922712,-0.414989,4.23699
130612,436.0,329.027,14.480362,14.493204,14.493204,-0.429508,5.90877
130613,437.0,329.339,14.339988,14.343381,14.343381,-0.149823,-1.01808
130614,438.0,329.458,14.433911,14.434402,14.434402,0.091021,-1.92913
130615,439.0,328.956,14.448105,14.456824,14.456824,0.022422,1.85384
130616,440.0,328.152,14.308183,14.330755,14.330755,-0.126069,4.68247
130617,441.0,327.777,14.483674,14.488528,14.488528,0.157773,0.10845
130618,442.0,327.841,14.521187,14.521328,14.521328,0.0328,-1.25662
130619,443.0,327.925,15.129556,15.129789,15.129789,0.608461,-15.15624
130620,444.0,326.599,15.515869,15.572427,15.572427,0.442638,1.75411
130621,445.0,327.146,16.204021,16.213251,16.213251,0.640824,-25.94636
130622,446.0,326.654,16.675603,16.682859,16.682859,0.469608,-4.17026
130623,447.0,327.011,16.587045,16.590887,16.590887,-0.091972,-3.52696
130624,448.0,326.498,16.439776,16.447778,16.447778,-0.143109,1.63511
130625,449.0,325.233,15.987388,16.037357,16.037357,-0.410421,8.24754
130626,450.0,324.834,15.696192,15.701263,15.701263,-0.336094,3.29167
130627,451.0,324.59,15.358817,15.360756,15.360756,-0.340507,2.74649
130628,452.0,324.614,15.153109,15.153128,15.153128,-0.207628,0.39211
130629,453.0,324.435,14.973912,14.974982,14.974982,-0.178146,1.35057
130630,454.0,323.037,14.925716,14.991044,14.991044,0.016062,6.19372
130631,455.0,322.35,14.772041,14.788008,14.788008,-0.203036,4.35498
130632,456.0,321.842,14.443203,14.452134,14.452134,-0.335874,4.66805
130633,457.0,321.399,14.634997,14.6417,14.6417,0.189566,0.08548
130634,458.0,320.899,15.005481,15.013809,15.013809,0.372109,-1.42051
130635,459.0,320.611,15.334355,15.337059,15.337059,0.32325,-2.46843
130636,460.0,320.096,15.444024,15.452608,15.452608,0.115549,0.32991
130637,461.0,319.073,15.210808,15.24517,15.24517,-0.207438,5.83566
130638,462.0,318.714,14.8959,14.900225,14.900225,-0.344945,3.68552
130639,463.0,317.607,14.630167,14.671988,14.671988,-0.228237,6.84359
130640,464.0,317.036,14.434221,14.44551,14.44551,-0.226478,4.15583
130641,465.0,316.833,14.505338,14.506758,14.506758,0.061248,-0.06049
130642,466.0,316.309,14.723754,14.733075,14.733075,0.226317,0.14051
130643,467.0,316.161,15.014576,15.015306,15.015306,0.282231,-2.55051
130644,468.0,315.937,15.675594,15.677194,15.677194,0.661888,-24.37159
130645,469.0,314.727,16.081488,16.126945,16.126945,0.449751,0.45226
130646,470.0,314.782,16.419005,16.419097,16.419097,0.292152,-7.24548
130647,471.0,314.063,16.529475,16.545105,16.545105,0.126008,0.2451
130648,472.0,312.972,16.227596,16.264229,16.264229,-0.280876,6.0412
130649,473.0,312.777,17.211666,17.212771,17.212771,0.948542,-38.45907
130650,474.0,313.12,17.436941,17.440314,17.440314,0.227543,-11.36033
130651,475.0,312.021,17.878768,17.912514,17.912514,0.4722,-2.58647
130652,476.0,312.457,17.878754,17.88407,17.88407,-0.028444,-5.82395
130653,477.0,312.301,17.793822,17.794506,17.794506,-0.089564,-2.02765
130654,478.0,311.342,17.903854,17.92952,17.92952,0.135014,-0.1023
130655,479.0,311.154,17.988239,17.989222,17.989222,0.059702,-3.50403
130656,480.0,309.807,17.988225,18.038588,18.038588,0.049366,2.64093
130657,481.0,309.907,17.933333,17.933612,17.933612,-0.104976,-3.37211
130658,482.0,309.212,17.662457,17.676126,17.676126,-0.257486,2.52504
130659,483.0,309.363,16.985997,16.986668,16.986668,-0.689458,2.63259
130700,484.0,308.277,17.041147,17.075716,17.075716,0.089048,1.95368
130701,485.0,307.788,17.012186,17.019213,17.019213,-0.056503,0.2004
130702,486.0,306.562,16.299693,16.345736,16.345736,-0.673477,10.13128
130703,487.0,306.501,16.236214,16.236329,16.236329,-0.109407,-0.85218
130704,488.0,305.542,16.260724,16.288979,16.288979,0.05265,2.41215
130705,489.0,306.086,16.075315,16.084517,16.084517,-0.204462,-3.08428
130706,490.0,305.043,15.891531,15.925722,15.925722,-0.158795,5.00738
130707,491.0,305.262,15.42113,15.422685,15.422685,-0.503037,1.61398
130708,492.0,304.678,15.064725,15.076041,15.076041,-0.346644,4.77375
130709,493.0,304.062,15.017229,15.029858,15.029858,-0.046183,2.54837
130710,494.0,303.135,15.032254,15.06081,15.06081,0.030952,3.53753
130711,495.0,303.587,14.741475,14.748403,14.748403,-0.312407,-0.74697
130712,496.0,302.255,14.822209,14.881939,14.881939,0.133536,4.99881
130713,497.0,302.279,14.741459,14.741479,14.741479,-0.14046,0.15029
130714,498.0,301.832,14.499495,14.506383,14.506383,-0.235096,3.53186
130715,499.0,301.74,13.856377,13.856683,13.856683,-0.6497,5.14199
130716,500.0,301.047,13.821078,13.838441,13.838441,-0.018242,3.62315
130717,501.0,300.104,11.994099,12.031112,12.031112,-1.807329,17.57731
130718,502.0,300.601,10.372224,10.384124,10.384124,-1.646988,7.20459
130719,503.0,299.824,8.635235,8.670121,8.670121,-1.714003,12.50006
130720,504.0,299.668,7.370706,7.372357,7.372357,-1.297764,6.24943
130721,505.0,299.388,6.059614,6.06608,6.06608,-1.306277,5.88955
130722,506.0,299.185,4.984875,4.989007,4.989007,-1.077073,4.01523
130723,507.0,299.232,3.877422,3.877707,3.877707,-1.1113,2.03019
130724,508.0,299.396,2.651403,2.65647,2.65647,-1.221237,0.74019
130725,509.0,299.248,1.464294,1.471755,1.471755,-1.184715,1.4814
130726,510.0,299.388,0.607727,0.623645,0.623645,-0.84811,-1.70754
130727,511.0,299.2,0.139759,0.234257,0.234257,-0.389388,-0.28255
130728,512.0,299.348,0.538965,0.558916,0.558916,0.324659,-3.14761
130729,513.0,299.769,0.61403,0.744496,0.744496,0.18558,-7.85068
130730,514.0,299.2,0.419276,0.706791,0.706791,-0.037705,2.7154
130731,515.0,299.597,0.139759,0.420882,0.420882,-0.285909,-0.25218
130732,516.0,299.605,0.084665,0.085042,0.085042,-0.33584,-0.32796
130733,517.0,299.029,0.277268,0.63926,0.63926,0.554218,2.54249
130734,518.0,299.956,0.277268,0.967578,0.967578,0.328318,-17.06829
130735,519.0,300.204,0.437685,0.503063,0.503063,-0.464515,-4.1831
130736,520.0,299.769,1.58755,1.646068,1.646068,1.143005,1.06093
130737,521.0,299.568,3.093916,3.100438,3.100438,1.45437,-5.76509
130738,522.0,299.932,4.829675,4.843373,4.843373,1.742935,-20.67221
130739,523.0,299.924,6.255398,6.255403,6.255403,1.41203,-17.92806
130740,524.0,299.441,7.095047,7.111469,7.111469,0.856066,-4.85938
130741,525.0,298.889,7.301002,7.32184,7.32184,0.210371,2.36826
130742,526.0,299.333,7.100477,7.114345,7.114345,-0.207495,-3.46765
130743,527.0,299.232,6.795087,6.795837,6.795837,-0.318508,1.92845
130744,528.0,299.232,6.422563,6.422563,6.422563,-0.373274,1.48466
130745,529.0,299.076,6.056156,6.058164,6.058164,-0.364399,2.16863
130746,530.0,298.693,5.54252,5.555737,5.555737,-0.502427,3.62926
130747,531.0,299.38,4.748459,4.797898,4.797898,-0.757839,-4.61664
130748,532.0,299.293,3.995878,3.996825,3.996825,-0.801073,2.15153
130749,533.0,299.092,3.404939,3.410866,3.410866,-0.585959,2.05602
130750,534.0,299.293,3.127686,3.134138,3.134138,-0.276728,-1.4943
130751,535.0,298.585,3.096212,3.176129,3.176129,0.041991,3.56114
130752,536.0,299.248,3.096212,3.166401,3.166401,-0.009728,-11.16878
130753,537.0,298.757,3.070783,3.109789,3.109789,-0.056612,2.57933
130754,538.0,298.646,2.8492,2.851361,2.851361,-0.258428,0.85846
130755,539.0,298.944,2.646886,2.663608,2.663608,-0.187753,-4.00405
130756,540.0,298.952,2.371688,2.371702,2.371702,-0.291906,0.16872
130757,541.0,298.461,1.966913,2.027271,2.027271,-0.344431,2.7707
130758,542.0,298.241,1.28706,1.305727,1.305727,-0.721544,1.41709
130759,543.0,298.109,0.956367,0.965434,0.965434,-0.340293,0.59751
130800,544.0,298.616,0.8103,0.955843,0.955843,-0.009591,-9.05031
130801,545.0,297.969,0.607725,0.887659,0.887659,-0.068184,3.15851
130802,546.0,298.344,0.538963,0.656587,0.656587,-0.231072,-6.53728
130803,547.0,298.328,0.202575,0.203206,0.203206,-0.453381,-0.28452
130804,548.0,298.78,0.169329,0.482676,0.482676,0.27947,-0.72147
130805,549.0,298.796,0.202575,0.203206,0.203206,-0.27947,-0.30348
130806,550.0,298.984,0.202575,0.276371,0.276371,0.073165,-0.33902
130807,551.0,298.405,0.084665,0.585157,0.585157,0.308786,2.64716
130808,552.0,298.593,0.0,0.188,0.0,-0.585157,-0.35
130809,553.0,298.952,0.0,0.359,0.0,0.0,-0.35
130810,554.0,299.068,0.0,0.116,0.0,0.0,-0.35
130811,555.0,298.468,0.0,0.6,0.0,0.0,-0.35
130812,556.0,298.741,0.0,0.273,0.0,0.0,-0.35
130813,557.0,298.741,0.0,0.0,0.0,0.0,-0.35
130814,558.0,299.232,0.0,0.491,0.0,0.0,-0.35
130815,559.0,299.052,0.0,0.18,0.0,0.0,-0.35
130816,560.0,299.589,0.0,0.537,0.0,0.0,-0.35
130817,561.0,298.405,0.0,1.184,0.0,0.0,-0.35
130818,562.0,298.936,0.0,0.531,0.0,0.0,-0.35
130819,563.0,298.804,0.139758,0.19224,0.19224,0.19224,-0.46768
130820,564.0,299.2,0.0,0.396,0.0,-0.19224,-0.35
130821,565.0,299.06,0.0,0.14,0.0,0.0,-0.35
130822,566.0,298.857,0.0,0.203,0.0,0.0,-0.35
130823,567.0,298.709,0.0,0.148,0.0,0.0,-0.35
130824,568.0,299.013,0.0,0.304,0.0,0.0,-0.35
130825,569.0,298.857,0.0,0.156,0.0,0.0,-0.35
130826,570.0,298.78,0.0,0.077,0.0,0.0,-0.35
130827,571.0,298.484,0.0,0.296,0.0,0.0,-0.35
130828,572.0,299.224,0.0,0.74,0.0,0.0,-0.35
130829,573.0,299.449,0.139758,0.264872,0.264872,0.264872,-0.54685
130830,574.0,299.24,0.084665,0.225497,0.225497,-0.039375,-0.32743
130831,575.0,298.585,0.139758,0.669744,0.669744,0.444247,2.99122
130832,576.0,298.069,0.0,0.516,0.0,-0.669744,-0.35
130833,577.0,298.521,0.0,0.452,0.0,0.0,-0.35
130834,578.0,298.997,0.0,0.476,0.0,0.0,-0.35
130835,579.0,298.944,0.084665,0.099885,0.099885,0.099885,-0.34747
130836,580.0,299.013,0.0,0.069,0.0,-0.099885,-0.35
130837,581.0,298.693,0.0,0.32,0.0,0.0,-0.35
130838,582.0,298.952,0.0,0.259,0.0,0.0,-0.35
130839,583.0,298.725,0.0,0.227,0.0,0.0,-0.35
130840,584.0,299.121,0.0,0.396,0.0,0.0,-0.35
130841,585.0,299.605,0.0,0.484,0.0,0.0,-0.35
130842,586.0,298.265,0.0,1.34,0.0,0.0,-0.35
130843,587.0,299.496,0.0,1.231,0.0,0.0,-0.35
130844,588.0,299.636,0.0,0.14,0.0,0.0,-0.35
130845,589.0,298.928,0.0,0.708,0.0,0.0,-0.35
130846,590.0,299.465,0.0,0.537,0.0,0.0,-0.35
130847,591.0,299.38,0.0,0.085,0.0,0.0,-0.35
130848,592.0,299.153,0.0,0.227,0.0,0.0,-0.35
130849,593.0,299.605,0.0,0.452,0.0,0.0,-0.35
130850,594.0,299.013,0.0,0.592,0.0,0.0,-0.35
130851,595.0,298.928,0.111195,0.139962,0.139962,0.139962,-0.34946
130852,596.0,299.232,0.0,0.304,0.0,-0.139962,-0.35
130853,597.0,299.232,0.0,0.0,0.0,0.0,-0.35
130854,598.0,299.52,0.0,0.288,0.0,0.0,-0.35
130855,599.0,299.745,0.0,0.225,0.0,0.0,-0.35
130856,600.0,299.816,0.0,0.071,0.0,0.0,-0.35
130857,601.0,299.581,0.0,0.235,0.0,0.0,-0.35
130858,602.0,298.857,0.0,0.724,0.0,0.0,-0.35
130859,603.0,299.84,0.0,0.983,0.0,0.0,-0.35
130900,604.0,299.2,0.0,0.64,0.0,0.0,-0.35
130901,605.0,299.932,0.111195,0.740397,0.740397,0.740397,-14.09424
130902,606.0,299.644,0.0,0.288,0.0,-0.740397,-0.35
130951,655.0,299.496,0.237961,0.280231,0.005719,0.000117,-0.34955
130952,656.0,299.544,1.551275,1.552017,1.552017,1.546298,-5.11411
130953,657.0,300.448,3.250462,3.373828,3.373828,1.821811,-26.51651
130954,658.0,299.972,4.937779,4.960669,4.960669,1.586841,-7.50614
130955,659.0,299.816,6.041376,6.043389,6.043389,1.08272,-11.1109
130956,660.0,299.932,6.396835,6.397887,6.397887,0.354498,-4.65875
130957,661.0,299.356,5.968009,5.995741,5.995741,-0.402146,4.48278
130958,662.0,299.076,5.577435,5.584459,5.584459,-0.411282,2.82436
130959,663.0,299.317,5.834219,5.839194,5.839194,0.254735,-5.6436
131000,664.0,299.301,6.446151,6.446171,6.446171,0.606977,-8.97475
131001,665.0,299.185,7.477433,7.478333,7.478333,1.032162,-14.42287
131002,666.0,299.185,8.175806,8.175806,8.175806,0.697473,-13.09035
131003,667.0,298.009,8.508835,8.589718,8.589718,0.413912,4.70928
131004,668.0,298.508,8.7026,8.716894,8.716894,0.127176,-8.51999
131005,669.0,298.04,8.728394,8.740931,8.740931,0.024037,2.79464
131006,670.0,297.877,8.588975,8.590522,8.590522,-0.150409,1.97805
131007,671.0,297.401,8.366483,8.380013,8.380013,-0.210509,3.85529
131008,672.0,297.121,7.975454,7.980367,7.980367,-0.399646,3.54432
131009,673.0,296.045,7.446351,7.523691,7.523691,-0.456676,7.81798
131010,674.0,296.101,7.231475,7.231692,7.231692,-0.291999,1.11803
131011,675.0,295.75,7.116405,7.125056,7.125056,-0.106636,2.52412
131012,676.0,295.105,7.063894,7.09328,7.09328,-0.031776,3.78174
131013,677.0,294.661,7.129073,7.142886,7.142886,0.049606,2.41767
131014,678.0,294.941,7.169822,7.175287,7.175287,0.032401,-3.62658
131015,679.0,294.41,7.233071,7.252536,7.252536,0.077249,2.77645
131016,680.0,294.341,7.480792,7.48111,7.48111,0.228574,-0.24866
131017,681.0,293.686,7.871114,7.89832,7.89832,0.41721,2.02986
131018,682.0,292.885,8.10893,8.148396,8.148396,0.250076,3.50045
131019,683.0,293.097,7.661878,7.66481,7.66481,-0.483586,1.19811
131020,684.0,292.777,7.187284,7.194405,7.194405,-0.470405,3.77639
131021,685.0,292.061,6.453029,6.49263,6.49263,-0.701775,6.41916
131022,686.0,291.842,5.89467,5.898737,5.898737,-0.593893,3.18029
131023,687.0,291.672,5.599507,5.602087,5.602087,-0.29665,1.90628
131024,688.0,291.205,5.339187,5.359571,5.359571,-0.242516,3.25287
131025,689.0,290.705,4.893401,4.91888,4.91888,-0.440691,3.85209
131026,690.0,290.386,4.28328,4.295143,4.295143,-0.623737,3.11825
131027,691.0,290.745,3.435587,3.454293,3.454293,-0.84085,-0.525
131028,692.0,290.124,2.882409,2.948545,2.948545,-0.505748,3.95596
131029,693.0,289.989,2.172914,2.177103,2.177103,-0.771442,1.43538
131030,694.0,289.548,1.875228,1.926386,1.926386,-0.250717,2.38383
131031,695.0,290.269,1.249236,1.44237,1.44237,-0.484016,-11.46396
131032,696.0,290.386,0.581187,0.592847,0.592847,-0.849523,-1.35436
131033,697.0,290.224,0.084662,0.182789,0.182789,-0.410058,-0.29535
131034,698.0,289.928,0.139757,0.327335,0.327335,0.144546,-0.34954
131035,699.0,289.921,0.22239,0.2225,0.2225,-0.104835,-0.31991
131036,700.0,288.909,0.139757,1.021605,1.021605,0.799105,4.61998
131037,701.0,289.273,0.0,0.364,0.0,-1.021605,-0.35
131038,702.0,289.952,0.0,0.679,0.0,0.0,-0.35
131039,703.0,290.145,0.139757,0.238288,0.238288,0.238288,-0.51567
131040,704.0,289.952,0.0,0.193,0.0,-0.238288,-0.35
131041,705.0,290.293,0.0,0.341,0.0,0.0,-0.35
131042,706.0,289.773,0.0,0.52,0.0,0.0,-0.35
131043,707.0,289.725,0.0,0.048,0.0,0.0,-0.35
131044,708.0,289.701,0.0,0.024,0.0,0.0,-0.35
131045,709.0,289.057,0.084662,0.649541,0.649541,0.649541,2.86498
131046,710.0,289.397,0.111195,0.357721,0.357721,-0.29182,-0.26573
131047,711.0,289.696,0.0,0.299,0.0,-0.357721,-0.35
131048,712.0,289.461,0.084662,0.249785,0.249785,0.249785,-0.52884
131049,713.0,289.765,0.111195,0.323698,0.323698,0.073913,-0.33727
131050,714.0,289.205,0.0,0.56,0.0,-0.323698,-0.35
131051,715.0,289.337,0.0,0.132,0.0,0.0,-0.35
131052,716.0,289.181,0.139757,0.209447,0.209447,0.209447,-0.48472
131053,717.0,289.041,0.0,0.14,0.0,-0.209447,-0.35
131054,718.0,289.625,0.0,0.584,0.0,0.0,-0.35
131055,719.0,289.825,0.084662,0.217181,0.217181,0.217181,-0.49272
131056,720.0,289.12,0.0,0.705,0.0,-0.217181,-0.35
131057,721.0,289.477,0.0,0.357,0.0,0.0,-0.35
131058,722.0,288.737,0.084662,0.744827,0.744827,0.744827,3.30658
131059,723.0,288.481,0.0,0.256,0.0,-0.744827,-0.35
131100,724.0,288.821,0.0,0.34,0.0,0.0,-0.35
131101,725.0,289.321,0.0,0.5,0.0,0.0,-0.35
131102,726.0,288.877,0.084662,0.452,0.452,0.452,-0.83852
131103,727.0,289.437,0.0,0.56,0.0,-0.452,-0.35
131104,728.0,289.228,0.0,0.209,0.0,0.0,-0.35
131105,729.0,289.345,0.0,0.117,0.0,0.0,-0.35
131106,730.0,289.072,0.0,0.273,0.0,0.0,-0.35
131107,731.0,288.644,0.0,0.428,0.0,0.0,-0.35
131108,732.0,289.025,0.111195,0.396895,0.396895,0.396895,-0.7395
131109,733.0,288.948,0.0,0.077,0.0,-0.396895,-0.35
131110,734.0,288.137,0.0,0.811,0.0,0.0,-0.35
131111,735.0,288.449,0.0,0.312,0.0,0.0,-0.35
131112,736.0,288.348,0.0,0.101,0.0,0.0,-0.35
131113,737.0,289.009,0.0,0.661,0.0,0.0,-0.35
131114,738.0,288.932,0.0,0.077,0.0,0.0,-0.35
131115,739.0,288.417,0.0,0.515,0.0,0.0,-0.35
131116,740.0,288.084,0.111195,0.351075,0.351075,0.351075,-0.66552
131140,764.0,287.852,0.0,0.232,0.0,-0.014628,-0.35
131141,765.0,287.384,0.0,0.468,0.0,0.0,-0.35
131142,766.0,286.98,0.0,0.404,0.0,0.0,-0.35
131143,767.0,287.936,0.0,0.956,0.0,0.0,-0.35
131144,768.0,287.392,0.0,0.544,0.0,0.0,-0.35
131145,769.0,287.828,0.0,0.436,0.0,0.0,-0.35
131146,770.0,287.757,0.0,0.071,0.0,0.0,-0.35
131147,771.0,287.408,0.0,0.349,0.0,0.0,-0.35
131148,772.0,287.624,0.084662,0.231999,0.231999,0.231999,-0.50866
131149,773.0,287.416,0.0,0.208,0.0,-0.231999,-0.35
131150,774.0,286.396,0.111195,1.026043,1.026043,1.026043,4.5356
131151,775.0,286.972,0.344161,0.670986,0.670986,-0.355057,-9.93393
131152,776.0,287.104,0.344161,0.368606,0.368606,-0.30238,-0.26108
131153,777.0,287.376,0.23796,0.361399,0.361399,-0.007207,-0.32006
131154,778.0,287.244,0.22239,0.258614,0.258614,-0.102785,-0.31531
131155,779.0,287.336,0.0,0.092,0.0,-0.258614,-0.35
131156,780.0,286.528,0.139757,0.819998,0.819998,0.819998,3.60737
131157,781.0,286.824,0.0,0.296,0.0,-0.819998,-0.35
131158,782.0,287.088,0.0,0.264,0.0,0.0,-0.35
131159,783.0,286.676,0.0,0.412,0.0,0.0,-0.35
131200,784.0,286.536,0.0,0.14,0.0,0.0,-0.35
131201,785.0,286.9,0.084662,0.373716,0.373716,0.373716,-0.70113
131202,786.0,286.536,0.0,0.364,0.0,-0.373716,-0.35
131203,787.0,286.544,0.0,0.008,0.0,0.0,-0.35
131204,788.0,285.867,0.0,0.677,0.0,0.0,-0.35
131205,789.0,286.52,0.0,0.653,0.0,0.0,-0.35
131206,790.0,286.84,0.0,0.32,0.0,0.0,-0.35
131207,791.0,286.784,0.0,0.056,0.0,0.0,-0.35
131208,792.0,286.784,0.0,0.0,0.0,0.0,-0.35
131209,793.0,286.668,0.0,0.116,0.0,0.0,-0.35
131210,794.0,286.388,0.0,0.28,0.0,0.0,-0.35
131211,795.0,286.676,0.0,0.288,0.0,0.0,-0.35
131212,796.0,286.449,0.0,0.227,0.0,0.0,-0.35
131213,797.0,286.356,0.0,0.093,0.0,0.0,-0.35
131214,798.0,285.851,0.0,0.505,0.0,0.0,-0.35
131215,799.0,285.764,0.0,0.087,0.0,0.0,-0.35
131216,800.0,286.42,0.111195,0.665357,0.665357,0.665357,-12.57918
131217,801.0,286.168,0.0,0.252,0.0,-0.665357,-0.35
131218,802.0,286.467,0.0,0.299,0.0,0.0,-0.35
131219,803.0,286.364,0.0,0.103,0.0,0.0,-0.35
131220,804.0,285.952,0.0,0.412,0.0,0.0,-0.35
131221,805.0,285.656,0.0,0.296,0.0,0.0,-0.35
131222,806.0,285.479,0.0,0.177,0.0,0.0,-0.35
131223,807.0,285.484,0.0,0.005,0.0,0.0,-0.35
131224,808.0,286.192,0.0,0.708,0.0,0.0,-0.35
131225,809.0,285.711,0.0,0.481,0.0,0.0,-0.35
131226,810.0,285.92,0.139757,0.251422,0.251422,0.251422,-0.53076
131227,811.0,285.587,0.0,0.333,0.0,-0.251422,-0.35
131228,812.0,285.595,0.0,0.008,0.0,0.0,-0.35
131229,813.0,286.132,0.0,0.537,0.0,0.0,-0.35
131230,814.0,285.867,0.0,0.265,0.0,0.0,-0.35
131231,815.0,286.039,0.0,0.172,0.0,0.0,-0.35
131232,816.0,286.039,0.111195,0.111195,0.111195,0.111195,-0.34785
131233,817.0,286.039,0.0,0.0,0.0,-0.111195,-0.35
131234,818.0,285.74,0.111195,0.319007,0.319007,0.319007,-0.61824
131235,819.0,285.431,0.0,0.309,0.0,-0.319007,-0.35
131236,820.0,285.532,0.0,0.101,0.0,0.0,-0.35
131237,821.0,285.508,0.0,0.024,0.0,0.0,-0.35
131238,822.0,285.563,0.0,0.055,0.0,0.0,-0.35
131239,823.0,284.863,0.0,0.7,0.0,0.0,-0.35
131240,824.0,285.455,0.0,0.592,0.0,0.0,-0.35
131241,825.0,285.611,0.111195,0.191573,0.191573,0.191573,-0.46705
131242,826.0,285.479,0.344161,0.368606,0.368606,0.177033,-0.56556
131243,827.0,286.163,1.269159,1.441742,1.441742,1.073136,-14.8593
131244,828.0,284.987,2.19425,2.48952,2.48952,1.047778,4.63979
131245,829.0,285.355,3.249755,3.270525,3.270525,0.781005,-10.58235
131246,830.0,285.624,4.543241,4.551198,4.551198,1.280673,-14.36559
131247,831.0,284.831,5.387945,5.445989,5.445989,0.894791,1.66464
131248,832.0,284.25,5.995937,6.024021,6.024021,0.578032,1.34956
131249,833.0,284.475,6.291,6.295022,6.295022,0.271001,-5.60715
131250,834.0,284.419,6.576796,6.577035,6.577035,0.282013,-4.59889
131251,835.0,284.327,7.08032,7.080918,7.080918,0.503883,-7.22247
131252,836.0,284.078,7.986811,7.990691,7.990691,0.909773,-11.44386
131253,837.0,283.346,8.780618,8.811077,8.811077,0.820386,0.42652
131254,838.0,283.534,8.112387,8.114565,8.114565,-0.696512,2.41694
131255,839.0,283.563,9.608167,9.608211,9.608211,1.493646,-23.73493
131256,840.0,283.151,10.593784,10.601793,10.601793,0.993582,-15.49607
131257,841.0,283.339,10.527461,10.52914,10.52914,-0.072653,0.08366
131258,842.0,284.007,10.390399,10.41185,10.41185,-0.11729,-6.61401
131259,843.0,284.063,10.362242,10.362394,10.362394,-0.049456,0.62136
131300,844.0,283.851,9.177191,9.179639,9.179639,-1.182755,7.43703
131301,845.0,283.719,8.642882,8.64389,8.64389,-0.535749,3.61272
131302,846.0,284.599,8.268798,8.315493,8.315493,-0.328397,-8.48805
131303,847.0,285.051,7.619452,7.632847,7.632847,-0.682646,0.73842
131304,848.0,284.979,6.797018,6.797399,6.797399,-0.835448,3.66182
131305,849.0,285.307,6.385337,6.393755,6.393755,-0.403644,-0.14628
131306,850.0,285.384,6.284813,6.285285,6.285285,-0.10847,0.14538
131307,851.0,285.4,6.278167,6.278187,6.278187,-0.007098,0.12387
131308,852.0,285.632,6.972843,6.976701,6.976701,0.698514,-11.21599
131309,853.0,285.836,7.361898,7.364724,7.364724,0.388023,-6.9507
131310,854.0,285.912,7.445459,7.445847,7.445847,0.081123,-0.59242
131311,855.0,284.895,7.395714,7.465312,7.465312,0.019465,5.57968
131312,856.0,285.439,7.445455,7.465302,7.465302,-1.0e-05,-7.77685
131313,857.0,285.423,7.39571,7.395728,7.395728,-0.069574,0.65716
131314,858.0,285.175,7.445451,7.44958,7.44958,0.053852,1.39268
131315,859.0,285.283,7.445448,7.446232,7.446232,-0.003348,-0.25303
131316,860.0,284.887,7.395704,7.406299,7.406299,-0.039933,2.5412
131937,1241.0,278.471,1852.767359,1852.778468,4.862936,-0.006675,0.15793
131939,1243.0,278.543,23.745934,23.746043,11.873022,3.505043,-72.02248
131941,1245.0,278.635,30.701374,30.701512,15.350756,1.738867,-46.10235
131942,1246.0,278.223,16.438142,16.443304,16.443304,1.092548,-36.11192
131943,1247.0,278.331,16.872006,16.872352,16.872352,0.429048,-12.79774
131944,1248.0,278.619,16.910806,16.913258,16.913258,0.040906,-4.66768
131945,1249.0,277.486,17.048494,17.086101,17.086101,0.172843,1.42459
131946,1250.0,277.547,17.521265,17.521371,17.521371,0.43527,-13.00015
131947,1251.0,277.259,18.032975,18.035275,18.035275,0.513904,-25.77642
131948,1252.0,277.298,18.072055,18.072097,18.072097,0.036822,-4.56799
131949,1253.0,276.862,18.05314,18.058404,18.058404,-0.013693,-1.56252
131950,1254.0,276.048,17.973593,17.992016,17.992016,-0.066388,1.00921
131951,1255.0,276.162,17.777143,17.777508,17.777508,-0.214508,-2.23565
131952,1256.0,275.441,17.639186,17.653915,17.653915,-0.123593,1.41775
131953,1257.0,275.589,17.835753,17.836367,17.836367,0.182452,-6.82415
131954,1258.0,274.836,17.50125,17.517442,17.517442,-0.318925,3.55883
131955,1259.0,274.508,17.16713,17.170263,17.170263,-0.347179,1.8847
131956,1260.0,273.779,17.127225,17.142732,17.142732,-0.027531,1.07837
131957,1261.0,273.855,17.265146,17.265313,17.265313,0.122581,-4.67432
131958,1262.0,273.895,17.363329,17.363375,17.363375,0.098062,-4.36484
131959,1263.0,273.8,17.560167,17.560424,17.560424,0.197049,-4.80507
132000,1264.0,273.071,17.422437,17.437682,17.437682,-0.122742,1.66754
132001,1265.0,272.83,17.461651,17.463314,17.463314,0.025632,-2.31698
132002,1266.0,272.534,17.521142,17.523642,17.523642,0.060328,-2.41831
132003,1267.0,272.582,18.131655,18.131718,18.131718,0.608076,-19.23628
132004,1268.0,272.465,18.93897,18.939331,18.939331,0.807613,-41.65733
132005,1269.0,271.324,19.46175,19.495169,19.495169,0.555838,-5.49256
132006,1270.0,271.184,19.806151,19.806646,19.806646,0.311477,-8.65059
132007,1271.0,270.848,20.312285,20.315064,20.315064,0.508418,-32.10985
132008,1272.0,269.939,21.291303,21.310698,21.310698,0.995634,-44.19741
132009,1273.0,269.406,21.905408,21.911892,21.911892,0.601194,-37.98795
132010,1274.0,268.613,21.565285,21.57986,21.57986,-0.332032,-0.4665
132011,1275.0,268.217,21.124993,21.128704,21.128704,-0.451156,-0.64553
132012,1276.0,268.534,19.922829,19.925351,19.925351,-1.203353,4.96861
132013,1277.0,268.262,17.973396,17.975454,17.975454,-1.949897,16.34225
132014,1278.0,268.922,15.59139,15.605353,15.605353,-2.370101,14.82056
132015,1279.0,268.549,13.249195,13.254444,13.254444,-2.350909,18.91798
132016,1280.0,268.621,10.423856,10.424104,10.424104,-2.83034,16.10215
132017,1281.0,268.674,8.14303,8.143203,8.143203,-2.280901,10.06479
132018,1282.0,268.753,6.028848,6.029365,6.029365,-2.113838,6.58337
132019,1283.0,269.39,4.761246,4.803668,4.803668,-1.225697,-0.14722
132020,1284.0,269.435,6.410212,6.41037,6.41037,1.606702,-17.88427
132021,1285.0,269.643,6.369612,6.373008,6.373008,-0.037362,-1.774
132022,1286.0,270.819,8.271538,8.354719,8.354719,1.981711,-48.49903
132023,1287.0,271.004,10.500953,10.502583,10.502583,2.147864,-40.9178
132025,1289.0,271.945,30.745464,30.759861,15.37993,2.438674,-73.12853
132026,1290.0,272.838,14.802204,14.829117,14.829117,-0.550813,-1.22018
132027,1291.0,273.794,15.356549,15.386277,15.386277,0.55716,-29.5339
132028,1292.0,273.662,16.543142,16.543668,16.543668,1.157391,-43.38688
132029,1293.0,274.812,17.801292,17.8384,17.8384,1.294732,-60.343
132030,1294.0,275.62,18.831235,18.848562,18.848562,1.010162,-47.56331
132031,1295.0,276.482,19.419413,19.438535,19.438535,0.589973,-35.22977
132032,1296.0,276.513,19.61746,19.617485,19.617485,0.17895,-7.88506
132033,1297.0,278.596,19.933334,20.041874,20.041874,0.424389,-51.8865
132034,1298.0,278.852,20.702345,20.703927,20.703927,0.662053,-29.39501
132035,1299.0,279.38,21.394069,21.400583,21.400583,0.696656,-36.87554
132036,1300.0,279.824,21.786924,21.791447,21.791447,0.390864,-24.15147
132037,1301.0,281.106,21.607018,21.645017,21.645017,-0.14643,-17.79087
132038,1302.0,281.706,21.553662,21.562012,21.562012,-0.083005,-10.66051
132039,1303.0,282.874,21.849784,21.88098,21.88098,0.318968,-34.25711
132040,1304.0,283.534,22.092342,22.102198,22.102198,0.221218,-21.66731
132041,1305.0,284.372,22.090943,22.106832,22.106832,0.004634,-16.18677
132042,1306.0,285.376,22.006313,22.029204,22.029204,-0.077628,-15.79621
132043,1307.0,286.972,22.007718,22.065513,22.065513,0.036309,-30.82951
132044,1308.0,287.072,21.923094,21.923322,21.923322,-0.142191,-7.84315
132045,1309.0,287.4,21.752423,21.754895,21.754895,-0.168427,-8.50329
132046,1310.0,288.832,21.753843,21.800925,21.800925,0.04603,-28.09336
132047,1311.0,289.569,21.689748,21.702265,21.702265,-0.09866,-11.39737
132048,1312.0,289.812,21.469252,21.470627,21.470627,-0.231638,-6.94325
132049,1313.0,290.962,21.2431,21.274205,21.274205,-0.196422,-13.36781
132050,1314.0,291.509,21.16902,21.176086,21.176086,-0.098119,-9.68013
132051,1315.0,292.737,21.15879,21.194395,21.194395,0.018309,-22.92808
132052,1316.0,292.513,20.990197,20.991392,20.991392,-0.203003,-4.19232
132053,1317.0,293.321,20.990192,21.005738,21.005738,0.014346,-15.20446
132054,1318.0,294.109,20.963481,20.978285,20.978285,-0.027453,-13.24905
132055,1319.0,294.045,21.005013,21.005111,21.005111,0.026826,-7.64285
132056,1320.0,293.245,20.951827,20.967094,20.967094,-0.038017,-2.98558
132057,1321.0,293.26,20.936677,20.936682,20.936682,-0.030412,-7.31977
132058,1322.0,293.297,21.057764,21.057796,21.057796,0.121114,-9.31383
132059,1323.0,292.721,21.014466,21.022359,21.022359,-0.035437,-4.26927
132100,1324.0,291.181,21.078783,21.134964,21.134964,0.112605,-1.02835
132101,1325.0,291.065,20.995862,20.996182,20.996182,-0.138782,-5.49026
132102,1326.0,290.285,20.912954,20.927495,20.927495,-0.068687,-2.692
132103,1327.0,289.408,20.959007,20.977348,20.977348,0.049853,-3.58269
132104,1328.0,288.705,20.830048,20.841908,20.841908,-0.13544,-2.23582
132105,1329.0,287.984,20.664315,20.67689,20.67689,-0.165018,-1.59947
132106,1330.0,288.24,20.641854,20.643442,20.643442,-0.033448,-8.15753
132107,1331.0,285.867,20.558914,20.695412,20.695412,0.05197,4.66387
132108,1332.0,285.067,20.515556,20.531148,20.531148,-0.164264,-1.00748
132109,1333.0,285.503,20.411567,20.416223,20.416223,-0.114925,-7.91072
132110,1334.0,284.396,20.328393,20.358512,20.358512,-0.057711,-0.33992
132111,1335.0,283.891,20.2882,20.294485,20.294485,-0.064027,-3.35716
132112,1336.0,282.63,20.185589,20.224938,20.224938,-0.069547,0.77189
132113,1337.0,282.181,20.083425,20.088444,20.088444,-0.136494,-2.6072
132114,1338.0,281.877,19.916519,19.918839,19.918839,-0.169605,-2.80935
132115,1339.0,281.806,19.852082,19.852209,19.852209,-0.06663,-5.05335
132116,1340.0,280.485,19.666231,19.710548,19.710548,-0.141661,2.49589
132117,1341.0,280.704,19.666223,19.667442,19.667442,-0.043106,-6.5996
132118,1342.0,279.568,19.546157,19.579141,19.579141,-0.088301,1.11731
132119,1343.0,278.815,19.397236,19.411846,19.411846,-0.167295,0.12485
132120,1344.0,279.296,19.379053,19.385021,19.385021,-0.026825,-7.80141
132121,1345.0,278.495,19.313769,19.330372,19.330372,-0.054649,-0.69752
132122,1346.0,278.123,19.379037,19.382607,19.382607,0.052235,-4.13035
132123,1347.0,278.416,19.295499,19.297724,19.297724,-0.084883,-6.10409
132124,1348.0,279.66,19.277862,19.317958,19.317958,0.020234,-21.93359
132125,1349.0,278.852,19.295484,19.312394,19.312394,-0.005564,-1.14779
132126,1350.0,278.783,19.397181,19.397304,19.397304,0.08491,-6.08414
132127,1351.0,278.939,19.361444,19.362073,19.362073,-0.035231,-5.97518
132128,1352.0,278.86,19.361436,19.361598,19.361598,-0.000475,-5.09864
132129,1353.0,278.123,19.344499,19.358533,19.358533,-0.003065,-1.60411
132130,1354.0,277.726,19.495709,19.49975,19.49975,0.141217,-5.07855
132131,1355.0,278.395,19.480158,19.491642,19.491642,-0.008108,-10.87944
132132,1356.0,278.083,19.480151,19.482649,19.482649,-0.008993,-3.93307
132133,1357.0,277.943,19.396312,19.396817,19.396817,-0.085832,-3.93252
132134,1358.0,277.835,19.328159,19.32846,19.32846,-0.068357,-4.20094
132135,1359.0,277.507,19.411909,19.41468,19.41468,0.08622,-4.75655
132136,1360.0,276.458,19.328144,19.35659,19.35659,-0.05809,0.61242
132137,1361.0,276.273,19.396284,19.397166,19.397166,0.040576,-5.01155
132138,1362.0,276.358,19.297401,19.297588,19.297588,-0.099578,-4.85657
132139,1363.0,275.713,19.244374,19.25518,19.25518,-0.042408,-1.55468
132140,1364.0,274.804,19.213503,19.234994,19.234994,-0.020186,-0.36998
132141,1365.0,274.439,19.228614,19.232078,19.232078,-0.002916,-3.40826
132142,1366.0,274.212,19.045743,19.047096,19.047096,-0.184982,-2.04961
132143,1367.0,273.911,18.97719,18.979577,18.979577,-0.067519,-2.78189
132144,1368.0,274.003,18.79416,18.794385,18.794385,-0.185192,-3.45028
132145,1369.0,273.707,18.710311,18.712653,18.712653,-0.081732,-2.35856
132146,1370.0,272.738,18.725828,18.750883,18.750883,0.03823,-0.06602
132147,1371.0,272.333,18.542635,18.547058,18.547058,-0.203825,-0.38376
132148,1372.0,271.461,18.390801,18.411462,18.411462,-0.135596,1.54186
132149,1373.0,271.757,18.291183,18.293578,18.293578,-0.117884,-4.65473
132150,1374.0,271.012,18.26141,18.276601,18.276601,-0.016977,-0.14623
132151,1375.0,270.949,18.282898,18.283006,18.283006,0.006405,-3.97289
132152,1376.0,270.151,18.321632,18.339002,18.339002,0.055996,-0.6555
132153,1377.0,270.011,18.365726,18.36626,18.36626,0.027258,-3.86788
132154,1378.0,269.599,18.561654,18.566226,18.566226,0.199966,-4.38952
132155,1379.0,269.498,18.654682,18.654955,18.654955,0.088729,-5.02589
132156,1380.0,269.799,18.451373,18.453827,18.453827,-0.201128,-4.02926
132157,1381.0,269.924,18.294062,18.294489,18.294489,-0.159338,-3.3484
132158,1382.0,270.64,18.62745,18.641206,18.641206,0.346717,-23.12356
132159,1383.0,271.361,18.424391,18.438493,18.438493,-0.202713,-6.20871
132200,1384.0,272.014,18.223354,18.23505,18.23505,-0.203443,-5.63434
132201,1385.0,272.97,18.407283,18.432092,18.432092,0.197042,-22.14058
132202,1386.0,273.631,18.508,18.5198,18.5198,0.087708,-13.35159
132203,1387.0,273.927,18.508007,18.510374,18.510374,-0.009426,-5.96655
132204,1388.0,274.143,18.424425,18.425691,18.425691,-0.084683,-4.70439
132205,1389.0,275.245,18.358708,18.391752,18.391752,-0.033939,-17.02453
132206,1390.0,276.466,18.407318,18.44777,18.44777,0.056018,-22.15323
132207,1391.0,277.174,18.173734,18.18752,18.18752,-0.26025,-5.32172
132208,1392.0,277.47,18.156384,18.158796,18.158796,-0.028724,-5.38073
132209,1393.0,277.758,17.989137,17.991443,17.991443,-0.167353,-3.81661
132210,1394.0,278.027,17.888606,17.890628,17.890628,-0.100815,-4.25352
132211,1395.0,279.288,17.98915,18.033293,18.033293,0.142665,-25.39991
132212,1396.0,279.84,18.072779,18.081207,18.081207,0.047914,-9.80419
132213,1397.0,280.268,18.056016,18.061088,18.061088,-0.020119,-6.05171
132214,1398.0,281.653,18.156423,18.209171,18.209171,0.148083,-27.91821
132215,1399.0,281.666,18.30718,18.307185,18.307185,0.098014,-5.3016
132216,1400.0,282.554,18.331661,18.353156,18.353156,0.045971,-15.86594
132217,1401.0,283.27,18.422338,18.436247,18.436247,0.083091,-14.11263
132218,1402.0,283.991,18.546812,18.560821,18.560821,0.124574,-15.68234
132219,1403.0,284.506,18.536143,18.543296,18.543296,-0.017525,-7.27048
132220,1404.0,284.676,18.534809,18.535589,18.535589,-0.007707,-5.35065
132221,1405.0,286.092,18.45051,18.504767,18.504767,-0.030822,-22.74825
132222,1406.0,286.591,18.451515,18.458261,18.458261,-0.046506,-6.6096
132223,1407.0,286.892,18.282259,18.284737,18.284737,-0.173524,-4.12738
132224,1408.0,288.169,18.11471,18.159666,18.159666,-0.125071,-17.02104
132225,1409.0,288.636,17.943748,17.949824,17.949824,-0.209842,-4.30861
132226,1410.0,289.133,17.689866,17.696846,17.696846,-0.252978,-3.8099
132227,1411.0,289.516,17.520612,17.524798,17.524798,-0.172048,-3.81033
132228,1412.0,289.897,17.132156,17.136392,17.136392,-0.388406,-1.44144
132229,1413.0,290.993,16.988327,17.023644,17.023644,-0.112748,-13.84052
132230,1414.0,291.842,16.79472,16.816166,16.816166,-0.207478,-6.53519
132231,1415.0,292.021,16.762454,16.76341,16.76341,-0.052756,-3.10021
132232,1416.0,292.925,16.68424,16.708713,16.708713,-0.054697,-12.10045
132233,1417.0,293.673,16.470107,16.487084,16.487084,-0.221629,-4.34017
132234,1418.0,294.233,16.114034,16.123762,16.123762,-0.363322,-1.82508
132235,1419.0,294.582,16.114043,16.117822,16.117822,-0.00594,-3.80099
132236,1420.0,295.446,16.083715,16.106905,16.106905,-0.010917,-12.4413
132237,1421.0,295.057,16.217461,16.222126,16.222126,0.115221,-1.06755
132238,1422.0,295.866,16.352622,16.372621,16.372621,0.150495,-16.35211
132239,1423.0,296.193,16.304261,16.30754,16.30754,-0.065081,-3.34447
132240,1424.0,296.769,16.098211,16.108512,16.108512,-0.199028,-3.3185
132241,1425.0,297.345,15.967112,15.977498,15.977498,-0.131014,-3.82932
132242,1426.0,297.853,15.911261,15.919369,15.919369,-0.058129,-4.70703
132243,1427.0,299.457,15.87382,15.954654,15.954654,0.035285,-26.80046
132244,1428.0,299.7,15.77105,15.772922,15.772922,-0.181732,-1.44326
132245,1429.0,299.644,15.646928,15.647029,15.647029,-0.125893,-0.23892
132246,1430.0,300.68,15.512904,15.547459,15.547459,-0.09957,-12.76742
132247,1431.0,300.64,15.216116,15.216168,15.216168,-0.331291,1.69467
132248,1432.0,301.412,15.030176,15.049989,15.049989,-0.166179,-6.17754
132249,1433.0,301.74,14.725978,14.72963,14.72963,-0.320359,-0.01957
132250,1434.0,302.223,14.497392,14.505436,14.505436,-0.224194,-1.44798
132251,1435.0,302.604,14.123442,14.12858,14.12858,-0.376856,0.48332
132252,1436.0,302.868,14.0181,14.020585,14.020585,-0.107995,-0.86707
132253,1437.0,302.884,14.070813,14.070822,14.070822,0.050237,-0.78969
132254,1438.0,303.595,14.177572,14.195389,14.195389,0.124567,-12.49324
132255,1439.0,303.243,14.394674,14.398977,14.398977,0.203588,-0.28944
132256,1440.0,303.135,15.065284,15.065671,15.065671,0.666694,-24.8025
132257,1441.0,304.179,14.995088,15.031387,15.031387,-0.034284,-14.56531
132258,1442.0,303.735,14.990551,14.997125,14.997125,-0.034262,1.57299
132259,1443.0,303.515,15.084965,15.086569,15.086569,0.089444,-0.67934
132300,1444.0,303.595,14.995084,14.995297,14.995297,-0.091272,-0.72517
132301,1445.0,304.387,14.905971,14.926997,14.926997,-0.0683,-9.1572
132302,1446.0,303.663,15.079632,15.097002,15.097002,0.170005,1.31199
132303,1447.0,303.135,15.344573,15.353655,15.353655,0.256653,-0.6722
132304,1448.0,302.075,15.429064,15.465433,15.465433,0.111778,3.21949
132305,1449.0,301.053,15.682549,15.715814,15.715814,0.250381,1.6168
132306,1450.0,300.128,15.520327,15.547867,15.547867,-0.167947,4.7664
132307,1451.0,299.356,15.15969,15.179334,15.179334,-0.368533,5.87562
132308,1452.0,297.705,15.149899,15.239594,15.239594,0.06026,6.95783
132309,1453.0,296.701,15.322391,15.355249,15.355249,0.115655,2.99411
132310,1454.0,296.481,15.48186,15.483423,15.483423,0.128174,-1.35474
132311,1455.0,295.229,15.280406,15.331612,15.331612,-0.151811,6.52167
132312,1456.0,295.057,15.40191,15.40287,15.40287,0.071258,-1.06211
132313,1457.0,294.574,15.266879,15.274518,15.274518,-0.128352,2.32503
132314,1458.0,293.313,14.52117,14.575819,14.575819,-0.698699,11.3985
132315,1459.0,292.597,13.341852,13.361051,13.361051,-1.214768,12.6422
132316,1460.0,291.982,12.551089,12.566148,12.566148,-0.794903,9.24986
132317,1461.0,291.289,11.523259,11.544078,11.544078,-1.02207,10.77965
132318,1462.0,289.849,10.423952,10.522945,10.522945,-1.021133,14.00802
132319,1463.0,290.232,10.989248,10.99592,10.99592,0.472975,-12.89508
132320,1464.0,289.921,8.040487,8.0465,8.0465,-2.94942,14.73824
132321,1465.0,288.845,6.896949,6.980378,6.980378,-1.066122,9.91145
132322,1466.0,288.893,5.696904,5.697106,5.697106,-1.283272,3.79894
132323,1467.0,288.816,4.887936,4.888543,4.888543,-0.808563,2.58049
132324,1468.0,288.605,3.87739,3.883127,3.883127,-1.005416,3.17139
132325,1469.0,287.92,2.995539,3.072862,3.072862,-0.810265,4.83906
132326,1470.0,288.317,2.113865,2.150821,2.150821,-0.922041,-3.22158
132327,1471.0,288.161,1.215152,1.225125,1.225125,-0.925696,1.17677
132328,1472.0,287.828,0.607576,0.692847,0.692847,-0.532278,1.65558
132329,1473.0,287.857,0.13974,0.142718,0.142718,-0.550129,-0.2966
132330,1474.0,287.804,0.356333,0.360253,0.360253,0.217535,-0.58699
132331,1475.0,287.857,0.51984,0.522535,0.522535,0.162282,-1.30198
132332,1476.0,288.076,0.253904,0.335304,0.335304,-0.187231,-0.28983
132333,1477.0,288.108,0.202525,0.205038,0.205038,-0.130266,-0.31948
132334,1478.0,287.812,0.0,0.296,0.0,-0.205038,-0.35
132335,1479.0,287.997,0.084635,0.203441,0.203441,0.203441,-0.47865
132336,1480.0,287.484,0.0,0.513,0.0,-0.203441,-0.35
132337,1481.0,287.764,0.0,0.28,0.0,0.0,-0.35
132338,1482.0,287.484,0.0,0.28,0.0,0.0,-0.35
132339,1483.0,288.052,0.0,0.568,0.0,0.0,-0.35
132340,1484.0,288.496,0.084635,0.451995,0.451995,0.451995,-0.83851
132341,1485.0,287.992,0.084635,0.511057,0.511057,0.059062,2.32726
132342,1486.0,287.912,0.202525,0.217753,0.217753,-0.293304,-0.29853
132343,1487.0,287.912,0.478052,0.478052,0.478052,0.260299,-0.70138
132344,1488.0,287.92,2.096506,2.096521,2.096521,1.618469,-6.05052
132345,1489.0,286.932,4.208088,4.322516,4.322516,2.225995,0.04162
132346,1490.0,287.26,6.087046,6.095877,6.095877,1.773361,-23.91581
132347,1491.0,287.764,8.025846,8.041656,8.041656,1.945779,-35.08496
132348,1492.0,286.784,9.639491,9.689179,9.689179,1.647523,-14.84895
132349,1493.0,286.877,10.932596,10.932991,10.932991,1.243812,-22.93909
132350,1494.0,287.733,11.597656,11.629203,11.629203,0.696212,-26.19197
132351,1495.0,288.1,11.764151,11.769874,11.769874,0.140671,-5.85492
132352,1496.0,289.112,11.831555,11.874756,11.874756,0.104882,-16.4771
132353,1497.0,289.397,12.066257,12.069622,12.069622,0.194866,-5.46424
132354,1498.0,290.277,12.620467,12.65111,12.65111,0.581488,-25.13514
132355,1499.0,291.189,13.096438,13.128154,13.128154,0.477044,-23.84221
132356,1500.0,292.505,13.650705,13.713993,13.713993,0.585839,-34.34762
132357,1501.0,294.405,13.892941,14.022261,14.022261,0.308268,-38.08138
132358,1502.0,294.093,13.927855,13.931349,13.931349,-0.090912,2.09642
132359,1503.0,295.129,13.927864,13.966341,13.966341,0.034992,-15.86082
132400,1504.0,296.413,13.728964,13.788876,13.788876,-0.177465,-14.89944
132401,1505.0,296.637,13.526545,13.528399,13.528399,-0.260477,0.76449
132402,1506.0,297.945,13.495716,13.558953,13.558953,0.030554,-20.41782
132403,1507.0,297.829,13.618069,13.618563,13.618563,0.05961,0.1668
132404,1508.0,299.013,14.072925,14.122644,14.122644,0.504081,-30.48905
132405,1509.0,299.38,14.291208,14.295919,14.295919,0.173275,-7.71765
132406,1510.0,300.532,14.542378,14.587936,14.587936,0.292017,-24.92448
132407,1511.0,301.195,14.526644,14.541766,14.541766,-0.04617,-7.36117
132408,1512.0,301.592,14.19141,14.196962,14.196962,-0.344804,0.11862
132409,1513.0,302.847,13.772593,13.829655,13.829655,-0.367307,-9.65114
132410,1514.0,303.172,13.57421,13.5781,13.5781,-0.251555,0.14099
132411,1515.0,302.908,13.560087,13.562657,13.562657,-0.015443,1.53151
132412,1516.0,302.908,13.61869,13.61869,13.61869,0.056033,-0.41802
132413,1517.0,302.823,13.980156,13.980415,13.980415,0.361725,-14.54086
132414,1518.0,302.651,14.400405,14.401432,14.401432,0.421017,-15.44353
132415,1519.0,301.996,15.061036,15.075272,15.075272,0.67384,-15.34547
132416,1520.0,302.395,14.994251,14.999559,14.999559,-0.075713,-2.53283
132417,1521.0,301.927,14.862069,14.869436,14.869436,-0.130123,2.56537
132418,1522.0,301.996,14.902592,14.902751,14.902751,0.033315,-1.59291
132419,1523.0,302.067,15.175955,15.176121,15.176121,0.27337,-5.81722
132420,1524.0,302.807,15.338027,15.355868,15.355868,0.179747,-15.22226
132421,1525.0,302.987,15.547971,15.549013,15.549013,0.193145,-5.83144
132422,1526.0,302.768,15.631822,15.633356,15.633356,0.084343,-1.13365
132423,1527.0,303.127,15.631818,15.63594,15.63594,0.002584,-3.69131
132424,1528.0,303.914,15.715677,15.73537,15.73537,0.09943,-14.0562
132425,1529.0,303.766,15.464107,15.464815,15.464815,-0.270555,1.5919
132426,1530.0,304.263,15.449304,15.457296,15.457296,-0.007519,-5.77622
132427,1531.0,303.595,15.547946,15.562289,15.562289,0.104993,1.1228
132428,1532.0,303.959,15.547941,15.552202,15.552202,-0.010087,-3.3889
132429,1533.0,302.775,15.312177,15.357885,15.357885,-0.194317,6.49331
132430,1534.0,303.859,15.380248,15.418401,15.418401,0.060516,-18.03926
132431,1535.0,303.359,15.563427,15.571457,15.571457,0.153056,-0.17165
132432,1536.0,302.971,15.631779,15.636593,15.636593,0.065136,-0.08587
132433,1537.0,302.651,15.663381,15.666649,15.666649,0.030056,-0.1764
132434,1538.0,303.758,15.563414,15.602734,15.602734,-0.063915,-15.04113
132435,1539.0,302.815,15.563409,15.591952,15.591952,-0.010782,3.51155
132436,1540.0,302.799,15.328691,15.328699,15.328699,-0.263253,0.93369
132437,1541.0,302.971,15.236254,15.237225,15.237225,-0.091474,-1.39618
132438,1542.0,303.135,15.040243,15.041138,15.041138,-0.196087,-0.35661
132439,1543.0,304.271,14.872137,14.915461,14.915461,-0.125677,-13.69745
132440,1544.0,304.755,14.895017,14.902878,14.902878,-0.012583,-5.199
132441,1545.0,305.534,14.79477,14.815264,14.815264,-0.087614,-8.38322
132442,1546.0,305.925,14.756204,14.761383,14.761383,-0.053881,-2.48188
132443,1547.0,306.517,14.68211,14.694041,14.694041,-0.067342,-5.58656
132444,1548.0,307.077,14.713726,14.724379,14.724379,0.030338,-7.62202
132445,1549.0,308.044,14.47944,14.511694,14.511694,-0.212685,-8.37497
132446,1550.0,308.8,14.035623,14.055969,14.055969,-0.455725,-0.85804
132447,1551.0,309.307,13.766539,13.775872,13.775872,-0.280097,-0.71532
132448,1552.0,310.327,13.451737,13.490353,13.490353,-0.285519,-7.60971
132449,1553.0,310.718,13.296211,13.301959,13.301959,-0.188394,-0.51199
132450,1554.0,310.914,13.222113,13.223566,13.223566,-0.078393,-0.22343
132451,1555.0,310.75,12.996763,12.997798,12.997798,-0.225768,2.83215
132452,1556.0,311.117,12.526428,12.531803,12.531803,-0.465995,1.87315
132453,1557.0,311.725,11.789944,11.805611,11.805611,-0.726192,2.23685
132454,1558.0,311.833,10.63745,10.637998,10.637998,-1.167613,6.77308
132455,1559.0,311.757,9.573686,9.573988,9.573988,-1.06401,6.40821
132456,1560.0,312.232,9.08996,9.102362,9.102362,-0.471626,0.28869
132457,1561.0,311.062,9.167845,9.242201,9.242201,0.139839,5.96748
132458,1562.0,311.646,10.098746,10.115618,10.115618,0.873417,-23.39562
132500,1564.0,310.602,25.69879,25.719987,12.859994,1.372188,-27.97938
132501,1565.0,309.587,10.671878,10.720037,10.720037,-2.139957,18.34016
132502,1566.0,309.088,10.879443,10.89088,10.89088,0.170843,2.33845
132503,1567.0,308.256,11.442231,11.47244,11.47244,0.58156,1.5894
132504,1568.0,308.512,12.142672,12.145371,12.145371,0.672931,-15.46634
132505,1569.0,307.326,10.65543,10.721231,10.721231,-1.42414,15.12379
132507,1571.0,305.917,28.236304,28.271437,14.135718,1.707243,-38.21424
132508,1572.0,305.73,12.280828,12.282251,12.282251,-1.853467,14.01108
132509,1573.0,306.726,12.349889,12.389987,12.389987,0.107736,-16.27324
132510,1574.0,307.656,13.411928,13.444133,13.444133,1.054146,-38.51342
132511,1575.0,307.888,13.708008,13.709972,13.709972,0.265839,-7.2509
132512,1576.0,308.256,13.063652,13.068834,13.068834,-0.641138,2.90909
132513,1577.0,308.887,13.833623,13.848007,13.848007,0.779173,-27.24068
132514,1578.0,309.439,13.38074,13.392121,13.392121,-0.455886,0.51304
132515,1579.0,308.871,12.788735,12.801342,12.801342,-0.590779,7.56196
132516,1580.0,308.723,12.565027,12.565898,12.565898,-0.235444,3.01862
132517,1581.0,308.277,12.592249,12.600145,12.600145,0.034247,2.74845
132518,1582.0,308.208,13.058142,13.058324,13.058324,0.458179,-15.21587
132519,1583.0,308.271,13.789188,13.789331,13.789331,0.731007,-15.89197
132520,1584.0,308.316,14.113344,14.113416,14.113416,0.324085,-5.74349
132521,1585.0,308.496,14.369854,14.370981,14.370981,0.257565,-6.64425
132522,1586.0,308.308,14.473478,14.474699,14.474699,0.103718,-0.44322
132523,1587.0,308.824,14.554122,14.563266,14.563266,0.088567,-8.30661
132524,1588.0,309.051,14.579442,14.581209,14.581209,0.017943,-2.04466
132525,1589.0,309.128,14.447962,14.448167,14.448167,-0.133042,0.01907
132526,1590.0,308.528,14.316638,14.329206,14.329206,-0.118961,3.55607
132527,1591.0,308.684,14.05448,14.055346,14.055346,-0.27386,0.92904
132528,1592.0,308.536,13.555781,13.556589,13.556589,-0.498757,4.44051
132529,1593.0,308.676,13.013067,13.01382,13.01382,-0.542769,3.43767
132530,1594.0,308.38,12.475248,12.478759,12.478759,-0.535061,5.84269
132531,1595.0,308.433,11.801541,11.80166,11.80166,-0.677099,4.84549
132532,1596.0,308.684,11.318995,11.321777,11.321777,-0.479883,2.36299
132533,1597.0,308.911,11.583758,11.585982,11.585982,0.264205,-6.00273
132534,1598.0,308.895,12.400188,12.400199,12.400199,0.814217,-22.74081
132535,1599.0,308.98,12.850671,12.850952,12.850952,0.450753,-8.29551
132536,1600.0,308.972,12.953495,12.953498,12.953498,0.102546,-0.24911
132537,1601.0,309.043,12.593594,12.593794,12.593794,-0.359704,2.69296
132538,1602.0,309.379,12.364081,12.368646,12.368646,-0.225148,0.48902
132539,1603.0,309.495,12.240673,12.241223,12.241223,-0.127423,1.05972
132540,1604.0,309.564,12.49982,12.50001,12.50001,0.258787,-3.32072
132541,1605.0,309.487,13.209841,13.210066,13.210066,0.710056,-21.40221
132542,1606.0,309.915,15.615941,15.621805,15.621805,2.411739,-72.79053
132543,1607.0,310.454,13.552289,13.563004,13.563004,-2.058801,12.17527
132544,1608.0,310.251,13.72141,13.722911,13.722911,0.159907,-0.18921
132545,1609.0,310.322,13.811223,13.811406,13.811406,0.088495,-1.1714
132546,1610.0,310.539,13.906188,13.907881,13.907881,0.096475,-2.89223
132547,1611.0,311.77,13.811733,13.866483,13.866483,-0.041398,-17.36611
132548,1612.0,311.762,13.613981,13.613984,13.613984,-0.252499,1.88093
132549,1613.0,311.474,13.700917,13.703944,13.703944,0.08996,0.78724
132550,1614.0,311.273,13.451186,13.452688,13.452688,-0.251256,2.97442
132551,1615.0,311.942,13.060747,13.077869,13.077869,-0.374819,-0.547
132552,1616.0,312.589,12.8844,12.900634,12.900634,-0.177235,-3.67982
132553,1617.0,312.808,12.930126,12.93198,12.93198,0.031346,-0.96945
132554,1618.0,312.909,13.014154,13.014546,13.014546,0.082566,-0.72453
132555,1619.0,313.712,13.276813,13.301074,13.301074,0.286528,-17.54009
132556,1620.0,313.831,13.76276,13.763274,13.763274,0.4622,-10.16848
132557,1621.0,313.712,14.1729,14.1734,14.1734,0.410126,-15.58464
132558,1622.0,314.61,15.015442,15.042271,15.042271,0.868871,-36.4918
132559,1623.0,314.174,14.240587,14.24726,14.24726,-0.795011,7.91686
132600,1624.0,314.851,14.461025,14.476864,14.476864,0.229604,-14.7951
132601,1625.0,314.914,14.291027,14.291166,14.291166,-0.185698,0.6035
132602,1626.0,316.225,14.053037,14.114056,14.114056,-0.17711,-15.38723
132603,1627.0,316.444,13.373704,13.375497,13.375497,-0.738559,4.30133
132604,1628.0,317.263,13.583968,13.608635,13.608635,0.233138,-16.75796
132605,1629.0,317.504,12.863257,12.865514,12.865514,-0.743121,4.33645
132606,1630.0,318.962,12.260608,12.346995,12.346995,-0.518519,-10.48559
132607,1631.0,319.869,11.452167,11.488027,11.488027,-0.858968,1.31232
132608,1632.0,319.636,10.418814,10.421419,10.421419,-1.066608,7.83917
132609,1633.0,320.564,9.17297,9.219792,9.219792,-1.201627,1.55909
132610,1634.0,320.82,7.721244,7.725487,7.725487,-1.494305,5.17839
132611,1635.0,321.71,6.4531,6.514185,6.514185,-1.211302,-0.24375
132612,1636.0,322.202,6.464987,6.483681,6.483681,-0.030504,-6.83625
132613,1637.0,322.49,7.667429,7.672836,7.672836,1.189155,-19.63185
132614,1638.0,321.414,8.834526,8.899811,8.899811,1.226975,0.26632
132615,1639.0,322.226,9.250803,9.286371,9.286371,0.38656,-18.31137
132616,1640.0,321.179,9.468577,9.526288,9.526288,0.239917,4.82101
132617,1641.0,320.276,9.81264,9.854101,9.854101,0.327813,3.5962
132618,1642.0,320.157,10.109151,10.109852,10.109852,0.255751,-0.15283
132619,1643.0,320.064,10.354685,10.355103,10.355103,0.245251,-0.23373
132620,1644.0,319.409,10.260188,10.281074,10.281074,-0.074029,4.48633
132621,1645.0,319.541,10.497052,10.497882,10.497882,0.216808,-3.40281
132622,1646.0,317.816,10.176079,10.32125,10.32125,-0.176632,10.69389
132623,1647.0,317.192,10.196116,10.215193,10.215193,-0.106057,4.48772
132624,1648.0,317.004,9.940142,9.941919,9.941919,-0.273274,3.03465
132625,1649.0,315.982,9.704303,9.757971,9.757971,-0.183948,6.90737
132626,1650.0,315.038,8.762094,8.812799,8.812799,-0.945172,9.89077
132627,1651.0,314.671,8.151911,8.160168,8.160168,-0.652631,5.16808
132628,1652.0,314.211,6.919645,6.934918,6.934918,-1.22525,7.23019
132629,1653.0,313.691,5.773713,5.797082,5.797082,-1.137836,6.41469
132630,1654.0,312.856,4.470748,4.548056,4.548056,-1.249026,7.46739
132631,1655.0,313.16,2.815986,2.832347,2.832347,-1.715709,0.88449
132632,1656.0,313.519,1.30874,1.357085,1.357085,-1.475262,-2.72965
132633,1657.0,313.456,0.95709,0.959161,0.959161,-0.397924,0.26231
132634,1658.0,313.519,2.025119,2.026099,2.026099,1.066938,-4.82175
132635,1659.0,313.799,3.725869,3.736376,3.736376,1.710277,-15.81161
132636,1660.0,313.152,5.024043,5.065532,5.065532,1.329156,-0.13692
132637,1661.0,314.063,6.213671,6.280098,6.280098,1.214566,-28.43159
132638,1662.0,314.227,7.139883,7.141767,7.141767,0.861669,-12.26639
132639,1663.0,314.547,7.793185,7.799752,7.799752,0.657985,-12.95181
132640,1664.0,314.898,8.551255,8.558455,8.558455,0.758703,-15.67487
132641,1665.0,315.321,9.700601,9.709819,9.709819,1.151364,-24.94561
132642,1666.0,315.99,10.540894,10.562102,10.562102,0.852283,-25.00765
132643,1667.0,316.201,10.81634,10.818397,10.818397,0.256295,-5.55435
132644,1668.0,316.56,10.540902,10.547013,10.547013,-0.271384,0.31054
132645,1669.0,316.381,9.52135,9.523032,9.523032,-1.023981,6.71051
132646,1670.0,316.809,8.259945,8.271026,8.271026,-1.252006,3.69436
132647,1671.0,316.975,6.864381,6.866388,6.866388,-1.404638,4.54385
132648,1672.0,316.967,5.471772,5.471778,5.471778,-1.39461,4.24432
132649,1673.0,316.74,3.809838,3.816594,3.816594,-1.655184,4.54469
132650,1674.0,316.677,2.269457,2.270331,2.270331,-1.546263,2.04646
132651,1675.0,317.2,1.683719,1.763077,1.763077,-0.507254,-7.52021
132652,1676.0,317.504,2.594534,2.612283,2.612283,0.849206,-9.02771
132653,1677.0,317.184,4.124231,4.136627,4.136627,1.524344,-7.19605
132654,1678.0,316.833,5.726435,5.737183,5.737183,1.600556,-12.32308
132655,1679.0,317.192,7.170734,7.179715,7.179715,1.442532,-23.2849
132656,1680.0,317.255,8.213385,8.213626,8.213626,1.033911,-14.31368
132657,1681.0,316.154,8.91194,8.979692,8.979692,0.766066,2.57556
132658,1682.0,316.085,8.8381,8.838369,8.838369,-0.141323,1.48824
132659,1683.0,316.241,7.73578,7.737353,7.737353,-1.101016,4.08273
132700,1684.0,316.349,6.028448,6.029415,6.029415,-1.707938,5.11734
132701,1685.0,316.077,3.979776,3.98906,3.98906,-2.040355,5.77406
132702,1686.0,315.63,2.290568,2.333777,2.333777,-1.655283,4.26219
132703,1687.0,316.381,1.550061,1.722408,1.722408,-0.611369,-11.27924
132704,1688.0,316.6,1.279504,1.29811,1.29811,-0.424298,-2.88592
132705,1689.0,315.789,1.481553,1.689,1.689,0.39089,3.69898
132706,1690.0,315.881,1.489034,1.491874,1.491874,-0.197126,-1.04974
132707,1691.0,315.585,1.15775,1.19499,1.19499,-0.296884,1.49315
132708,1692.0,315.905,0.632754,0.709068,0.709068,-0.485922,-5.20231
132709,1693.0,316.389,0.338506,0.590629,0.590629,-0.118439,-8.63098
132710,1694.0,316.74,1.417581,1.460389,1.460389,0.86976,-8.46249
132711,1695.0,315.757,3.050532,3.205002,3.205002,1.744613,2.08233
132712,1696.0,316.537,5.108951,5.168151,5.168151,1.963149,-31.00803
132713,1697.0,316.117,6.617415,6.63073,6.63073,1.462579,-12.3222
132714,1698.0,316.349,7.662744,7.666255,7.666255,1.035525,-16.5047
132715,1699.0,315.625,8.306113,8.337607,8.337607,0.671352,1.20565
132716,1700.0,316.489,9.242185,9.282482,9.282482,0.944875,-28.57778
132717,1701.0,316.302,9.836762,9.83854,9.83854,0.556058,-10.0157
132718,1702.0,315.921,10.263699,10.270768,10.270768,0.432228,0.25219
132719,1703.0,315.85,10.591281,10.591519,10.591519,0.320751,-8.65076
132720,1704.0,315.921,10.897659,10.89789,10.89789,0.306371,-4.06247
132721,1705.0,315.226,10.877596,10.899776,10.899776,0.001886,4.35863
132722,1706.0,315.266,10.713225,10.7133,10.7133,-0.186476,1.54776
132723,1707.0,315.118,10.179498,10.180574,10.180574,-0.532726,4.30654
132724,1708.0,315.038,9.370773,9.371115,9.371115,-0.809459,5.00889
132725,1709.0,314.251,7.980467,8.019179,8.019179,-1.351936,10.32336
132726,1710.0,314.203,6.419946,6.420125,6.420125,-1.599054,5.95939
132727,1711.0,314.211,4.871912,4.871918,4.871918,-1.548207,4.05792
132728,1712.0,313.424,3.240163,3.33437,3.33437,-1.537548,6.81284
132729,1713.0,314.063,1.822591,1.931362,1.931362,-1.403008,-6.25277
132730,1714.0,314.494,0.754729,0.869124,0.869124,-1.062238,-6.08
132731,1715.0,313.596,0.111195,0.904858,0.904858,0.035734,4.43132
132732,1716.0,314.135,0.47525,0.718599,0.718599,-0.186259,-9.45488
132733,1717.0,313.456,0.679848,0.960851,0.960851,0.242252,3.17539
132734,1718.0,313.955,0.53881,0.734382,0.734382,-0.226469,-8.68433
132735,1719.0,314.032,0.337507,0.346179,0.346179,-0.388203,-0.25055
132736,1720.0,314.079,0.084626,0.096801,0.096801,-0.249378,-0.3294
132737,1721.0,314.539,0.0,0.46,0.0,-0.096801,-0.35
132738,1722.0,314.455,0.084626,0.119237,0.119237,0.119237,-0.34821
132739,1723.0,314.83,0.0,0.375,0.0,-0.119237,-0.35
132740,1724.0,314.602,0.0,0.228,0.0,0.0,-0.35
132741,1725.0,314.063,0.0,0.539,0.0,0.0,-0.35
132742,1726.0,314.024,0.0,0.039,0.0,0.0,-0.35
132743,1727.0,313.939,0.0,0.085,0.0,0.0,-0.35
132744,1728.0,314.555,0.084626,0.621786,0.621786,0.621786,-11.78186
132745,1729.0,314.087,0.084626,0.47559,0.47559,-0.146196,-0.27512
132746,1730.0,314.024,0.0,0.063,0.0,-0.47559,-0.35
132747,1731.0,313.791,0.0,0.233,0.0,0.0,-0.35
132748,1732.0,313.947,0.0,0.156,0.0,0.0,-0.35
132749,1733.0,314.151,0.0,0.204,0.0,0.0,-0.35
132750,1734.0,314.151,0.0,0.0,0.0,0.0,-0.35
132751,1735.0,313.839,0.084626,0.323273,0.323273,0.323273,-0.62431
132752,1736.0,314.515,0.0,0.676,0.0,-0.323273,-0.35
132753,1737.0,314.455,0.0,0.06,0.0,0.0,-0.35
132754,1738.0,314.087,0.0,0.368,0.0,0.0,-0.35
132755,1739.0,313.908,0.0,0.179,0.0,0.0,-0.35
132756,1740.0,313.76,0.0,0.148,0.0,0.0,-0.35
132757,1741.0,313.947,0.0,0.187,0.0,0.0,-0.35
132758,1742.0,313.931,0.0,0.016,0.0,0.0,-0.35
132759,1743.0,313.995,0.0,0.064,0.0,0.0,-0.35
132800,1744.0,313.627,0.0,0.368,0.0,0.0,-0.35
132801,1745.0,313.627,0.0,0.0,0.0,0.0,-0.35
132802,1746.0,313.332,0.0,0.295,0.0,0.0,-0.35
132803,1747.0,313.416,0.0,0.084,0.0,0.0,-0.35
132804,1748.0,314.0,0.0,0.584,0.0,0.0,-0.35
132805,1749.0,313.487,0.478012,0.701188,0.701188,0.701188,2.14205
132806,1750.0,313.643,1.434035,1.442495,1.442495,0.741307,-4.65463
132807,1751.0,313.947,2.71939,2.73633,2.73633,1.293835,-11.37787
132808,1752.0,313.744,4.175878,4.18081,4.18081,1.44448,-8.79845
132809,1753.0,314.032,5.789053,5.796213,5.796213,1.615403,-20.6946
132810,1754.0,313.728,6.415726,6.422924,6.422924,0.626711,-4.07406
132811,1755.0,313.408,6.505638,6.513504,6.513504,0.09058,1.57501
132812,1756.0,312.896,5.938256,5.960288,5.960288,-0.553216,4.61796
132813,1757.0,313.775,5.346331,5.418108,5.418108,-0.54218,-9.0839
132814,1758.0,313.68,5.269829,5.270685,5.270685,-0.147423,1.00588
132815,1759.0,314.135,6.282651,6.299105,6.299105,1.02842,-18.2835
132816,1760.0,313.564,7.743804,7.764828,7.764828,1.465723,-13.0792
132817,1761.0,314.383,8.791418,8.829484,8.829484,1.064656,-29.09525
132818,1762.0,314.243,9.758205,9.759209,9.759209,0.929725,-17.31247
132819,1763.0,314.602,10.788025,10.793996,10.793996,1.034787,-23.32916
132820,1764.0,313.799,11.725411,11.752875,11.752875,0.958879,-10.43285
132821,1765.0,314.687,12.653423,12.684544,12.684544,0.931669,-33.33409
132822,1766.0,315.422,13.351938,13.372153,13.372153,0.687609,-26.0669
132823,1767.0,315.834,15.627418,15.632848,15.632848,2.260695,-68.30256
132824,1768.0,315.625,14.311902,14.313428,14.313428,-1.31942,10.72849
132825,1769.0,315.445,14.404663,14.405788,14.405788,0.09236,-0.34162
132826,1770.0,316.42,14.659437,14.691825,14.691825,0.286037,-21.72928
132827,1771.0,317.123,14.66577,14.68261,14.68261,-0.009215,-9.08933
132828,1772.0,316.529,14.449071,14.461276,14.461276,-0.221334,4.2269
132829,1773.0,316.381,13.765027,13.765822,13.765822,-0.695454,5.80589
132830,1774.0,316.6,13.671334,13.673088,13.673088,-0.092734,-0.51876
132831,1775.0,317.488,15.064658,15.090807,15.090807,1.417719,-51.34957
132832,1776.0,317.567,13.905117,13.905341,13.905341,-1.185466,8.22133
132833,1777.0,318.003,14.30581,14.312453,14.312453,0.407112,-14.98926
132834,1778.0,317.739,14.282017,14.284457,14.284457,-0.027996,1.12023
132835,1779.0,318.315,14.305799,14.31739,14.31739,0.032933,-7.80892
132836,1780.0,318.307,14.093356,14.093358,14.093358,-0.224032,1.39304
132837,1781.0,318.754,14.11658,14.123656,14.123656,0.030298,-5.38355
132838,1782.0,318.606,13.82218,13.822973,13.822973,-0.300683,2.85907
132839,1783.0,319.19,13.431468,13.444158,13.444158,-0.378815,-0.23347
132840,1784.0,318.558,12.994342,13.009702,13.009702,-0.434456,6.74633
132841,1785.0,318.222,12.581341,12.585827,12.585827,-0.423875,5.27153
132842,1786.0,318.019,12.226687,12.228372,12.228372,-0.357455,4.25415
132843,1787.0,317.623,11.814129,11.820764,11.820764,-0.407608,5.50907
132844,1788.0,317.48,11.541812,11.542698,11.542698,-0.278066,3.27452
132845,1789.0,317.099,11.187141,11.193627,11.193627,-0.349071,4.85326
132846,1790.0,316.161,10.643583,10.684836,10.684836,-0.508791,8.53735
132847,1791.0,316.101,10.312801,10.312976,10.312976,-0.37186,3.00783
132848,1792.0,315.234,9.415631,9.455464,9.455464,-0.857512,9.44227
132849,1793.0,314.991,8.50578,8.50925,8.50925,-0.946214,6.01693
132850,1794.0,314.891,7.442226,7.442897,7.442897,-1.066353,5.0868
132851,1795.0,313.831,6.297415,6.386003,6.386003,-1.056894,9.39615
132852,1796.0,313.62,5.032522,5.036943,5.036943,-1.34906,4.82449
132853,1797.0,313.775,3.69945,3.702696,3.702696,-1.334247,1.78527
132854,1798.0,313.416,2.410831,2.437414,2.437414,-1.265282,3.38938
132855,1799.0,313.432,1.476762,1.476849,1.476849,-0.960565,0.44411
132856,1800.0,312.832,0.686056,0.911412,0.911412,-0.565437,3.15704
132857,1801.0,313.228,0.279466,0.484683,0.484683,-0.426729,-0.20073
132858,1802.0,312.896,0.237946,0.408463,0.408463,-0.07622,-0.30103
132859,1803.0,313.596,0.277153,0.75287,0.75287,0.344407,-13.00362
132900,1804.0,313.096,0.956,1.078859,1.078859,0.325989,2.17868
132901,1805.0,312.652,1.763945,1.818966,1.818966,0.740107,1.40941
132902,1806.0,312.793,2.025057,2.02996,2.02996,0.210994,-3.0743
132903,1807.0,312.364,1.414756,1.47837,1.47837,-0.55159,2.46308
132904,1808.0,313.012,0.478,0.805225,0.805225,-0.673145,-10.62422
132905,1809.0,312.317,0.237946,0.734604,0.734604,-0.070621,3.39441
132906,1810.0,312.528,0.344151,0.403684,0.403684,-0.33092,-0.24643
132907,1811.0,312.901,1.45568,1.502709,1.502709,1.099025,-9.52819
132908,1812.0,312.676,3.308538,3.31618,3.31618,1.813471,-8.115
132909,1813.0,312.309,4.841763,4.855652,4.855652,1.539472,-8.68745
132910,1814.0,312.029,5.553885,5.560939,5.560939,0.705287,-4.03529
132911,1815.0,312.301,5.387316,5.394178,5.394178,-0.166761,-2.02694
132912,1816.0,311.117,4.677941,4.825453,4.825453,-0.568725,7.75368
132913,1817.0,311.778,3.616242,3.676157,3.676157,-1.149296,-3.42374
132914,1818.0,311.413,2.644437,2.669508,2.669508,-1.006649,3.22709
132915,1819.0,311.366,1.891356,1.89194,1.89194,-0.777568,0.83725
132916,1820.0,310.547,1.021546,1.309319,1.309319,-0.582621,4.47432
132917,1821.0,311.146,0.253869,0.650577,0.650577,-0.658742,-10.00305
132918,1822.0,310.827,0.084623,0.330033,0.330033,-0.320544,-0.26717
132919,1823.0,311.326,0.139733,0.518195,0.518195,0.188162,-9.21769
132920,1824.0,310.819,0.169246,0.534503,0.534503,0.016308,2.35642
132921,1825.0,310.975,0.139733,0.209431,0.209431,-0.325072,-0.29693
132922,1826.0,310.282,0.0,0.693,0.0,-0.209431,-0.35
132923,1827.0,311.265,0.084623,0.986636,0.986636,0.986636,-19.23691
132924,1828.0,310.898,0.084623,0.37663,0.37663,-0.610006,-0.19697
132925,1829.0,311.429,0.0,0.531,0.0,-0.37663,-0.35
132926,1830.0,311.062,0.084623,0.37663,0.37663,0.37663,-0.70585
132927,1831.0,311.598,0.0,0.536,0.0,-0.37663,-0.35
132928,1832.0,310.827,0.0,0.771,0.0,0.0,-0.35
132929,1833.0,311.35,0.0,0.523,0.0,0.0,-0.35
132930,1834.0,311.577,0.0,0.227,0.0,0.0,-0.35
132931,1835.0,310.89,0.0,0.687,0.0,0.0,-0.35
132932,1836.0,311.762,0.0,0.872,0.0,0.0,-0.35
132933,1837.0,311.405,0.0,0.357,0.0,0.0,-0.35
132934,1838.0,310.969,0.0,0.436,0.0,0.0,-0.35
132935,1839.0,311.046,0.0,0.077,0.0,0.0,-0.35
132936,1840.0,311.194,0.0,0.148,0.0,0.0,-0.35
132937,1841.0,311.545,0.0,0.351,0.0,0.0,-0.35
132938,1842.0,311.046,0.0,0.499,0.0,0.0,-0.35
133011,1875.0,310.969,0.169246,0.185939,0.005635,0.000171,-0.34956
133012,1876.0,311.038,0.0,0.069,0.0,-0.005635,-0.35
133013,1877.0,311.397,0.0,0.359,0.0,0.0,-0.35
133014,1878.0,310.906,0.0,0.491,0.0,0.0,-0.35
133015,1879.0,311.342,0.0,0.436,0.0,0.0,-0.35
133016,1880.0,310.562,0.0,0.78,0.0,0.0,-0.35
133017,1881.0,310.57,0.111195,0.111482,0.111482,0.111482,-0.34787
133018,1882.0,311.146,0.0,0.576,0.0,-0.111482,-0.35
133019,1883.0,310.554,0.0,0.592,0.0,0.0,-0.35
133020,1884.0,310.998,0.0,0.444,0.0,0.0,-0.35
133021,1885.0,310.642,0.084623,0.365919,0.365919,0.365919,-0.68865
133022,1886.0,311.154,0.0,0.512,0.0,-0.365919,-0.35
133023,1887.0,310.462,0.0,0.692,0.0,0.0,-0.35
133024,1888.0,311.014,0.0,0.552,0.0,0.0,-0.35
133025,1889.0,310.718,0.084623,0.307859,0.307859,0.307859,-0.60267
133026,1890.0,310.031,0.0,0.687,0.0,-0.307859,-0.35
133027,1891.0,310.718,0.0,0.687,0.0,0.0,-0.35
133028,1892.0,310.462,0.0,0.256,0.0,0.0,-0.35
133029,1893.0,310.391,0.0,0.071,0.0,0.0,-0.35
133030,1894.0,310.811,0.253869,0.490764,0.490764,0.490764,-0.91474
133031,1895.0,310.095,0.95705,1.195241,1.195241,0.704477,3.06187
133032,1896.0,309.883,2.494047,2.503041,2.503041,1.3078,-3.17568
133033,1897.0,309.883,4.158169,4.158169,4.158169,1.655128,-13.90466
133034,1898.0,310.174,5.800173,5.807469,5.807469,1.6493,-21.13192
133035,1899.0,310.827,7.088047,7.118063,7.118063,1.310594,-26.65381
133036,1900.0,310.103,8.149162,8.18126,8.18126,1.063197,-5.68502
133037,1901.0,309.603,9.038686,9.052505,9.052505,0.871245,-8.51754
133038,1902.0,309.08,9.136891,9.151847,9.151847,0.099342,2.75664
133039,1903.0,309.268,9.542768,9.54462,9.54462,0.392773,-7.45221
133040,1904.0,308.536,10.01579,10.042503,10.042503,0.497883,1.77019
133041,1905.0,307.764,10.502658,10.530993,10.530993,0.48849,1.96595
133042,1906.0,307.973,10.747679,10.749711,10.749711,0.218718,-4.78869
133043,1907.0,306.945,10.410988,10.461618,10.461618,-0.288093,7.68222
133044,1908.0,306.945,9.145356,9.145356,9.145356,-1.316262,6.95009
133045,1909.0,306.874,7.285208,7.285554,7.285554,-1.859802,7.92971
133046,1910.0,305.846,5.589536,5.683282,5.683282,-1.602272,10.42501
133047,1911.0,306.086,4.192391,4.199255,4.199255,-1.484027,2.07367
133048,1912.0,306.097,3.625502,3.625519,3.625519,-0.573736,1.00193
133049,1913.0,307.312,3.862132,4.048739,4.048739,0.42322,-23.83001
133050,1914.0,306.673,3.584917,3.641421,3.641421,-0.407318,4.10463
133051,1915.0,307.001,2.955317,2.973463,2.973463,-0.667958,-1.76841
133052,1916.0,306.921,2.70369,2.704874,2.704874,-0.268589,0.67761
133053,1917.0,307.756,3.048674,3.160955,3.160955,0.456081,-16.8696
133054,1918.0,308.028,2.728811,2.742334,2.742334,-0.418621,-2.3536
133055,1919.0,307.872,2.174991,2.180578,2.180578,-0.561756,1.30229
133056,1920.0,307.429,1.122348,1.206613,1.206613,-0.973965,2.70813
133057,1921.0,307.804,0.333585,0.5019,0.5019,-0.704713,-6.21411
133058,1922.0,307.717,0.675,0.680584,0.680584,0.178684,0.0965
133059,1923.0,307.624,0.475242,0.484256,0.484256,-0.196328,-0.26073
133100,1924.0,307.936,0.084623,0.323272,0.323272,-0.160984,-0.29654
133101,1925.0,307.545,1.414753,1.467789,1.467789,1.144517,0.92319
133102,1926.0,307.429,2.359794,2.362643,2.362643,0.894854,-2.74483
133103,1927.0,307.452,3.018827,3.018915,3.018915,0.656272,-3.51491
133104,1928.0,307.88,3.497922,3.524009,3.524009,0.505094,-10.17553
133105,1929.0,306.75,4.367019,4.510849,4.510849,0.98684,3.58011
133106,1930.0,306.829,5.391611,5.392189,5.392189,0.88134,-8.80681
