133556.996,0,377.374517320959,0.0,0.0,0,0,-0.35
133600.099,3.10300000000279,379.912960434535,23.011603,23.151189,7.460905,2.404417,-44.71389
133602.688,5.69200000000274,383.165159105094,20.444456,20.701511,7.995949,0.20666,-23.02508
133605.282,8.28600000000006,385.834885256879,25.113284,25.254791,9.735848,0.67074,-27.09975
133607.839,10.8430000000008,388.855019464269,27.870344,28.033502,10.963435,0.480089,-26.96595
133610.371,13.375,391.028490061894,26.788765,26.876791,10.614846,-0.137673,-9.38886
133613.559,16.5630000000019,390.635927452143,30.411098,30.413632,9.540035,-0.337143,2.89691
133616.127,19.1310000000012,388.560424319386,21.940231,22.038181,8.581846,-0.373127,6.36153
133619.464,22.4680000000008,387.744036244412,26.370559,26.383192,7.906261,-0.202453,2.48322
133621.900,24.9040000000023,387.710114968305,7.96505,7.965122,3.269755,-1.903328,3.30481
133626.362,29.3660000000018,387.453778845297,11.764726,11.767518,2.637274,-0.141748,0.35996
133628.988,31.9919999999984,387.076262638686,13.016927,13.0224,4.959025,0.88414,-7.05637
133633.522,36.525999999998,384.072463380147,41.592376,41.700702,9.197332,0.934783,-6.95509
133636.150,39.1540000000023,383.049861841634,39.315682,39.328979,14.965365,2.194838,-60.50684
133638.203,41.2070000000022,382.668311789045,36.993451,36.995419,18.020175,1.487974,-58.9737
133641.320,44.3240000000005,383.353465287244,53.570712,53.575093,17.188031,-0.26697,-1.75157
133643.836,46.8400000000038,386.859077251817,42.127325,42.272933,16.801643,-0.153572,-17.6463
133646.410,49.4140000000043,387.284751179322,38.747558,38.749896,15.05435,-0.678824,3.50558
133648.857,51.8610000000044,384.867913581229,33.636915,33.723629,13.781622,-0.520118,8.87545
133650.907,53.9110000000001,382.266647523367,27.384052,27.507325,13.418207,-0.177276,8.03832
133653.494,56.4979999999996,378.423085458789,34.976185,35.186737,13.601367,0.0708,7.26825
133655.873,58.8770000000004,371.897209139398,27.382957,28.149838,11.832635,-0.743477,19.88989
133658.573,61.5769999999975,367.325865468099,43.817609,44.05542,16.316822,1.66081,-29.60555
133701.769,64.773000000001,364.747707579236,50.512851,50.578602,15.825595,-0.153701,3.77928
133704.987,67.9910000000018,365.504841709834,50.523044,50.528717,15.701901,-0.038438,-2.53896
133708.130,71.1339999999982,371.440216858377,47.232865,47.604329,15.146144,-0.176824,-25.45495
133710.599,73.6030000000028,374.864180537549,31.339483,31.525969,12.76872,-0.96291,-0.16204
133713.161,76.1650000000009,379.768635372469,38.672546,38.982298,15.215573,0.955056,-56.79639
133715.271,78.2750000000015,383.549182506471,39.496026,39.67655,18.804052,1.700701,-87.70385
133717.944,80.948000000004,384.888595980415,41.7457,41.767182,15.625583,-1.189102,5.72503
133720.538,83.5420000000013,383.650656764364,39.114669,39.134254,15.086451,-0.207838,3.06352
133723.716,86.7200000000012,381.577085732258,47.671034,47.71611,15.014509,-0.022638,2.54835
133726.696,89.7000000000044,380.081648802991,23.703661,23.750787,7.970063,-2.363908,13.03216
133728.743,91.747000000003,379.519743542125,13.89478,13.906137,6.793423,-0.574812,3.75258
133731.308,94.3119999999981,379.700400472488,16.493573,16.494562,6.430629,-0.14144,0.31371
133733.871,96.875,379.458344239146,13.603453,13.605607,5.308469,-0.437831,1.82449
133735.139,98.1430000000037,379.403306849734,2.56372,2.56431,2.022327,-2.591595,2.8329
133751.122,114.126000000004,378.818285306315,15.605776,15.616737,0.977084,-0.065397,-0.04753
133753.705,116.709000000003,378.002530242874,15.775277,15.796354,6.115507,1.989324,-18.34429
133756.239,119.243000000002,377.776235834153,19.610833,19.612138,7.739597,0.640919,-9.96357
133758.944,121.948000000004,374.220449104105,23.809023,24.07308,8.899475,0.42879,5.30404
133802.018,125.021999999997,372.426023349241,30.032088,30.085649,9.787134,0.288764,2.1147
133804.557,127.561000000002,372.302265837801,27.971994,27.972267,11.017041,0.484406,-12.6844
133807.171,130.175000000003,372.372507948742,27.971163,27.971251,10.700555,-0.121073,1.23559
133809.694,132.698000000004,373.279291128592,28.881701,28.895932,11.453005,0.298236,-8.96999
133811.900,134.904000000002,375.915729056325,26.484136,26.615039,12.064841,0.277351,-23.19545
133814.001,137.004999999997,377.847169549492,22.833369,22.914912,10.906669,-0.551248,-2.16785
133816.119,139.123,378.706676718795,25.344659,25.359229,11.973196,0.503554,-14.22088
133818.737,141.741000000002,378.291774651456,25.808744,25.812079,9.859465,-0.807384,5.65207
133821.238,144.241999999998,378.536939805486,23.044292,23.045596,9.214553,-0.257862,1.25234
133823.789,146.792999999998,378.814235824379,18.580979,18.583048,7.284613,-0.756543,2.65428
133826.393,149.396999999997,379.184253812844,17.019649,17.02367,6.537508,-0.286907,0.46458
133828.890,151.894,379.456594233208,13.561741,13.564475,5.432309,-0.442611,0.81375
133831.447,154.451000000001,379.576392802466,7.239117,7.240108,2.831486,-1.017138,1.16697
133914.211,197.215000000004,380.089508393775,13.350397,13.360254,0.312418,-0.058906,-0.31566
133916.442,199.446000000004,381.056766148298,17.880423,17.906566,8.026251,3.457567,-55.34047
133918.695,201.699000000001,382.251697991152,16.672776,16.715542,7.419237,-0.269425,-3.91895
133920.976,203.980000000003,382.79474329661,17.147208,17.155805,7.521177,0.044691,-2.92832
133923.216,206.220000000001,383.027853499503,18.294029,18.295514,8.16764,0.2886,-3.96057
133925.465,208.468999999997,382.78392924226,20.485471,20.486923,9.109348,0.418723,-8.08912
133927.661,210.665000000001,381.449064836598,20.471371,20.514846,9.341915,0.105905,3.16616
133929.886,212.889999999999,378.245951234106,19.077281,19.344317,8.694075,-0.291164,9.32065
133932.064,215.067999999999,377.450757031319,18.240209,18.257534,8.382706,-0.142961,2.95158
133934.314,217.317999999999,376.711606289111,18.268129,18.283076,8.125812,-0.114175,2.58722
133936.552,219.556000000004,375.47101621563,19.07751,19.117804,8.542361,0.186126,2.47242
133938.773,221.777000000002,374.225178464818,22.953346,22.987131,10.349901,0.813841,-8.9107
133940.998,224.002,373.13208327942,24.515546,24.539903,11.02917,0.305289,1.50417
133943.228,226.232000000004,371.896066697277,23.823844,23.855885,10.697706,-0.148639,4.43338
133945.488,228.491999999998,371.276468999654,22.178236,22.186889,9.817208,-0.389601,4.04623
133947.691,230.695,371.140836068873,19.665266,19.665734,8.926797,-0.404181,2.71084
133949.914,232.917999999998,371.23650267074,17.994718,17.994972,8.094904,-0.374221,1.76062
133952.139,235.143000000004,371.543049866827,15.507426,15.510456,6.970991,-0.505129,1.40852
133954.371,237.375,373.13357773609,12.970357,13.067515,5.854621,-0.500166,-5.98172
133956.603,239.607000000004,375.307788523281,15.236388,15.390735,6.89549,0.466339,-21.25501
133958.804,241.807999999997,377.275798107174,21.224215,21.315261,9.684353,1.267089,-35.0384
134000.992,243.995999999999,378.256170035512,22.564416,22.585703,10.322533,0.291673,-10.3176
134003.106,246.110000000001,378.770421551599,21.377257,21.383441,10.115157,-0.098096,-0.13492
134005.207,248.211000000003,378.235588726899,20.503664,20.510638,9.762322,-0.167937,2.77102
134007.318,250.322,377.309821110001,16.131429,16.157972,7.654179,-0.998647,6.69447
134009.490,252.493999999999,376.55715169817,9.180275,9.211078,4.240828,-1.571524,5.36343
134011.621,254.625,375.696235716425,9.116379,9.15694,4.297015,0.026366,2.05356
134013.066,256.07,375.531959011201,1.348288,1.358259,0.939972,-2.323213,1.48369
134120.498,323.502,374.393412783327,10.520574,10.582002,0.156928,-0.011612,-0.33671
134122.750,325.754000000001,372.448007677251,14.391649,14.52254,6.44873,2.793873,-19.305
134125.009,328.012999999999,370.642537094277,22.188324,22.261659,9.854652,1.507712,-16.04523
134127.221,330.224999999999,368.657500475565,22.922715,23.008504,10.401674,0.247297,3.96969
134129.470,332.474000000002,366.986556777763,20.788014,20.855061,9.273037,-0.501839,6.87522
134131.741,334.745000000003,365.572135238136,18.454088,18.508213,8.149807,-0.494597,5.78533
134133.903,336.906999999999,364.907760292302,15.579575,15.593735,7.212643,-0.433471,3.55177
134136.103,339.107000000004,364.608299532517,10.827154,10.831294,4.923315,-1.040604,3.50062
134138.329,341.332999999999,364.332926588197,10.731605,10.735138,4.822613,-0.045239,0.81016
134140.516,343.520000000004,364.06061165073,12.018149,12.021233,5.496677,0.308214,-0.14419
134142.778,345.781999999999,363.849844380425,13.505632,13.507276,5.971387,0.209863,-0.02821
134145.061,348.065000000002,363.565127354605,21.535915,21.537797,9.433989,1.516689,-26.75094
134147.355,350.359000000004,363.271346039795,22.646086,22.647992,9.872708,0.191246,0.24141
134149.651,352.654999999999,363.10979414898,23.041021,23.041588,10.035535,0.070918,0.58749
134151.956,354.959999999999,362.832938221072,23.108777,23.110435,10.026219,-0.004042,1.2479
134154.245,357.249000000003,362.476448886644,22.573239,22.576054,9.862846,-0.071373,1.76768
134156.518,359.521999999997,361.381428737685,24.72533,24.749566,10.888502,0.451234,0.61072
134158.837,361.841,360.345575938156,26.217588,26.238043,11.314378,0.183646,1.99826
134201.003,364.006999999998,359.705585127633,30.052653,30.059467,13.87787,1.183514,-31.0461
134203.106,366.110000000001,358.273650536415,28.098964,28.135426,13.37871,-0.237356,5.41337
134205.268,368.271999999997,356.643963688988,27.38739,27.435835,12.690025,-0.318541,6.68418
134207.408,370.412000000004,355.150478131146,29.924183,29.961429,14.000668,0.61245,-1.19147
134209.573,372.576999999997,353.382483768674,31.551847,31.601342,14.596463,0.275194,1.41736
134211.780,374.784,351.94812702793,31.814051,31.846369,14.42971,-0.075556,3.39706
134214.010,377.014000000003,350.652572198899,32.766056,32.791659,14.70478,0.12335,1.27506
134216.258,379.262000000002,348.656451627697,33.622501,33.681703,14.982964,0.123747,2.63803
134218.428,381.432000000001,345.944823551204,34.724029,34.829744,16.050573,0.491986,0.3851
134220.628,383.631999999998,344.569379436766,34.035956,34.063736,15.483517,-0.257753,3.96259
134222.913,385.917000000001,343.620464573798,33.535941,33.549363,14.682435,-0.350583,4.13927
134225.143,388.146999999997,341.798491704499,32.858438,32.908912,14.75736,0.033599,3.17254
134227.438,390.442000000003,340.229016512533,30.164512,30.205315,13.161357,-0.695426,8.75794
134229.716,392.720000000001,338.609412070807,27.08292,27.131304,11.910142,-0.54926,8.06513
134231.975,394.978999999999,337.426069498232,19.597253,19.632947,8.69099,-1.425034,9.78482
134234.175,397.179000000004,336.673668836842,11.859576,11.883419,5.401554,-1.495198,6.197
134236.440,399.444000000003,336.186326994545,7.558348,7.574043,3.343948,-0.908435,2.6648
134240.145,403.148999999998,335.40956180489,12.74163,12.765285,3.445421,0.027388,0.97375
134242.399,405.402999999998,334.973672049451,8.982265,8.992835,3.989723,0.241483,0.47137
134243.901,406.904999999999,334.866708825702,2.53246,2.534718,1.687562,-1.53273,1.53563
134254.590,417.593999999997,334.41571509694,13.256762,13.264432,1.240942,-0.041783,-0.00384
134256.881,419.885000000002,333.588647252847,20.979715,20.996011,9.164562,3.458586,-53.66462
134259.197,422.201000000001,332.722014839932,25.521786,25.536496,11.026121,0.803782,-13.28941
134301.455,424.459000000003,331.84794962699,30.455523,30.468063,13.493385,1.092677,-25.88001
134303.722,426.726000000002,330.060254531422,34.25597,34.302585,15.131268,0.722489,-2.84476
134306.017,429.021000000001,328.385562446507,34.654138,34.69458,15.117464,-0.006015,2.73874
134308.278,431.281999999999,327.657422007875,35.803985,35.811389,15.838739,0.319007,-2.75846
134310.558,433.561999999998,326.449694471488,37.091929,37.111586,16.277011,0.192225,-1.04697
134312.844,435.847999999998,323.096081644127,36.882887,37.035038,16.200804,-0.033336,5.88642
134315.109,438.112999999998,321.940711967748,34.68706,34.706296,15.322868,-0.38761,4.53813
134317.386,440.389999999999,320.762362944733,32.937627,32.958698,14.474615,-0.372531,4.96662
134319.704,442.707999999999,320.121632912105,33.411863,33.418006,14.416741,-0.024967,1.06466
134321.965,444.968999999997,319.244720662144,33.912123,33.923459,15.003741,0.25962,-1.08281
134324.251,447.254999999997,316.085023561029,34.236435,34.381931,15.040215,0.015955,6.04083
134326.511,449.514999999999,315.905038886786,32.83928,32.839773,14.530873,-0.225373,1.50314
134328.811,451.815000000002,315.615759430051,30.792958,30.794317,13.388834,-0.496539,4.35613
134331.088,454.092000000004,314.609356956203,31.345078,31.36123,13.773048,0.168737,0.96606
134333.376,456.379999999997,313.749017126244,33.920592,33.931501,14.830201,0.462042,-13.9257
134335.635,458.639000000003,312.234328465456,36.634903,36.666203,16.231165,0.62017,-3.9666
134337.871,460.875,310.021001511049,34.89996,34.970074,15.639568,-0.264578,5.81623
134340.104,463.108,310.258223488373,35.571536,35.572327,15.930285,0.130191,-3.49168
134342.380,465.383999999998,309.935945124588,35.531606,35.533068,15.612068,-0.139814,0.35851
134344.616,467.620000000003,309.819642110836,36.252385,36.252571,16.213136,0.268814,-17.52242
134346.898,469.902000000002,309.091083818601,36.125694,36.133039,15.833935,-0.16617,1.33142
134349.123,472.127,308.572422189956,35.749559,35.753321,16.068908,0.105606,-1.64088
134351.487,474.491000000002,308.821269323739,37.452826,37.453653,15.843339,-0.095418,-1.49559
134353.858,476.862000000001,307.665565267453,32.533038,32.553559,13.729886,-0.891376,9.00203
134356.197,479.201000000001,305.115514100339,24.717537,24.848731,10.623656,-1.328016,13.90728
134358.576,481.580000000002,304.196979008846,18.868702,18.891046,7.940751,-1.127745,7.15104
134400.988,483.991999999998,303.234890690717,16.64843,16.676206,6.91385,-0.425747,3.90322
134403.373,486.377,303.627627767465,22.996665,23.000018,9.643614,1.144555,-20.00858
134405.687,488.690999999999,302.769665444244,27.204833,27.218359,11.762471,0.915669,-17.12238
134407.920,490.923999999999,303.24751609807,28.159969,28.164023,12.612639,0.380729,-8.64483
134410.228,493.232000000004,302.255082887246,30.595832,30.611924,13.263399,0.281958,0.48894
134412.468,495.472000000002,300.322937517721,31.088084,31.148069,13.905388,0.286602,2.18891
134414.783,497.787000000004,297.82090578214,33.145586,33.239886,14.358482,0.195721,3.62797
134417.080,500.084000000003,296.733436401354,38.130806,38.14631,16.607013,0.978899,-32.17932
134419.377,502.381000000001,296.54574995014,36.892641,36.893119,16.061436,-0.237517,0.51483
134421.689,504.692999999999,296.470917184112,36.458396,36.458473,15.769236,-0.126384,-0.45168
134424.004,507.008000000002,295.21113096504,36.925766,36.94725,15.959935,0.082375,0.29125
134426.323,509.326999999997,292.477678613942,31.259481,31.378766,13.531162,-1.047336,13.78625
134428.619,511.623,291.300564844567,25.339256,25.366582,11.048163,-1.081446,9.7903
134430.915,513.919000000002,292.245377440828,21.110433,21.131565,9.203643,-0.803362,2.28854
134433.191,516.195,291.275658045982,20.177044,20.200333,8.875366,-0.144234,3.37152
134435.486,518.489999999998,291.0906817552,26.684619,26.68526,11.627564,1.199215,-27.85206
134437.738,520.741999999998,289.566262169803,31.822004,31.858496,14.146757,1.118647,-23.66962
134439.992,522.995999999999,288.60468624177,34.251208,34.264704,15.201732,0.468046,-2.75844
134442.162,525.165999999997,286.888247400892,38.677624,38.715692,17.841333,1.216406,-38.82293
134444.476,527.480000000003,286.497943950665,39.404982,39.406915,17.029782,-0.350713,1.18974
134446.796,529.800000000003,286.352487751793,42.149483,42.149734,18.167989,0.490606,-29.39712
134449.063,532.067000000003,286.593808975156,40.547293,40.548011,17.886198,-0.124301,-3.14881
134451.322,534.326000000001,283.907777913248,40.473088,40.56212,17.955786,0.030805,2.07353
134453.607,536.611000000004,280.577449358716,39.515351,39.655442,17.354679,-0.263067,6.85112
134455.891,538.895000000004,278.576452127207,39.671843,39.722275,17.391539,0.016138,1.18559
134458.065,541.069000000003,279.91479526277,37.847101,37.870757,17.419851,0.013023,-9.27454
134500.263,543.267,278.972389401766,36.354298,36.366511,16.545273,-0.397897,3.35472
134502.495,545.499000000003,278.526826283225,37.24036,37.243026,16.685943,0.063024,-2.05323
134504.715,547.718999999997,278.00674754614,37.499973,37.503579,16.893504,0.093496,-2.35806
134506.883,549.887000000002,274.006710475005,38.020046,38.229886,17.633711,0.341424,2.93923
134509.061,552.065000000002,273.263893259587,37.175228,37.182648,17.071923,-0.257938,1.21349
134511.251,554.254999999997,274.185967580535,37.780083,37.791333,17.256317,0.084198,-7.96521
134513.449,556.453000000001,272.014114633235,37.615372,37.67802,17.141956,-0.05203,2.65523
134515.615,558.618999999999,270.869467335051,36.059873,36.078036,16.656526,-0.224114,2.24909
134517.845,560.849000000002,271.193290205387,34.526614,34.528133,15.483468,-0.526035,2.15215
134520.009,563.012999999999,270.619147675993,31.595324,31.60054,14.602837,-0.406946,3.84501
134522.245,565.249000000003,270.887265160515,30.177749,30.17894,13.496842,-0.494631,3.01617
134524.468,567.472000000002,269.497346683524,25.462424,25.500331,11.471134,-0.91125,9.64163
134526.665,569.669000000002,267.856769704762,16.667279,16.747827,7.623044,-1.75152,11.34965
134528.932,571.936000000002,266.37484475672,11.43391,11.529545,5.085816,-1.119201,6.52742
134531.228,574.232000000004,266.170778555549,6.879459,6.882485,2.997598,-0.909503,1.80902
134538.842,581.845999999998,265.886827629396,11.322538,11.326098,1.487536,-0.198327,0.11981
134541.149,584.152999999998,266.913208876955,18.923703,18.951517,8.214788,2.916017,-48.65845
134543.467,586.470999999998,266.90083657747,23.224508,23.224511,10.019202,0.778436,-17.4294
134545.672,588.675999999999,266.08476703451,18.673918,18.691741,8.47698,-0.69942,5.51303
134547.832,590.836000000003,265.484508053003,17.797073,17.807193,8.244071,-0.107828,2.31591
134549.946,592.950000000004,264.213207085577,23.204775,23.239574,10.993176,1.300428,-19.02608
134552.173,595.177000000003,262.290521804967,19.755875,19.849214,8.912984,-0.934078,9.42273
134554.397,597.400999999998,261.615324088979,11.495929,11.51574,5.177941,-1.679426,6.30618
134556.657,599.661,261.455341204222,7.135046,7.136839,3.157893,-0.893827,1.77904
134558.897,601.900999999998,261.313829628978,3.807358,3.809987,1.700887,-0.650449,0.70504
134559.638,602.642,261.308263547054,0.084662,0.084845,0.1145,-2.140873,-0.21025
134703.159,666.163,261.069768564813,12.075327,12.077682,0.190137,0.001191,-0.3352
134705.466,668.470000000001,261.00283063994,12.737813,12.737989,5.521451,2.310929,-24.2662
134709.053,672.057000000001,259.973038058058,27.52236,27.541619,7.678176,0.601261,-5.84938
134711.339,674.343000000001,258.110366466708,24.375836,24.4469,10.694182,1.319338,-14.80148
134713.719,676.722999999998,255.894453803679,29.576889,29.659781,12.462093,0.74282,0.65222
134719.563,682.567000000003,275.675070884534,58.058791,61.335928,10.495539,-0.336508,-50.15852
134731.107,694.111000000004,296.277439635671,48.962805,53.120748,4.601589,-0.510564,-26.26248
135118.341,921.345000000001,239.136859015559,1817.102307,1818.000506,8.000566,0.014958,1.61292
135120.715,923.718999999997,228.142700579025,43.396524,44.767509,18.857417,4.573231,-89.24016
135123.121,926.125,224.237952992819,44.886072,45.055594,18.726348,-0.054476,4.31757
135125.472,928.476000000002,222.471706442576,44.334249,44.369418,18.872573,0.062197,-1.58558
135127.845,930.849000000002,220.768360784712,45.437913,45.469829,19.161327,0.121683,-2.72328
135130.224,933.228000000003,219.640314103894,45.397873,45.411886,19.088645,-0.030551,-2.35561
135132.626,935.629999999997,216.23600769043,48.350016,48.469715,20.178899,0.453894,-3.98251
135134.979,937.983,216.23600769043,50.673551,50.673551,21.535721,0.576635,-45.07541
135137.386,940.389999999999,216.23600769043,50.535536,50.535536,20.995237,-0.224547,-5.09311
135139.744,942.748,216.23600769043,50.002988,50.002988,21.205678,0.089246,-8.9095
135142.293,945.296999999999,216.23600769043,51.133969,51.133969,20.060404,-0.449303,-1.55166
135144.682,947.686000000002,219.164699461414,47.565939,47.656015,19.948102,-0.047008,-19.35852
135147.031,950.035000000003,220.579128583799,47.079996,47.101239,20.051613,0.044066,-11.71957
135149.396,952.400000000001,221.957157251503,47.739869,47.759753,20.194399,0.060375,-12.07219
135151.778,954.781999999999,223.458125078838,46.509229,46.533442,19.53545,-0.276637,-6.10957
135154.129,957.133000000002,224.567740464895,38.919874,38.935689,16.561331,-1.265044,6.29455
135156.482,959.486000000004,225.753411524834,25.750442,25.777725,10.955259,-2.382521,12.00923
135158.824,961.828000000001,227.213205786638,14.119936,14.195196,6.061143,-2.089716,3.65653
135201.199,964.203000000001,228.51379636648,11.061833,11.138028,4.689696,-0.577451,-3.83318
135203.457,966.461000000003,230.420777645406,16.160961,16.273083,7.206857,1.114775,-27.50501
135205.718,968.722000000002,237.319321297981,25.314546,26.237685,11.60446,1.944981,-90.57472
135207.978,970.982000000004,244.252783324479,28.583255,29.412163,13.014231,0.623792,-64.8719
135210.261,973.264999999999,245.626161399958,35.054559,35.081452,15.366383,1.03029,-36.06504
135212.501,975.504999999997,250.718768527192,39.766177,40.090941,17.897741,1.130071,-74.53543
135214.779,977.783000000003,252.005747770331,42.998034,43.01729,18.883797,0.43286,-23.43143
135217.045,980.048999999999,252.391426733239,43.070897,43.072624,19.008219,0.054908,-6.50331
135219.362,982.366000000002,253.731265886345,44.878424,44.89842,19.377825,0.159519,-14.85003
135221.613,984.616999999998,258.116420454669,45.560377,45.770925,20.333596,0.424598,-49.49412
135223.931,986.934999999998,258.168302089235,48.580649,48.580676,20.958014,0.269378,-10.69273
135226.249,989.253000000004,258.425572116211,49.174228,49.174901,21.214366,0.110592,-9.75216
135228.567,991.571000000004,265.465939887962,48.669861,49.176439,21.21503,0.000286,-53.78655
135230.893,993.896999999997,265.646673940133,48.170311,48.17065,20.709652,-0.217273,-5.23283
135233.181,996.184999999998,265.622467924559,46.853968,46.853974,20.478136,-0.101187,-5.75491
135235.462,998.466,265.403571176862,45.540747,45.541273,19.965486,-0.224748,-3.34905
135237.724,1000.728,265.448291136818,46.44619,46.446212,20.53325,0.251001,-9.84177
135240.041,1003.045,265.681528261689,48.548898,48.549459,20.953586,0.181414,-10.11378
135242.297,1005.301,264.737839200425,49.253977,49.263016,21.836443,0.391337,-11.17878
135244.564,1007.568,263.415938098973,49.823677,49.84121,21.985536,0.065767,-6.7472
135246.816,1009.82,263.138441005848,49.556053,49.55683,22.005697,0.008952,-8.51711
135249.074,1012.078,261.413058929804,49.491204,49.52127,21.931475,-0.032871,-4.5644
135251.273,1014.277,259.189587968391,48.015928,48.067381,21.858746,-0.033074,-3.16399
135253.498,1016.502,257.573239225877,49.086739,49.113343,22.073413,0.09648,-6.49013
135255.733,1018.737,256.868909792155,48.706975,48.712067,21.795108,-0.124521,-5.65093
135258.045,1021.049,256.48569617225,50.598497,50.599948,21.885791,0.039223,-8.47025
135300.336,1023.34,250.727651443423,50.913183,51.237752,22.364798,0.209082,1.06919
135302.621,1025.625,250.397616109797,50.691061,50.692135,22.184742,-0.078799,-7.6308
135304.823,1027.827,250.229937578009,48.465566,48.465856,22.009926,-0.07939,-7.72985
135307.058,1030.062,249.90662247767,48.161527,48.162612,21.549267,-0.206111,-5.26583
135309.277,1032.281,249.873984207306,48.328655,48.328666,21.77948,0.103746,-9.85194
135311.536,1034.54,250.034091095585,47.842518,47.842786,21.178746,-0.265929,-5.23517
135313.792,1036.796,250.015651064167,48.197398,48.197402,21.364097,0.082159,-9.0224
135316.058,1039.062,250.143283232349,48.586467,48.586635,21.441586,0.034196,-8.92452
135318.317,1041.321,250.553938867712,48.053842,48.055597,21.272951,-0.07465,-8.10475
135320.624,1043.628,250.001208826555,48.641303,48.644443,21.085584,-0.081217,-5.57166
135322.917,1045.921,244.985113528078,48.364879,48.624302,21.20554,0.052314,2.9505
135325.233,1048.237,245.394726940513,48.799324,48.801043,21.071262,-0.057978,-7.99204
135327.526,1050.53,234.831665859535,47.495989,48.65642,21.219546,0.064668,15.45137
135329.814,1052.818,232.673878528038,47.141362,47.19072,20.625314,-0.259717,0.68543
135332.066,1055.07,231.143198037555,45.118241,45.144199,20.046269,-0.257125,-0.03731
135334.202,1057.206,229.415170592739,42.937317,42.972075,20.118013,0.033588,-2.56322
135336.264,1059.268,230.260138229812,44.040558,44.048663,21.362106,0.603343,-30.75036
135338.447,1061.451,231.315262707032,46.788915,46.80081,21.438759,0.035114,-11.16189
135340.682,1063.686,233.701925120716,47.436733,47.496735,21.251335,-0.083859,-15.9451
135342.905,1065.909,238.504319836939,46.639479,46.886075,21.091352,-0.071967,-35.52653
135345.163,1068.167,243.024238366973,45.166051,45.391649,20.10259,-0.437893,-19.01463
135347.431,1070.435,244.983345737277,43.424824,43.468994,19.166223,-0.41286,-5.54416
135349.685,1072.689,247.023524689674,41.552029,41.602084,18.457003,-0.31465,-6.0493
135351.916,1074.92,249.932794819465,39.542433,39.649311,17.771991,-0.307043,-11.36608
135354.195,1077.199,252.195195322907,39.389396,39.454315,17.312117,-0.201788,-9.17278
135356.513,1079.517,256.01890385969,38.423928,38.613715,16.658203,-0.282103,-18.24616
135358.814,1081.818,257.392166570578,38.606006,38.630422,16.788536,0.056642,-9.92175
135401.153,1084.157,260.617757530693,38.854727,38.988386,16.668827,-0.05118,-20.39047
135403.416,1086.42,264.082877507377,38.004655,38.162296,16.863586,0.086062,-27.29261
135405.696,1088.7,263.602936034856,37.089791,37.092896,16.268814,-0.260865,1.22837
135407.996,1091.0,259.122453369754,37.393152,37.660623,16.374184,0.045813,7.558
135410.184,1093.188,257.840037308632,34.558164,34.581951,15.805279,-0.260011,3.54591
135412.351,1095.355,260.177604344229,32.971189,33.053949,15.253322,-0.25471,-9.06414
135414.530,1097.534,268.082116254484,33.286996,34.21265,15.701078,0.205487,-66.82979
135416.719,1099.723,270.071530084802,33.444819,33.503936,15.30559,-0.180671,-8.10642
135418.944,1101.948,272.993314643764,33.157415,33.285898,14.959954,-0.155342,-15.87972
135421.277,1104.281,274.614988886916,32.924469,32.964382,14.129611,-0.355912,-1.31311
135423.681,1106.685,275.470801716889,33.725159,33.736015,14.033284,-0.040069,-1.88941
135426.062,1109.066,276.507701380236,29.889739,29.907719,12.560991,-0.618351,2.52551
135428.432,1111.436,277.630850572144,27.316203,27.339283,11.535563,-0.43267,0.9853
135430.775,1113.779,278.610974916384,28.466053,28.482922,12.156603,0.265062,-9.31464
135433.063,1116.067,279.115857162987,28.44844,28.45292,12.435717,0.12199,-2.83292
135435.324,1118.328,279.480217717536,30.481274,30.483452,13.482287,0.462879,-10.50124
135437.670,1120.674,279.443289482867,35.47913,35.479149,15.123252,0.699474,-27.42757
135440.001,1123.005,280.024080717778,34.734889,34.739745,14.903365,-0.094332,-1.50475
135442.311,1125.315,279.675430601229,33.36437,33.366192,14.444239,-0.198756,1.72891
135444.574,1127.578,279.598595261911,29.56742,29.56752,13.06563,-0.609195,4.78318
135446.887,1129.891,278.793024219347,22.604137,22.618487,9.778853,-1.421002,9.80309
135449.149,1132.153,277.738613844189,16.533957,16.567544,7.32429,-1.08513,6.96704
135451.443,1134.447,276.121316418826,10.753701,10.874637,4.74047,-1.126338,6.57667
135452.983,1135.987,275.759060434559,2.541455,2.567143,1.666976,-1.995775,2.78719
135502.043,1145.047,274.065405043218,18.36559,18.443519,2.035708,0.040699,0.74518
135504.311,1147.315,273.356984803873,15.942644,15.958376,7.036321,2.204856,-24.71819
135506.593,1149.597,272.483643020319,19.954889,19.973991,8.752845,0.752202,-8.09622
135508.875,1151.879,271.365555497994,24.641148,24.666501,10.809159,0.901102,-12.73261
135511.228,1154.232,269.701736591948,29.259653,29.30692,12.45513,0.69952,-0.22585
135513.543,1156.547,268.328095543188,27.912284,27.946064,12.071734,-0.165614,5.10087
135515.932,1158.936,267.305060281498,21.850528,21.874464,9.156326,-1.220347,8.69386
135518.269,1161.273,266.397740625261,16.305761,16.330985,6.988012,-0.927819,5.74371
135520.593,1163.597,265.560430193265,9.082976,9.121488,3.924909,-1.318031,4.61267
135521.406,1164.41,265.533540946223,0.279481,0.280771,0.345352,-4.402899,0.48821
135550.034,1193.038,264.624934625174,12.27852,12.312093,0.430072,0.002959,-0.31691
135552.412,1195.416,263.511057486917,24.076613,24.102366,10.135562,4.081367,-69.52191
135554.759,1197.763,264.103959071631,26.37529,26.381953,11.240713,0.470878,-10.54769
135557.086,1200.09,266.042824539982,24.759641,24.835439,10.672728,-0.244085,-6.85949
135559.372,1202.376,266.928439288158,18.882103,18.90286,8.268968,-1.051514,3.00111
135601.656,1204.66,267.839394673475,19.19366,19.215265,8.412988,0.063056,-5.77404
135603.862,1206.866,269.205082370188,22.821816,22.862642,10.363845,0.884341,-24.33475
135606.079,1209.083,271.022042717158,22.860382,22.932475,10.343922,-0.008986,-11.26992
135608.315,1211.319,272.53873908093,25.589351,25.634259,11.464338,0.501081,-18.7399
135610.507,1213.511,273.580608648644,30.300749,30.318655,13.831503,1.079911,-31.71718
135612.743,1215.747,275.91629547205,34.280065,34.359544,15.366522,0.686502,-34.39266
135614.933,1217.937,278.953285265693,32.900434,33.040306,15.086898,-0.127682,-17.93556
135617.191,1220.195,279.899005599295,31.570097,31.584259,13.987714,-0.486795,1.18418
135619.431,1222.435,281.025532160791,31.933771,31.953635,14.265016,0.123796,-8.72239
135621.723,1224.727,280.352340891513,34.576532,34.583085,15.088606,0.359332,-2.45652
135624.028,1227.032,278.562773911657,35.594364,35.639322,15.461745,0.161882,1.31309
135626.374,1229.378,276.64706979901,35.801245,35.852462,15.282379,-0.076456,3.63426
135628.752,1231.756,264.285976440187,37.475979,39.461952,16.594597,0.551816,19.86957
135631.164,1234.168,250.168039839106,38.556627,41.060073,17.023248,0.177716,26.14667
135633.507,1236.511,242.246049023626,38.7785,39.579413,16.892622,-0.055752,15.45824
135635.812,1238.816,244.629605071775,37.406701,37.482564,16.261416,-0.273842,-7.67649
135638.086,1241.09,248.456984717718,37.636246,37.830356,16.63604,0.164742,-32.16339
135640.373,1243.377,258.752022058628,36.564633,37.986316,16.60967,-0.01153,-76.47185
135644.931,1247.935,280.634938114653,70.715938,74.02436,16.240535,-0.080986,-79.56161
135647.209,1250.213,280.843588164024,34.144692,34.14533,14.98917,-0.549326,2.89269
135649.563,1252.567,282.002506513621,35.705788,35.724591,15.176122,0.079419,-7.85237
135651.907,1254.911,283.161125619381,35.292275,35.311288,15.064543,-0.047602,-4.39825
135654.254,1257.258,283.966543137893,34.512643,34.52204,14.709007,-0.151485,-1.40399
135656.635,1259.639,285.422895640521,32.623092,32.655583,13.715071,-0.417445,-0.2124
135658.996,1262.0,286.522133439548,30.429604,30.449452,12.896845,-0.346559,0.41086
135701.340,1264.344,286.550765518059,26.547364,26.54738,11.325674,-0.670295,4.75842
135703.594,1266.598,286.576179040745,20.816924,20.81694,9.235555,-0.927293,5.01101
135705.847,1268.851,286.064740195358,21.52874,21.534814,9.558284,0.143244,0.99837
135708.111,1271.115,285.119855521846,23.645772,23.664644,10.452581,0.395008,0.63584
135710.431,1273.435,284.688723270644,28.29963,28.302914,12.199532,0.752996,-17.7924
135712.779,1275.783,284.520557729656,28.652364,28.652857,12.203091,0.001516,1.22419
135714.886,1277.89,283.785765419455,27.890717,27.900394,13.241763,0.492963,-11.48544
135717.112,1280.116,283.355420941406,27.81968,27.823008,12.499105,-0.333629,3.93224
135719.405,1282.409,281.815958371921,31.148529,31.186548,13.600763,0.480444,0.03997
135721.778,1284.782,279.163506917788,31.157117,31.269817,13.177335,-0.178436,7.39297
135724.094,1287.098,260.242514730913,31.904844,37.093437,16.016164,1.225747,30.37559
135726.292,1289.296,248.618724042632,32.140872,34.178182,15.549674,-0.212234,27.94564
135728.497,1291.501,247.579688471762,32.187627,32.204393,14.605167,-0.428348,5.0893
135735.234,1298.238,281.354198394422,92.919454,98.867297,14.67527,0.010406,-85.30351
135737.502,1300.506,281.964379103669,26.503693,26.510716,11.689028,-1.316685,7.62668
135739.813,1302.817,282.773303035341,27.337482,27.349448,11.834465,0.062932,-3.82268
135742.098,1305.102,283.760866447617,28.864057,28.880946,12.639364,0.352253,-11.85889
135744.416,1307.42,284.332408609244,28.009594,28.015425,12.086033,-0.238711,1.17008
135746.747,1309.751,285.272117461669,28.784613,28.799948,12.35519,0.115468,-5.86546
135749.061,1312.065,287.39879630962,28.695125,28.773824,12.434669,0.034347,-13.16372
135751.371,1314.375,289.080393242939,30.827377,30.873207,13.365025,0.402752,-18.90324
135753.691,1316.695,289.669211088905,31.309069,31.314605,13.497675,0.057177,-2.33083
135755.895,1318.899,289.968799366733,29.057137,29.058682,13.18452,-0.142085,0.57253
135758.100,1321.104,290.101238139816,27.979357,27.97967,12.689193,-0.224638,1.79273
135800.372,1323.376,291.015573383855,28.949186,28.963622,12.748073,0.025915,-3.9693
135802.604,1325.608,291.060556230736,29.219336,29.219371,13.091116,0.153693,-0.8354
135804.862,1327.866,291.317184692492,28.252108,28.253273,12.512521,-0.256242,1.80382
135807.110,1330.114,291.27177948762,28.124682,28.124718,12.510996,-0.000678,0.79935
135809.376,1332.38,292.228816589844,26.995215,27.012174,11.920642,-0.260527,0.3047
135811.611,1334.615,293.940305588991,25.701601,25.758523,11.525066,-0.176991,-6.2937
135813.890,1336.894,295.228580243815,24.062559,24.09702,10.573506,-0.417534,0.06693
135816.219,1339.223,295.382601558976,21.599249,21.599798,9.27428,-0.557847,2.91991
135818.588,1341.592,295.594072846525,16.096043,16.097432,6.795033,-1.046537,3.56001
135820.935,1343.939,297.040238062503,17.012517,17.073873,7.274765,0.204402,-11.72702
135823.288,1346.292,297.31267829014,19.676205,19.678091,8.362979,0.462479,-6.79891
135825.635,1348.639,297.632013351684,23.393009,23.395189,9.968125,0.683914,-11.80171
135827.983,1350.987,295.907261459992,24.152343,24.213848,10.312542,0.146685,3.67278
135830.306,1353.31,293.204594357807,22.115523,22.280053,9.591069,-0.310578,8.22184
135832.571,1355.575,292.698562209886,19.570217,19.576759,8.64316,-0.418503,3.53088
135834.822,1357.826,292.393462273394,15.106745,15.109826,6.712495,-0.857692,4.00586
135837.112,1360.116,291.91190903151,9.116601,9.12931,3.986598,-1.190348,3.60485
135837.862,1360.866,291.885291739631,0.475895,0.476639,0.635518,-4.468107,1.40033
135845.629,1368.633,291.023625818525,10.425805,10.461351,1.346897,0.09159,0.27085
135847.979,1370.983,289.699020725878,14.472791,14.533281,6.184375,2.058501,-15.02123
135850.261,1373.265,289.764368550061,18.144229,18.144347,7.951072,0.774188,-9.52118
135852.585,1375.589,291.048190814742,22.387449,22.42423,9.64898,0.730597,-19.67516
135854.932,1377.936,292.795004601409,21.929001,21.998465,9.373014,-0.117582,-8.54719
135857.254,1380.258,293.320428764429,19.77496,19.781939,8.519354,-0.36764,0.90477
135859.563,1382.567,294.506616865888,12.740603,12.795703,5.541664,-1.289602,1.23623
135901.862,1384.866,294.770485365868,6.237533,6.243112,2.715577,-1.229268,1.04643
135904.181,1387.185,294.387403083072,9.06895,9.077037,3.914203,0.516872,-0.24787
135906.519,1389.523,292.481128876815,15.820249,15.934684,6.815519,1.240939,-0.00901
135908.814,1391.818,290.509647780965,19.0463,19.148063,8.343382,0.665736,1.93067
135911.158,1394.162,290.279575214435,18.910135,18.911535,8.068061,-0.117458,1.38692
135913.504,1396.508,290.405088080469,18.410837,18.411265,7.847939,-0.093829,0.45661
135915.822,1398.826,291.033686710298,18.432777,18.443492,7.95664,0.046894,-3.41728
135918.147,1401.151,291.568456351107,20.109052,20.116162,8.652112,0.299128,-6.40323
135920.498,1403.502,291.542376397436,21.424995,21.425011,9.113148,0.196102,-6.17289
135922.842,1405.846,291.415266917954,24.535642,24.535972,10.467565,0.577823,-13.62306
135925.198,1408.202,291.296907859991,26.110052,26.110321,11.082479,0.260999,-8.31277
135927.543,1410.547,291.094605059368,22.784608,22.785506,9.716634,-0.58245,4.03061
135929.914,1412.918,291.142331373601,15.221508,15.221583,6.4199,-1.39044,4.85276
135932.245,1415.249,291.087618609077,6.670403,6.670628,2.861702,-1.526468,2.33138
140011.685,1454.689,291.029304164556,9.623148,9.623324,0.243999,-0.066372,-0.32221
140014.066,1457.07,290.721282356651,14.175643,14.178989,5.955056,2.398596,-25.37105
140016.433,1459.437,290.075616726978,19.555937,19.566593,8.26641,0.976491,-12.51191
140018.751,1461.755,290.988629676547,22.537987,22.556473,9.731006,0.631836,-15.23666
140021.101,1464.105,291.152813218514,22.42438,22.424981,9.542545,-0.080196,0.58143
140023.458,1466.462,290.798475237852,22.446063,22.448859,9.524336,-0.007725,1.36252
140025.802,1468.806,290.157573907967,19.614748,19.625216,8.372532,-0.491384,4.02698
140028.129,1471.133,289.892923951598,15.906782,15.908983,6.836692,-0.660009,3.24015
140030.446,1473.45,290.027150067477,12.129961,12.130704,5.235522,-0.691053,1.71084
140031.998,1475.002,290.140325454387,3.442757,3.444617,2.219469,-1.943333,1.74513
140055.964,1498.968,290.558376141075,9.617186,9.626267,0.401663,-0.075849,-0.30221
140058.312,1501.316,291.452113964169,15.370076,15.396038,6.557086,2.62156,-35.98448
140100.698,1503.702,291.940276247112,22.137214,22.142596,9.280216,1.141295,-20.05881
140102.982,1505.986,293.134280171858,24.502994,24.532068,10.740835,0.6395,-18.35734
140105.222,1508.226,294.073699459525,25.563462,25.580717,11.419963,0.303182,-10.11665
140107.499,1510.503,294.025342249031,29.429334,29.429374,12.924626,0.660809,-20.43312
140109.730,1512.734,293.912051304325,30.229606,30.229818,13.549896,0.280264,-12.2534
140112.012,1515.016,293.860511543502,29.53539,29.535435,12.942785,-0.266043,2.38976
140114.312,1517.316,293.488586214987,29.461805,29.464153,12.810501,-0.057515,1.75391
140116.531,1519.535,292.218901805125,28.326672,28.355113,12.778329,-0.014498,3.62692
140118.847,1521.851,291.831092708661,27.919181,27.921874,12.056077,-0.311853,3.81856
140121.178,1524.182,290.21003674793,27.833922,27.881087,11.960998,-0.040789,4.76355
140123.434,1526.438,288.409950842367,26.469741,26.530879,11.760141,-0.089032,5.56872
140125.723,1528.727,287.239937394964,24.371556,24.399624,10.659513,-0.480834,6.09046
140128.011,1531.015,286.303461338983,19.461615,19.484133,8.515793,-0.936941,6.81574
140130.303,1533.307,285.955574398036,10.120894,10.126871,4.418356,-1.787712,5.01835
140131.070,1534.074,285.940985911315,0.507738,0.507947,0.662252,-4.897137,1.53153
140216.627,1579.631,285.659226702606,10.843891,10.847551,0.238109,-0.00931,-0.33013
140218.981,1581.985,285.514636737236,14.818224,14.818929,6.295212,2.573111,-30.10944
140221.361,1584.365,285.354132394809,21.103975,21.104585,8.867473,1.080782,-19.0647
140223.735,1586.739,285.213325343304,23.461883,23.462306,9.883027,0.427782,-10.01717
140226.062,1589.066,284.783976036371,21.666018,21.670271,9.312536,-0.245162,2.69435
140228.400,1591.404,284.105623079972,12.355437,12.374044,5.292577,-1.719401,6.46178
140230.759,1593.763,283.567778830368,9.183581,9.199317,3.899668,-0.590466,2.38701
140233.110,1596.114,282.7947715467,8.215557,8.251843,3.509929,-0.165776,1.96342
140235.504,1598.508,282.296980002653,7.422111,7.438785,3.107262,-0.168198,1.26561
140236.290,1599.294,282.28142933443,0.338491,0.338848,0.431104,-3.404781,0.46682
140245.448,1608.452,281.975876376441,10.792427,10.796751,1.178942,0.08166,-0.13396
