181829.277,0,322.637035982258,0.0,0.0,0,0,-0.35
181831.414,2.13700000000244,322.871213922018,20.082567,20.083932,9.39819,4.397843,-76.97099
181833.579,4.30199999999604,324.93231378466,19.039974,19.151207,8.845823,-0.255135,-10.84297
181835.710,6.43300000000454,325.54149191329,18.080496,18.090756,8.489327,-0.16729,-0.32932
181837.137,7.86000000000058,325.534133763713,7.731041,7.731045,5.417691,-2.152513,6.66558
181845.583,16.3059999999969,325.535820200168,5.556506,5.556506,0.657886,-0.563557,-0.08976
181847.697,18.4199999999983,325.733062311773,20.877357,20.878289,9.876201,4.360603,-79.72666
181849.829,20.551999999996,326.299943388436,12.940299,12.95271,6.07538,-1.782749,4.77974
181851.944,22.6670000000013,326.723336794912,8.435559,8.446178,3.993465,-0.984357,1.08769
181856.966,27.6889999999985,326.824815547962,7.218657,7.21937,1.437549,-0.508944,0.06676
181859.130,29.8530000000028,326.484612375916,23.097616,23.100121,10.674733,4.268569,-86.63691
181901.268,31.9909999999945,325.649644950774,20.113268,20.130592,9.415618,-0.588922,5.79505
181903.380,34.1030000000028,325.064208088073,13.689267,13.701779,6.487585,-1.386379,6.7722
181905.486,36.2090000000026,324.562399193137,8.954315,8.968365,4.258483,-1.058453,3.83741
181907.623,38.346000000005,323.498057572219,27.935127,27.955395,13.081607,4.128743,-98.11187
181909.729,40.4520000000048,323.192565861619,34.896723,34.89806,16.570779,1.656777,-60.33918
181912.560,43.2829999999958,323.517344056468,64.698752,64.699567,22.853962,2.219422,-98.8292
181916.801,47.5240000000049,330.190041608886,105.565651,105.776328,24.941365,0.492196,-55.19715
181918.889,49.6119999999937,333.517780543027,48.123753,48.238671,23.102812,-0.880533,-8.06374
181920.953,51.6759999999922,333.717286916279,45.963696,45.964129,22.269442,-0.403765,-4.91965
181923.067,53.7899999999936,334.133427244517,45.319313,45.321223,21.438611,-0.393014,-4.57176
181925.146,55.8689999999915,335.809233698024,42.450338,42.483403,20.434537,-0.48296,-5.7233
181927.215,57.9379999999946,336.68524172128,40.774773,40.784182,19.712026,-0.349208,-4.35736
181929.291,60.0139999999956,338.419601590399,41.550568,41.586749,20.032153,0.154204,-20.62269
181931.373,62.096000000005,341.10285912227,39.71741,39.807946,19.120051,-0.438089,-7.53687
181933.479,64.2020000000048,341.66758834419,38.538326,38.542464,18.301265,-0.388787,-1.68951
181935.626,66.349000000002,344.29363870167,39.764327,39.850946,18.561223,0.12108,-25.28257
181937.811,68.5339999999997,347.532495762092,39.3752,39.508184,18.081549,-0.21953,-18.1111
181939.919,70.6419999999925,348.399980305124,36.392263,36.402601,17.268786,-0.385561,-1.61557
181942.060,72.7829999999958,349.700215008366,34.31619,34.340814,16.039614,-0.574111,-0.06822
181944.163,74.8859999999986,352.099044232569,34.115925,34.200156,16.262556,0.106011,-21.60084
181946.283,77.0059999999939,355.585069681301,32.54663,32.732789,15.439995,-0.388,-16.04445
181948.412,79.1349999999948,357.758563924941,31.542082,31.616879,14.850577,-0.276852,-7.86385
181950.528,81.2510000000038,359.355342970829,30.053406,30.095796,14.222966,-0.296603,-2.54383
181952.660,83.3830000000016,361.721439842397,29.723029,29.817057,13.985486,-0.111388,-14.01369
181954.788,85.5109999999986,363.973915531664,28.918701,29.006291,13.630776,-0.166687,-11.62428
181956.897,87.6199999999953,365.235346360017,27.050239,27.079635,12.840035,-0.374936,-0.05315
181959.012,89.7350000000006,365.044919715107,24.475332,24.476072,11.572611,-0.599255,5.21294
182001.148,91.8709999999992,365.182136228495,22.089681,22.090107,10.341811,-0.576217,3.65128
182003.283,94.0059999999939,366.249386502026,19.983241,20.01172,9.373171,-0.453696,0.18553
182005.417,96.1399999999994,367.173531058256,10.83372,10.873065,5.095157,-2.004693,3.42357
182007.528,98.2510000000038,368.375273559438,14.395352,14.445426,6.84293,0.827936,-19.42252
182009.602,100.324999999997,370.056119444548,23.218844,23.279604,11.224496,2.112616,-55.98157
182012.397,103.119999999995,370.849028984485,30.19425,30.204659,10.806676,-0.149488,0.08337
182014.506,105.228999999992,369.310203362917,26.278518,26.323535,12.481525,0.794144,-10.23165
182017.367,108.089999999997,366.103747694453,33.003807,33.159201,11.590074,-0.311587,9.00855
182019.478,110.201000000001,363.715557141365,25.692352,25.803108,12.223168,0.299902,5.0391
182021.546,112.269,361.077490262646,24.214209,24.35749,11.778283,-0.215128,9.28336
182023.605,114.327999999994,358.961934217001,24.424568,24.516017,11.906759,0.062397,6.11068
182025.699,116.421999999991,357.917704517125,23.3173,23.34067,11.146452,-0.363088,5.77871
182027.778,118.501000000004,356.953285354061,20.169826,20.19287,9.71278,-0.689597,6.8781
182029.802,120.524999999994,356.999875011967,15.940513,15.940581,7.875781,-0.907608,4.24244
182031.884,122.607000000004,357.246580945221,14.37076,14.372877,6.903399,-0.467042,1.42131
182034.621,125.343999999997,357.223457806232,23.615319,23.61533,8.628181,0.630172,-13.13041
182037.260,127.982999999993,356.697940377748,23.662821,23.668656,8.968797,0.12907,0.94519
182039.349,130.072,356.208694624819,29.138916,29.143023,13.950705,2.384829,-65.2257
182041.417,132.139999999999,356.041708171025,27.977679,27.978177,13.529099,-0.203871,2.08381
182043.528,134.251000000004,354.928830539841,28.927464,28.948863,13.713341,0.087277,2.19647
182047.675,138.398000000001,351.899505241217,60.991297,61.066481,14.72546,0.244061,1.22739
182050.778,141.501000000004,353.325293805537,49.174897,49.195563,15.854194,0.363756,-16.46575
182052.829,143.551999999996,351.150725982313,38.815329,38.876195,18.954751,1.511729,-50.69171
182056.147,146.869999999995,346.722328270851,60.618514,60.780054,18.31828,-0.191824,5.06485
182059.988,150.710999999996,340.945763162643,64.493515,64.751696,16.858031,-0.380174,9.16216
182102.547,153.270000000004,339.61028213676,39.754997,39.777421,15.544127,-0.513444,5.87741
182104.897,155.619999999995,338.528326269029,34.54143,34.558371,14.70569,-0.356782,4.70346
182107.486,158.209000000003,338.204962450616,39.062639,39.063977,15.088442,0.147838,-1.62124
182111.227,161.949999999997,336.7018868849,53.476225,53.497345,14.300279,-0.210682,3.44321
182113.352,164.074999999997,335.874962035473,29.965776,29.977184,14.10691,-0.090997,2.54952
182115.459,166.182000000001,335.144845125246,28.077256,28.086748,13.330208,-0.368629,4.8771
182117.568,168.290999999997,334.992504804026,26.601121,26.601557,12.613351,-0.339904,3.46158
182119.701,170.423999999999,334.545863984779,25.139507,25.143475,11.787846,-0.387016,4.57366
182121.779,172.501999999993,331.359865317029,24.463179,24.669774,11.871883,0.040441,9.02573
182123.950,174.672999999995,330.79617153668,19.637396,19.645485,9.049049,-1.300246,8.50897
182126.308,177.031000000003,331.100646495938,22.640896,22.642943,9.602605,0.234757,-3.84243
182128.412,179.134999999995,332.40658261027,24.5942,24.628848,11.705726,0.999582,-29.68481
182131.200,181.922999999995,332.89167541692,37.168625,37.171791,13.33278,0.583592,-14.12483
182134.001,184.724000000002,332.716968860765,38.316475,38.316874,13.679712,0.12386,-0.60561
182136.049,186.771999999997,333.136468640018,28.519569,28.522655,13.927077,0.120784,-3.40137
182138.945,189.668000000005,332.994668872333,35.072489,35.072776,12.110765,-0.62718,5.45946
182141.050,191.773000000001,333.064818406574,18.384786,18.384919,8.733928,-1.604198,8.11974
182143.194,193.917000000001,333.152736936506,15.773022,15.773267,7.356934,-0.642255,2.73312
182147.349,198.072,332.371868237511,29.837138,29.847355,7.183479,-0.041746,1.49674
182149.967,200.690000000002,331.43025666764,13.032352,13.066324,4.990957,-0.83748,4.38745
182150.676,201.399000000005,331.151240273352,2.213854,2.231367,3.147204,-2.600498,6.64468
182158.201,208.923999999999,330.356932066508,10.345105,10.375554,1.378811,-0.235002,0.52353
182201.664,212.387000000002,328.153109565394,32.725238,32.79936,9.471372,2.336864,-33.26486
182205.829,216.551999999996,327.678785388296,49.229623,49.231908,11.820386,0.563989,-14.91297
182208.045,218.767999999996,327.645366329661,25.482585,25.482607,11.499371,-0.144862,1.84797
182210.128,220.850999999995,327.528420265297,21.875182,21.875495,10.501918,-0.478854,3.81352
182213.162,223.884999999995,327.438952622509,28.937753,28.937892,9.537868,-0.317749,2.42583
182215.729,226.452000000005,326.664081989479,18.988428,19.004232,7.403285,-0.831548,5.41755
182219.998,230.721000000005,326.170093636936,36.011701,36.015089,8.436423,0.242009,-0.06855
182222.138,232.861000000004,326.466990262032,16.600245,16.6029,7.758365,-0.31685,0.97448
182224.278,235.001000000004,327.008544944178,12.696939,12.708483,5.938543,-0.850384,1.60601
182226.413,237.135999999999,327.409468398938,8.551276,8.560669,4.009681,-0.903448,0.98475
182228.516,239.239000000001,327.440816831789,2.139884,2.140113,1.017648,-1.422745,0.46123
182328.665,299.387999999992,327.268501848582,10.687684,10.689073,0.17771,-0.013964,-0.334
182330.832,301.554999999993,327.323779630357,9.383642,9.383805,4.330321,1.916295,-15.1676
182333.010,303.732999999993,327.216318772429,8.074469,8.075184,3.707615,-0.285907,0.82574
182335.165,305.887999999992,327.697130139005,10.665743,10.676575,4.954327,0.578521,-8.41162
182337.283,308.005999999994,328.679346202895,16.174876,16.204671,7.650931,1.273184,-24.84203
182339.395,310.118000000002,329.510611995835,25.264816,25.278487,11.968981,2.044531,-49.35601
182343.641,314.364000000001,334.04955717993,57.958365,58.135825,13.691904,0.405776,-26.53402
182345.810,316.532999999996,337.141064993418,29.481587,29.643235,13.666775,-0.011586,-22.35992
182347.912,318.634999999995,337.46181850938,29.284615,29.286371,13.932622,0.126473,-2.59127
182349.961,320.683999999994,337.288303139241,29.151446,29.151963,14.22741,0.143869,-1.0688
182352.099,322.822,337.309783823752,27.531273,27.531281,12.877119,-0.631567,5.00405
182354.229,324.952000000005,337.499818356353,26.349722,26.350407,12.371083,-0.237576,1.95947
182356.345,327.067999999999,336.908988560706,27.563407,27.569739,13.029177,0.311009,-0.3121
182358.445,329.168000000005,336.046209820977,29.052603,29.065411,13.840672,0.386426,-0.8484
182400.550,331.273000000001,336.194537554877,29.877589,29.877957,14.193804,0.167759,-2.3203
182402.663,333.385999999999,336.211484871688,30.265901,30.265906,14.323666,0.061459,-0.99634
182404.750,335.472999999998,336.360528674085,27.650673,27.651074,13.249197,-0.514839,3.70384
182407.030,337.752999999997,335.908843715768,28.47917,28.482752,12.492435,-0.331913,4.14171
182409.101,339.823999999993,334.960984080754,24.143771,24.16237,11.667006,-0.398565,5.96618
182411.178,341.900999999998,333.094642025942,14.671349,14.789581,7.120646,-2.188907,13.92836
182413.287,344.009999999995,331.762942060892,16.872649,16.925121,8.025188,0.428896,1.92917
182415.366,346.088999999993,331.452024669389,11.819655,11.823744,5.687226,-1.124561,4.54044
182417.479,348.202000000005,331.68578231842,17.084959,17.086558,8.086397,1.135434,-17.12117
182419.594,350.316999999995,333.60178040999,18.443171,18.542427,8.767105,0.321848,-19.56486
182421.719,352.441999999995,334.828572734093,22.762409,22.795445,10.727268,0.92243,-25.95926
182423.831,354.554000000004,336.481825129339,30.543084,30.587796,14.482858,1.778215,-59.44327
182425.964,356.687000000005,338.464332269856,32.804086,32.863937,15.407378,0.433436,-26.65113
182428.043,358.766000000003,339.881170012024,31.498113,31.529963,15.165927,-0.116138,-6.13655
182430.150,360.872999999992,339.739928263998,29.723137,29.723472,14.107011,-0.50257,4.02801
182432.229,362.952000000005,338.256977714843,28.51955,28.558079,13.73645,-0.17824,5.2388
182434.279,365.001999999993,336.468283899245,29.701554,29.755365,14.514812,0.379689,1.09881
182436.651,367.373999999996,337.826029998531,32.150898,32.179554,13.566422,-0.399827,-0.0311
182438.706,369.429000000004,337.771346818712,27.632658,27.632712,13.446575,-0.05832,0.73945
182440.844,371.566999999995,337.889578907328,26.295079,26.295345,12.299039,-0.536733,4.2314
182443.546,374.269,339.308340692538,32.741021,32.771746,12.128699,-0.063042,-4.28691
182446.296,377.019,341.162305733853,32.657918,32.7105,11.894727,-0.085081,-6.69738
182448.402,379.125,342.616228209162,26.334264,26.37437,12.523442,0.298535,-15.86481
182451.231,381.953999999998,344.41172142704,35.919557,35.964405,12.712762,0.066921,-9.45282
182453.307,384.029999999999,345.595245227359,28.587264,28.611752,13.782154,0.515121,-20.26785
182455.413,386.135999999999,346.780075565698,27.836006,27.86121,13.229445,-0.262445,-0.84833
182457.528,388.251000000004,349.261272910648,28.365323,28.473635,13.462712,0.110292,-20.74605
182459.663,390.385999999999,353.039405707968,29.209298,29.452629,13.795143,0.155705,-33.07561
182501.735,392.457999999999,356.235974219766,31.107575,31.271381,15.092365,0.626072,-43.04013
182503.845,394.567999999999,360.34605223194,34.915618,35.156694,16.66194,0.743874,-56.70507
182506.618,397.341,364.937044545698,48.402491,48.619732,17.533261,0.314216,-38.82059
182508.690,399.413,366.346472363939,33.149186,33.179135,16.013096,-0.73367,0.97423
182510.767,401.490000000005,368.753858855803,28.910805,29.010863,13.967676,-0.984795,1.12975
182512.847,403.569999999992,369.857962481096,29.32154,29.34232,14.106885,0.066927,-8.08289
182514.918,405.641000000003,371.019942344259,30.133341,30.155736,14.560954,0.219251,-13.01163
182517.030,407.752999999997,374.591011808256,31.772868,31.972921,15.138694,0.273551,-35.82062
182519.102,409.824999999997,376.336641356487,30.375234,30.425352,14.68405,-0.219423,-6.19167
182521.163,411.885999999999,377.475078074506,30.165981,30.187455,14.646994,-0.01798,-6.3906
182523.234,413.956999999995,378.338251699517,29.647422,29.659985,14.321576,-0.157131,-1.4885
182525.307,416.029999999999,380.431377279968,30.608623,30.680107,14.799859,0.23072,-21.78108
182527.427,418.149999999994,385.344748143059,31.712733,32.091099,15.137311,0.159175,-44.11934
182529.530,420.252999999997,387.506137975076,31.146099,31.221004,14.845936,-0.138552,-11.85395
182531.662,422.384999999995,388.155027182976,26.640839,26.64874,12.499409,-1.100622,6.75205
182533.777,424.5,388.798521665542,19.681684,19.692201,9.310733,-1.507648,6.71793
182535.912,426.634999999995,388.532995585422,10.812052,10.815312,5.06572,-1.988296,6.3972
182538.407,429.130000000005,387.776126229824,12.643429,12.666063,5.076578,0.004352,1.73852
182540.848,431.570999999996,387.37590573861,8.489326,8.498755,3.481669,-0.653383,2.11296
182542.990,433.713000000003,387.118480367038,3.840818,3.849435,1.797122,-0.786437,1.24732
182634.531,485.254000000001,385.483591693355,12.713724,12.818411,0.248703,-0.030042,-0.32537
182636.642,487.365000000005,385.3197030657,1.334339,1.344366,0.636839,0.183864,0.06258
182645.761,496.483999999997,384.929625067967,3.007039,3.032234,0.332518,-0.033372,-0.31645
182712.534,523.256999999998,383.907649511277,12.727632,12.768596,0.476921,0.005394,-0.3122
182723.033,533.755999999994,385.504319632752,17.133313,17.20755,1.63897,0.110682,-3.03779
182725.153,535.876000000004,385.16687519188,17.509598,17.51285,8.260778,3.123494,-48.46332
182727.312,538.035000000003,382.10191157519,30.664696,30.817488,14.273964,2.785172,-56.04132
182729.479,540.202000000005,378.513793375109,28.322784,28.549163,13.17451,-0.507362,13.14169
182731.593,542.315999999992,377.837611989786,29.561948,29.56968,13.98755,0.384598,-1.47032
182733.693,544.415999999997,377.36572470538,35.490999,35.494136,16.901969,1.387819,-51.98075
182735.810,546.532999999996,376.446667160319,32.890891,32.903729,15.542621,-0.642111,6.51224
182737.941,548.664000000004,373.142973699866,34.03955,34.199493,16.048566,0.237421,4.47472
182741.103,551.826000000001,370.383906932837,36.130081,36.235275,11.459606,-1.451284,14.90486
182743.234,553.956999999995,369.167573522356,33.69059,33.71254,15.820056,2.046199,-60.34804
182745.348,556.070999999996,365.249801022106,34.504338,34.726046,16.426701,0.286965,5.27846
182747.448,558.171000000002,361.906954953939,32.588519,32.75952,15.599772,-0.393776,10.66588
182750.278,561.001000000004,357.601993699344,42.589763,42.806782,15.126071,-0.167386,8.66255
182752.416,563.138999999996,353.659437983047,31.634297,31.879029,14.910678,-0.100745,10.03258
182754.525,565.247999999992,350.847151367938,28.467918,28.60649,13.564007,-0.638535,12.22692
182756.630,567.353000000003,348.917360453941,27.910055,27.976692,13.29059,-0.129889,6.24688
182758.737,569.459999999992,346.771652153901,27.362345,27.446347,13.026268,-0.125449,6.91903
182800.784,571.506999999998,346.034096675504,18.243049,18.257953,8.919371,-2.0063,12.47003
182804.309,575.031999999992,345.569747896164,22.538552,22.543335,6.395272,-0.716056,3.4981
182807.142,577.865000000005,345.579724121221,0.55914,0.559229,0.197398,-2.187742,-0.09243
182840.080,610.803,346.088622965192,14.168542,14.177678,0.430435,0.007075,-0.31629
182842.163,612.885999999999,346.088622965192,0.0,0.0,0.0,-0.206642,-0.35
182843.603,614.326000000001,346.088622965192,0.0,0.0,0.0,0.0,-0.35
182849.180,619.902999999991,346.017668786385,1.89789,1.899216,0.340544,0.061062,-0.33361
182852.704,623.426999999996,344.889297850006,25.886938,25.911518,7.352871,1.989877,-24.17502
182854.813,625.535999999993,343.717576305145,24.170584,24.198969,11.474143,1.954136,-36.19728
182856.942,627.664999999994,342.069411076029,31.699723,31.742541,14.909601,1.613649,-39.45453
182859.026,629.748999999996,339.69665909914,38.962135,39.034317,18.730478,1.833434,-59.42674
182901.155,631.877999999997,337.819963947185,45.520908,45.559577,21.399519,1.253659,-56.67419
182903.296,634.019,337.493954677042,34.680879,34.682411,16.199165,-2.428937,20.79185
182905.462,636.184999999998,336.35584879354,38.353201,38.370083,17.71472,0.699702,-27.30563
182907.581,638.304000000004,335.30274250689,36.861721,36.876761,17.402908,-0.147151,0.93729
182909.719,640.441999999995,338.78092614893,38.30256,38.46016,17.988849,0.27406,-37.43695
182911.845,642.567999999999,338.45528117066,39.728085,39.729419,18.687403,0.328577,-24.51573
182913.960,644.683000000005,337.215448975352,34.897613,34.91963,16.510463,-1.029286,10.38571
182916.062,646.785000000003,334.806735984174,34.16917,34.253965,16.295892,-0.102079,5.09065
182918.173,648.895999999993,333.46597788966,34.144904,34.171217,16.187218,-0.05148,1.92804
182920.313,651.035999999993,331.350194030022,34.280773,34.346003,16.049534,-0.064338,4.10454
182922.393,653.115999999995,334.036317612338,38.641334,38.734583,18.622396,1.236953,-65.61969
182924.502,655.224999999991,335.153170981714,46.161037,46.174546,21.894047,1.551281,-74.27554
182926.631,657.353999999992,334.961769973695,47.351497,47.351884,22.241373,0.16314,-10.90756
182928.778,659.501000000004,334.913384203368,42.911435,42.911462,19.986708,-1.050147,5.61965
182930.942,661.664999999994,335.749778330877,39.374649,39.383531,18.199414,-0.825921,2.2006
182933.105,663.827999999994,335.711874313437,37.160533,37.160553,17.180098,-0.471251,1.63239
182935.244,665.967000000004,335.052388315117,35.198582,35.204759,16.458513,-0.337347,2.51818
182937.366,668.088999999993,334.376111199224,32.571544,32.578564,15.352763,-0.521089,4.93837
182939.491,670.213999999993,334.106417071151,24.966845,24.968302,11.749789,-1.695517,12.6994
182941.628,672.350999999995,332.159184968011,24.683792,24.760479,11.58656,-0.076382,6.33673
182943.743,674.466,329.567130179249,13.198101,13.450228,6.359446,-2.471449,15.71502
182948.372,679.095000000001,327.074547211279,69.209765,69.254635,14.961036,1.858196,-50.91238
182951.757,682.479999999996,327.393112676779,35.766206,35.767625,10.566507,-1.298236,7.85411
182954.102,684.824999999997,327.435995757794,18.858008,18.858057,8.041815,-1.076628,5.13104
182957.315,688.038,327.932240372422,22.512287,22.517756,7.008327,-0.321658,0.69341
182959.875,690.597999999998,328.066957925296,5.597023,5.598644,2.18697,-1.883343,1.84469
183007.535,698.258000000002,328.398046823535,15.043081,15.046724,1.964324,-0.029066,-0.49228
183009.599,700.322,328.671645226146,17.896194,17.898285,8.67165,3.249673,-52.98513
183011.827,702.550000000003,329.788182152811,25.820965,25.845094,11.600132,1.314399,-34.19492
183014.057,704.779999999999,331.341082725486,26.702204,26.747321,11.994314,0.176763,-12.93887
183016.285,707.008000000002,332.090293329478,26.689954,26.700468,11.984052,-0.004606,-2.22236
183018.513,709.236000000004,332.085086099848,26.597502,26.597502,11.937838,-0.020742,1.04986
183020.775,711.497999999992,332.413105223962,28.47026,28.472149,12.587157,0.287055,-5.59119
183023.001,713.724000000002,332.300071104796,29.728475,29.72869,13.355206,0.345035,-13.92483
183025.227,715.949999999997,331.318345420557,29.586005,29.602289,13.298423,-0.025509,2.85944
183027.469,718.191999999995,331.762352794811,30.212088,30.215351,13.476963,0.079634,-2.00561
183029.757,720.479999999996,332.337027172571,29.176762,29.182421,12.754555,-0.315738,1.46107
183032.002,722.724999999991,330.365118461931,29.495378,29.56122,13.167581,0.183976,3.79702
183034.230,724.952999999994,331.545892253241,29.016436,29.040451,13.034314,-0.059815,-4.53095
183036.463,727.186000000002,333.750927269969,27.517415,27.605621,12.362571,-0.300825,-7.29908
183038.692,729.414999999994,334.091114241467,27.41027,27.41238,12.298062,-0.028941,0.20848
183040.854,731.577000000005,334.642760356238,27.041401,27.047027,12.510188,0.098116,-3.12428
183043.056,733.778999999995,336.102093307143,26.734316,26.774116,12.158999,-0.159486,-4.62193
183045.246,735.968999999997,337.005240235805,26.942908,26.958041,12.309608,0.068771,-5.26848
183047.418,738.141000000003,337.978146110764,27.44546,27.462699,12.643968,0.153941,-8.05456
183049.613,740.335999999996,338.750727659857,27.722871,27.733634,12.634913,-0.004125,-2.53048
183051.779,742.501999999993,338.708374647518,28.520059,28.52009,13.16717,0.245733,-11.66564
183053.947,744.669999999998,338.945037380792,28.169795,28.170789,12.993907,-0.079918,0.42516
183056.116,746.838999999993,338.707493532649,28.325955,28.326951,13.059913,0.030432,0.78085
183058.326,749.048999999999,338.476257056986,29.486545,29.487451,13.342738,0.127975,-0.15744
183100.512,751.235000000001,339.900956766172,30.46505,30.498345,13.951667,0.278559,-15.78538
183102.681,753.403999999995,341.723238631489,28.65666,28.714541,13.238608,-0.32875,-3.58683
183104.892,755.615000000005,342.766703952727,26.786295,26.806612,12.124203,-0.504028,1.76673
183107.077,757.800000000003,343.631100513676,25.37803,25.392747,11.621395,-0.230118,0.17737
183109.254,759.976999999999,343.701128425829,24.835457,24.835555,11.408156,-0.097951,1.26892
183111.413,762.135999999999,344.219481426818,26.24858,26.253697,12.160119,0.348292,-8.43311
183113.555,764.277999999991,344.591901515953,26.350531,26.353162,12.303064,0.066734,-0.82482
183115.747,766.470000000001,345.028847543688,26.733716,26.737286,12.197667,-0.048083,0.13495
183117.944,768.667000000001,345.844862754028,26.685502,26.697976,12.152014,-0.02078,-2.4221
183120.112,770.834999999992,347.593043997911,27.106624,27.162938,12.529031,0.173901,-15.07373
183122.279,773.001999999993,347.641520798386,26.932981,26.933025,12.428715,-0.046293,0.97273
183124.457,775.179999999993,349.002543873884,28.393215,28.425816,13.051339,0.28587,-14.7594
183126.619,777.342000000004,352.055033533989,28.636115,28.798347,13.320234,0.124373,-25.43148
183128.784,779.506999999998,351.955433182439,30.07635,30.076514,13.892154,0.264166,-13.00755
183130.954,781.676999999996,353.228996791749,29.381274,29.408863,13.552472,-0.156535,-3.19384
183133.123,783.846000000005,358.195398957924,28.934635,29.357763,13.535161,-0.007981,-38.35015
183135.326,786.048999999999,359.770120793634,28.354438,28.398132,12.890664,-0.292554,-2.28844
183137.495,788.217999999993,361.478043752036,27.470349,27.523392,12.689438,-0.092774,-8.45542
183139.716,790.438999999998,363.909708194347,26.815112,26.925141,12.122981,-0.255046,-10.41638
183141.948,792.671000000002,365.938181881353,26.567298,26.644625,11.937556,-0.083076,-11.04054
183144.152,794.875,368.946935835265,26.571652,26.741452,12.133145,0.088743,-23.22962
183146.371,797.093999999997,369.336679036441,22.464276,22.467657,10.125127,-0.90492,4.80213
183148.599,799.322,370.220309564304,13.625555,13.654177,6.128446,-1.793842,4.15913
183150.808,801.531000000003,370.204783202973,6.017854,6.017874,2.724253,-1.541056,2.26179
183208.381,819.103999999992,369.509005264702,19.726417,19.738684,1.123239,-0.091106,0.01683
183210.611,821.334000000003,368.703951539101,15.931101,15.951429,7.153107,2.703977,-32.19884
183212.836,823.558999999994,367.356022453601,15.17352,15.233274,6.846415,-0.137839,4.11161
183215.076,825.798999999999,366.636860269274,18.123138,18.137402,8.097054,0.558321,-5.44268
183217.327,828.050000000003,366.268541817133,20.590532,20.593825,9.148745,0.467211,-8.29503
183219.557,830.279999999999,365.43661455061,16.599069,16.619904,7.452872,-0.760481,5.54002
183221.789,832.512000000002,362.901880708921,16.141286,16.339094,7.320382,-0.059359,6.78177
183224.010,834.732999999993,360.63372885607,20.285814,20.412221,9.190554,0.842041,1.80099
183226.239,836.962,359.851934499346,23.358605,23.371684,10.485278,0.580854,-8.83152
183228.468,839.190999999992,359.632092660224,23.573324,23.57435,10.5762,0.04079,1.00436
183230.703,841.425999999992,359.215881522558,25.258272,25.261701,11.302775,0.325089,-0.22712
183232.949,843.671999999991,355.073131305796,28.619947,28.918225,12.875434,0.700204,5.58829
183235.207,845.929999999993,352.790217277345,30.698568,30.783336,13.63301,0.335508,3.01661
183237.442,848.164999999994,351.751735615003,30.807384,30.824882,13.791894,0.071089,1.9206
183239.616,850.338999999993,348.763395151791,31.011802,31.155449,14.330934,0.247948,5.08334
183241.806,852.528999999995,348.235376505327,31.748327,31.752717,14.498958,0.076723,0.10682
183245.057,855.779999999999,347.944621092808,50.122286,50.12313,15.417757,0.28262,-15.90576
183247.614,858.337,345.120537874033,42.972048,43.064746,16.841903,0.55696,-1.83559
183250.156,860.879000000001,341.524153091879,44.189439,44.335544,17.441205,0.23576,2.19914
183252.655,863.377999999997,340.640317431733,41.738644,41.748001,16.705883,-0.294246,2.17177
183254.899,865.622000000003,337.593275176942,37.583754,37.707069,16.803507,0.043504,4.42568
183257.080,867.803,336.15551392602,37.646333,37.673778,17.273626,0.215552,-1.55096
183259.236,869.959000000003,335.13216748618,36.357903,36.372302,16.87027,-0.187085,1.69023
183301.419,872.141999999993,333.536821292637,37.269299,37.303429,17.088149,0.099807,0.1591
183303.577,874.300000000003,331.607307250465,37.188159,37.238182,17.255877,0.077724,1.08674
183305.830,876.553,330.717320206041,37.38687,37.397462,16.598962,-0.291573,2.46088
