170038.000,0,139.248957183394,0.0,0.0,0,0,-0.35
170043.000,5.0,139.384192845423,21.198171,21.198602,4.23972,0.847944,-6.36779
170048.000,10.0,139.541273186268,12.599199,12.600178,2.520036,-0.343937,0.17065
170053.000,15.0,139.870017843514,13.93069,13.934568,2.786914,0.053376,-1.056
170058.000,20.0,140.160071004476,10.161604,10.165743,2.033149,-0.150753,-0.32815
170103.000,25.0,141.126585231821,19.316293,19.340458,3.868092,0.366989,-5.46096
170108.000,30.0,143.612221953434,34.362068,34.451852,6.89037,0.604456,-15.19614
170113.000,35.0,146.583496625439,40.653157,40.761595,8.152319,0.25239,-12.56087
170118.000,40.0,147.415486814773,48.904136,48.911213,9.782243,0.325985,-6.13933
170123.000,45.0,147.596615710586,37.695055,37.69549,7.539098,-0.448629,2.0291
170128.000,50.0,146.971572228556,39.567499,39.572435,7.914487,0.075078,0.73708
170133.000,55.0,141.653566115204,39.334087,39.691959,7.938392,0.004781,6.18067
170138.000,60.0,136.756283952225,32.839582,33.202734,6.640547,-0.259569,6.56
170143.000,65.0,135.199205025293,46.919699,46.945528,9.389106,0.549712,-7.36569
170148.000,70.0,138.542420965238,45.879968,46.001615,9.200323,-0.037757,-8.99586
170153.000,75.0,146.12662817715,46.677181,47.289316,9.457863,0.051508,-26.03475
170158.000,80.0,147.194120405386,50.113022,50.12439,10.024878,0.113403,-3.05277
170203.000,85.0,147.013072157097,53.805308,53.805613,10.761123,0.147249,0.06319
170208.000,90.0,144.222803918856,64.776445,64.836513,12.967303,0.441236,0.35468
170213.000,95.0,143.745744080856,64.783542,64.785298,12.95706,-0.002049,1.03495
170218.000,100.0,145.582049155686,60.423472,60.451369,12.090274,-0.173357,0.14343
170223.000,105.0,147.033084274165,47.131452,47.153783,9.430757,-0.531903,1.7774
170228.000,110.0,147.27518792208,30.560821,30.56178,6.112356,-0.66368,2.18658
170233.000,115.0,147.289310213358,6.556575,6.556591,1.311318,-0.960208,0.44412
170238.000,120.0,147.280581285321,19.925363,19.925365,3.985073,0.534751,-5.44469
170243.000,125.0,147.389661143201,23.251137,23.251393,4.650279,0.133041,-0.56943
170248.000,130.0,147.411913361682,5.648279,5.648322,1.129664,-0.704123,0.16179
170253.000,135.0,147.412104560015,15.561698,15.561698,3.11234,0.396535,-1.78697
170258.000,140.0,147.191687087406,32.143653,32.144409,6.428882,0.663308,-9.454
170303.000,145.0,147.196258912158,28.107425,28.107426,5.621485,-0.161479,0.64255
170308.000,150.0,147.19698898682,15.758896,15.758896,3.151779,-0.493941,0.78057
170313.000,155.0,147.131616910708,23.114183,23.114275,4.622855,0.294215,-3.98903
170318.000,160.0,146.998295783782,49.333375,49.333555,9.866711,1.048771,-22.52114
170323.000,165.0,147.261540441804,53.631238,53.631884,10.726377,0.171933,-1.09685
170328.000,170.0,147.316632868018,59.205286,59.205311,11.841062,0.222937,-1.26679
170333.000,175.0,147.367192961832,62.219927,62.219948,12.44399,0.120586,-0.09717
170338.000,180.0,147.606685646565,58.643507,58.643996,11.728799,-0.143038,1.5642
170343.000,185.0,147.935385605674,55.398555,55.39953,11.079906,-0.129779,1.236
170348.000,190.0,148.288522392309,57.457041,57.458126,11.491625,0.082344,-0.05829
170353.000,195.0,148.648455761807,57.347662,57.348791,11.469758,-0.004373,0.48623
170358.000,200.0,148.992011920631,59.992411,59.993394,11.998679,0.105784,-0.1499
170403.000,205.0,149.449588347858,52.920049,52.922027,10.584405,-0.282855,1.89124
170408.000,210.0,149.828590614594,50.216894,50.218325,10.043665,-0.108148,0.83989
170413.000,215.0,150.073796999766,45.775545,45.776202,9.15524,-0.177685,1.17198
170418.000,220.0,150.388524474136,35.168889,35.170297,7.034059,-0.424236,1.6058
170423.000,225.0,150.681060032847,28.37742,28.378928,5.675786,-0.271655,0.68641
170428.000,230.0,150.789917907412,31.938486,31.938672,6.387734,0.14239,-0.54142
170433.000,235.0,150.941995074266,41.83224,41.832517,8.366503,0.395754,-4.46396
170438.000,240.0,151.443066585148,43.103679,43.106591,8.621318,0.050963,-0.3248
170443.000,245.0,152.021978489172,55.689653,55.692662,11.138532,0.503443,-9.10683
170448.000,250.0,152.721577200784,55.062319,55.066763,11.013353,-0.025036,0.17306
170453.000,255.0,153.244241925671,49.859788,49.862527,9.972505,-0.20817,1.22476
170458.000,260.0,154.10240515395,38.470728,38.480298,7.69606,-0.455289,1.37424
170503.000,265.0,155.587220077103,42.28317,42.309232,8.461846,0.153157,-5.54945
170508.000,270.0,157.527168148881,39.412347,39.460062,7.892012,-0.113967,-3.33351
170513.000,275.0,159.221255641558,51.905505,51.933143,10.386629,0.498923,-12.76798
170518.000,280.0,159.515332370101,52.786201,52.78702,10.557404,0.034155,0.19674
170523.000,285.0,159.505558251318,42.286539,42.28654,8.457308,-0.420019,2.43822
170528.000,290.0,159.680819092012,43.163238,43.163594,8.632719,0.035082,0.10875
170533.000,295.0,159.70008067586,61.500868,61.500871,12.300174,0.733491,-12.95609
170538.000,300.0,159.299038495065,74.065544,74.06663,14.813326,0.50263,-21.01024
170543.000,305.0,160.164442832933,81.557464,81.562056,16.312411,0.299817,-9.48063
170548.000,310.0,160.889123546158,67.798759,67.802632,13.560526,-0.550377,3.48316
170553.000,315.0,161.287888167477,53.310303,53.311795,10.662359,-0.579633,3.74179
170558.000,320.0,162.113942655776,43.845145,43.852926,8.770585,-0.378355,1.43182
170603.000,325.0,163.492377213711,48.876485,48.895919,9.779184,0.20172,-5.87184
170608.000,330.0,167.935356172534,63.575083,63.730144,12.746029,0.593369,-26.55884
170613.000,335.0,171.486196534431,74.723418,74.807738,14.961548,0.443104,-22.11045
170618.000,340.0,167.466657367571,78.548698,78.651476,15.730295,0.153749,1.4991
170623.000,345.0,169.947209927061,88.271832,88.306678,17.661336,0.386208,-19.63355
170628.000,350.0,171.498099468704,100.208267,100.220268,20.044054,0.476544,-22.61018
170633.000,355.0,171.340542992191,110.795149,110.795261,22.159052,0.423,-42.18094
170638.000,360.0,172.847211728449,112.817681,112.827742,22.565548,0.081299,-12.35594
170643.000,365.0,173.616076391641,126.022223,126.024569,25.204914,0.527873,-30.29342
170648.000,370.0,175.623396649742,132.196009,132.211248,26.44225,0.247467,-23.14201
170653.000,375.0,176.448480751022,132.809844,132.812407,26.562481,0.024046,-17.64429
170658.000,380.0,176.54304096877,137.508675,137.508707,27.501741,0.187852,-21.14112
170703.000,385.0,176.997644311318,140.810985,140.811719,28.162344,0.132121,-22.02039
170708.000,390.0,178.027059962419,141.192257,141.19601,28.239202,0.015372,-20.97035
170713.000,395.0,180.183721657695,145.086463,145.102491,29.020498,0.156259,-26.06722
170718.000,400.0,182.789043443869,148.016583,148.03951,29.607902,0.117481,-27.19019
170723.000,405.0,183.295771595638,150.813887,150.814738,30.162948,0.111009,-26.00201
170728.000,410.0,183.504006587191,148.655542,148.655687,29.731137,-0.086362,-21.46024
170733.000,415.0,182.501554736142,143.127699,143.13121,28.626242,-0.220979,-15.75979
170738.000,420.0,182.856221291164,140.412696,140.413144,28.082629,-0.108723,-17.98132
170743.000,425.0,184.102728747792,133.689465,133.695276,26.739055,-0.268715,-14.07582
170748.000,430.0,184.513983715649,128.750479,128.751136,25.750227,-0.197766,-12.5282
170753.000,435.0,185.203071345832,126.494776,126.496653,25.299331,-0.090179,-13.60515
170758.000,440.0,185.95568801604,129.22061,129.222802,25.84456,0.109046,-17.4783
170803.000,445.0,189.885770956256,128.282805,128.342992,25.668598,-0.035192,-18.56665
170808.000,450.0,192.087827152455,128.041182,128.060116,25.612023,-0.011315,-16.9199
170813.000,455.0,196.031151341716,133.367302,133.425587,26.685117,0.214619,-28.94635
170818.000,460.0,196.01195310592,143.04026,143.040262,28.608052,0.384587,-26.4604
170823.000,465.0,196.065104002538,149.37548,149.37549,29.875098,0.253409,-27.25165
170828.000,470.0,195.932594007354,150.945593,150.945651,30.18913,0.062806,-24.55718
170833.000,475.0,196.168359290427,149.948939,149.949125,29.989825,-0.039861,-22.81068
170838.000,480.0,198.874989429028,150.418583,150.442933,30.088587,0.019752,-26.72188
170843.000,485.0,208.420730875728,149.025506,149.330917,29.866183,-0.044481,-38.95519
170848.000,490.0,207.707375391447,150.543764,150.545454,30.109091,0.048582,-23.51557
170853.000,495.0,208.406769988495,147.670696,147.672352,29.53447,-0.114924,-21.13625
170858.000,500.0,208.583314046434,138.550486,138.550599,27.71012,-0.36487,-13.13513
170903.000,505.0,208.672524554583,136.328991,136.32902,27.265804,-0.088863,-16.4674
170908.000,510.0,208.691283293111,138.090942,138.090943,27.618189,0.070477,-19.50282
170913.000,515.0,212.008828068798,138.709252,138.74892,27.749784,0.026319,-22.68891
170918.000,520.0,221.328404505191,137.630786,137.945959,27.589192,-0.032118,-37.08096
170923.000,525.0,220.087800645853,139.835649,139.841152,27.96823,0.075808,-18.9113
170928.000,530.0,220.898962548617,143.479379,143.481672,28.696334,0.145621,-23.75653
170933.000,535.0,220.691839455008,150.271875,150.272017,30.054403,0.271614,-27.69293
170938.000,540.0,220.745718264718,150.603982,150.603992,30.120798,0.013279,-23.79453
170943.000,545.0,220.940397481415,147.890138,147.890266,29.578053,-0.108549,-20.78478
170948.000,550.0,231.667725701258,144.447134,144.844917,28.968983,-0.121814,-38.46255
170953.000,555.0,232.729503192379,149.009454,149.013237,29.802647,0.166733,-26.77095
170958.000,560.0,233.455196408798,152.661574,152.663299,30.53266,0.146003,-27.6876
171003.000,565.0,232.819040590269,157.533147,157.534431,31.506886,0.194845,-29.2952
171008.000,570.0,233.547861973569,160.270284,160.271941,32.054388,0.1095,-30.57021
171013.000,575.0,235.798452025995,158.023637,158.039662,31.607932,-0.089291,-27.68803
171018.000,580.0,245.409965042135,135.826241,136.165887,27.233177,-0.874951,-14.90352
171023.000,585.0,245.389284201473,120.475865,120.475867,24.095173,-0.627601,-3.65779
171028.000,590.0,245.202831172489,121.012437,121.01258,24.202516,0.021469,-12.36907
171033.000,595.0,242.115460703109,125.667341,125.70526,25.141052,0.187707,-13.12144
171038.000,600.0,242.922189485273,135.230822,135.233228,27.046646,0.381119,-26.35266
171043.000,605.0,244.212745252323,140.220692,140.226631,28.045326,0.199736,-23.7814
171048.000,610.0,244.390379336498,127.701721,127.701844,25.540369,-0.500991,-7.62932
171053.000,615.0,244.31648363235,95.82649,95.826519,19.165304,-1.275013,8.58736
171058.000,620.0,244.279902520304,75.361545,75.361554,15.072311,-0.818599,5.91483
171103.000,625.0,244.210347232636,67.164404,67.16444,13.432888,-0.327885,2.72642
171108.000,630.0,244.277645938523,62.656078,62.656114,12.531223,-0.180333,1.92758
171113.000,635.0,244.337961275199,77.936998,77.937021,15.587404,0.611236,-14.9484
171118.000,640.0,244.373877675075,78.541047,78.541055,15.708211,0.024161,-1.7854
171123.000,645.0,244.359630886557,76.83197,76.831972,15.366394,-0.068363,-0.64172
171128.000,650.0,245.420878264601,73.761954,73.769588,14.753918,-0.122495,-0.9009
171133.000,655.0,249.809814042508,71.70374,71.837936,14.367587,-0.077266,-10.52403
171138.000,660.0,251.805267422568,56.068873,56.10437,11.220874,-0.629343,2.56522
171143.000,665.0,252.522093237642,35.710778,35.717972,7.143594,-0.815456,2.76048
171148.000,670.0,252.848100788605,28.042881,28.044776,5.608955,-0.306928,0.74299
171153.000,675.0,253.349846605944,44.460057,44.462888,8.892578,0.656725,-10.27733
171158.000,680.0,254.214682992487,57.173453,57.179993,11.435999,0.508684,-10.41272
171203.000,685.0,254.740585522271,62.218246,62.220469,12.444094,0.201619,-2.65454
171208.000,690.0,256.156925627212,74.166068,74.179591,14.835918,0.478365,-15.11981
171213.000,695.0,256.903738649777,71.675243,71.679134,14.335827,-0.100018,-0.44885
171218.000,700.0,256.976255170393,57.64296,57.643005,11.528601,-0.561445,4.3848
171223.000,705.0,257.097008023115,51.24317,51.243312,10.248662,-0.255988,2.00431
171228.000,710.0,257.16576877461,62.166651,62.166689,12.433338,0.436935,-6.44914
171233.000,715.0,257.510348313031,66.690432,66.691323,13.338265,0.180985,-1.991
171238.000,720.0,257.910706461266,60.765531,60.76685,12.15337,-0.236979,2.11343
171243.000,725.0,258.50015269981,55.360378,55.363516,11.072703,-0.216133,1.4791
171248.000,730.0,261.165841883384,51.039731,51.109295,10.221859,-0.170169,-3.4574
171253.000,735.0,263.510808896069,49.370758,49.426416,9.885283,-0.067315,-4.44201
171258.000,740.0,263.995779680847,42.420898,42.42367,8.484734,-0.28011,1.24421
171303.000,745.0,265.400344796676,35.006463,35.034629,7.006926,-0.295562,-0.09828
171308.000,750.0,268.401799308501,33.209839,33.345196,6.669039,-0.067577,-8.52774
171313.000,755.0,271.616603449473,27.035369,27.225836,5.445167,-0.244774,-8.07437
171318.000,760.0,272.504457275113,34.164535,34.17607,6.835214,0.278009,-5.10503
171323.000,765.0,272.947133967106,40.808075,40.810476,8.162095,0.265376,-3.47241
171328.000,770.0,271.780151799239,29.037019,29.060459,5.812092,-0.470001,2.95815
171333.000,775.0,262.451460440149,29.176566,30.631625,6.126325,0.062847,10.17615
171338.000,780.0,261.559794296219,27.666049,27.680414,5.536083,-0.118048,1.47196
171343.000,785.0,260.914577264922,32.929377,32.935698,6.58714,0.210211,0.17278
171348.000,790.0,261.96202019749,41.456561,41.469792,8.293958,0.341364,-6.8888
171353.000,795.0,271.668016672055,39.790125,40.956811,8.191362,-0.020519,-33.13134
171358.000,800.0,273.376925538482,33.930284,33.973292,6.794658,-0.279341,-1.02237
171403.000,805.0,267.740222025904,35.724059,36.166018,7.233204,0.087709,6.11681
171408.000,810.0,262.460627585146,37.408463,37.77919,7.555838,0.064527,5.84376
171413.000,815.0,262.475656557552,36.485525,36.485528,7.297106,-0.051746,0.50871
171418.000,820.0,262.882874896538,45.796209,45.79802,9.159604,0.3725,-5.27146
171423.000,825.0,262.923729223288,52.714804,52.71482,10.542964,0.276672,-2.38496
171428.000,830.0,262.926467479489,53.983074,53.983074,10.796615,0.05073,0.4421
171433.000,835.0,262.845513886614,52.835318,52.83538,10.567076,-0.045908,1.07688
171438.000,840.0,262.003734767751,49.662917,49.67005,9.93401,-0.126613,2.25326
171443.000,845.0,261.202943347827,53.92398,53.929925,10.785985,0.170395,0.60021
171448.000,850.0,256.739203651948,60.097087,60.262632,12.052526,0.253308,4.17753
171453.000,855.0,256.686787851702,57.236675,57.236699,11.44734,-0.121037,1.6745
171458.000,860.0,256.632730471972,49.375748,49.375778,9.875156,-0.314437,2.41377
171503.000,865.0,256.598667388688,24.093966,24.09399,4.818798,-1.011272,2.81699
171508.000,870.0,256.578355752029,14.058254,14.058269,2.811654,-0.401429,0.5355
171513.000,875.0,256.463030660053,41.724285,41.724445,8.344889,1.106647,-19.85768
171518.000,880.0,256.458905611311,45.769326,45.769326,9.153865,0.161795,-0.28906
171523.000,885.0,256.404600748734,35.801231,35.801272,7.160254,-0.398722,1.95015
171528.000,890.0,256.372838777424,24.056034,24.056055,4.811211,-0.469809,1.35783
171533.000,895.0,256.41072299421,24.945733,24.945761,4.989152,0.035588,-0.06003
171538.000,900.0,256.218424006965,24.633247,24.633998,4.9268,-0.01247,0.31891
171543.000,905.0,256.214008846402,20.060328,20.060328,4.012066,-0.182947,0.40386
171548.000,910.0,256.264379415693,32.119847,32.119886,6.423977,0.482382,-4.41646
171553.000,915.0,256.22019871569,38.397487,38.397513,7.679503,0.251105,-6.17651
171558.000,920.0,256.35120497534,45.837514,45.837701,9.16754,0.297607,-2.97223
171603.000,925.0,256.415569424481,50.471026,50.471067,10.094213,0.185335,-0.71743
171608.000,930.0,256.518086330205,53.707442,53.70754,10.741508,0.129459,-0.1443
171613.000,935.0,256.470052429654,51.386109,51.386132,10.277226,-0.092856,1.26258
171618.000,940.0,256.538079210381,38.048914,38.048974,7.609795,-0.533486,2.53718
171623.000,945.0,256.537426360368,43.537064,43.537064,8.707413,0.219524,-6.7073
171628.000,950.0,256.499295675883,52.074217,52.074231,10.414846,0.341487,-10.39127
171633.000,955.0,256.441290650101,60.993281,60.993309,12.198662,0.356763,-12.73202
171638.000,960.0,256.599432802186,56.028353,56.028577,11.205715,-0.198589,1.87654
171643.000,965.0,256.584574207072,53.633566,53.633568,10.726714,-0.0958,1.32945
171648.000,970.0,256.64270749772,57.318934,57.318963,11.463793,0.147416,-0.15769
171653.000,975.0,256.611397486993,55.116191,55.116199,11.02324,-0.088111,1.35834
171658.000,980.0,256.637714416309,41.211038,41.211047,8.242209,-0.556206,2.94738
171703.000,985.0,256.983923527948,31.254115,31.256032,6.251206,-0.398201,1.21293
171708.000,990.0,257.0467618887,38.938766,38.938816,7.787763,0.307311,-2.64579
171713.000,995.0,256.929165470993,51.209937,51.210072,10.242014,0.49085,-12.77462
171718.000,1000.0,256.464765428781,78.568886,78.570259,15.714052,1.094408,-40.55928
171723.000,1005.0,256.558418267829,96.787978,96.788024,19.357605,0.728711,-25.43303
171728.000,1010.0,256.489990992813,91.3814,91.381426,18.276285,-0.216264,-1.80779
171733.000,1015.0,256.478265823326,78.728223,78.728224,15.745645,-0.506128,2.88536
171738.000,1020.0,256.492175133289,70.443663,70.443664,14.088733,-0.331382,2.33451
171743.000,1025.0,256.555391506394,78.101407,78.101433,15.620287,0.306311,-6.09065
171748.000,1030.0,256.510753989072,73.070043,73.070057,14.614011,-0.201255,1.04728
171753.000,1035.0,256.647549962176,79.723601,79.723718,15.944744,0.266147,-5.47184
171758.000,1040.0,261.497044740464,70.998055,71.163484,14.232697,-0.342409,-5.13044
171803.000,1045.0,262.045027765996,44.920863,44.924205,8.984841,-1.049571,5.16643
171808.000,1050.0,262.071496857818,16.97912,16.979141,3.395828,-1.117803,2.0214
171813.000,1055.0,261.655634807543,12.988991,12.995647,2.599129,-0.15934,0.55156
171818.000,1060.0,261.403634272419,11.499538,11.502299,2.30046,-0.059734,0.1928
171823.000,1065.0,261.421222607315,18.853479,18.853487,3.770697,0.294047,-1.42135
171828.000,1070.0,261.770855571567,12.571783,12.576644,2.515329,-0.251074,-0.17137
171833.000,1075.0,262.465272717892,15.295347,15.311102,3.06222,0.109378,-2.66882
171838.000,1080.0,262.862157033543,13.827061,13.832756,2.766551,-0.059134,-0.72742
171843.000,1085.0,262.877917668906,19.509605,19.509611,3.901922,0.227074,-0.95794
171848.000,1090.0,262.878082275391,36.501671,36.501671,7.300334,0.679682,-7.40905
171853.000,1095.0,262.878082391269,35.278401,35.278401,7.05568,-0.048931,0.48094
171858.000,1100.0,262.876145113511,24.675406,24.675406,4.935081,-0.42412,1.24365
171903.000,1105.0,263.115349480267,31.827637,31.828536,6.365707,0.286125,-2.738
171908.000,1110.0,263.213203387382,42.291253,42.291367,8.458273,0.418513,-4.66132
171913.000,1115.0,259.018146018541,51.117377,51.289226,10.257845,0.359914,3.20477
171918.000,1120.0,269.149141956713,57.964996,58.843673,11.768735,0.302178,-40.0631
171923.000,1125.0,269.123408986653,49.359111,49.359117,9.871823,-0.379382,2.73879
171928.000,1130.0,269.141116627722,6.739785,6.739809,1.347962,-1.704772,1.0221
171933.000,1135.0,268.778368544359,22.390472,22.39341,4.478682,0.626144,-5.55554
171938.000,1140.0,266.705110225673,39.956579,40.010331,8.002066,0.704677,-5.7925
171943.000,1145.0,264.120004473025,51.942436,52.006725,10.401345,0.479856,0.74014
171948.000,1150.0,263.826417333989,68.578785,68.579413,13.715883,0.662908,-22.77189
171953.000,1155.0,265.112952532887,70.709911,70.721614,14.144323,0.085688,-3.41045
171958.000,1160.0,266.341505660732,43.036972,43.054504,8.610901,-1.106684,4.43215
172003.000,1165.0,268.754846528816,57.235616,57.286473,11.457295,0.569279,-17.41491
172008.000,1170.0,269.289396935568,66.587371,66.589516,13.317903,0.372122,-7.44741
172013.000,1175.0,269.419713939716,69.543966,69.544088,13.908818,0.118183,-1.18415
172018.000,1180.0,269.959306220649,42.749483,42.752889,8.550578,-1.071648,4.97399
172023.000,1185.0,270.669328209555,28.540854,28.549685,5.709937,-0.568128,1.18137
172028.000,1190.0,271.523824941019,31.303015,31.314676,6.262935,0.1106,-2.92056
172033.000,1195.0,271.774625374699,7.70635,7.71043,1.542086,-0.94417,0.31421
172038.000,1200.0,273.970625186255,28.709552,28.793416,5.758683,0.843319,-15.81987
172043.000,1205.0,275.133850482223,48.090905,48.104971,9.620994,0.772462,-15.38278
172048.000,1210.0,274.615711953259,47.039245,47.042098,9.40842,-0.042515,1.35292
172053.000,1215.0,275.208371054907,57.565228,57.568279,11.513656,0.421047,-7.55966
172058.000,1220.0,275.286492987131,67.940608,67.940653,13.588131,0.414895,-7.11281
172103.000,1225.0,275.205550865239,68.272287,68.272335,13.654467,0.013267,0.03561
172108.000,1230.0,275.161887258986,57.042495,57.042511,11.408502,-0.449193,3.74214
172113.000,1235.0,275.130138784591,40.440947,40.440959,8.088192,-0.664062,3.43114
172118.000,1240.0,275.172539952726,43.382247,43.382267,8.676453,0.117652,-0.14232
172123.000,1245.0,275.610854636431,47.793283,47.795293,9.559059,0.176521,-1.98585
172128.000,1250.0,275.687511017662,63.451284,63.451331,12.690266,0.626241,-11.23683
172133.000,1255.0,276.678602670601,60.569871,60.577979,12.115596,-0.114934,0.65765
172138.000,1260.0,280.011558869008,47.433804,47.550755,9.510151,-0.521089,-0.30601
172143.000,1265.0,281.505759125473,50.483832,50.50594,10.101188,0.118207,-4.70299
172148.000,1270.0,281.525041241837,64.650057,64.65006,12.930012,0.565765,-9.8906
172153.000,1275.0,281.531637956163,78.248693,78.248693,15.649739,0.543945,-12.88281
172158.000,1280.0,281.205442891646,85.130948,85.131573,17.026315,0.275315,-20.1087
172203.000,1285.0,281.324054723264,96.89187,96.891942,19.378388,0.470415,-16.20182
172208.000,1290.0,281.515070819404,95.474487,95.474678,19.094936,-0.05669,-4.63709
172213.000,1295.0,281.914257395673,91.584669,91.585539,18.317108,-0.155566,-2.98237
172218.000,1300.0,282.38699240562,91.137962,91.139188,18.227838,-0.017854,-4.36993
172223.000,1305.0,284.319303320897,93.05523,93.075291,18.615058,0.077444,-8.07294
172228.000,1310.0,290.070891290158,102.244519,102.406164,20.481233,0.373235,-34.8062
172233.000,1315.0,289.704231671282,110.639619,110.640227,22.128045,0.329362,-37.32809
172238.000,1320.0,287.767261695244,118.143301,118.159178,23.631836,0.300758,-13.21148
172243.000,1325.0,287.265574465811,131.008109,131.00907,26.201814,0.513996,-61.88236
172248.000,1330.0,287.30918634332,146.918406,146.918413,29.383683,0.636374,-41.27953
172253.000,1335.0,287.318084716797,153.827664,153.827664,30.765533,0.27637,-29.69918
172258.000,1340.0,287.318084716797,160.70127,160.70127,32.140254,0.274944,-32.97577
172303.000,1345.0,287.318075994648,167.908507,167.908507,33.581701,0.288289,-36.85754
172308.000,1350.0,293.005534537085,187.529778,187.616004,37.523201,0.7883,-89.41553
172313.000,1355.0,293.401915891476,179.520147,179.520585,35.904117,-0.323817,-31.25746
172318.000,1360.0,293.367455748198,175.077597,175.0776,35.01552,-0.177719,-31.51603
172323.000,1365.0,293.419676966291,161.073422,161.07343,32.214686,-0.560167,-18.22926
172328.000,1370.0,293.413870575103,142.409353,142.409353,28.481871,-0.746563,-8.28701
172333.000,1375.0,293.50428977276,125.808289,125.808321,25.161664,-0.664041,-4.70778
172338.000,1380.0,294.699441549034,115.716546,115.722718,23.144544,-0.403424,-6.70514
172343.000,1385.0,297.413275857578,109.617621,109.651209,21.930242,-0.24286,-8.77638
172348.000,1390.0,297.202099374574,108.644994,108.645199,21.72904,-0.04024,-7.76935
172353.000,1395.0,297.214484912673,109.598081,109.598082,21.919616,0.038115,-9.24084
172358.000,1400.0,297.518275727009,116.255649,116.256046,23.251209,0.266319,-14.5514
172403.000,1405.0,296.789864531685,114.873723,114.876033,22.975207,-0.0552,-8.83654
172408.000,1410.0,296.479179466464,109.046812,109.047255,21.809451,-0.233151,-5.42948
172413.000,1415.0,296.060745023064,115.544999,115.545756,23.109151,0.25994,-13.4366
172418.000,1420.0,293.513846568717,129.327536,129.352612,25.870522,0.552274,-54.67694
172423.000,1425.0,292.607980166301,136.258804,136.261815,27.252363,0.276368,-20.93552
172428.000,1430.0,292.574775235577,142.584879,142.584883,28.516977,0.252923,-24.19539
172433.000,1435.0,291.836881349693,155.294228,155.295982,31.059196,0.508444,-85.82568
172438.000,1440.0,290.364957955103,158.265654,158.272499,31.6545,0.119061,-27.43176
172443.000,1445.0,290.053652074288,161.695936,161.696235,32.339247,0.136949,-30.64222
172448.000,1450.0,290.903684318244,170.936896,170.939009,34.187802,0.369711,-40.92105
172453.000,1455.0,290.023211428237,171.806479,171.808735,34.361747,0.034789,-33.08203
172458.000,1460.0,288.769259410536,168.762197,168.766856,33.753371,-0.121675,-28.22151
172503.000,1465.0,286.728446376121,167.267094,167.279544,33.455909,-0.059492,-27.81786
172508.000,1470.0,285.718178331438,163.648985,163.652104,32.730421,-0.145098,-25.67646
172513.000,1475.0,284.933430405793,163.516102,163.517985,32.703597,-0.005365,-28.40791
172518.000,1480.0,284.414458470356,164.731881,164.732699,32.94654,0.048589,-30.26215
172523.000,1485.0,284.459313061408,168.505231,168.505237,33.701047,0.150901,-34.63318
172528.000,1490.0,284.570904587906,172.709452,172.709488,34.541898,0.16817,-37.18153
172533.000,1495.0,285.161803761622,170.071091,170.072117,34.014423,-0.105495,-31.16323
172538.000,1500.0,285.743954436229,160.948531,160.949584,32.189917,-0.364901,-22.2564
172543.000,1505.0,286.000831704388,156.252457,156.252668,31.250534,-0.187877,-23.03627
172548.000,1510.0,286.073254796426,157.239469,157.239485,31.447897,0.039473,-27.2415
172553.000,1515.0,286.141042576905,157.423316,157.423331,31.484666,0.007354,-26.75673
172558.000,1520.0,286.489601939285,157.690215,157.690601,31.53812,0.010691,-27.24358
172603.000,1525.0,287.115535000259,158.161196,158.162435,31.632487,0.018873,-27.90582
172608.000,1530.0,288.051041357296,157.433267,157.436047,31.487209,-0.029056,-27.07352
172613.000,1535.0,287.749635183079,154.528665,154.528959,30.905792,-0.116283,-22.92893
172618.000,1540.0,288.511952221698,152.622317,152.624221,30.524844,-0.07619,-23.96242
172623.000,1545.0,290.419397168333,149.458022,149.470193,29.894039,-0.126161,-23.0503
172628.000,1550.0,291.860791652019,145.300458,145.307608,29.061522,-0.166503,-20.20208
172633.000,1555.0,293.446891357174,143.563836,143.572597,28.714519,-0.069401,-21.23656
172638.000,1560.0,296.541629103251,142.63725,142.670819,28.534164,-0.036071,-23.05903
172643.000,1565.0,299.207588490199,146.075736,146.100062,29.220012,0.13717,-26.80223
172648.000,1570.0,302.785131188665,146.874969,146.918533,29.383707,0.032739,-26.44406
172653.000,1575.0,306.02189988411,148.063513,148.098888,29.619778,0.047214,-26.81175
172658.000,1580.0,309.138844714601,153.452879,153.484531,30.696906,0.215426,-31.90617
172703.000,1585.0,312.580419736545,155.795904,155.833912,31.166782,0.093975,-31.25096
172708.000,1590.0,315.869754900874,167.689462,167.72172,33.544344,0.475512,-51.73364
172713.000,1595.0,317.904011247432,168.46981,168.482091,33.696418,0.030415,-34.56012
172718.000,1600.0,317.611119424722,164.170601,164.170862,32.834172,-0.172449,-26.21971
172723.000,1605.0,317.886699944,164.730445,164.730675,32.946135,0.022393,-30.67319
172728.000,1610.0,320.660535480354,159.248463,159.272619,31.854524,-0.218322,-26.57396
172733.000,1615.0,325.268827151333,158.256339,158.323419,31.664684,-0.037968,-31.35478
172738.000,1620.0,328.698842383318,156.895599,156.933087,31.386617,-0.055613,-29.13664
172743.000,1625.0,332.362395445829,164.093834,164.134725,32.826945,0.288066,-40.35572
172748.000,1630.0,335.49019567585,160.814508,160.844922,32.168984,-0.131592,-29.21117
172753.000,1635.0,337.495132208719,159.373149,159.385759,31.877152,-0.058366,-28.63473
172758.000,1640.0,341.338209100082,158.854854,158.901334,31.780267,-0.019377,-31.11879
172803.000,1645.0,347.939186867551,158.869529,159.006604,31.801321,0.004211,-34.60418
172808.000,1650.0,353.717392330167,156.376858,156.483576,31.296715,-0.100921,-30.72986
172813.000,1655.0,359.016214378787,162.044833,162.131445,32.426289,0.225915,-42.08337
172818.000,1660.0,361.988771199395,155.49675,155.525159,31.105032,-0.264251,-24.41809
172823.000,1665.0,344.29739291952,150.669187,151.704281,30.340856,-0.152835,-2.13061
172828.000,1670.0,365.877244744414,148.033633,149.598284,29.919657,-0.08424,-81.28019
172833.000,1675.0,360.770568869127,147.575242,147.663571,29.532714,-0.077389,-15.48225
172838.000,1680.0,359.71402971498,148.079407,148.083176,29.616635,0.016784,-21.63713
172843.000,1685.0,353.08416030897,144.786854,144.938568,28.987714,-0.125784,-11.92056
172848.000,1690.0,352.823197474121,143.26818,143.268418,28.653684,-0.066806,-19.16567
172853.000,1695.0,352.635536167581,137.494071,137.494199,27.49884,-0.230969,-14.48337
172858.000,1700.0,355.031941106116,125.50176,125.524637,25.104927,-0.478783,-9.76307
172903.000,1705.0,354.742928913145,94.179608,94.180052,18.83601,-1.253783,8.73958
172908.000,1710.0,356.141900000016,79.163751,79.176112,15.835222,-0.600158,2.1113
172913.000,1715.0,364.267837815544,99.918482,100.248361,20.049672,0.84289,-60.64564
172918.000,1720.0,369.271213696567,63.317074,63.514452,12.70289,-1.469356,5.56968
172923.000,1725.0,377.546259016414,55.214834,55.831481,11.166296,-0.307319,-20.4665
172928.000,1730.0,359.497065345494,52.075333,55.11455,11.02291,-0.028677,20.68939
172933.000,1735.0,369.191971849429,55.901727,56.736182,11.347236,0.064865,-33.40108
172938.000,1740.0,376.138175132594,61.947042,62.335269,12.467054,0.223964,-26.79932
172943.000,1745.0,374.270193416156,60.564183,60.592983,12.118597,-0.069691,3.47308
172948.000,1750.0,386.307139617961,46.500575,48.033234,9.606647,-0.50239,-32.39589
172953.000,1755.0,387.114404340258,6.392116,6.442889,1.288578,-1.663614,0.06799
172958.000,1760.0,387.093453645647,0.217669,0.218675,0.043735,-0.248969,-0.34035
173003.000,1765.0,394.356377221737,38.815304,39.488959,7.897792,1.570811,-47.82287
173023.000,1785.0,396.873051568173,552.264635,552.270369,27.613518,0.985786,-58.06207
173028.000,1790.0,411.735498764366,125.858562,126.733066,25.346613,-0.453381,-36.01335
173033.000,1795.0,407.907984956774,125.254934,125.313401,25.06268,-0.056787,-8.80699
173043.000,1805.0,455.645999474801,204.772508,210.263402,21.02634,-0.403634,-71.61914
173048.000,1810.0,460.400719990293,61.349937,61.53391,12.306782,-1.743912,7.61824
173053.000,1815.0,438.07088342555,43.163784,48.597673,9.719535,-0.517449,27.81639
173058.000,1820.0,439.240959536777,62.365674,62.37665,12.47533,0.551159,-13.23108
173103.000,1825.0,437.093146415551,80.104889,80.133678,16.026736,0.710281,-23.9973
