114018,0,336.131409,0.0,0.0,0,0,-0.35
114019,1.0,336.131409,0.137749,0.137749,0.137749,0.137749,-0.34926
114020,2.0,336.131409,0.116031,0.116031,0.116031,-0.021718,-0.33882
114021,3.0,336.131409,0.590531,0.590531,0.590531,0.4745,-1.05437
114022,4.0,336.131409,0.432555,0.432555,0.432555,-0.157976,-0.27466
114023,5.0,336.131409,0.387589,0.387589,0.387589,-0.044966,-0.30749
114024,6.0,336.131409,0.303543,0.303543,0.303543,-0.084046,-0.30994
114025,7.0,336.131409,0.254131,0.254131,0.254131,-0.049412,-0.32149
114026,8.0,336.250427,0.204281,0.236423,0.236423,-0.017708,-0.32775
114027,9.0,336.131409,0.190766,0.224849,0.224849,-0.011574,-0.32963
114028,10.0,336.131409,0.180707,0.180707,0.180707,-0.044142,-0.33027
114029,11.0,336.250427,0.320148,0.341555,0.341555,0.160848,-0.55184
114030,12.0,336.250427,0.214056,0.214056,0.214056,-0.127499,-0.31644
114031,13.0,336.131409,0.482398,0.496863,0.496863,0.282807,-0.7599
114032,14.0,336.131409,0.748973,0.748973,0.748973,0.25211,-0.92391
114033,15.0,336.131409,0.905243,0.905243,0.905243,0.15627,-0.87734
114034,16.0,335.967926,1.026177,1.039118,1.039118,0.133875,0.57338
114035,17.0,335.967926,0.88744,0.88744,0.88744,-0.151678,-0.19853
114036,18.0,335.967926,0.501073,0.501073,0.501073,-0.386367,-0.1974
114037,19.0,335.967926,0.103911,0.103911,0.103911,-0.397162,-0.31772
114038,20.0,335.967926,0.137749,0.137749,0.137749,0.033838,-0.34109
114039,21.0,335.708832,0.151747,0.300261,0.300261,0.162512,-0.52839
114040,22.0,335.708832,0.093404,0.093404,0.093404,-0.206857,-0.33113
114041,23.0,335.708832,0.156761,0.156761,0.156761,0.063357,-0.3425
114042,24.0,335.708832,0.482398,0.482398,0.482398,0.325637,-0.7876
114043,25.0,335.560242,0.998748,1.009741,1.009741,0.527343,0.263
114044,26.0,335.560242,1.376859,1.376859,1.376859,0.367118,-1.70982
114045,27.0,335.449249,1.588054,1.591928,1.591928,0.215069,0.21039
114046,28.0,335.705444,1.368657,1.392429,1.392429,-0.199499,-4.24406
114047,29.0,335.62677,0.77719,0.781162,0.781162,-0.611267,0.42869
114048,30.0,335.62677,0.337557,0.337557,0.337557,-0.443605,-0.23618
114049,31.0,335.378082,1.634656,1.653465,1.653465,1.315908,-0.05983
114050,32.0,335.132996,2.895245,2.9056,2.9056,1.252135,-3.55085
114051,33.0,335.067902,6.300757,6.301093,6.301093,3.395493,-42.08621
114052,34.0,334.439148,5.289503,5.326742,5.326742,-0.974351,6.60449
114053,35.0,334.262726,5.979961,5.982563,5.982563,0.655821,-6.36292
114054,36.0,333.765991,6.342383,6.361805,6.361805,0.379242,1.63044
114055,37.0,333.46225,6.161172,6.168655,6.168655,-0.19315,2.58696
114056,38.0,333.118317,5.323891,5.334988,5.334988,-0.833667,4.58684
114057,39.0,332.859344,4.334902,4.342631,4.342631,-0.992357,3.93756
114058,40.0,332.688171,3.263443,3.267929,3.267929,-1.074702,2.89296
114100,42.0,331.66806,13.164668,13.204133,6.602066,1.667069,-13.88678
114101,43.0,331.071289,5.382054,5.415039,5.415039,-1.187027,7.14048
114102,44.0,330.510193,6.659928,6.683522,6.683522,1.268483,-8.10503
114103,45.0,329.908508,7.840687,7.86374,7.86374,1.180218,-9.31776
114104,46.0,329.806335,8.702205,8.702805,8.702805,0.839065,-15.25411
114105,47.0,330.543793,9.249693,9.279045,9.279045,0.57624,-21.42909
114106,48.0,331.067535,9.463535,9.478017,9.478017,0.198972,-10.6822
114107,49.0,332.163239,9.318923,9.383118,9.383118,-0.094899,-16.16098
114108,50.0,333.189728,8.899499,8.958502,8.958502,-0.424616,-9.44773
114109,51.0,333.519287,8.53277,8.539131,8.539131,-0.419371,0.66733
114110,52.0,333.527924,8.352005,8.35201,8.35201,-0.187121,1.29003
114111,53.0,332.503296,8.138156,8.202405,8.202405,-0.149605,6.86599
114112,54.0,332.503296,0.511349,0.511349,0.511349,-7.691056,1.93755
114113,55.0,332.503296,0.0,0.0,0.0,-0.511349,-0.35
114117,59.0,330.210754,48.640594,48.69459,12.173648,3.043412,-65.08715
114118,60.0,330.147125,7.747194,7.747456,7.747456,-4.426192,20.30417
114119,61.0,330.021576,7.513438,7.514487,7.514487,-0.232969,2.05239
114120,62.0,329.62616,7.73313,7.743232,7.743232,0.228745,1.57903
114121,63.0,329.684143,8.061782,8.061991,8.061991,0.318759,-3.80807
114122,64.0,329.558655,8.374632,8.375572,8.375572,0.313581,-0.34714
114123,65.0,329.657715,8.295531,8.296123,8.296123,-0.079449,0.26143
114124,66.0,329.804077,8.272678,8.273972,8.273972,-0.022151,-0.27759
114125,67.0,329.742004,8.177781,8.178017,8.178017,-0.095955,1.22144
114126,68.0,328.835724,8.004382,8.055525,8.055525,-0.122492,6.04913
114127,69.0,328.435364,8.783912,8.793032,8.793032,0.737507,-8.11125
114128,70.0,328.805023,9.716505,9.723534,9.723534,0.930502,-21.41533
114129,71.0,329.436157,9.742224,9.762646,9.762646,0.039112,-9.69416
114130,72.0,330.35968,9.595523,9.639863,9.639863,-0.122783,-12.24738
114131,73.0,331.649109,9.163996,9.254266,9.254266,-0.385597,-14.7241
114132,74.0,332.512451,7.528018,7.577362,7.577362,-1.676904,2.77558
114133,75.0,333.759735,5.8758,6.006725,6.006725,-1.570637,-3.90997
114134,76.0,334.655975,6.959806,7.017275,7.017275,1.01055,-28.6509
114135,77.0,336.060608,7.269133,7.403599,7.403599,0.386324,-29.9596
114136,78.0,336.060608,3.11611,3.11611,3.11611,-4.287489,7.54178
114137,79.0,336.060608,0.0,0.0,0.0,-3.11611,-0.35
114138,80.0,336.060608,0.0,0.0,0.0,0.0,-0.35
114143,85.0,341.415405,66.759614,66.974024,13.394805,2.678961,-85.18828
114144,86.0,341.838928,9.099787,9.109637,9.109637,-4.285168,20.44624
114145,87.0,342.26181,9.295017,9.304632,9.304632,0.194995,-8.72155
114146,88.0,342.50885,9.32496,9.328232,9.328232,0.0236,-2.34385
114147,89.0,342.40979,9.291224,9.291752,9.291752,-0.03648,1.3091
114148,90.0,342.302399,9.410006,9.410619,9.410619,0.118867,0.53892
114149,91.0,341.577545,9.648952,9.67614,9.67614,0.265521,3.20225
114150,92.0,341.130005,9.972941,9.982978,9.982978,0.306838,1.40796
114151,93.0,340.843628,10.21808,10.222092,10.222092,0.239114,0.89087
114152,94.0,340.707245,10.405727,10.406621,10.406621,0.184529,0.37519
114153,95.0,340.399689,9.931628,9.936389,9.936389,-0.470232,5.03299
114154,96.0,340.287811,8.70834,8.709059,8.709059,-1.22733,7.21592
114155,97.0,340.108521,7.194804,7.197037,7.197037,-1.512022,7.52975
114156,98.0,339.926025,6.428053,6.430643,6.430643,-0.766394,4.06797
114157,99.0,339.889587,6.428054,6.428157,6.428157,-0.002486,0.44627
114158,100.0,339.650635,6.704534,6.708791,6.708791,0.280634,0.52596
114159,101.0,339.280212,7.204794,7.21431,7.21431,0.505519,0.30957
114200,102.0,338.861694,7.733993,7.745309,7.745309,0.530999,0.37214
114201,103.0,338.516785,8.235006,8.242226,8.242226,0.496917,0.02701
114202,104.0,337.998352,8.514599,8.530367,8.530367,0.288141,1.96738
114203,105.0,337.579681,8.827704,8.837626,8.837626,0.307259,1.29901
114204,106.0,337.249939,9.049058,9.055064,9.055064,0.217438,1.25394
114205,107.0,336.85321,9.154476,9.163069,9.163069,0.108005,2.20135
114206,108.0,336.70871,9.038911,9.040066,9.040066,-0.123003,1.9733
114207,109.0,336.848083,8.728942,8.730055,8.730055,-0.310011,1.25593
114208,110.0,336.909241,8.405686,8.405909,8.405909,-0.324146,1.66544
114209,111.0,337.01889,8.119533,8.120274,8.120274,-0.285635,1.1291
114210,112.0,336.910461,7.782612,7.783367,7.783367,-0.336907,2.48422
114211,113.0,336.170227,7.074431,7.113053,7.113053,-0.670314,7.17177
114212,114.0,336.141541,5.916899,5.916968,5.916968,-1.196085,4.38049
114213,115.0,336.005219,5.277033,5.278794,5.278794,-0.638174,2.80324
114214,116.0,335.586151,5.440228,5.456345,5.456345,0.177551,1.92812
114215,117.0,335.043732,5.845454,5.870567,5.870567,0.414222,1.82509
114216,118.0,334.341309,6.356099,6.394794,6.394794,0.524227,2.2492
114217,119.0,333.938721,6.819113,6.830987,6.830987,0.436193,0.82913
114218,120.0,333.39621,7.295791,7.315933,7.315933,0.484946,1.34086
114219,121.0,333.003265,7.75542,7.765368,7.765368,0.449435,0.5867
114220,122.0,332.606964,8.154439,8.164063,8.164063,0.398695,0.78551
114221,123.0,332.079529,8.462936,8.479356,8.479356,0.315293,1.88875
114222,124.0,331.415833,8.636651,8.662115,8.662115,0.182759,3.29592
114223,125.0,330.954559,8.688068,8.700305,8.700305,0.03819,2.88108
114224,126.0,330.425934,8.842318,8.858105,8.858105,0.1578,2.66924
114225,127.0,329.846771,8.921526,8.940306,8.940306,0.082201,3.34064
114226,128.0,329.10733,8.795071,8.8261,8.8261,-0.114206,5.21875
114227,129.0,328.786591,8.178081,8.184368,8.184368,-0.641732,5.22016
114228,130.0,328.295807,7.33039,7.346801,7.346801,-0.837567,6.59152
114229,131.0,328.080963,6.796766,6.800161,6.800161,-0.54664,3.59684
114230,132.0,327.629761,6.393767,6.409668,6.409668,-0.390493,4.18601
114231,133.0,326.994659,5.846247,5.880643,5.880643,-0.529025,5.50848
114232,134.0,326.536255,5.102801,5.12335,5.12335,-0.757293,4.88315
114233,135.0,325.95462,4.170334,4.210699,4.210699,-0.912651,5.46559
114234,136.0,325.35144,3.093368,3.151627,3.151627,-1.059072,5.20192
114235,137.0,325.35144,0.0,0.0,0.0,-3.151627,-0.35
114236,138.0,325.35144,0.0,0.0,0.0,0.0,-0.35
114237,139.0,325.277924,3.497795,3.498567,3.498567,3.498567,-23.45909
114238,140.0,325.277924,0.0,0.0,0.0,-3.498567,-0.35
114239,141.0,325.277924,0.775894,0.775894,0.775894,0.775894,-1.7242
114240,142.0,325.212311,3.438508,3.439134,3.439134,2.66324,-17.6797
114241,143.0,325.038635,4.960581,4.96362,4.96362,1.524486,-13.06645
114242,144.0,324.901337,6.512347,6.513794,6.513794,1.550174,-19.1279
114243,145.0,324.733276,7.463272,7.465164,7.465164,0.95137,-13.14771
114244,146.0,324.534973,8.22788,8.23027,8.23027,0.765106,-11.32764
114245,147.0,324.328339,8.734039,8.736483,8.736483,0.506213,-7.77763
114246,148.0,324.120728,9.147055,9.149411,9.149411,0.412928,-6.69382
114247,149.0,323.468628,9.837469,9.859059,9.859059,0.709648,0.29236
114248,150.0,322.459595,10.203902,10.253671,10.253671,0.394612,4.0273
114249,151.0,322.133789,10.620752,10.625748,10.625748,0.372077,0.30597
114250,152.0,320.939697,10.922195,10.987275,10.987275,0.361527,5.20787
114251,153.0,323.237915,11.028937,11.265845,11.265845,0.27857,-45.65769
114252,154.0,324.077698,10.901775,10.934072,10.934072,-0.331773,-5.39128
114253,155.0,324.940643,10.605017,10.640069,10.640069,-0.294003,-6.92466
114254,156.0,325.430786,10.287723,10.299393,10.299393,-0.340676,-0.04841
114255,157.0,326.043976,10.211653,10.230047,10.230047,-0.069346,-7.05394
114256,158.0,326.521027,10.191696,10.202854,10.202854,-0.027193,-5.33291
114257,159.0,327.131073,10.279614,10.297699,10.297699,0.094845,-10.19868
114258,160.0,327.381165,10.5689,10.571859,10.571859,0.27416,-6.98456
114259,161.0,327.448212,10.33625,10.336468,10.336468,-0.235391,1.71156
114300,162.0,327.478149,10.609435,10.609477,10.609477,0.273009,-2.82009
114301,163.0,327.423248,10.717466,10.717607,10.717607,0.10813,0.39694
114302,164.0,327.385162,10.858006,10.858073,10.858073,0.140466,0.11354
114303,165.0,327.314178,11.067067,11.067295,11.067295,0.209222,-0.12345
114304,166.0,327.429901,10.917732,10.918345,10.918345,-0.14895,1.05959
114305,167.0,327.16983,11.028333,11.031399,11.031399,0.113054,1.53983
114306,168.0,326.746185,10.699085,10.70747,10.70747,-0.323929,5.10108
114307,169.0,326.313568,11.136563,11.144963,11.144963,0.437493,0.45127
114308,170.0,325.827576,11.285046,11.295505,11.295505,0.150542,2.58435
114309,171.0,324.964874,11.477589,11.509966,11.509966,0.214461,4.28688
114310,172.0,324.108185,11.630234,11.661743,11.661743,0.151777,4.67459
114311,173.0,323.38858,11.71037,11.732459,11.732459,0.070716,4.45444
114312,174.0,322.846313,10.887787,10.901283,10.901283,-0.831176,8.98446
114313,175.0,322.048096,10.502342,10.532632,10.532632,-0.368651,7.41055
114314,176.0,321.404572,9.479237,9.501055,9.501055,-1.031577,9.78478
114315,177.0,320.669586,8.760732,8.791509,8.791509,-0.709546,8.17463
114316,178.0,319.904297,8.158802,8.194615,8.194615,-0.596894,7.50448
114317,179.0,319.384644,7.986544,8.003432,8.003432,-0.191183,4.18865
114318,180.0,319.429413,7.247045,7.247184,7.247184,-0.756248,3.19815
114319,181.0,319.600983,6.186761,6.189139,6.189139,-1.058045,2.98528
114320,182.0,319.375214,3.9034,3.909923,3.909923,-2.279216,6.3383
114321,183.0,319.375214,0.963161,0.963161,0.963161,-2.946762,1.35089
114322,184.0,319.375214,0.0,0.0,0.0,-0.963161,-0.35
114323,185.0,319.375214,0.0,0.0,0.0,0.0,-0.35
114326,188.0,320.730011,35.967541,35.993048,11.997683,3.999228,-96.56316
114327,189.0,320.610687,10.154478,10.155179,10.155179,-1.842504,12.02092
114328,190.0,320.54425,11.263833,11.264029,11.264029,1.10885,-27.02537
114329,191.0,320.495331,11.835715,11.835816,11.835816,0.571787,-16.6638
114330,192.0,320.603546,12.094245,12.094729,12.094729,0.258913,-3.97604
114331,193.0,320.853302,11.7199,11.722561,11.722561,-0.372168,1.98917
114332,194.0,320.963409,10.829261,10.829821,10.829821,-0.89274,5.66843
114333,195.0,320.924408,10.278814,10.278888,10.278888,-0.550933,4.14101
114334,196.0,320.916351,10.631546,10.631549,10.631549,0.352661,-11.05205
114335,197.0,320.89502,11.266039,11.266059,11.266059,0.63451,-17.62757
114336,198.0,320.82428,12.034941,12.035149,12.035149,0.76909,-21.05764
114337,199.0,320.752716,12.756345,12.756546,12.756546,0.721397,-21.83658
114338,200.0,320.955841,13.205922,13.207484,13.207484,0.450938,-11.39286
114339,201.0,321.183563,13.389646,13.391583,13.391583,0.184099,-5.20321
114340,202.0,321.427734,13.586898,13.589092,13.589092,0.197509,-5.98133
114341,203.0,321.348541,13.641317,13.641547,13.641547,0.052455,0.10029
114342,204.0,321.365662,13.457574,13.457585,13.457585,-0.183962,1.50447
114343,205.0,321.407104,13.450962,13.451026,13.451026,-0.006559,0.00999
114344,206.0,321.20401,13.607003,13.608519,13.608519,0.157493,0.00135
114345,207.0,320.910919,13.845784,13.848886,13.848886,0.240367,-0.33516
114346,208.0,320.163605,14.185865,14.205536,14.205536,0.35665,0.96287
114347,209.0,319.485291,14.526266,14.542094,14.542094,0.336558,0.42421
114348,210.0,319.169006,14.778262,14.781646,14.781646,0.239552,-1.01549
114349,211.0,318.443359,14.978584,14.996151,14.996151,0.214505,1.29105
114350,212.0,317.281647,15.203743,15.248061,15.248061,0.25191,3.17028
114351,213.0,317.065887,15.353545,15.355061,15.355061,0.107,-0.96078
114352,214.0,317.053925,15.346643,15.346647,15.346647,-0.008414,-1.08334
114353,215.0,317.571991,15.149268,15.158124,15.158124,-0.188523,-2.33716
114354,216.0,318.01709,14.951871,14.958495,14.958495,-0.199629,-1.69334
114355,217.0,318.120331,14.16448,14.164856,14.164856,-0.793639,5.53797
114356,218.0,318.123901,13.716091,13.716092,13.716092,-0.448764,3.50807
114357,219.0,318.268585,13.482261,13.483037,13.483037,-0.233055,1.15417
114358,220.0,318.394928,13.311107,13.311707,13.311707,-0.17133,0.87623
114359,221.0,318.040619,13.113428,13.118214,13.118214,-0.193493,3.83638
114400,222.0,317.727142,12.949502,12.953296,12.953296,-0.164918,3.47937
114401,223.0,317.601959,12.935042,12.935648,12.935648,-0.017648,1.34686
114402,224.0,317.454437,12.833776,12.834624,12.834624,-0.101024,2.14206
114403,225.0,316.628021,12.549497,12.576678,12.576678,-0.257946,7.20423
114404,226.0,316.661102,12.845326,12.845369,12.845369,0.268691,-3.30905
114405,227.0,315.580597,12.740791,12.786526,12.786526,-0.058843,7.0836
114406,228.0,315.023804,12.567507,12.579835,12.579835,-0.206691,5.32538
114407,229.0,314.689362,12.645343,12.649765,12.649765,0.06993,2.0517
114408,230.0,314.224396,12.80567,12.814109,12.814109,0.164344,1.98973
114409,231.0,313.910461,12.914086,12.917902,12.917902,0.103793,1.51898
114410,232.0,313.237488,12.969335,12.986783,12.986783,0.068881,3.74227
114411,233.0,312.656067,13.065748,13.078678,13.078678,0.091895,2.99803
114412,234.0,312.093903,13.271293,13.283194,13.283194,0.204516,1.89747
114413,235.0,311.995087,13.574545,13.574904,13.574904,0.29171,-12.38251
114414,236.0,311.219421,13.648416,13.670439,13.670439,0.095535,3.64381
114415,237.0,310.4599,13.885249,13.906006,13.906006,0.235567,2.26738
114416,238.0,309.851501,14.021368,14.034561,14.034561,0.128555,2.17056
114417,239.0,309.391052,14.033646,14.041197,14.041197,0.006636,2.31405
114418,240.0,309.075195,14.049784,14.053334,14.053334,0.012137,1.45169
114419,241.0,308.785187,14.173972,14.176939,14.176939,0.123605,0.31532
114420,242.0,308.479034,14.306603,14.309879,14.309879,0.13294,0.22284
114421,243.0,308.149841,14.418866,14.422623,14.422623,0.112744,0.42569
114422,244.0,307.848511,14.59534,14.59845,14.59845,0.175827,-0.40047
114423,245.0,307.764679,14.457548,14.457791,14.457791,-0.140659,1.11425
114424,246.0,307.723145,14.040129,14.04019,14.04019,-0.417601,3.36889
114425,247.0,307.687714,13.983958,13.984003,13.984003,-0.056187,0.47668
114426,248.0,307.678101,13.879671,13.879674,13.879674,-0.104329,0.78329
114427,249.0,307.680939,13.706849,13.706849,13.706849,-0.172825,1.35795
114428,250.0,307.683899,13.479337,13.479337,13.479337,-0.227512,1.90747
114429,251.0,307.383575,13.335074,13.338456,13.338456,-0.140881,3.01926
114430,252.0,306.795624,13.129536,13.142694,13.142694,-0.195762,5.1495
114431,253.0,306.315002,13.025436,13.0343,13.0343,-0.108394,3.95352
114432,254.0,305.953217,12.62773,12.632911,12.632911,-0.401389,5.61369
114433,255.0,305.592041,12.06237,12.067776,12.067776,-0.565135,6.91628
114434,256.0,305.277496,11.503827,11.508127,11.508127,-0.559649,6.30275
114435,257.0,305.026825,11.054392,11.057234,11.057234,-0.450893,5.04874
114436,258.0,304.783783,10.833726,10.836452,10.836452,-0.220782,3.49452
114437,259.0,304.574493,10.753307,10.755344,10.755344,-0.081108,2.4265
114438,260.0,304.352295,10.641106,10.643425,10.643425,-0.111919,2.66507
114439,261.0,304.26828,10.65725,10.657582,10.657582,0.014157,1.12741
114440,262.0,304.221802,10.649944,10.650045,10.650045,-0.007537,1.04811
114441,263.0,304.191284,10.441416,10.44146,10.44146,-0.208585,2.12706
114442,264.0,304.219727,9.381949,9.381992,9.381992,-1.059468,6.08684
114443,265.0,304.36496,7.640429,7.64181,7.64181,-1.740182,7.14134
114444,266.0,304.503448,6.255913,6.257446,6.257446,-1.384364,4.38425
114445,267.0,304.6716,5.284884,5.287558,5.287558,-0.969888,2.1037
114446,268.0,304.77951,4.434242,4.435555,4.435555,-0.852003,1.58947
114447,269.0,304.886078,3.836187,3.837667,3.837667,-0.597888,0.69443
114448,270.0,304.940521,3.663748,3.664153,3.664153,-0.173514,0.02382
114449,271.0,305.023407,4.089068,4.089908,4.089908,0.425755,-4.05826
114450,272.0,305.077515,4.763139,4.763446,4.763446,0.673538,-6.11917
114451,273.0,305.153656,5.617919,5.618435,5.618435,0.854989,-9.31491
114452,274.0,305.242615,6.516773,6.51738,6.51738,0.898945,-11.27174
114453,275.0,305.252258,7.058631,7.058637,7.058637,0.541257,-5.67487
114454,276.0,305.259735,7.058349,7.058353,7.058353,-0.000284,0.2596
114455,277.0,305.22226,6.789769,6.789873,6.789873,-0.26848,1.52168
114456,278.0,305.271667,6.673116,6.673299,6.673299,-0.116574,0.42643
114457,279.0,305.255859,6.880608,6.880626,6.880626,0.207327,-4.91073
114458,280.0,305.256012,7.309891,7.309891,7.309891,0.429265,-4.09432
114459,281.0,305.263885,7.539865,7.539869,7.539869,0.229978,-1.46053
114500,282.0,305.245148,7.423162,7.423185,7.423185,-0.116684,0.9396
114501,283.0,305.127167,7.531671,7.532595,7.532595,0.10941,0.54273
114502,284.0,304.958405,7.812845,7.814668,7.814668,0.282073,0.07119
114503,285.0,304.691986,7.865392,7.869902,7.869902,0.055234,1.63425
114504,286.0,304.536194,7.71594,7.717512,7.717512,-0.15239,1.91683
114505,287.0,304.421204,7.531663,7.532541,7.532541,-0.184971,1.79156
114506,288.0,304.386566,7.403359,7.40344,7.40344,-0.129101,1.0776
114507,289.0,304.430908,7.44402,7.444152,7.444152,0.040712,-0.07856
114508,290.0,304.483887,7.111396,7.111593,7.111593,-0.332559,1.35928
114509,291.0,304.496185,7.147461,7.147472,7.147472,0.035879,0.0948
114510,292.0,304.496613,7.721232,7.721232,7.721232,0.57376,-6.42411
114511,293.0,304.403564,8.572259,8.572764,8.572764,0.851532,-15.3699
114512,294.0,304.104218,9.198028,9.202898,9.202898,0.630134,-8.86809
114513,295.0,303.721924,9.430806,9.438552,9.438552,0.235654,1.45125
114514,296.0,303.399475,9.210187,9.21583,9.21583,-0.222722,3.52888
114515,297.0,303.063263,8.564283,8.57088,8.57088,-0.64495,5.51015
114516,298.0,302.769379,1.80983,1.833536,1.833536,-6.737344,8.50077
114517,299.0,302.769379,0.0,0.0,0.0,-1.833536,-0.35
114518,300.0,302.769379,0.0,0.0,0.0,0.0,-0.35
114524,306.0,299.392334,101.270391,101.326682,16.88778,2.81463,-92.85104
114525,307.0,299.29541,13.04252,13.04288,13.04288,-3.8449,29.61536
114526,308.0,298.311859,13.249171,13.285627,13.285627,0.242747,3.96567
114527,309.0,297.832764,13.524708,13.533191,13.533191,0.247564,0.909
114528,310.0,297.123962,13.27658,13.295487,13.295487,-0.237704,6.06553
114529,311.0,296.417206,14.137189,14.154844,14.154844,0.859357,-17.53687
114530,312.0,295.729004,13.781596,13.798768,13.798768,-0.356076,6.61703
114531,313.0,296.481628,13.787625,13.808152,13.808152,0.009384,-10.70319
114532,314.0,297.139587,15.248255,15.262444,15.262444,1.454292,-51.71494
114533,315.0,297.959167,13.818052,13.842336,13.842336,-1.420108,6.55995
114534,316.0,299.335205,13.420678,13.491037,13.491037,-0.351299,-13.01336
114535,317.0,299.832397,13.595345,13.604434,13.604434,0.113397,-8.55407
114536,318.0,299.788483,13.491294,13.491365,13.491365,-0.113069,1.28274
114537,319.0,299.712769,13.580316,13.580528,13.580528,0.089163,-0.15996
114538,320.0,299.749878,13.661622,13.661672,13.661672,0.081144,-0.78765
114539,321.0,299.909302,13.668765,13.669695,13.669695,0.008023,-0.9078
114540,322.0,300.250244,13.682498,13.686745,13.686745,0.01705,-3.12295
114541,323.0,300.332886,13.736324,13.736572,13.736572,0.049827,-0.85136
114542,324.0,300.425232,13.721102,13.721413,13.721413,-0.015159,-0.38601
114543,325.0,300.57373,13.799977,13.800776,13.800776,0.079363,-1.49854
114544,326.0,300.733978,13.85609,13.857016,13.857016,0.05624,-1.42287
114545,327.0,300.875641,13.686871,13.687604,13.687604,-0.169412,0.56552
114546,328.0,300.588165,14.043372,14.046314,14.046314,0.35871,-1.48007
114547,329.0,300.397614,14.230098,14.231374,14.231374,0.18506,-0.78368
114548,330.0,300.369904,14.398632,14.398659,14.398659,0.167285,-1.69057
114549,331.0,300.51123,14.435811,14.436502,14.436502,0.037843,-1.60241
114550,332.0,300.376526,13.929711,13.930363,13.930363,-0.506139,4.64626
114551,333.0,299.88031,14.502364,14.510851,14.510851,0.580488,-14.87294
114552,334.0,299.826355,14.698209,14.698308,14.698308,0.187457,-1.9696
114553,335.0,300.047394,14.774662,14.776315,14.776315,0.078007,-2.95371
114554,336.0,300.283966,14.931003,14.932877,14.932877,0.156562,-5.57272
114555,337.0,300.197937,14.983666,14.983913,14.983913,0.051036,-0.8796
114556,338.0,299.908569,14.920374,14.92318,14.92318,-0.060733,1.26126
114557,339.0,299.843323,14.769561,14.769705,14.769705,-0.153475,0.90422
114558,340.0,299.407654,14.544572,14.551095,14.551095,-0.21861,3.66884
114559,341.0,299.300598,14.069774,14.070181,14.070181,-0.480914,4.23038
114600,342.0,299.189758,13.238235,13.238699,13.238699,-0.831482,7.23234
114601,343.0,298.982269,12.229063,12.230823,12.230823,-1.007876,9.11371
114602,344.0,298.730164,11.171042,11.173886,11.173886,-1.056937,8.96876
114603,345.0,298.893585,10.317475,10.318769,10.318769,-0.855117,4.81752
114604,346.0,298.899567,8.936614,8.936616,8.936616,-1.382153,7.53344
114605,347.0,298.799805,7.689469,7.690116,7.690116,-1.2465,6.39975
114606,348.0,298.709778,6.432599,6.433229,6.433229,-1.256887,5.35278
114607,349.0,298.494171,5.108023,5.112571,5.112571,-1.320658,5.16197
114608,350.0,297.569641,3.683809,3.798053,3.798053,-1.314518,8.00373
114609,351.0,297.943329,2.29257,2.322826,2.322826,-1.475227,-0.28938
114610,352.0,297.943329,0.0,0.0,0.0,-2.322826,-0.35
114611,353.0,296.404144,2.503675,2.938959,2.938959,2.938959,3.58901
114612,354.0,295.697327,1.92523,2.050878,2.050878,-0.888081,4.82054
114613,355.0,296.649078,3.216481,3.354337,3.354337,1.303459,-25.68189
114614,356.0,297.852173,4.696242,4.847899,4.847899,1.493562,-35.45138
114615,357.0,298.245605,5.998247,6.011135,6.011135,1.163236,-19.3522
114616,358.0,298.088013,7.133248,7.134989,7.134989,1.123854,-14.98153
114617,359.0,298.042603,8.268948,8.269073,8.269073,1.134084,-20.13162
114618,360.0,297.97818,9.270271,9.270495,9.270495,1.001422,-20.0032
114619,361.0,297.999634,3.427926,3.427993,3.427993,-5.842502,11.25504
114620,362.0,297.999634,0.0,0.0,0.0,-3.427993,-0.35
114621,363.0,297.999634,0.0,0.0,0.0,0.0,-0.35
114629,371.0,296.922089,141.46465,141.468754,17.683594,2.210449,-86.32688
114630,372.0,296.875946,16.37149,16.371555,16.371555,-1.312039,10.3844
114631,373.0,296.750183,13.424703,13.425292,13.425292,-2.946263,23.48877
114632,374.0,296.462524,13.202502,13.205635,13.205635,-0.219657,3.61637
114633,375.0,296.178436,12.437968,12.441212,12.441212,-0.764423,7.82082
114634,376.0,296.224609,12.125879,12.125967,12.125967,-0.315245,2.89506
114635,377.0,296.289734,12.091501,12.091676,12.091676,-0.034291,0.86172
114636,378.0,296.032898,11.948619,11.951379,11.951379,-0.140297,3.32827
114637,379.0,295.693878,11.961866,11.966669,11.966669,0.01529,2.72938
114638,380.0,295.693878,2.023608,2.023608,2.023608,-9.943061,11.30494
114639,381.0,295.693878,0.0,0.0,0.0,-2.023608,-0.35
114646,388.0,295.16629,122.317162,122.3183,17.474043,2.496292,-95.70139
114647,389.0,294.939423,15.800499,15.802128,15.802128,-1.671915,14.73416
114648,390.0,294.581818,16.085023,16.088998,16.088998,0.28687,-2.50397
114649,391.0,294.29776,16.401168,16.403628,16.403628,0.31463,-3.51845
114650,392.0,294.147308,16.673104,16.673783,16.673783,0.270155,-4.14946
114651,393.0,293.815491,16.4617,16.465044,16.465044,-0.208739,1.59816
114652,394.0,293.361115,17.114543,17.120573,17.120573,0.655529,-25.69839
114653,395.0,293.000336,17.48652,17.490241,17.490241,0.369668,-4.91216
114654,396.0,292.584839,16.879186,16.884299,16.884299,-0.605942,5.53897
114655,397.0,292.244202,17.946784,17.950017,17.950017,1.065718,-44.72821
114656,398.0,291.565796,18.258148,18.270747,18.270747,0.32073,-3.63208
114657,399.0,291.617889,17.869568,17.869644,17.869644,-0.401103,0.15412
114658,400.0,291.634949,17.296978,17.296986,17.296986,-0.572658,2.51596
114659,401.0,291.433838,18.563398,18.564487,18.564487,1.267501,-57.14768
114700,402.0,291.080292,18.89948,18.902786,18.902786,0.338299,-6.48162
114701,403.0,290.983124,19.238706,19.238951,19.238951,0.336165,-27.92768
114702,404.0,290.860718,19.486529,19.486914,19.486914,0.247963,-7.58749
114703,405.0,290.772858,19.658458,19.658654,19.658654,0.17174,-7.16291
114704,406.0,290.466095,19.708673,19.71106,19.71106,0.052406,-4.66543
114705,407.0,290.333221,19.766656,19.767103,19.767103,0.056043,-5.75205
114707,409.0,290.854095,43.793822,43.796919,21.89846,1.065679,-50.01799
114709,411.0,291.949799,43.683703,43.697442,21.848721,-0.02487,-11.43866
114710,412.0,292.147583,20.057,20.057975,20.057975,-1.790746,13.15883
114711,413.0,292.390991,20.337443,20.3389,20.3389,0.280925,-14.85179
114712,414.0,292.222137,20.691757,20.692446,20.692446,0.353546,-31.83531
114713,415.0,292.464691,20.969593,20.970996,20.970996,0.27855,-15.48926
114714,416.0,292.769287,21.1479,21.150093,21.150093,0.179097,-12.83632
114715,417.0,293.031158,21.224356,21.225972,21.225972,0.075879,-10.18263
114716,418.0,293.355133,21.071382,21.073872,21.073872,-0.1521,-7.57114
114717,419.0,293.907867,20.732397,20.739763,20.739763,-0.334109,-6.27131
114718,420.0,294.075928,20.288883,20.289579,20.289579,-0.450184,-2.26199
114719,421.0,293.045166,19.853054,19.879794,19.879794,-0.409785,4.41407
114720,422.0,291.832672,19.325382,19.363381,19.363381,-0.516413,7.13196
114721,423.0,291.686829,18.761978,18.762544,18.762544,-0.600837,2.60333
114727,429.0,290.338715,154.066287,154.072185,25.678698,1.152692,-88.948
114728,430.0,290.413116,21.938759,21.938885,21.938885,-3.739813,37.59846
114729,431.0,289.237762,22.12779,22.158984,22.158984,0.220099,-5.33747
114731,433.0,288.607635,46.681684,46.685937,23.342969,0.591992,-49.17017
114732,434.0,288.542389,22.527788,22.527883,22.527883,-0.815086,1.16
114733,435.0,288.572174,22.645739,22.645759,22.645759,0.117876,-11.55403
114734,436.0,288.694214,22.89382,22.894145,22.894145,0.248386,-14.26506
114735,437.0,288.766754,23.134862,23.134976,23.134976,0.240831,-14.20425
114736,438.0,288.864716,23.281541,23.281747,23.281747,0.146771,-13.34744
114737,439.0,289.033783,23.421182,23.421792,23.421792,0.140045,-13.88914
114738,440.0,289.12616,23.439064,23.439246,23.439246,0.017454,-11.84897
114739,441.0,289.269714,23.432018,23.432458,23.432458,-0.006788,-11.80047
114740,442.0,289.413849,23.305118,23.305564,23.305564,-0.126894,-10.00559
114741,443.0,289.829071,23.238148,23.241857,23.241857,-0.063707,-12.26584
114742,444.0,290.809479,23.220774,23.241462,23.241462,-0.000395,-19.75178
114743,445.0,292.002411,22.862729,22.89383,22.89383,-0.347632,-12.38126
114744,446.0,294.243866,22.527326,22.638563,22.638563,-0.255267,-31.97378
114747,449.0,301.592804,76.213071,76.566566,25.522189,0.961209,-96.28619
114748,450.0,302.771362,23.085287,23.115352,23.115352,-2.406837,14.56313
114749,451.0,303.529297,23.212315,23.224686,23.224686,0.109334,-20.45177
114750,452.0,303.770203,23.048353,23.049612,23.049612,-0.175074,-9.53428
114751,453.0,303.927094,22.81806,22.818599,22.818599,-0.231013,-8.00126
114752,454.0,303.454926,22.49014,22.495096,22.495096,-0.323503,-2.84208
114753,455.0,303.743408,22.164726,22.166603,22.166603,-0.328493,-6.60826
114754,456.0,303.648071,21.8074,21.807609,21.807609,-0.358994,-3.62238
114755,457.0,303.950745,21.524536,21.526664,21.526664,-0.280945,-6.46494
114756,458.0,304.924622,21.373717,21.395893,21.395893,-0.130771,-12.97063
114757,459.0,306.620758,21.365581,21.4328,21.4328,0.036907,-33.47477
114758,460.0,309.092682,21.33929,21.481985,21.481985,0.049185,-48.61954
114759,461.0,312.51944,21.307373,21.581168,21.581168,0.099183,-68.73886
114801,463.0,318.187286,44.930531,45.28661,22.643305,0.531069,-77.30134
114806,468.0,318.464325,137.335109,137.335388,27.467078,0.964755,-56.66865
114807,469.0,318.583649,21.930573,21.930898,21.930898,-5.53618,59.82028
114808,470.0,318.645081,21.962175,21.962261,21.962261,0.031363,-9.58904
114809,471.0,318.763763,22.041026,22.041345,22.041345,0.079084,-10.62703
114810,472.0,318.680115,22.106167,22.106325,22.106325,0.06498,-9.41467
114811,473.0,318.752411,22.223946,22.224064,22.224064,0.117739,-11.13535
114812,474.0,318.029419,22.355002,22.36669,22.36669,0.142626,-7.22218
114813,475.0,317.253845,22.46335,22.476735,22.476735,0.110045,-6.68378
114814,476.0,316.407776,22.495846,22.511751,22.511751,0.035016,-5.37989
114815,477.0,315.839966,22.47114,22.478313,22.478313,-0.033438,-6.00843
114816,478.0,315.349274,22.442384,22.447748,22.447748,-0.030565,-6.4315
114817,479.0,314.813629,22.461181,22.467567,22.467567,0.019819,-6.85523
114818,480.0,314.152679,22.592722,22.602388,22.602388,0.134821,-7.84227
114819,481.0,313.554291,22.7846,22.792456,22.792456,0.190068,-9.21566
114820,482.0,312.932678,22.972327,22.980735,22.980735,0.188279,-9.37286
114821,483.0,312.409088,23.173616,23.179531,23.179531,0.198796,-10.39212
114822,484.0,311.763306,23.253645,23.26261,23.26261,0.083079,-8.31154
114823,485.0,311.15036,23.449705,23.457714,23.457714,0.195104,-10.31347
114824,486.0,310.534271,23.581421,23.589468,23.589468,0.131754,-9.66819
114825,487.0,304.746857,23.671072,24.368295,24.368295,0.778827,8.95222
114826,488.0,308.952057,23.793511,24.162261,24.162261,-0.206034,-71.62896
114827,489.0,308.856812,23.842013,23.842204,23.842204,-0.320057,-6.86337
114828,490.0,309.008453,23.800748,23.801231,23.801231,-0.040973,-11.97769
114829,491.0,309.09967,23.685129,23.685305,23.685305,-0.115926,-10.44126
114830,492.0,309.188629,23.601014,23.601182,23.601182,-0.084123,-10.72717
114831,493.0,309.577576,23.416389,23.419619,23.419619,-0.181563,-10.82302
114832,494.0,309.75528,23.181451,23.182133,23.182133,-0.237486,-8.54996
114833,495.0,309.425781,23.023198,23.025555,23.025555,-0.156578,-6.55004
114834,496.0,310.693329,22.853223,22.888348,22.888348,-0.137207,-18.90229
114835,497.0,311.054291,22.740462,22.743327,22.743327,-0.145021,-10.15622
114836,498.0,311.833405,22.578275,22.591713,22.591713,-0.151614,-12.19425
114837,499.0,314.59256,22.321753,22.491634,22.491634,-0.100079,-48.3937
114842,504.0,323.580261,98.290879,98.70094,19.740188,-0.550289,-11.94475
114847,509.0,320.908203,123.210584,123.239555,24.647911,0.981545,-69.1429
114849,511.0,320.942047,44.091271,44.091284,22.045642,-1.301135,7.3019
114850,512.0,320.826569,19.541729,19.54207,19.54207,-2.503572,22.98216
114851,513.0,320.746124,18.987197,18.987367,18.987367,-0.554703,1.54631
114852,514.0,320.776581,18.28891,18.288935,18.288935,-0.698432,3.01001
114853,515.0,319.839752,17.414204,17.439385,17.439385,-0.84955,10.50918
114854,516.0,317.766846,16.637791,16.766426,16.766426,-0.672959,15.5325
114855,517.0,316.605957,15.777104,15.819755,15.819755,-0.946671,13.41509
114856,518.0,315.906555,14.875742,14.892174,14.892174,-0.927581,10.94732
114857,519.0,314.902405,15.447277,15.47988,15.47988,0.587706,-0.90674
114858,520.0,308.503357,15.173002,16.467174,16.467174,0.987294,24.32412
114859,521.0,312.854034,12.444484,13.183079,13.183079,-3.284095,0.71433
114900,522.0,312.267761,11.181762,11.197121,11.197121,-1.985958,16.79372
114901,523.0,311.70108,9.842882,9.859181,9.859181,-1.33794,11.33599
205700,33402.0,311.513519,20.86107,20.861913,0.000635,-0.0003,-0.34995
205701,33403.0,311.402039,6.105045,6.106063,6.106063,6.105428,-71.62007
205702,33404.0,311.327179,3.504284,3.505083,3.505083,-2.60098,5.57371
205703,33405.0,311.172302,2.42869,2.433623,2.433623,-1.07146,2.21208
205704,33406.0,311.172302,0.0,0.0,0.0,-2.433623,-0.35
205707,33409.0,312.854034,35.663066,35.702696,11.900899,3.966966,-97.1842
205708,33410.0,308.503357,12.000633,12.764936,12.764936,0.864037,18.68164
205710,33412.0,315.723572,28.480983,29.381931,14.690966,0.963015,-91.64031
205711,33413.0,316.411987,15.298162,15.313644,15.313644,0.622678,-28.02286
205712,33414.0,317.404327,15.608386,15.639899,15.639899,0.326255,-25.36157
205713,33415.0,319.839752,16.342575,16.523046,16.523046,0.883147,-71.09059
205714,33416.0,320.776581,17.056427,17.082135,17.082135,0.559089,-33.46937
205715,33417.0,320.751892,17.821895,17.821913,17.821913,0.739778,-38.9845
205716,33418.0,320.832458,18.446687,18.446863,18.446863,0.62495,-21.8417
205717,33419.0,320.896881,18.82942,18.82953,18.82953,0.382667,-13.45635
205718,33420.0,320.854645,19.168396,19.168443,19.168443,0.338913,-28.8367
205719,33421.0,320.751282,19.494894,19.495168,19.495168,0.326725,-28.2215
205721,33423.0,320.799835,42.396983,42.397011,21.198505,0.851668,-34.97926
205723,33425.0,320.363342,44.105943,44.108103,22.054051,0.427773,-38.69597
205724,33426.0,320.070282,22.711448,22.713339,22.713339,0.659288,-49.85192
205725,33427.0,322.720398,16.842187,17.04941,17.04941,-5.663929,37.48241
205726,33428.0,324.300812,16.889051,16.962835,16.962835,-0.086575,-24.38776
205727,33429.0,325.359314,13.631111,13.672147,13.672147,-3.290688,19.79573
205728,33430.0,325.675934,2.361713,2.382842,2.382842,-11.289305,13.43267
205739,33441.0,309.932098,23.951483,23.958887,23.958887,-4.779497,50.0782
205740,33442.0,310.016083,23.780471,23.78062,23.78062,-0.178267,-9.70279
205741,33443.0,297.997253,23.851673,26.708698,26.708698,2.928078,5.88476
205743,33445.0,311.197144,47.925531,49.710096,24.855048,-0.926825,-82.6055
205744,33446.0,311.59024,23.795272,23.798519,23.798519,-1.056529,0.46797
205745,33447.0,312.09024,23.743593,23.748857,23.748857,-0.049662,-13.72745
205746,33448.0,312.722015,23.691402,23.699824,23.699824,-0.049033,-14.39601
205747,33449.0,313.136749,23.656193,23.659828,23.659828,-0.039996,-13.23956
205748,33450.0,313.768036,23.566881,23.575334,23.575334,-0.084494,-13.71953
205749,33451.0,314.446198,23.491638,23.501424,23.501424,-0.07391,-14.00938
205750,33452.0,315.228973,23.384278,23.397376,23.397376,-0.104048,-14.0315
205751,33453.0,315.786041,23.342374,23.34902,23.34902,-0.048356,-13.43626
205752,33454.0,317.026978,23.323852,23.356841,23.356841,0.007821,-25.13138
205753,33455.0,317.865051,23.338821,23.353863,23.353863,-0.002978,-17.06414
205754,33456.0,317.97229,23.437446,23.437692,23.437692,0.083829,-12.82481
205755,33457.0,318.034515,23.584007,23.584089,23.584089,0.146397,-13.65597
205756,33458.0,318.461639,23.731443,23.735287,23.735287,0.151198,-16.63929
205757,33459.0,318.480957,23.828072,23.828079,23.828079,0.092792,-13.10146
205758,33460.0,318.425354,23.926036,23.926101,23.926101,0.098022,-12.91844
205759,33461.0,318.380676,24.014832,24.014874,24.014874,0.088773,-13.00331
205800,33462.0,318.079071,24.103995,24.105881,24.105881,0.091007,-11.74996
205801,33463.0,317.519012,24.108876,24.115381,24.115381,0.0095,-9.19712
205802,33464.0,317.017548,24.113468,24.118682,24.118682,0.003301,-9.44519
205803,33465.0,316.568237,24.075709,24.079901,24.079901,-0.038781,-9.09465
205804,33466.0,315.754974,23.996177,24.009955,24.009955,-0.069946,-6.51608
205805,33467.0,315.075958,23.879558,23.88921,23.88921,-0.120745,-6.38206
205806,33468.0,314.246033,23.721194,23.735708,23.735708,-0.153502,-4.8543
205807,33469.0,313.251404,23.609908,23.630849,23.630849,-0.104859,-4.42792
205808,33470.0,312.209991,23.543995,23.567016,23.567016,-0.063833,-4.61884
205809,33471.0,311.157928,23.655401,23.678785,23.678785,0.111769,-7.10774
205813,33475.0,303.560455,106.576539,106.846995,26.711749,0.758241,-17.70611
205814,33476.0,304.029663,22.990145,22.994933,22.994933,-3.716816,35.74861
205815,33477.0,303.717834,23.127824,23.129926,23.129926,0.134993,-10.65006
205816,33478.0,303.234711,23.318071,23.323076,23.323076,0.19315,-10.78365
205817,33479.0,302.432343,23.627839,23.641458,23.641458,0.318382,-11.22879
205818,33480.0,300.470032,23.807451,23.888185,23.888185,0.246727,-4.20158
205820,33482.0,295.171265,55.091857,55.34609,27.673045,1.89243,-94.50291
205821,33483.0,293.224487,23.445928,23.526612,23.526612,-4.146433,55.33697
205822,33484.0,291.385498,23.741243,23.81236,23.81236,0.285748,-5.28586
205823,33485.0,290.20816,23.847387,23.876431,23.876431,0.064071,-6.08394
205824,33486.0,289.455963,23.85227,23.864127,23.864127,-0.012304,-7.40333
205825,33487.0,289.24942,23.923047,23.923939,23.923939,0.059812,-11.54017
205826,33488.0,289.170685,23.988115,23.988244,23.988244,0.064305,-12.4247
205827,33489.0,289.033722,24.011709,24.012099,24.012099,0.023855,-11.58433
205828,33490.0,288.89679,23.854187,23.85458,23.85458,-0.157519,-8.85546
205829,33491.0,288.778717,23.611243,23.611538,23.611538,-0.243042,-7.43735
205830,33492.0,288.675812,23.432031,23.432257,23.432257,-0.179281,-8.11326
205831,33493.0,288.537231,23.212677,23.213091,23.213091,-0.219166,-7.06107
205832,33494.0,288.556213,22.988188,22.988196,22.988196,-0.224895,-7.54519
205833,33495.0,288.603149,22.790521,22.790569,22.790569,-0.197627,-7.77703
205834,33496.0,288.977356,22.977351,22.980398,22.980398,0.189829,-16.53412
205836,33498.0,290.413116,48.49958,48.520827,24.260413,0.640008,-45.39539
205837,33499.0,290.370911,22.79496,22.794999,22.794999,-1.465414,9.20908
205838,33500.0,289.77478,22.516973,22.524862,22.524862,-0.270137,-2.87044
205841,33503.0,290.297852,75.428471,75.430285,25.143428,0.872855,-48.18472
205843,33505.0,291.529846,49.219553,49.23497,24.617485,-0.262972,-12.78922
205844,33506.0,291.757538,23.820029,23.821118,23.821118,-0.796367,-2.16084
205845,33507.0,292.726166,20.510585,20.533445,20.533445,-3.287673,26.25019
205846,33508.0,293.991425,21.063634,21.1016,21.1016,0.568155,-46.61739
205847,33509.0,294.014252,21.461404,21.461417,21.461417,0.359817,-15.29172
205848,33510.0,293.500793,21.792706,21.798754,21.798754,0.337337,-9.93157
205849,33511.0,293.034882,21.869205,21.874167,21.874167,0.075413,-7.05142
205850,33512.0,292.807861,21.611743,21.612935,21.612935,-0.261232,-3.84918
205851,33513.0,292.489349,20.941517,20.943939,20.943939,-0.668996,2.37189
205852,33514.0,292.243683,20.06723,20.068733,20.068733,-0.875206,5.15232
205853,33515.0,292.316132,19.131831,19.131968,19.131968,-0.936765,4.73929
205854,33516.0,292.313599,18.293277,18.293277,18.293277,-0.838691,4.65936
205855,33517.0,292.069733,17.571938,17.57363,17.57363,-0.719647,5.25398
205856,33518.0,291.849121,16.845681,16.847126,16.847126,-0.726504,5.63089
205857,33519.0,291.418488,16.686046,16.691602,16.691602,-0.155524,1.4547
205858,33520.0,290.854095,18.690074,18.698594,18.698594,2.006992,-77.46754
205859,33521.0,290.473236,16.561959,16.566338,16.566338,-2.132256,19.97546
205900,33522.0,289.950012,16.312454,16.320843,16.320843,-0.245495,3.13089
205901,33523.0,290.318756,17.592705,17.596569,17.596569,1.275726,-47.76037
205902,33524.0,290.492889,16.347933,16.348861,16.348861,-1.247708,8.55565
205903,33525.0,290.772858,16.559095,16.561461,16.561461,0.2126,-9.29408
205904,33526.0,290.83725,16.703315,16.70344,16.70344,0.141979,-4.16341
205905,33527.0,290.953766,16.661477,16.661884,16.661884,-0.041556,-2.66636
205906,33528.0,291.004456,16.542336,16.542413,16.542413,-0.119471,-1.45034
205907,33529.0,291.184784,16.355687,16.356681,16.356681,-0.185732,-1.3947
205908,33530.0,291.489258,15.997134,16.000031,16.000031,-0.35665,-0.23896
205909,33531.0,291.634949,15.21679,15.217487,15.217487,-0.782544,4.86612
205910,33532.0,291.632568,13.883483,13.883484,13.883484,-1.334003,10.48485
205911,33533.0,291.738892,14.497858,14.498248,14.498248,0.614764,-15.59089
205912,33534.0,291.080688,11.000375,11.020049,11.020049,-3.478199,26.35616
205913,33535.0,291.749207,9.267603,9.291684,9.291684,-1.728365,5.98447
205914,33536.0,292.322784,7.489405,7.511336,7.511336,-1.780348,4.77116
205915,33537.0,292.494385,5.78153,5.784076,5.784076,-1.72726,4.90866
205916,33538.0,292.50531,4.270136,4.27015,4.27015,-1.513926,3.64982
205917,33539.0,292.535767,2.950816,2.950973,2.950973,-1.319177,1.9533
205950,33572.0,292.584839,0.966739,0.967984,0.029333,-0.088535,-0.34605
205951,33573.0,292.66507,2.588822,2.590065,2.590065,2.560732,-13.8431
205952,33574.0,292.944702,4.658702,4.667087,4.667087,2.077022,-22.83569
205953,33575.0,293.036438,6.903778,6.904388,6.904388,2.237301,-29.58045
205954,33576.0,292.972992,7.740722,7.740982,7.740982,0.836594,-14.02054
205955,33577.0,293.16803,8.870911,8.873055,8.873055,1.132073,-20.40153
205956,33578.0,293.542572,9.929436,9.936497,9.936497,1.063442,-24.32532
205957,33579.0,293.815491,10.692959,10.696442,10.696442,0.759945,-17.38713
205958,33580.0,294.060699,10.934638,10.937387,10.937387,0.240945,-6.21234
205959,33581.0,294.238953,12.30261,12.303902,12.303902,1.366515,-31.5721
210000,33582.0,294.342529,9.755186,9.755736,9.755736,-2.548166,14.22949
210001,33583.0,294.392303,8.186659,8.18681,8.18681,-1.568926,7.47954
210002,33584.0,294.476746,6.549329,6.549874,6.549874,-1.636936,5.89256
210003,33585.0,294.654572,4.699857,4.70322,4.70322,-1.846654,4.02334
210004,33586.0,294.666504,2.772634,2.77266,2.77266,-1.93056,2.87455
210005,33587.0,294.666504,0.0,0.0,0.0,-2.77266,-0.35
210006,33588.0,294.666504,0.0,0.0,0.0,0.0,-0.35
210007,33589.0,294.666504,0.0,0.0,0.0,0.0,-0.35
210008,33590.0,294.666504,0.0,0.0,0.0,0.0,-0.35
210009,33591.0,294.666504,0.0,0.0,0.0,0.0,-0.35
210010,33592.0,294.666504,0.0,0.0,0.0,0.0,-0.35
210011,33593.0,294.666504,0.0,0.0,0.0,0.0,-0.35
210012,33594.0,294.666504,0.0,0.0,0.0,0.0,-0.35
210013,33595.0,294.666504,0.0,0.0,0.0,0.0,-0.35
210014,33596.0,294.666504,0.0,0.0,0.0,0.0,-0.35
210015,33597.0,294.666504,0.0,0.0,0.0,0.0,-0.35
210016,33598.0,294.666504,0.0,0.0,0.0,0.0,-0.35
210017,33599.0,294.666504,0.0,0.0,0.0,0.0,-0.35
210018,33600.0,294.666504,0.0,0.0,0.0,0.0,-0.35
210019,33601.0,294.755829,2.439209,2.440844,2.440844,2.440844,-12.76349
210020,33602.0,294.771454,4.056065,4.056095,4.056095,1.615251,-12.03109
210021,33603.0,294.881012,6.089838,6.090823,6.090823,2.034728,-24.34344
210022,33604.0,295.062408,7.645264,7.647416,7.647416,1.556593,-24.19556
210023,33605.0,295.250092,10.535196,10.536868,10.536868,2.889452,-58.6716
210024,33606.0,295.252716,10.214195,10.214195,10.214195,-0.322673,2.54873
210025,33607.0,292.014313,10.711428,11.190261,11.190261,0.976066,12.71707
210026,33608.0,288.785614,10.70904,11.18517,11.18517,-0.005091,18.92837
210027,33609.0,292.86911,10.573719,11.334835,11.334835,0.149665,-76.45319
210028,33610.0,294.323914,10.138348,10.242195,10.242195,-1.09264,-2.77694
210029,33611.0,295.625244,10.240806,10.323157,10.323157,0.080962,-22.92428
210030,33612.0,295.977844,8.326578,8.33404,8.33404,-1.989117,7.93181
210031,33613.0,296.146118,6.793135,6.795219,6.795219,-1.538821,5.29786
210032,33614.0,296.473572,5.368478,5.378456,5.378456,-1.416763,2.64278
210033,33615.0,296.572052,4.799378,4.800388,4.800388,-0.578068,1.10365
210034,33616.0,296.637482,4.945689,4.946122,4.946122,0.145734,-1.50133
210035,33617.0,296.391388,5.995068,6.000116,6.000116,1.053994,-9.6636
210036,33618.0,296.028778,7.300962,7.309961,7.309961,1.309845,-14.17317
210037,33619.0,295.705902,8.555559,8.561649,8.561649,1.251688,-17.59485
210038,33620.0,295.693878,5.511002,5.511015,5.511015,-3.050634,9.80278
210039,33621.0,295.693878,0.0,0.0,0.0,-5.511015,-0.35
210040,33622.0,295.693878,0.0,0.0,0.0,0.0,-0.35
210046,33628.0,296.927124,102.979925,102.987309,17.164552,2.860759,-95.61777
210047,33629.0,296.947784,13.258017,13.258033,13.258033,-3.906519,29.76128
210048,33630.0,296.948242,11.504234,11.504234,11.504234,-1.753799,12.37811
210049,33631.0,296.960114,14.337323,14.337328,14.337328,2.833094,-74.59031
210050,33632.0,296.908325,14.511898,14.511991,14.511991,0.174663,-1.71274
210051,33633.0,296.854218,14.657271,14.657371,14.657371,0.14538,-1.5805
210052,33634.0,297.269653,14.303574,14.309606,14.309606,-0.347765,0.10951
210053,33635.0,297.678009,14.669364,14.675046,14.675046,0.36544,-14.52212
210054,33636.0,297.83078,14.186806,14.187629,14.187629,-0.487417,2.776
210055,33637.0,297.939392,14.208314,14.208729,14.208729,0.0211,-1.11
210056,33638.0,297.97226,14.17572,14.175758,14.175758,-0.032971,-0.2241
210057,33639.0,297.999634,5.006985,5.00706,5.00706,-9.168698,26.13912
210058,33640.0,297.999634,0.0,0.0,0.0,-5.00706,-0.35
210105,33647.0,299.249817,129.163002,129.169052,18.452722,2.636103,-94.88325
210106,33648.0,299.351379,16.024546,16.024868,16.024868,-2.427854,19.82216
210107,33649.0,299.802368,15.560567,15.567101,15.567101,-0.457767,0.13191
210108,33650.0,300.054535,15.319692,15.321767,15.321767,-0.245334,-0.46847
210109,33651.0,300.294617,15.002363,15.004284,15.004284,-0.317483,0.43333
210110,33652.0,300.21106,14.703289,14.703526,14.703526,-0.300758,2.2885
210111,33653.0,300.007446,14.523606,14.525033,14.525033,-0.178493,2.05356
210112,33654.0,299.78598,14.50236,14.504051,14.504051,-0.020982,0.86343
210113,33655.0,299.948761,14.563107,14.564017,14.564017,0.059966,-2.00565
210114,33656.0,300.420837,15.049951,15.057353,15.057353,0.493336,-19.81355
210115,33657.0,300.310364,15.782378,15.782765,15.782765,0.725412,-30.07078
210116,33658.0,300.328064,15.122422,15.122432,15.122432,-0.660333,4.56303
210117,33659.0,300.457642,15.309963,15.310511,15.310511,0.188079,-4.73193
210118,33660.0,300.842804,14.786155,14.791171,14.791171,-0.51934,1.45598
210119,33661.0,300.772552,13.682078,13.682258,13.682258,-1.108913,9.09159
210120,33662.0,300.630493,12.642954,12.643752,12.643752,-1.038506,8.97752
210121,33663.0,300.469452,11.955068,11.956153,11.956153,-0.687599,6.52756
210122,33664.0,300.402802,11.674042,11.674232,11.674232,-0.281921,3.14246
210123,33665.0,300.332886,11.716992,11.717201,11.717201,0.042969,1.00149
210124,33666.0,300.316162,11.775173,11.775185,11.775185,0.057984,0.61014
210125,33667.0,299.909302,12.027405,12.034285,12.034285,0.2591,1.51754
210126,33668.0,299.778961,11.802108,11.802827,11.802827,-0.231458,3.19934
210127,33669.0,299.708527,10.6174,10.617634,10.617634,-1.185193,8.31408
210128,33670.0,299.747162,8.588113,8.5882,8.5882,-2.029434,10.20606
210129,33671.0,299.767792,6.483533,6.483566,6.483566,-2.104634,7.91158
210130,33672.0,299.788483,4.692734,4.692779,4.692779,-1.790787,4.74149
210131,33673.0,299.792175,3.098622,3.098624,3.098624,-1.594155,2.71367
210132,33674.0,299.792175,0.0,0.0,0.0,-3.098624,-0.35
210133,33675.0,299.792175,0.0,0.0,0.0,0.0,-0.35
210134,33676.0,299.792175,0.0,0.0,0.0,0.0,-0.35
210135,33677.0,299.792175,0.0,0.0,0.0,0.0,-0.35
210136,33678.0,299.792175,0.0,0.0,0.0,0.0,-0.35
210137,33679.0,299.792175,0.0,0.0,0.0,0.0,-0.35
210138,33680.0,299.792175,0.0,0.0,0.0,0.0,-0.35
210139,33681.0,299.827301,6.817649,6.817739,6.817739,6.817739,-88.08363
210140,33682.0,299.832397,4.528429,4.528432,4.528432,-2.289307,5.93375
210141,33683.0,299.792145,6.791365,6.791484,6.791484,2.263052,-31.16731
210142,33684.0,299.335205,8.34617,8.358669,8.358669,1.567185,-19.56211
210143,33685.0,298.375763,10.039238,10.084981,10.084981,1.726312,-19.1045
210144,33686.0,297.355499,11.537457,11.582481,11.582481,1.4975,-18.54854
210145,33687.0,296.616455,12.879533,12.900719,12.900719,1.318238,-24.43784
210146,33688.0,295.554779,13.572234,13.613695,13.613695,0.712976,0.4898
210147,33689.0,296.227875,13.191003,13.208165,13.208165,-0.40553,-0.36288
210148,33690.0,296.818878,13.734176,13.746886,13.746886,0.538721,-21.604
210149,33691.0,297.321625,12.403986,12.41417,12.41417,-1.332716,7.44496
210150,33692.0,298.030853,13.514002,13.532599,13.532599,1.118429,-38.60238
210151,33693.0,298.720398,13.294316,13.312187,13.312187,-0.220412,-3.51349
210152,33694.0,298.977051,13.063926,13.066447,13.066447,-0.24574,0.83242
210153,33695.0,299.158112,12.495163,12.496475,12.496475,-0.569972,3.82291
210154,33696.0,299.87146,12.933087,12.952745,12.952745,0.45627,-20.84799
210155,33697.0,300.335602,12.934722,12.943047,12.943047,-0.009698,-4.57738
210156,33698.0,300.840149,12.978391,12.988195,12.988195,0.045148,-6.71321
210157,33699.0,301.202118,12.887787,12.892869,12.892869,-0.095326,-0.78311
210158,33700.0,301.592499,12.584859,12.590912,12.590912,-0.301957,0.70239
210159,33701.0,302.624664,12.094177,12.138142,12.138142,-0.45277,-4.81831
210200,33702.0,303.016907,11.169563,11.176448,11.176448,-0.961694,4.75539
210201,33703.0,302.834686,7.428006,7.430241,7.430241,-3.746207,17.24785
210202,33704.0,302.769379,1.980776,1.981852,1.981852,-5.448389,6.34608
210206,33708.0,304.499908,60.321533,60.346351,15.086588,3.276184,-99.65278
210207,33709.0,304.413971,13.404067,13.404343,13.404343,-1.682245,13.5737
210208,33710.0,304.501801,13.957982,13.958259,13.958259,0.553916,-12.81866
210209,33711.0,304.749969,14.351524,14.35367,14.35367,0.395411,-12.00741
210210,33712.0,305.257233,14.580165,14.588987,14.588987,0.235317,-12.65509
210211,33713.0,305.260529,14.834721,14.834721,14.834721,0.245734,-3.6586
210212,33714.0,305.25885,15.094756,15.094756,15.094756,0.260035,-16.4964
210213,33715.0,305.260529,15.587124,15.587125,15.587125,0.492369,-11.62847
210214,33716.0,305.242615,15.758203,15.758213,15.758213,0.171088,-3.01521
210215,33717.0,305.017761,15.91083,15.912418,15.912418,0.154205,-1.85499
210216,33718.0,304.727905,16.03122,16.03384,16.03384,0.121422,-1.31097
210217,33719.0,304.290894,16.159596,16.165505,16.165505,0.131665,-0.71073
210218,33720.0,304.205322,16.28384,16.284065,16.284065,0.11856,-2.67505
210219,33721.0,304.252625,16.392392,16.39246,16.39246,0.108395,-3.43257
210220,33722.0,304.384186,16.535647,16.53617,16.53617,0.14371,-4.38261
210221,33723.0,304.783783,16.553522,16.558344,16.558344,0.022174,-5.49791
210222,33724.0,305.156403,16.425124,16.42935,16.42935,-0.128994,-3.06515
210223,33725.0,305.536469,15.774989,15.779567,15.779567,-0.649783,2.12834
210224,33726.0,305.953217,15.313094,15.318763,15.318763,-0.460804,0.49558
210225,33727.0,306.368622,15.18096,15.186642,15.186642,-0.132121,-2.27086
210226,33728.0,306.926666,14.907941,14.918381,14.918381,-0.268261,-1.71312
210227,33729.0,307.755096,14.937103,14.960058,14.960058,0.041677,-13.43331
210228,33730.0,307.666656,14.486815,14.487085,14.487085,-0.472973,3.86797
210229,33731.0,307.662384,14.644075,14.644076,14.644076,0.156991,-1.94587
210230,33732.0,307.696716,14.910906,14.910946,14.910946,0.26687,-4.90957
210231,33733.0,307.72113,15.05132,15.051339,15.051339,0.140393,-2.32245
210232,33734.0,307.764679,15.348228,15.348289,15.348289,0.29695,-6.34776
210233,33735.0,307.848511,15.581073,15.581298,15.581298,0.233009,-5.41479
210234,33736.0,308.197449,15.56654,15.57045,15.57045,-0.010848,-3.27092
210235,33737.0,308.522461,15.686895,15.690261,15.690261,0.119811,-6.63732
210236,33738.0,308.821442,15.406226,15.409126,15.409126,-0.281135,-0.47758
210237,33739.0,309.147461,15.446223,15.449663,15.449663,0.040537,-4.15966
210238,33740.0,309.540161,15.117116,15.122216,15.122216,-0.327447,-0.41014
210239,33741.0,310.175354,15.145194,15.158508,15.158508,0.036292,-9.72597
210240,33742.0,310.900055,15.317833,15.334967,15.334967,0.176459,-15.61042
210241,33743.0,311.849213,15.201349,15.230953,15.230953,-0.104014,-11.56648
210242,33744.0,312.085571,15.533706,15.535504,15.535504,0.304551,-10.38064
210243,33745.0,312.547211,15.114103,15.121151,15.121151,-0.414353,-0.04564
210244,33746.0,313.401886,15.354781,15.378549,15.378549,0.257398,-20.47584
210245,33747.0,313.990723,15.576835,15.587961,15.587961,0.209412,-14.22027
210246,33748.0,314.500824,15.406321,15.414763,15.414763,-0.173198,-2.61349
210247,33749.0,314.938477,15.486313,15.492496,15.492496,0.077733,-7.38694
210248,33750.0,315.391327,15.228352,15.235083,15.235083,-0.257413,-1.42807
210249,33751.0,316.650482,14.825177,14.878553,14.878553,-0.35653,-10.14083
210250,33752.0,316.720947,14.399167,14.39934,14.39934,-0.479213,3.07127
210251,33753.0,317.511414,14.181912,14.203924,14.203924,-0.195416,-5.95758
210252,33754.0,317.690613,14.014953,14.016099,14.016099,-0.187825,0.3058
210253,33755.0,317.81955,14.048715,14.049307,14.049307,0.033208,-1.20519
210254,33756.0,318.369202,14.193349,14.203988,14.203988,0.154681,-10.96556
210255,33757.0,318.292419,14.410325,14.41053,14.41053,0.206542,-1.74974
210256,33758.0,318.102356,14.739362,14.740588,14.740588,0.330058,-2.44581
210257,33759.0,318.120331,15.18292,15.18293,15.18293,0.442342,-9.94948
210258,33760.0,318.01709,15.56501,15.565353,15.565353,0.382423,-19.27458
210259,33761.0,317.336548,16.115316,16.129679,16.129679,0.564326,-3.29572
210300,33762.0,317.054138,16.034096,16.036583,16.036583,-0.093096,0.60708
210301,33763.0,317.081238,16.183784,16.183807,16.183807,0.147224,-3.4722
210302,33764.0,317.575409,16.115712,16.123287,16.123287,-0.06052,-4.51904
210303,33765.0,318.626709,15.843523,15.878364,15.878364,-0.244923,-9.31568
210304,33766.0,319.21283,15.577816,15.588839,15.588839,-0.289525,-2.13602
210305,33767.0,319.837921,15.159258,15.17214,15.17214,-0.416699,-0.97072
210306,33768.0,320.553497,14.839629,14.856872,14.856872,-0.315268,-2.15794
210307,33769.0,320.962158,14.628532,14.634239,14.634239,-0.222633,-1.07948
210308,33770.0,321.354462,14.471551,14.476868,14.476868,-0.157371,-1.42715
210309,33771.0,321.399872,14.18589,14.185962,14.185962,-0.290906,1.78551
210310,33772.0,321.33017,13.968188,13.968362,13.968362,-0.2176,1.96519
210311,33773.0,321.467224,13.75017,13.750853,13.750853,-0.217509,0.93084
210312,33774.0,321.290649,13.893329,13.894452,13.894452,0.143599,-0.2581
210313,33775.0,321.035675,13.968217,13.970544,13.970544,0.076092,0.65951
210314,33776.0,320.753052,14.165489,14.168308,14.168308,0.197764,-0.3195
210315,33777.0,320.82428,14.403979,14.404155,14.404155,0.235847,-4.32509
210316,33778.0,320.89502,14.594328,14.5945,14.5945,0.190345,-3.1881
210317,33779.0,320.9245,14.713939,14.713969,14.713969,0.119469,-1.88095
210318,33780.0,320.927704,14.521461,14.521461,14.521461,-0.192508,1.01286
210319,33781.0,320.819946,14.310437,14.310843,14.310843,-0.210618,1.91662
210320,33782.0,320.628967,14.047495,14.048794,14.048794,-0.262049,2.95361
210321,33783.0,320.518005,13.503114,13.50357,13.50357,-0.545224,4.98048
210322,33784.0,320.580505,12.312012,12.312171,12.312171,-1.191399,8.89405
210323,33785.0,320.701996,10.739834,10.740521,10.740521,-1.57165,9.7083
210324,33786.0,320.81131,8.682618,8.683306,8.683306,-2.057215,10.06937
210325,33787.0,320.619263,7.179583,7.182151,7.182151,-1.501155,7.5423
210326,33788.0,320.471039,5.772176,5.774079,5.774079,-1.408072,5.63649
210327,33789.0,320.443604,5.280339,5.28041,5.28041,-0.493669,1.75889
210328,33790.0,320.276306,4.952447,4.955272,4.955272,-0.325138,1.94225
210329,33791.0,319.780548,4.384965,4.4129,4.4129,-0.542372,4.17635
210330,33792.0,319.375214,4.208369,4.227844,4.227844,-0.185056,2.73336
210331,33793.0,319.015991,2.485353,2.511179,2.511179,-1.716665,4.33508
210333,33795.0,319.384644,17.863201,17.867005,8.933502,3.211161,-55.93948
210334,33796.0,319.972321,8.11939,8.14063,8.14063,-0.792872,0.81523
210335,33797.0,320.669586,8.491857,8.520435,8.520435,0.379805,-16.93578
210336,33798.0,321.404572,8.804794,8.835418,8.835418,0.314983,-16.6485
210337,33799.0,322.048096,9.021629,9.044551,9.044551,0.209133,-13.13041
210338,33800.0,322.603516,9.587479,9.603554,9.603554,0.559003,-17.90469
210339,33801.0,323.38858,9.816113,9.847457,9.847457,0.243903,-16.42856
210340,33802.0,323.955048,9.828258,9.844569,9.844569,-0.002888,-7.65366
210341,33803.0,324.754181,10.153338,10.184738,10.184738,0.340169,-18.58123
210342,33804.0,325.635254,10.586663,10.623263,10.623263,0.438525,-22.21213
210343,33805.0,326.134094,10.610955,10.622674,10.622674,-0.000589,-6.06977
210344,33806.0,326.536041,10.526653,10.534325,10.534325,-0.088349,-2.51403
210345,33807.0,326.954651,10.586677,10.59495,10.59495,0.060625,-5.81713
210346,33808.0,327.26239,10.317808,10.322396,10.322396,-0.272554,0.57909
210347,33809.0,327.336731,10.884901,10.885154,10.885154,0.562758,-9.72057
210348,33810.0,327.325531,11.146993,11.146999,11.146999,0.261845,-9.64515
210349,33811.0,327.389832,11.448293,11.448474,11.448474,0.301475,-4.12658
210350,33812.0,327.456329,11.894543,11.894729,11.894729,0.446255,-7.50376
210351,33813.0,327.467529,12.158937,12.158942,12.158942,0.264213,-2.31644
210352,33814.0,327.461273,12.135232,12.135233,12.135233,-0.023709,1.16517
210353,33815.0,327.131073,12.393648,12.398045,12.398045,0.262812,0.81413
210354,33816.0,326.521027,12.323043,12.338134,12.338134,-0.059911,4.69524
210355,33817.0,325.908966,12.479522,12.494523,12.494523,0.156389,3.08325
210356,33818.0,325.076508,12.571793,12.599324,12.599324,0.104801,4.61974
210357,33819.0,324.31012,12.351116,12.37487,12.37487,-0.224454,6.71401
210358,33820.0,323.4245,11.969621,12.002339,12.002339,-0.372531,8.54507
210359,33821.0,320.939697,12.206747,12.457083,12.457083,0.454744,11.4717
210400,33822.0,322.133789,10.875618,10.940975,10.940975,-1.516108,3.56425
210401,33823.0,322.459595,11.279431,11.284135,11.284135,0.34316,-9.93626
210402,33824.0,323.701477,11.376165,11.443749,11.443749,0.159614,-23.17325
210403,33825.0,324.189087,9.94725,9.959194,9.959194,-1.484555,6.35584
210404,33826.0,324.391907,9.098689,9.10095,9.10095,-0.858244,3.8597
210405,33827.0,324.600616,8.659573,8.662088,8.662088,-0.438862,1.48464
210406,33828.0,324.730255,8.144198,8.14523,8.14523,-0.516858,2.09918
210407,33829.0,324.968475,7.416685,7.42051,7.42051,-0.72472,2.0754
210408,33830.0,325.129211,6.772849,6.774756,6.774756,-0.645754,1.86663
210409,33831.0,325.35144,5.448066,5.452597,5.452597,-1.322159,3.00468
210410,33832.0,325.361023,4.195785,4.195796,4.195796,-1.256801,2.97041
210411,33833.0,325.516602,2.5696,2.574306,2.574306,-1.62149,1.38027
210413,33835.0,326.75824,15.889844,15.938281,7.969141,2.697418,-50.74516
210414,33836.0,327.238312,4.685898,4.710426,4.710426,-3.258715,6.13549
210415,33837.0,327.837036,4.901295,4.937728,4.937728,0.227302,-12.31109
210416,33838.0,328.080963,5.687838,5.693066,5.693066,0.755338,-11.48193
210417,33839.0,328.560364,6.88987,6.906528,6.906528,1.213462,-23.31985
210418,33840.0,328.956146,8.093304,8.102976,8.102976,1.196448,-23.8181
210419,33841.0,329.270691,9.085509,9.090952,9.090952,0.987976,-20.52197
210420,33842.0,330.234711,9.90541,9.95221,9.95221,0.861258,-31.58637
210421,33843.0,330.673431,10.307002,10.316335,10.316335,0.364125,-12.29885
210422,33844.0,331.415833,10.247261,10.274119,10.274119,-0.042216,-9.99487
210423,33845.0,332.079529,10.049915,10.071806,10.071806,-0.202313,-5.52822
210424,33846.0,332.606964,10.054078,10.067903,10.067903,-0.003903,-6.79932
210425,33847.0,333.288086,9.88593,9.909366,9.909366,-0.158537,-6.82401
210426,33848.0,333.736084,10.063726,10.073693,10.073693,0.164327,-8.55292
210427,33849.0,334.830841,9.413319,9.476765,9.476765,-0.596928,-6.95899
210428,33850.0,335.46344,8.793752,8.816476,8.816476,-0.660289,0.28278
210429,33851.0,336.005219,8.52126,8.538466,8.538466,-0.27801,-3.24078
210430,33852.0,336.170227,8.514613,8.516212,8.516212,-0.022254,-0.3498
210431,33853.0,336.910461,8.827716,8.858697,8.858697,0.342485,-17.21985
210432,33854.0,337.01889,9.352019,9.352648,9.352648,0.493951,-8.16486
210433,33855.0,337.007141,9.866171,9.866178,9.866178,0.51353,-13.16009
210434,33856.0,336.737976,10.264381,10.267909,10.267909,0.401731,-0.15844
210435,33857.0,336.85321,10.458409,10.459044,10.459044,0.191135,-2.77442
210436,33858.0,337.14978,10.717236,10.721338,10.721338,0.262294,-7.62453
210437,33859.0,337.579681,10.798834,10.807388,10.807388,0.08605,-6.48235
210438,33860.0,338.145813,10.778524,10.793381,10.793381,-0.014007,-6.97875
210439,33861.0,338.712311,10.537293,10.552509,10.552509,-0.240872,-2.51253
210440,33862.0,339.280212,10.316911,10.332529,10.332529,-0.21998,-3.15627
210441,33863.0,339.650635,10.194339,10.201067,10.201067,-0.131462,-1.28746
210442,33864.0,339.926025,9.972955,9.976757,9.976757,-0.22431,0.38503
210443,33865.0,340.232544,9.668935,9.673792,9.673792,-0.302965,0.56648
210444,33866.0,340.340271,9.50264,9.503251,9.503251,-0.170541,0.90977
210445,33867.0,340.611877,9.724019,9.727812,9.727812,0.224561,-6.40212
210446,33868.0,340.785706,10.146818,10.148307,10.148307,0.420495,-8.3708
210447,33869.0,341.031097,10.514521,10.517385,10.517385,0.369078,-8.80897
210448,33870.0,341.526031,11.421403,11.432121,11.432121,0.914736,-25.68093
210449,33871.0,342.302399,11.356325,11.382832,11.382832,-0.049289,-9.86393
210450,33872.0,343.081085,11.008581,11.036086,11.036086,-0.346746,-3.81211
210451,33873.0,342.058716,10.729703,10.778301,10.778301,-0.257785,8.06905
210452,33874.0,342.015717,10.463208,10.463296,10.463296,-0.315005,2.83721
210453,33875.0,341.679688,10.330653,10.336116,10.336116,-0.12718,3.32958
210454,33876.0,341.296875,10.33065,10.337741,10.337741,0.001625,2.83191
210455,33877.0,340.547424,10.330648,10.357797,10.357797,0.020056,4.77845
210456,33878.0,339.767853,10.702142,10.730498,10.730498,0.372701,2.83471
210457,33879.0,338.909576,10.988597,11.022065,11.022065,0.291567,3.76511
210458,33880.0,338.049225,11.056074,11.089498,11.089498,0.067433,5.19379
210459,33881.0,337.538025,10.368167,10.380761,10.380761,-0.708737,7.76528
210500,33882.0,336.060608,7.911635,8.048399,8.048399,-2.332362,19.39647
210501,33883.0,336.060608,0.0,0.0,0.0,-8.048399,-0.35
210502,33884.0,336.060608,0.0,0.0,0.0,0.0,-0.35
210505,33887.0,330.35968,37.798772,38.22627,12.74209,4.247363,-73.57143
210506,33888.0,329.150818,9.672685,9.747932,9.747932,-2.994158,24.04594
210507,33889.0,328.764435,10.15756,10.164906,10.164906,0.416974,0.4193
210508,33890.0,328.435364,10.269012,10.274283,10.274283,0.109377,1.89087
210509,33891.0,329.115723,9.854633,9.878091,9.878091,-0.396192,-2.32911
210510,33892.0,329.851227,7.197849,7.235329,7.235329,-2.642762,7.11455
210511,33893.0,329.716095,8.840359,8.841391,8.841391,1.606062,-27.92305
210512,33894.0,329.618103,9.335986,9.336501,9.336501,0.49511,-10.45586
210513,33895.0,329.571899,9.358846,9.35896,9.35896,0.022459,0.70845
210514,33896.0,329.802582,9.223511,9.226396,9.226396,-0.132564,-0.04053
210515,33897.0,330.021576,9.060061,9.062707,9.062707,-0.163689,0.15307
210516,33898.0,330.147125,8.750738,8.751639,8.751639,-0.311068,1.34513
210517,33899.0,330.210754,8.332461,8.332704,8.332704,-0.418935,2.08028
210518,33900.0,330.11615,8.336364,8.336901,8.336901,0.004197,0.95439
210519,33901.0,330.33609,8.703024,8.705803,8.705803,0.368902,-7.83104
210520,33902.0,331.307251,9.669861,9.718506,9.718506,1.012703,-34.26143
210521,33903.0,332.206848,9.383857,9.426879,9.426879,-0.291627,-8.88582
210522,33904.0,332.696411,9.131793,9.144907,9.144907,-0.281972,-1.61582
210523,33905.0,332.503296,1.879275,1.889171,1.889171,-7.255736,8.71421
210524,33906.0,332.503296,0.0,0.0,0.0,-1.889171,-0.35
210528,33910.0,330.543793,52.677004,52.713437,13.178359,3.29459,-80.16283
210529,33911.0,329.806335,9.958338,9.985607,9.985607,-3.192752,22.97584
210530,33912.0,329.715668,9.632964,9.633391,9.633391,-0.352216,3.04903
210531,33913.0,330.510193,8.432599,8.469946,8.469946,-1.163445,1.63617
210532,33914.0,331.383118,6.707423,6.763987,6.763987,-1.705959,1.96686
210533,33915.0,331.66806,4.742653,4.751205,4.751205,-2.012782,3.92915
210534,33916.0,332.280884,3.009197,3.070964,3.070964,-1.680241,-1.1014
210535,33917.0,332.280884,0.0,0.0,0.0,-3.070964,-0.35
210536,33918.0,332.448029,2.997859,3.002515,3.002515,3.002515,-19.92802
210537,33919.0,332.448029,1.764404,1.764404,1.764404,-1.238111,1.04586
210538,33920.0,332.859344,6.54068,6.5536,6.5536,4.789196,-66.29924
210539,33921.0,332.998779,4.372534,4.374756,4.374756,-2.178844,4.69055
210540,33922.0,333.32077,5.345723,5.355412,5.355412,0.980656,-14.88904
210541,33923.0,333.595551,5.854971,5.861415,5.861415,0.506003,-9.44615
210542,33924.0,334.144012,5.867523,5.893101,5.893101,0.031686,-9.25438
210543,33925.0,334.262726,5.436328,5.437624,5.437624,-0.455477,0.88176
210544,33926.0,334.675171,4.925451,4.942689,4.942689,-0.494935,-1.95758
210545,33927.0,335.067902,4.463138,4.480384,4.480384,-0.462305,-2.45338
210546,33928.0,335.318817,3.635136,3.643786,3.643786,-0.836598,0.29887
210547,33929.0,335.560242,2.390129,2.402291,2.402291,-1.241495,0.20447
