135922.528,0,252.431777815124,0.0,0.0,0,0,-0.35
135932.610,10.0820000000022,251.525033683641,188.478262,188.480443,18.694747,1.85427,-82.33642
135936.475,13.9470000000001,251.934439475251,53.198752,53.200328,13.764638,-1.275578,9.63243
135945.115,22.5869999999995,249.632866058663,204.895628,204.908554,23.716268,1.151809,-78.11783
135947.481,24.9530000000013,248.827050272437,51.277911,51.284242,21.675504,-0.862538,4.41129
135950.125,27.5970000000016,247.934817843053,55.248022,55.255226,20.898346,-0.293933,-1.84024
135952.535,30.0070000000051,246.666038933861,49.909072,49.925197,20.715849,-0.075725,-3.17892
135955.152,32.6240000000034,244.825855617748,54.520089,54.551136,20.844912,0.049317,-3.8573
135957.642,35.1140000000014,240.723164833279,51.912489,52.074356,20.913396,0.027504,1.71993
140000.117,37.5889999999999,240.623861684333,50.022898,50.022996,20.211312,-0.28367,-2.8623
140002.684,40.1560000000027,236.719482603582,53.849793,53.991151,21.032782,0.320012,-2.75976
140005.102,42.5740000000005,235.555688071144,50.646905,50.660274,20.951313,-0.033693,-4.25932
140007.628,45.0999999999985,235.940971150046,49.946154,49.94764,19.773412,-0.466311,-1.36785
140010.126,47.5979999999981,236.679550318448,47.975426,47.981111,19.207811,-0.226422,-4.33023
140012.688,50.1600000000035,238.22722867889,45.32535,45.351766,17.701704,-0.587864,-0.84656
140015.145,52.6169999999984,238.63957407904,44.002262,44.004194,17.909725,0.084665,-5.52977
140017.594,55.0659999999989,239.908513942576,44.402252,44.420381,18.138171,0.093281,-11.30903
140020.152,57.6240000000034,238.043706479029,41.738175,41.779813,16.333,-0.705696,8.80846
140022.676,60.148000000001,237.636797751116,42.689816,42.691755,16.914324,0.230319,-3.99949
140025.101,62.573000000004,234.163273009372,40.12423,40.274299,16.607958,-0.126336,7.07283
140027.581,65.0529999999999,232.27399312631,38.744561,38.790597,15.64137,-0.389753,6.45316
140030.122,67.5940000000046,231.786378700262,38.206519,38.209631,15.037242,-0.237752,2.22791
140032.672,70.1440000000002,231.166391910848,33.488399,33.494137,13.134956,-0.745995,7.51628
140035.173,72.6450000000041,229.48593661525,32.835859,32.878832,13.146274,0.004525,4.21187
140037.581,75.0529999999999,228.59341401305,30.203964,30.217148,12.548649,-0.248183,4.69457
140040.133,77.6050000000032,227.711566320268,33.504271,33.515874,13.13318,0.229048,0.63185
140042.668,80.1399999999994,226.49054460048,36.777004,36.797268,14.515688,0.545368,-14.36014
140045.195,82.6670000000013,225.25050384698,40.86896,40.887768,16.180359,0.658754,-22.40372
140047.642,85.1140000000014,223.343868333863,40.305292,40.350363,16.489728,0.126428,1.00782
140050.148,87.6200000000026,222.362709539179,44.760113,44.770866,17.865469,0.548979,-25.98052
140052.683,90.1549999999988,222.442385263823,47.937596,47.937663,18.910321,0.41217,-14.33525
140055.110,92.5820000000022,222.329811346093,45.305248,45.305388,18.667238,-0.100158,-3.17707
140057.653,95.125,220.132358289716,44.03185,44.086649,17.336472,-0.523306,7.16378
140100.030,97.5020000000004,219.659509678208,43.356519,43.359098,18.241101,0.380576,-24.87579
140102.681,100.152999999998,220.732438067275,47.935273,47.947279,18.086488,-0.058323,-5.57723
140105.074,102.546000000002,222.252965100587,44.939762,44.965478,18.790421,0.294163,-21.44062
140110.394,107.866000000002,222.363596129558,57.826311,57.826417,10.869627,-1.488871,10.11034
140114.656,112.128000000004,224.033745489231,67.966326,67.986843,15.951864,1.192454,-41.82325
140117.107,114.579000000005,225.6680981032,27.816152,27.864124,11.368472,-1.870009,9.44636
140119.726,117.198000000004,225.788161769055,15.346025,15.346494,5.859677,-2.103396,7.11361
140122.202,119.673999999999,225.780227416815,4.660247,4.660254,1.88217,-1.606424,1.59504
140125.749,123.221000000005,225.803529119714,1.97077,1.970908,0.555655,-0.373982,-0.21863
140127.153,124.625,225.789687963716,1.111949,1.112035,0.792048,0.168371,-0.3033
140129.596,127.067999999999,225.789687963716,0.0,0.0,0.0,-0.324211,-0.35
140132.208,129.68,225.777688792147,1.377791,1.377843,0.527505,0.201954,-0.34055
140134.683,132.154999999999,225.791121331736,1.627115,1.627171,0.657443,0.0525,-0.34471
140137.074,134.546000000002,225.828191586905,3.43896,3.43916,1.438377,0.326614,-1.15292
140139.584,137.056000000004,225.770284259783,4.133372,4.133777,1.646923,0.083086,-0.15569
140142.044,139.516000000003,225.822665815402,3.71152,3.71189,1.508898,-0.056108,-0.29239
140144.683,142.154999999999,225.828191586905,0.813558,0.813576,0.30829,-0.454948,-0.2417
140147.164,144.635999999999,225.776154162583,3.94154,3.941884,1.588829,0.516138,-2.01535
140149.646,147.118000000002,225.726379720361,3.438959,3.439319,1.385705,-0.081839,-0.04967
140152.215,149.686999999998,225.800771309633,5.559746,5.560244,2.164361,0.303097,-1.56361
140154.721,152.192999999999,225.795869504467,1.377791,1.3778,0.5498,-0.644278,-0.08491
140157.166,154.637999999999,225.77672046634,4.067789,4.067834,1.663736,0.455598,-2.16842
140159.722,157.194000000003,225.79637069193,3.941542,3.941591,1.542093,-0.047591,-0.21821
140202.153,159.625,225.797488252012,1.377791,1.377791,0.566759,-0.401207,-0.17128
140205.503,162.974999999999,225.788209889214,1.970771,1.970793,0.588296,0.006429,-0.28582
140207.139,164.611000000004,225.725149921625,3.941541,3.942045,2.409563,1.113244,-5.57184
140209.718,167.190000000002,225.784380081587,3.30191,3.302441,1.280512,-0.437786,-0.04411
140212.430,169.902000000002,225.799106999556,3.301911,3.301943,1.217531,-0.023223,-0.25977
140214.686,172.158000000003,225.775497143362,3.433622,3.433703,1.522031,0.134973,-0.27873
140220.032,177.504000000001,225.718576647845,3.433621,3.434093,0.642367,-0.164546,-0.1722
140222.179,179.650999999998,225.756755354935,8.567075,8.56716,3.990294,1.559351,-11.70926
140224.682,182.154000000002,226.074279260944,16.419214,16.422284,6.56104,1.027066,-13.96153
140227.641,185.113000000005,226.615416827043,23.649186,23.655377,7.994382,0.484401,-8.88278
140229.813,187.285000000003,227.498178882849,32.19719,32.209289,14.829323,3.146842,-95.89537
140232.130,189.601999999999,228.314119678364,40.089475,40.097777,17.305903,1.068874,-40.64262
140234.615,192.087,229.545080535768,43.993545,44.010763,17.710569,0.162843,-12.98036
140237.091,194.563000000002,230.657929603895,43.334064,43.348351,17.507411,-0.082051,-4.98833
140240.434,197.906000000003,231.701543872285,59.122278,59.131488,17.688151,0.054065,-5.78993
140241.475,198.947,232.396780465286,19.217676,19.230248,18.472861,0.753804,-38.35907
140242.515,199.987000000001,233.295794207176,16.443965,16.468521,15.835117,-2.536292,16.85041
140244.514,201.986000000004,233.872632169367,35.455672,35.460364,17.739052,0.952444,-36.49616
140246.515,203.987000000001,234.085816602776,38.745626,38.746213,19.363425,0.811781,-31.59288
140248.519,205.991000000002,234.490733709758,36.773701,36.77593,18.351263,-0.505071,0.07781
140250.514,207.986000000004,235.201855401706,37.424762,37.431518,18.762666,0.206217,-12.81151
140251.475,208.947,235.852034415868,18.462802,18.474246,19.223981,0.480036,-29.74807
140252.513,209.985000000001,236.402985311273,17.119265,17.128129,16.501087,-2.623212,19.96912
140254.514,211.986000000004,237.217301184569,35.580688,35.590005,17.78611,0.64219,-28.06532
140255.475,212.947,237.534827505736,17.736368,17.73921,18.459115,0.700317,-29.90503
140256.515,213.987000000001,237.661803742708,17.133558,17.134029,16.475028,-1.907776,15.41622
140257.475,214.947,237.67557432033,16.443688,16.443694,17.128848,0.681063,-20.66242
140258.515,215.987000000001,237.64869459217,16.418709,16.418731,15.787241,-1.290007,10.43789
140300.534,218.006000000001,237.509261786683,35.455096,35.45537,17.560857,0.878463,-42.55985
140301.503,218.974999999999,237.451950595398,15.781526,15.78163,16.286512,-1.315114,10.78958
140302.514,219.986000000004,237.241030409935,17.861387,17.862632,17.668281,1.366735,-57.20164
140303.488,220.959999999999,237.194231731569,16.443582,16.443649,16.882597,-0.806657,5.60261
140304.515,221.987000000001,237.342679084689,18.386551,18.38715,17.903749,0.994306,-35.58962
140305.476,222.948000000004,237.408631825424,16.418598,16.41873,17.085047,-0.851927,5.27907
140306.937,224.409,237.337023505313,17.133373,17.133523,11.727257,-3.667207,26.28463
140310.515,227.987000000001,237.450240148866,66.333115,66.333212,18.539187,1.903837,-68.0686
140313.101,230.573000000004,237.418225900378,32.833064,32.83308,12.696473,-2.259363,17.47845
140315.485,232.957000000002,237.555262650541,43.997871,43.998084,18.455572,2.415729,-86.73433
140318.515,235.987000000001,237.652959833958,39.421232,39.421353,13.010348,-1.797104,13.94116
140319.476,236.948000000004,237.658222245628,11.234133,11.234134,11.690046,-1.373883,10.24622
140320.516,237.988000000005,237.69662891366,12.504021,12.50408,12.023154,0.320296,-4.13519
140321.474,238.946000000004,237.795128065638,10.534929,10.535389,10.997275,-1.070855,7.08756
140322.515,239.987000000001,237.912843091035,9.992834,9.993527,9.59993,-1.34231,7.48556
140323.473,240.945,238.04302900414,10.011998,10.012845,10.451821,0.889239,-17.56607
140324.540,242.012000000002,238.160811218947,10.633671,10.634323,9.966564,-0.454786,2.67548
140327.875,245.347000000002,238.355608645392,33.573688,33.574253,10.067242,0.030188,0.16461
140329.232,246.704000000005,238.223600456677,14.845856,14.846443,10.940636,0.643621,-16.14382
140330.195,247.667000000001,238.090157617343,12.472535,12.473249,12.952491,2.089154,-56.23588
140332.197,249.669000000002,237.934693627126,18.903138,18.903777,9.442446,-1.753269,10.69755
140333.237,250.709000000003,237.916292331175,5.792918,5.792947,5.570141,-3.72337,12.35713
140334.195,251.667000000001,237.911924369266,2.223899,2.223903,2.321402,-3.391168,4.47032
140335.235,252.707000000002,237.911924369266,0.0,0.0,0.0,-2.232117,-0.35
140336.195,253.667000000001,237.902828638798,1.626997,1.627023,1.694815,1.765432,-6.52723
140337.235,254.707000000002,237.895706485726,1.377756,1.377774,1.324783,-0.3558,0.07831
140338.195,255.667000000001,237.879352397596,3.711469,3.711505,3.866151,2.647258,-21.24025
140339.235,256.707000000002,237.876521154916,1.377756,1.377759,1.324768,-2.443637,1.6684
140340.195,257.667000000001,237.871990612935,2.223899,2.223903,2.316566,1.033123,-5.6279
140341.235,258.707000000002,237.850138015313,4.736035,4.736085,4.553928,2.15131,-20.52323
140344.190,261.662000000004,237.763435786271,16.203744,16.203976,5.483579,0.314603,-4.83917
140346.111,263.582999999999,237.683070573771,18.640369,18.640542,9.703562,2.196764,-44.63695
140347.154,264.626000000004,237.663740018806,10.316265,10.316283,9.890971,0.179683,-0.27807
140348.115,265.587,237.65201784036,11.604147,11.604153,12.075081,2.272747,-58.31365
140349.155,266.627,237.605839750152,11.443206,11.443299,11.003172,-1.030682,7.67681
140350.115,267.587,237.542383702856,12.650303,12.650463,13.177565,2.264993,-63.39923
140351.154,268.626000000004,237.538618752639,11.824079,11.82408,11.38025,-1.729851,12.36724
140352.115,269.587,237.556887102767,12.896878,12.896891,13.420282,2.122822,-52.38347
140353.151,270.623,237.555041958244,12.399814,12.399814,11.968933,-1.400916,10.7426
140355.152,272.624000000003,237.652609218776,33.691762,33.691904,16.837533,2.433083,-78.65039
140356.115,273.587,237.646874837912,15.588531,15.588532,16.187468,-0.675042,4.45593
140358.061,275.533000000003,237.715516753859,22.253859,22.253965,11.435748,-2.441788,16.95887
140403.484,280.955999999998,240.138540454143,113.430494,113.45637,20.92133,1.749139,-80.07491
140404.435,281.906999999999,240.289936981133,16.679239,16.679926,17.539354,-3.556231,32.19137
140405.475,282.947,240.375607822077,16.7584,16.758619,16.114057,-1.370478,10.52682
140406.436,283.908000000003,240.352266597214,14.45534,14.455359,15.041997,-1.115567,8.96855
140407.474,284.946000000004,240.348882062739,13.368165,13.368165,12.878772,-2.084032,16.24174
140410.522,287.993999999999,239.653054826316,37.815026,37.821427,12.408605,-0.154254,3.25717
140411.475,288.947,239.288268739984,12.231442,12.23688,12.840378,0.453067,-0.61656
140412.515,289.987000000001,239.197164599687,11.237883,11.238252,10.806012,-1.956121,13.61187
140415.485,292.957000000002,238.971801245608,36.703341,36.704033,12.35826,0.522642,-16.27918
140416.514,293.986000000004,238.830913582282,12.231442,12.232253,11.887515,-0.457478,4.89368
140417.472,294.944000000003,238.827967012231,13.368164,13.368164,13.954242,2.157335,-66.22019
140418.515,295.987000000001,238.851479295461,13.564714,13.564735,13.005498,-0.90963,7.26049
140420.529,298.001000000004,238.732691778026,31.230072,31.230298,15.506603,1.241859,-46.36552
140424.509,301.981,238.209162922387,66.716956,66.71901,16.76357,0.315821,-19.89062
140425.473,302.945,238.247902344175,15.588528,15.588576,16.170722,-0.614988,3.63405
140426.515,303.987000000001,238.020526833676,16.758394,16.759936,16.084392,-0.08285,0.16748
140427.476,304.948000000004,237.684499433598,14.478209,14.482108,15.069832,-1.055734,10.30044
140428.514,305.986000000004,237.452982314483,12.339161,12.341333,11.88953,-3.063875,23.46741
140429.475,306.947,237.323184423873,10.040548,10.041387,10.448894,-1.499101,10.64005
140430.510,307.982000000004,237.293944714492,11.149206,11.149244,10.772217,0.312389,-10.18147
140431.467,308.938999999998,237.371138316984,7.783645,7.784028,8.13378,-2.756987,13.05538
140432.503,309.974999999999,237.544900772077,6.867184,6.869382,6.630677,-1.450872,4.91834
140433.468,310.940000000002,237.640699494585,3.335848,3.337223,3.458262,-3.287477,6.0183
140434.506,311.978000000003,237.756209054176,3.335848,3.337847,3.215652,-0.233728,-0.26706
140435.470,312.942000000003,237.836216804689,2.367994,2.369345,2.457827,-0.786126,0.51563
140436.510,313.982000000004,237.91804984303,2.367994,2.369407,2.278276,-0.172645,-0.42866
140438.511,315.983,238.046749527456,3.335848,3.33833,1.668331,-0.30482,-0.27745
140441.470,318.942000000003,238.261044451742,5.792879,5.796842,1.959054,0.09825,-1.5514
140442.519,319.991000000002,238.221732611956,1.377715,1.378276,1.313895,-0.615023,0.44911
140443.470,320.942000000003,238.261044451742,1.377715,1.378276,1.449291,0.142372,-1.13007
140444.510,321.982000000004,238.261044451742,0.0,0.0,0.0,-1.393549,-0.35
140445.471,322.942999999999,238.261044451742,0.0,0.0,0.0,0.0,-0.35
140446.515,323.987000000001,238.357107935722,2.367993,2.369941,2.270058,2.174385,-11.13895
140447.470,324.942000000003,238.409810205246,1.377715,1.378722,1.443688,-0.865309,0.18741
140448.515,325.987000000001,238.539969492874,3.335848,3.338386,3.194628,1.675541,-12.3043
140449.550,327.022000000004,238.616326798068,2.367993,2.369224,2.289105,-0.874901,0.59464
140450.514,327.986000000004,238.713515209692,2.367993,2.369986,2.458492,0.175713,-2.41938
140451.550,329.022000000004,238.79868103483,2.223899,2.225529,2.148194,-0.299515,-0.25912
140452.510,329.982000000004,238.835868907406,1.111949,1.112571,1.158928,-1.030485,0.2248
140453.550,331.022000000004,238.885427789727,1.377714,1.378605,1.325582,0.160244,-1.29957
140454.510,331.982000000004,238.997844636432,3.335848,3.337741,3.476814,2.240867,-16.85634
140455.549,333.021000000001,239.133371887899,4.521566,4.523597,4.353799,0.844066,-8.76595
140457.551,335.023000000001,239.479942886018,10.040547,10.046527,5.018245,0.331891,-5.43114
140458.509,335.981,239.605622383487,5.559746,5.561167,5.804976,0.821222,-10.44337
140459.550,337.022000000004,239.730703797729,7.826033,7.827032,7.518763,1.646289,-24.53999
140500.510,337.982000000004,239.854551726247,7.826033,7.827012,8.153138,0.660807,-10.75587
140501.574,339.046000000002,239.94317426922,6.671696,6.672284,6.270944,-1.768979,6.22291
140502.510,339.982000000004,240.080642228132,9.043131,9.044176,9.662581,3.623544,-68.5702
140503.550,341.022000000004,240.154987317135,10.040547,10.040822,9.654636,-0.007639,0.25555
140504.509,341.981,240.173184317238,11.149205,11.14922,11.625881,2.055521,-43.38732
140505.550,343.022000000004,240.13343591823,10.040546,10.040625,9.645173,-1.902697,11.54605
140506.509,343.981,240.060411369877,11.237869,11.238106,11.718568,2.162039,-52.81204
140507.550,345.022000000004,239.963706226243,10.040546,10.041012,9.645545,-1.991377,12.35871
140508.508,345.980000000003,239.877015947219,11.149204,11.149541,11.638352,2.080174,-50.28682
140509.549,347.021000000001,239.797257617356,12.339155,12.339412,11.853422,0.206599,-0.05834
140510.508,347.980000000003,239.604453615691,11.237868,11.239522,11.720043,-0.139081,3.01336
140511.548,349.020000000004,239.275873416748,13.442196,13.446211,12.929049,1.162506,-29.20065
140514.509,351.981,238.200529906935,35.915515,35.93161,12.134958,-0.268183,4.9581
140515.550,353.022000000004,237.923523046675,12.339152,12.342261,11.856159,-0.267818,4.30797
140516.509,353.981,237.804996208526,12.339152,12.339721,12.86728,1.054349,-29.94977
140517.550,355.022000000004,237.752419692475,12.47248,12.472591,11.981356,-0.851032,7.18967
140518.513,355.985000000001,237.710941237339,12.65678,12.656848,13.143144,1.206426,-36.35767
140519.549,357.021000000001,237.66136918922,14.659857,14.659941,14.150522,0.972373,-33.59983
140520.510,357.982000000004,237.652688462906,13.564683,13.564685,14.115177,-0.036779,0.10376
140521.554,359.025999999998,237.65974237796,14.207889,14.207891,13.609091,-0.484757,3.9113
140523.550,361.022000000004,237.897978366825,32.745341,32.746208,16.405916,1.401215,-44.55529
140524.510,361.982000000004,237.875702201495,15.903652,15.903668,16.566321,0.167089,-3.792
140526.512,363.984000000004,237.147286425334,35.915498,35.922884,17.943499,0.687901,-31.64624
140527.550,365.022000000004,236.578950458652,18.250101,18.258948,17.590509,-0.340067,3.28175
140528.507,365.978999999999,236.108365860466,17.957747,17.963912,18.771068,1.233604,-52.21542
140529.546,367.018000000004,235.768715993378,20.277797,20.280642,19.519386,0.720229,-39.29592
140530.590,368.061999999998,235.625011913644,16.856786,16.857399,16.146934,-3.230318,29.30356
140532.590,370.061999999998,234.971203493736,35.612654,35.618655,17.809328,0.831197,-36.89673
140533.550,371.022000000004,235.25021162178,17.167886,17.170153,17.885576,0.079425,-6.26432
140534.590,372.061999999998,235.499508627,16.856783,16.858626,16.210218,-1.610921,11.88916
140536.590,374.061999999998,235.374538217321,36.694326,36.694539,18.347269,1.068526,-52.56004
140537.551,375.023000000001,235.319836450293,16.699059,16.699149,17.376846,-1.009805,7.44511
140538.595,376.067000000003,235.161016333028,15.56729,15.5681,14.911973,-2.360989,20.55592
140540.590,378.061999999998,234.961604026033,32.287533,32.288149,16.184536,0.637876,-29.2692
140542.597,380.069000000003,235.161310595841,33.398117,33.398714,16.641113,0.227492,-6.61885
140543.550,381.022000000004,235.215701831039,15.56729,15.567385,16.335136,-0.321067,0.64275
140544.590,382.061999999998,235.156886310873,15.588523,15.588634,14.989071,-1.294293,10.72488
140545.549,383.021000000001,235.070515155597,15.56729,15.567529,16.233086,1.2972,-50.59937
140546.590,384.061999999998,234.983498638606,16.679239,16.679466,16.022542,-0.202252,0.56665
140547.564,385.036,234.85465148629,15.588523,15.589055,16.00519,-0.017815,-0.86322
140548.590,386.061999999998,234.702185331913,15.757355,15.758092,15.358764,-0.630045,5.27411
140549.550,387.022000000004,234.530748455796,14.45534,14.456357,15.058705,-0.312561,2.79431
140550.670,388.142,234.352418495082,17.791188,17.792082,15.885787,0.738466,-30.3466
140551.548,389.020000000004,234.31108379616,13.368156,13.36822,15.225763,-0.751736,5.8363
140552.590,390.061999999998,234.258036063507,16.679239,16.679323,16.007028,0.749774,-33.17944
140553.547,391.019,233.900111991993,15.588522,15.592631,16.29324,0.299072,-2.75361
140554.587,392.059000000001,233.427398878259,16.699057,16.705747,16.063218,-0.221175,2.83505
140555.550,393.022000000004,233.276143676844,14.45534,14.456132,15.011559,-1.092065,9.52796
140556.591,394.063000000002,233.270362664166,15.56729,15.567291,14.95417,-0.055129,-0.3766
140558.596,396.067999999999,233.104175265109,30.066664,30.067124,14.996072,0.020899,-0.63152
140559.630,397.101999999999,233.011712885784,14.45534,14.455636,13.980306,-0.982366,8.37019
140601.550,399.022000000004,233.014941122692,33.368391,33.368391,17.379371,1.770346,-58.00002
140602.590,400.061999999998,233.120254931713,17.809769,17.81008,17.125077,-0.244513,-0.99674
140603.549,401.021000000001,233.216018454268,15.56729,15.567584,16.233143,-0.930067,6.24177
140604.589,402.061000000002,233.373793344988,17.809769,17.810467,17.125449,0.857987,-29.23953
140605.548,403.020000000004,233.558440056398,16.699056,16.700077,17.414053,0.300943,-11.62801
140606.591,404.063000000002,233.608153686681,16.699056,16.69913,16.010671,-1.345524,10.50437
140607.630,405.101999999999,233.594112500204,16.699056,16.699062,16.072245,0.059263,-2.32586
140609.638,407.110000000001,233.954685656501,36.730361,36.73213,18.292894,1.105901,-41.2322
140610.589,408.061000000002,234.171305885457,17.809768,17.811085,18.728796,0.458362,-19.56384
140611.629,409.101000000002,234.263495075896,16.856752,16.857004,16.208658,-2.42321,20.4354
140613.627,411.099000000002,234.200438799174,36.694326,36.69438,18.365556,1.079529,-53.63038
140615.786,413.258000000002,234.016850337574,41.174264,41.174673,19.071178,0.326828,-27.54292
140616.867,414.339,233.966033160934,18.920625,18.920693,17.502954,-1.450716,11.83383
140619.799,417.271000000001,234.411313479699,55.597463,55.599246,18.962908,0.497938,-19.91996
140620.830,418.302000000003,234.619235347867,20.031603,20.032682,19.430341,0.453378,-19.91307
140621.790,419.262000000002,234.835506619802,16.679239,16.680641,17.375668,-2.140284,17.29077
140622.830,420.302000000003,234.888969412706,20.031603,20.031674,19.261225,1.813036,-68.12982
140623.789,421.260999999999,234.680553014391,17.809767,17.810986,18.572457,-0.718215,4.60081
140624.831,422.303,234.499143359896,20.163242,20.164058,19.351304,0.747454,-42.63028
140625.789,423.260999999999,234.099841037105,18.920624,18.924837,19.754527,0.420901,-8.31583
140626.831,424.303,233.175708281261,18.903138,18.925713,18.162873,-1.527499,17.30047
140627.789,425.260999999999,232.288655485731,17.809766,17.831843,18.613615,0.470503,-4.28255
140628.827,426.298999999999,231.641730974496,18.972985,18.984011,18.289028,-0.312704,2.80081
140629.792,427.264000000003,231.398293237514,19.059934,19.061489,19.752838,1.516902,-72.49106
140630.828,428.300000000003,231.446040706609,18.920623,18.920684,18.263208,-1.437867,10.98321
140631.866,429.338000000003,231.635174011558,17.957694,17.95869,17.301243,-0.926749,5.27198
140633.900,431.372000000003,233.128790917671,36.838235,36.868502,18.126107,0.405538,-26.55671
140635.875,433.347000000002,233.823007424461,36.918934,36.925461,18.696436,0.288774,-15.67837
140636.836,434.308000000005,233.963848311002,17.95769,17.958242,18.687037,-0.00978,-5.28996
140637.867,435.339,234.18760166287,17.809765,17.811171,17.275626,-1.368973,9.5422
140639.872,437.344000000005,234.972922976738,39.130065,39.137945,19.520172,1.119474,-49.20212
140641.869,439.341,236.019464002074,39.130063,39.144055,19.60143,0.04069,-10.50799
140643.892,441.364000000001,235.745960737867,39.053932,39.054889,19.305432,-0.146316,-2.87197
140645.868,443.340000000004,234.729572258451,43.396511,43.408411,21.967819,1.347362,-72.58485
140647.868,445.340000000004,235.222995009038,43.373646,43.376452,21.688226,-0.139796,-8.10467
140649.869,447.341,236.122296479278,45.597172,45.60604,22.791624,0.551423,-34.33982
140650.830,448.302000000003,237.24114445844,22.238985,22.267112,23.170772,0.394535,-41.66199
140651.869,449.341,238.092740150125,22.253848,22.270137,21.434203,-1.671385,8.1108
140652.831,450.303,238.66277072185,22.253848,22.261148,23.140486,1.773683,-93.20511
140653.867,451.339,238.431591494364,22.253848,22.255049,21.481708,-1.601137,13.17757
140654.824,452.296000000002,238.036247931948,20.163216,20.167092,21.073241,-0.42682,0.01781
140657.247,454.719000000005,237.614446854784,51.38185,51.383581,21.206596,0.055037,-7.46403
140658.204,455.675999999999,237.163853813933,20.031599,20.036667,20.936956,-0.281755,-1.26994
140659.241,456.713000000003,236.145901197885,23.407504,23.429628,22.593662,1.597595,-78.14979
140700.200,457.671999999999,235.415695546974,21.375966,21.388434,22.302851,-0.303244,-1.05949
140701.250,458.722000000002,235.347114905763,22.475602,22.475706,21.405434,-0.854683,2.98942
140702.199,459.671000000002,235.792308190398,21.375963,21.380598,22.529608,1.184588,-62.21456
140705.070,462.542000000001,237.884949780479,64.87115,64.904894,22.607068,0.02698,-16.12853
140706.102,463.574000000001,238.197769627591,21.514709,21.516983,20.84979,-1.702789,11.69102
140710.109,467.580999999998,236.643689567924,83.068035,83.082571,20.734358,-0.028808,-4.56239
140711.076,468.548000000003,235.483994745616,20.277654,20.310789,21.003918,0.278759,-4.0502
140712.107,469.579000000005,234.444347416819,20.163201,20.189986,19.582915,-1.378276,15.88332
140713.070,470.542000000001,233.545041033773,20.08105,20.101177,20.873496,1.340167,-58.32778
140714.110,471.582000000002,232.996766331094,17.957652,17.96602,17.275019,-3.460074,34.87777
140715.069,472.541000000005,232.47232331418,17.16762,17.175629,17.909936,0.662062,-27.10254
140719.069,476.541000000005,229.994229816984,62.908293,62.957082,15.739271,-0.542666,6.97983
140720.110,477.582000000002,229.317387853359,14.478193,14.494005,13.923155,-1.744588,17.77908
140721.071,478.543000000005,229.212170226265,11.839462,11.839929,12.320426,-1.667772,13.4972
140722.123,479.595000000001,229.304312213762,14.546533,14.546825,13.82778,1.432846,-36.79319
140723.071,480.543000000005,229.284825931689,11.237787,11.237804,11.854223,-2.081811,15.44813
140724.110,481.582000000002,229.137871059657,12.33908,12.339955,11.876762,0.021693,1.59503
140725.149,482.620999999999,228.968046721557,11.383924,11.385191,10.957836,-0.884433,7.38964
140726.110,483.582000000002,228.640167710533,12.339079,12.343435,12.844365,1.963089,-48.57796
140727.069,484.541000000005,228.365067677058,10.138818,10.142549,10.576172,-2.365165,16.98204
140728.116,485.588000000003,228.145035505168,10.522818,10.525118,10.052644,-0.500027,4.80997
140729.070,486.542000000001,228.01341841416,9.043024,9.043982,9.480065,-0.600188,4.70853
140730.115,487.587,227.929936898364,11.237784,11.238094,10.754157,1.219227,-28.29458
140731.069,488.541000000005,227.954181606627,10.138816,10.138845,10.62772,-0.132534,1.42949
140732.110,489.582000000002,228.26585098438,11.237784,11.242105,10.799332,0.164853,-5.81214
140733.072,490.544000000002,228.782130874348,11.383918,11.395619,11.845758,1.087761,-31.63836
140736.110,493.582000000002,229.295842060168,36.838188,36.84177,12.126981,0.092568,-1.34182
140737.067,494.539000000004,229.369254657271,11.585404,11.585637,12.106203,-0.021712,0.71039
140738.109,495.580999999998,229.279569067774,13.564529,13.564826,13.018067,0.875109,-26.60864
140739.150,496.622000000003,228.949537076998,13.368143,13.372216,12.845548,-0.165724,3.64068
140741.149,498.620999999999,228.249998242958,27.810621,27.819417,13.916667,0.535827,-15.07954
140742.110,499.582000000002,228.238425563858,12.472307,12.472313,12.978473,-0.976268,7.96558
140743.150,500.622000000003,228.234236365858,10.300543,10.300544,9.904369,-2.955869,17.75835
140744.111,501.582999999999,228.164603768176,11.383908,11.384121,11.846119,2.020552,-50.20323
140745.149,502.620999999999,228.126925767083,7.422243,7.422339,7.150615,-4.523607,19.40181
140746.113,503.584999999999,228.187051455073,9.22398,9.224176,9.568647,2.508332,-45.39019
140747.143,504.614999999998,228.568800937486,6.867026,6.877629,6.67731,-2.807123,9.08516
140748.104,505.576000000001,229.505149148279,9.043015,9.091362,9.460315,2.895947,-69.64083
140749.147,506.618999999999,230.535361438806,6.867026,6.943873,6.657597,-2.68717,5.05281
140751.149,508.620999999999,232.544236931565,18.972958,19.079012,9.529976,1.434755,-43.2572
140753.150,510.622000000003,231.937339622213,20.081041,20.090209,10.040085,0.254927,0.91534
140754.109,511.580999999998,231.354507813563,8.895594,8.914667,9.295795,-0.776111,8.26332
140755.148,512.620000000003,230.774903528279,8.932677,8.951461,8.615458,-0.6548,6.97545
140756.109,513.580999999998,230.11961140119,10.04052,10.061881,10.47022,1.930033,-30.49595
140757.149,514.620999999999,229.677748466747,10.522774,10.532047,10.126968,-0.33005,5.06622
140758.110,515.582000000002,229.436886359616,9.043011,9.046218,9.413338,-0.742591,6.10355
140759.150,516.622000000003,229.389936327158,12.258437,12.258527,11.787045,2.282411,-56.51733
140800.110,517.582000000002,229.754708182201,11.383896,11.389739,11.864312,0.080486,-5.21716
140802.113,519.584999999999,231.614073630708,24.944588,25.013791,12.488163,0.311458,-21.43468
140803.354,520.826000000001,231.866422784028,15.588509,15.590551,12.562894,0.060218,-1.3572
140804.295,521.767,231.673765940313,14.478189,14.479471,15.387323,3.001519,-96.16748
140806.286,523.758000000002,231.448934553724,28.956378,28.957251,14.544074,-0.42353,3.67178
140807.324,524.796000000002,231.502519864752,13.343391,13.343499,12.855008,-1.627231,12.48722
140809.328,526.800000000003,232.436279985516,32.287505,32.301004,16.118266,1.628372,-57.48817
140812.284,529.756000000001,233.649001418792,50.064133,50.078819,16.941414,0.278467,-14.56273
140813.326,530.798000000003,233.732023394759,15.65199,15.65221,15.021315,-1.842705,14.74982
140817.150,534.622000000003,234.294105562153,65.610045,65.612452,17.158068,0.558774,-19.15139
140818.109,535.580999999998,235.067398374845,15.588507,15.607676,16.274949,-0.920875,2.09458
140819.150,536.622000000003,235.999333603786,15.588507,15.61634,15.001287,-1.223499,4.65707
140820.190,537.662000000004,236.617904434969,15.588507,15.600775,15.000745,-0.000521,-8.04811
140822.190,539.662000000004,237.175101629022,33.358478,33.363131,16.681566,0.840411,-30.1527
140826.189,543.661,238.989589800589,67.848394,67.872652,16.972406,0.072728,-8.58433
140827.150,544.622000000003,240.060662693103,16.758315,16.792508,17.473994,0.521944,-37.00678
140828.191,545.663,240.969427402552,15.588506,15.614973,14.999974,-2.37658,14.87544
140829.156,546.628000000004,242.189120038983,15.56729,15.614998,16.181345,1.224219,-60.24572
140830.190,547.662000000004,243.41785330218,16.699043,16.744188,16.193605,0.011857,-20.32455
140831.148,548.620000000003,244.040940506814,16.679239,16.690873,17.422623,1.2829,-54.00084
140832.190,549.662000000004,244.017995715999,14.546509,14.546527,13.960198,-3.322865,27.04952
140834.190,551.662000000004,243.93733191248,31.134579,31.134684,15.567342,0.803572,-33.59571
140836.194,553.666000000005,242.59507229835,32.246529,32.274452,16.105016,0.2683,-0.56559
140838.195,555.667000000001,243.247179100316,34.470427,34.476595,17.229683,0.562052,-22.82001
140842.434,559.906000000003,243.149877867486,77.853431,77.853492,18.366004,0.268063,-24.56703
140843.474,560.946000000004,242.85178375174,16.758309,16.76096,16.116307,-2.16317,20.09187
140845.475,562.947,241.858854921416,40.038429,40.050739,20.015362,1.948553,-86.165
140846.433,563.904999999999,241.557000033811,20.015087,20.017363,20.894951,0.918151,-53.04741
140847.474,564.946000000004,241.192960163336,22.238985,22.241965,21.36596,0.452458,-34.98352
140848.434,565.906000000003,240.904637558686,18.920612,18.922809,19.711259,-1.723647,15.74439
140849.475,566.947,240.566620764035,22.238985,22.241554,21.365566,1.589152,-83.09138
140850.434,567.906000000003,240.321871503204,20.081023,20.082515,20.9411,-0.442613,-0.5443
140851.474,568.946000000004,240.145265226648,21.127036,21.127774,20.315167,-0.601859,1.53273
140854.429,571.900999999998,239.513707627647,67.828905,67.831845,22.954939,0.893324,-63.4282
140855.469,572.940999999999,239.633240898857,22.25384,22.254161,21.398232,-1.496834,9.98045
140856.515,573.987000000001,240.019541790722,20.015087,20.018814,19.138446,-2.160407,16.91724
140858.395,575.866999999998,240.516663776175,22.238985,22.244541,11.832203,-3.886299,26.24351
140905.442,582.914000000004,238.310978255929,138.996036,139.013535,19.726626,1.120253,-55.83244
140917.099,594.571000000004,237.323387480002,334.597553,334.59901,28.703698,0.770101,-89.59124
140919.577,597.048999999999,238.425975402104,65.758354,65.767597,26.540596,-0.872923,-5.53305
140922.116,599.588000000003,238.391021213479,57.757314,57.757324,22.74806,-1.493712,9.86465
140924.621,602.093000000001,238.133407800782,56.395297,56.395886,22.513328,-0.093705,-7.86123
140927.164,604.635999999999,239.436044829163,48.187276,48.20488,18.95591,-1.398906,7.66542
140929.573,607.044999999998,239.599207329111,45.927454,45.927744,19.065066,0.045312,-5.89569
140932.242,609.714,239.460170685246,42.224481,42.22471,15.820423,-1.215677,9.8975
140934.672,612.144,240.465531440225,45.890518,45.90153,18.889518,1.263002,-53.1878
140937.167,614.639000000003,243.410098725694,45.266854,45.362524,18.181372,-0.283826,-10.63216
140939.714,617.186000000002,244.364888411475,46.455429,46.465239,18.243125,0.024245,-6.4566
140942.192,619.664000000004,245.170920646624,46.604717,46.611687,18.810205,0.228846,-13.09703
140944.667,622.139000000003,246.68808407971,48.134874,48.158778,19.458092,0.261773,-20.56187
140947.139,624.611000000004,245.322265312667,54.057618,54.07487,21.874947,0.977692,-55.47673
140949.644,627.116000000002,239.576080895544,56.802543,57.092447,22.791396,0.365848,-1.84131
140952.146,629.618000000002,237.61910887146,51.149666,51.187089,20.458469,-0.932425,8.84481
140954.625,632.097000000002,234.609216350674,49.033681,49.125974,19.816851,-0.258821,4.01246
140957.149,634.620999999999,237.295207086884,42.635434,42.719957,16.925498,-1.145544,2.56092
140959.619,637.091,238.839832910184,41.533691,41.562403,16.826884,-0.039925,-8.07976
141002.200,639.671999999999,240.289244324008,41.937349,41.962389,16.25819,-0.220339,-3.14323
141004.616,642.088000000003,241.101368271059,39.331929,39.340312,16.283242,0.010369,-4.06494
141007.156,644.628000000004,241.398957603654,39.331924,39.33305,15.485453,-0.31409,0.8371
141009.626,647.097999999998,241.077012784472,41.652799,41.654043,16.863985,0.55811,-28.18327
141012.199,649.671000000002,241.290608687515,45.21453,45.215035,17.572886,0.275515,-8.82048
141014.628,652.099999999999,240.941232160999,49.255473,49.256712,20.278597,1.11392,-61.42026
141017.108,654.580000000002,238.246343262012,53.379753,53.447736,21.551506,0.51327,-8.50058
141019.637,657.109000000004,237.346085807299,53.398313,53.405902,21.117399,-0.171652,-3.50305
141022.202,659.673999999999,236.829749299854,61.178809,61.180988,23.852237,1.066214,-76.11616
141026.416,663.887999999999,236.28160662999,59.13473,59.13727,14.033524,-2.330022,19.62955
141041.417,678.889000000003,235.907001284918,55.660871,55.684591,13.0715,-3.692223,26.42177
141052.230,689.702000000005,235.330532369938,244.630189,244.630868,22.623774,0.883406,-64.5063
141054.762,692.234000000004,234.595686731442,54.184415,54.189398,21.401816,-0.482606,-0.36582
141057.169,694.641000000003,233.833826232781,54.977584,54.982862,22.842901,0.598706,-47.72292
141059.693,697.165000000001,232.623405775548,58.740915,58.753384,23.277886,0.17234,-10.4593
141102.162,699.633999999998,231.936877510935,59.749046,59.75299,24.201292,0.374,-16.05269
141104.668,702.139999999999,230.67433118019,59.654935,59.668294,23.810173,-0.156073,-6.66672
141107.146,704.618000000002,230.164687466303,62.459596,62.461675,25.206487,0.563484,-58.51431
141109.706,707.178,228.35630951058,63.948376,63.97394,24.98982,-0.084636,-8.4262
141114.678,712.150000000001,228.367425282248,134.07431,134.074311,26.965871,0.397436,-25.53991
141117.219,714.690999999999,227.383436290424,67.915897,67.923025,26.730824,-0.092502,-13.19785
141119.669,717.141000000003,226.367498476686,71.256084,71.263326,29.087072,0.961734,-96.37401
141122.124,719.596000000005,225.669075088887,72.375028,72.378398,29.482036,0.160881,-23.51163
141124.604,722.076000000001,224.740098941548,71.604371,71.610397,28.87516,-0.244708,-14.83362
141126.999,724.471000000005,225.20792327345,70.862641,70.864185,29.588386,0.297798,-28.85734
141127.950,725.421999999999,225.72124164682,29.067207,29.071739,30.569652,1.031825,-80.05309
141128.991,726.463000000003,226.224282211605,31.699625,31.703616,30.454963,-0.110172,-25.28486
141129.956,727.428,226.536082841297,27.331314,27.333093,28.324448,-2.207788,14.66189
141131.949,729.421000000002,226.727673016536,57.752487,57.752805,28.977825,0.327836,-27.40683
141132.991,730.463000000003,226.794816205408,29.685316,29.685392,28.48886,-0.469256,-12.87659
141134.991,732.463000000003,227.639917793153,58.134087,58.14023,29.070115,0.290627,-31.09291
141136.030,733.502,227.849990677299,27.703114,27.70391,26.664014,-2.315785,18.13755
141138.196,735.668000000005,227.895368675629,63.809566,63.809583,29.459641,1.290687,-81.73131
141139.230,736.702000000005,227.720454753612,27.331127,27.331687,26.432966,-2.927152,29.81169
141143.231,740.703000000001,226.427867368646,113.399287,113.406654,28.344577,0.477783,-26.06626
141145.230,742.702000000005,226.962130499857,56.390149,56.39268,28.210445,-0.0671,-20.16872
141146.222,743.694000000003,227.949555441059,25.974408,25.99317,26.202792,-2.023844,9.37003
141148.190,745.662000000004,229.208741068512,54.426305,54.440869,27.663043,0.741997,-57.66751
141149.230,746.702000000005,229.240551536489,28.926946,28.926964,27.814388,0.145524,-21.48987
141150.189,747.661,229.26619894987,26.179603,26.179616,27.29887,-0.537558,-9.53496
141151.236,748.707999999999,229.52020733772,28.920831,28.921947,27.623636,0.310187,-26.5404
141152.191,749.663,230.522106737853,27.543617,27.561833,28.860558,1.295206,-99.69504
141153.231,750.703000000001,231.428845713389,29.577742,29.591637,28.453497,-0.391405,-18.72995
141154.190,751.662000000004,229.207220718462,27.944081,28.032255,29.230714,0.810445,-22.40614
141155.231,752.703000000001,225.919070407201,30.456944,30.633925,29.427401,0.18894,-7.4224
141156.205,753.677000000003,224.282532164076,27.618977,27.66742,28.405975,-1.048692,6.85895
141158.762,756.234000000004,221.39549777633,58.386967,58.458301,22.862065,-2.168131,25.17134
141207.228,764.700000000004,211.280487540658,30.534033,30.596486,29.476383,-2.432012,8.69707
141210.271,767.743000000002,216.281180787702,92.524725,92.659763,30.450136,0.319998,-58.4035
141212.271,769.743000000002,217.620779968498,63.560547,63.574662,31.787331,0.668598,-63.53425
141214.271,771.743000000002,221.149734217417,60.31144,60.414596,30.207298,-0.790017,-20.10676
141219.476,776.948000000004,222.477884424228,162.041973,162.047415,31.133029,0.177854,-30.67826
141220.429,777.900999999998,225.784981149716,27.618171,27.815467,29.187269,-2.041721,-6.84442
141221.470,778.942000000003,229.245418435805,29.695522,29.896466,28.718987,-0.449839,-44.68731
141222.511,779.983,231.023803461614,30.118745,30.171202,28.982903,0.253522,-53.59495
141223.470,780.942000000003,231.343200653483,25.7807,25.782679,26.884962,-2.187634,15.25783
141225.470,782.942000000003,231.851173042431,56.896551,56.898818,28.449409,0.782224,-54.35447
141226.432,783.904000000002,232.092577270767,27.129906,27.13098,28.202682,-0.256473,-16.94611
141227.471,784.942999999999,232.41991004067,27.330416,27.332376,26.306425,-1.825079,10.14281
141229.467,786.938999999998,231.615888197872,55.034865,55.040738,27.57552,0.635819,-69.96936
141230.511,787.983,230.915083242769,23.701643,23.712001,22.712645,-4.657926,55.58294
141236.511,793.983,229.571658174999,162.407374,162.41293,27.068822,0.726029,-75.61289
141238.511,795.983,230.47473021905,55.65086,55.658187,27.829093,0.380136,-34.68973
141240.512,797.984000000004,231.537560450519,53.373565,53.384146,26.678734,-0.574892,-10.85184
141242.520,799.991999999998,233.249750599343,57.872705,57.898027,28.833679,1.07318,-83.27226
141243.471,800.942999999999,233.726167970513,25.587733,25.592168,26.910797,-2.021958,11.67852
141245.711,803.183000000005,236.25836958966,62.269159,62.320624,27.821707,0.406656,-49.19369
141246.751,804.222999999998,237.667227222998,28.922093,28.956387,27.84268,0.020166,-32.4417
141247.791,805.262999999999,237.665490832567,28.922093,28.922093,27.809705,-0.031707,-18.42341
141249.711,807.183000000005,235.686298473133,55.603398,55.638612,28.978444,0.608718,-25.71109
141250.750,808.222000000002,234.942724147757,28.910681,28.920242,27.834689,-1.100823,2.97729
141251.710,809.182000000001,234.736182823043,25.587732,25.588566,26.654756,-1.229097,3.62923
141252.775,810.247000000003,234.320564647013,27.798732,27.801838,26.105013,-0.516191,-5.5996
141253.711,811.183000000005,234.237736970178,24.476369,24.476509,26.150116,0.048187,-16.00651
141255.018,812.489999999998,234.488239812791,33.358478,33.359419,25.523656,-0.479311,-8.60346
141256.185,813.656999999999,234.715896368599,21.127036,21.128263,18.104767,-6.357231,62.13642
141302.682,820.154000000002,231.843682732982,156.803786,156.83009,24.138847,0.928749,-66.50236
141310.828,828.300000000003,225.760644618677,243.867276,243.943132,29.94637,0.712929,-80.69936
141312.830,830.302000000003,226.95250807471,54.964507,54.977428,27.461253,-1.241317,-1.77754
141313.870,831.342000000004,227.215071343704,28.499515,28.500725,27.404543,-0.054529,-18.72105
141317.871,835.343000000001,226.083470899692,109.268035,109.273895,27.311646,-0.023218,-15.9784
141319.871,837.343000000001,226.299437230396,55.683221,55.68364,27.84182,0.265087,-23.9305
141320.831,838.303,227.046627823158,27.153822,27.1641,28.295937,0.473039,-46.90126
141321.871,839.343000000001,227.784860193093,30.11568,30.124726,28.966083,0.644371,-56.55866
141322.909,840.381000000001,228.210298930818,28.027613,28.030842,27.004664,-1.889614,10.04856
141324.910,842.382000000005,228.589873035923,57.570693,57.571945,28.771587,0.88302,-59.59213
141326.908,844.380000000005,229.081463791593,56.941308,56.943429,28.500215,-0.135822,-19.48137
141328.911,846.383000000002,228.854942180782,55.056031,55.056497,27.487018,-0.50584,-9.54996
141329.879,847.351000000002,228.562204990343,25.357879,25.359569,26.197902,-1.331731,6.22224
141330.910,848.382000000005,228.524446107456,23.966744,23.966774,23.246143,-2.863006,28.22701
141334.907,852.379000000001,227.989831702672,75.770544,75.77243,18.957326,-1.073009,7.7592
141335.870,853.342000000004,228.167323155745,15.902722,15.903713,16.514759,-2.536414,21.12441
141336.911,854.383000000002,228.321377778999,14.659285,14.660094,14.082703,-2.336269,18.12152
141337.871,855.343000000001,228.465422781189,14.546335,14.547048,15.153175,1.115075,-32.6968
141338.910,856.382000000005,228.63352132786,15.588465,15.589372,15.004208,-0.143375,-0.60024
141339.870,857.342000000004,228.758488178226,13.36809,13.368674,13.925702,-1.123444,8.26693
141340.909,858.381000000001,228.917163072473,13.343391,13.344335,12.84344,-1.041638,7.51658
141341.870,859.342000000004,229.064106827334,13.36809,13.368897,13.911444,1.111347,-29.5369
141342.908,860.380000000005,229.117450901012,12.231442,12.231558,11.783775,-2.049777,14.71981
141344.911,862.383000000002,228.899870115139,31.145172,31.145932,15.549642,1.880113,-65.05554
141345.871,863.343000000001,228.93854314274,14.478142,14.478194,15.081452,-0.487698,3.06868
141346.910,864.382000000005,228.881302867904,16.699004,16.699102,16.072283,0.953639,-39.74067
141347.871,865.343000000001,228.69477082218,16.699004,16.700046,17.377779,1.358477,-55.82462
141348.931,866.402999999998,228.602930585351,17.809719,17.809956,16.801845,-0.543334,3.28455
141350.910,868.382000000005,228.632564311209,40.030174,40.030185,20.227481,1.730993,-68.20432
141351.871,869.343000000001,228.629883853215,18.903138,18.903138,19.670279,-0.579815,0.92642
141352.910,870.382000000005,228.618982553405,20.03156,20.031563,19.279656,-0.375961,-0.97243
141353.869,871.341,228.616671193805,18.903138,18.903138,19.711301,0.450099,-35.83572
141354.911,872.383000000002,228.605812260427,21.142643,21.142646,20.290447,0.555802,-41.84085
141355.951,873.423000000003,228.59417433269,18.920579,18.920582,18.192868,-2.016903,17.47703
141357.951,875.423000000003,228.605790033829,41.174179,41.174181,20.58709,1.197111,-47.92755
141400.282,877.754000000001,228.611199741681,41.142123,41.142123,17.649989,-1.260018,9.55757
141403.951,881.423000000003,228.386146873693,84.508144,84.508444,23.0331,1.467188,-92.66411
141407.950,885.421999999999,228.501985156684,92.295363,92.295435,23.079629,0.011635,-10.87292
141409.951,887.423000000003,226.613164163335,48.932508,48.96895,24.472239,0.695957,-47.37962
141411.951,889.423000000003,225.495478932107,50.274443,50.286865,25.143433,0.335597,-15.6945
141413.951,891.423000000003,226.330057018496,52.770306,52.776905,26.388452,0.622509,-44.21277
141414.911,892.383000000002,227.4258497365,24.797638,24.821837,25.856081,-0.554553,-13.40662
141415.960,893.432000000001,228.089919755928,25.311009,25.319719,24.137006,-1.638775,7.1991
141417.952,895.423999999999,228.074657229375,48.475982,48.475984,24.335334,0.099562,-13.95608
141418.907,896.379000000001,227.61094882216,21.681716,21.686675,22.70856,-1.703428,15.37199
141419.951,897.423000000003,226.729506192567,25.114782,25.130245,24.071116,1.30513,-76.19375
141420.908,898.380000000005,226.466983871847,21.043212,21.04485,21.990439,-2.174166,20.56561
141421.947,899.419000000002,225.737112073077,23.409359,23.420734,22.541611,0.530483,-12.67689
141422.908,900.380000000005,225.403788768772,20.806794,20.809464,21.653969,-0.923665,5.24403
141423.947,901.419000000002,225.369721818471,21.878539,21.878565,21.057329,-0.574244,-0.32748
141424.991,902.463000000003,225.497100669317,19.18024,19.180663,18.372283,-2.571883,22.67359
141427.951,905.423000000003,223.327315275322,65.225228,65.261309,22.047739,1.241708,-64.2563
141428.910,906.382000000005,222.818457250181,20.162828,20.169248,21.031541,-1.059643,8.50529
141429.958,907.43,222.737780010307,23.57581,23.575948,22.496134,1.397512,-86.14348
141430.911,908.383000000002,222.707226829144,22.238985,22.239006,23.335788,0.881064,-68.20757
141431.949,909.421000000002,222.711488622195,24.462884,24.462884,23.567326,0.223062,-14.41362
141432.911,910.383000000002,222.702527041109,20.015087,20.015089,20.805706,-2.870707,27.6751
141435.012,912.484000000004,223.706172596575,49.03349,49.04376,23.343056,1.207687,-65.93364
141436.990,914.462,224.575355719729,50.568703,50.576172,25.569349,1.125527,-68.15657
141437.948,915.419999999998,224.821271984318,22.372037,22.373388,23.354267,-2.312194,19.05314
141438.991,916.463000000003,224.980623703302,24.797585,24.798097,23.77574,0.404097,-23.57709
141440.991,918.463000000003,225.240840796439,47.548538,47.54925,23.774625,-0.000557,-12.39603
141442.988,920.459999999999,225.098504306985,46.050493,46.050713,23.059946,-0.357876,-5.2961
141444.989,922.461000000003,224.883150875579,46.456835,46.457334,23.217059,0.078517,-11.21313
141446.990,924.462,224.685253407415,42.750586,42.751044,21.36484,-0.925647,4.10523
141447.951,925.423000000003,224.571984653326,18.085292,18.085647,18.819612,-2.64852,25.04401
141449.951,927.423000000003,224.177112177224,39.456729,39.458705,19.729352,0.45487,-32.33045
141450.991,928.463000000003,223.972418249355,21.375287,21.376267,20.554103,0.79303,-48.78321
141451.951,929.423000000003,223.923821082677,17.957211,17.957276,18.705496,-1.925632,16.72697
141452.989,930.461000000003,223.851107426308,20.276953,20.277083,19.534762,0.798908,-47.31588
141453.951,931.423000000003,223.489729985067,20.162804,20.166042,20.962622,1.484262,-75.46717
141454.990,932.462,223.198425799308,21.51366,21.515632,20.708019,-0.245046,-2.52758
141455.951,933.423000000003,222.885092496463,21.513658,21.515939,22.389115,1.749319,-96.19188
141456.991,934.463000000003,222.472865460586,20.162801,20.167015,19.39136,-2.882457,29.48245
141457.949,935.421000000002,222.051981999219,19.180183,19.1848,20.025887,0.662346,-36.82244
141458.990,936.462,220.799474937926,22.474946,22.509819,21.623266,1.534466,-65.39764
141459.980,937.452000000005,218.807681454564,20.42276,20.519658,20.726927,-0.905393,15.34622
141500.994,938.466,216.42282333539,21.375272,21.507901,21.210948,0.477338,-0.22759
141501.951,939.423000000003,216.077286433411,18.972776,18.975923,19.82855,-1.444512,12.83629
141502.990,940.462,217.681713600477,20.015087,20.07929,19.325592,-0.484079,-10.04826
141503.951,941.423000000003,220.522750081295,16.698994,16.938946,17.626375,-1.768176,-2.11532
141504.989,942.461000000003,222.968542622414,16.679239,16.857607,16.240469,-1.33517,-2.83622
141505.952,943.423999999999,223.101262280478,15.56729,15.567855,16.165997,-0.077333,-1.99192
141506.991,944.463000000003,222.913841073027,15.56729,15.568418,14.98404,-1.137591,10.06475
141507.951,945.423000000003,222.898289885587,14.47813,14.478139,15.081394,0.10141,-1.79117
141508.991,946.463000000003,222.87655716357,15.588454,15.588469,14.988913,-0.088924,-0.0194
141509.950,947.421999999999,222.855490809119,14.47813,14.478145,15.097128,0.112842,-1.87261
141512.990,950.462,223.468391323338,51.175442,51.179112,16.835234,0.571745,-20.12095
141513.950,951.421999999999,223.599603953118,17.809709,17.810193,18.552284,1.788594,-65.94704
141514.990,952.462,223.689589188753,20.031552,20.031754,19.261302,0.681748,-26.06771
141516.047,953.519,223.744680117408,18.92057,18.92065,17.900331,-1.287579,9.47599
141516.990,954.462,223.773313356499,19.059455,19.059477,20.211534,2.450905,-96.96882
141518.031,955.503000000004,223.858736678756,18.903138,18.903331,18.158819,-1.971868,16.46454
141521.005,958.476999999999,223.369679136565,58.955683,58.957711,19.824382,0.560041,-37.37205
141522.031,959.503000000004,223.0008603162,18.920569,18.924164,18.444604,-1.344813,12.25139
141524.030,961.502,221.759658603324,41.150135,41.16885,20.594722,1.075597,-52.2065
141526.031,963.503000000004,220.214862899646,41.150135,41.179121,20.579271,-0.007722,-2.40815
141528.031,965.503000000004,218.872493208093,43.396418,43.417174,21.708587,0.564658,-11.79787
141530.031,967.503000000004,217.047481119913,43.487478,43.525756,21.762878,0.027146,-3.68766
141532.031,969.503000000004,213.409533347561,47.98587,48.123575,24.061787,1.149454,-50.05401
141532.985,970.457000000002,212.859377947606,21.189357,21.196497,22.218551,-1.932113,19.11373
141534.024,971.495999999999,212.635514867916,23.365047,23.36612,22.489047,0.260343,-11.82116
141534.988,972.459999999999,212.505542535103,21.142633,21.143033,21.932607,-0.57722,-0.65354
141536.028,973.5,212.538429425485,23.407334,23.407357,22.507074,0.552372,-25.80641
141537.071,974.543000000005,212.956321798106,21.142633,21.146762,20.27494,-2.140109,16.50659
141538.991,976.463000000003,215.430637961315,44.544622,44.613289,23.236088,1.542265,-96.44024
141540.032,977.504000000001,215.183812367898,23.407332,23.408634,22.48668,-0.719892,1.16627
141540.990,978.462,213.484244544059,22.238985,22.303834,23.281664,0.829837,-11.98294
141543.000,980.472000000002,213.806595144288,52.286838,52.287832,26.013847,1.359295,-76.06253
141544.031,981.503000000004,215.428374190647,26.699131,26.748341,25.944075,-0.067674,-30.39234
141546.031,983.503000000004,216.626889399745,56.732657,56.745316,28.372658,1.214291,-84.82766
141546.991,984.463000000003,216.777726438191,27.798732,27.799141,28.957438,0.609146,-43.88881
141548.030,985.502,216.551183782432,27.810586,27.811509,26.767574,-2.107665,17.24118
141548.991,986.463000000003,216.130604482387,23.407328,23.411106,24.361193,-2.504039,25.46861
141550.031,987.503000000004,216.711747761736,26.69913,26.705454,25.678322,1.26647,-77.87522
141550.991,988.463000000003,217.678434214778,24.516719,24.53577,25.558094,-0.125238,-18.59607
141552.031,989.503000000004,218.998134228095,26.69913,26.731726,25.703583,0.139893,-34.83591
141552.991,990.463000000003,218.842358172441,24.476354,24.476849,25.496718,-0.215484,-10.45699
141554.029,991.501000000004,217.819647528657,26.736139,26.755692,25.776197,0.269248,-13.50158
141556.033,993.505000000005,215.878204437096,48.98636,49.024816,24.463481,-0.655048,2.09554
141557.083,994.555,214.074614954564,24.516717,24.582968,23.412351,-1.001076,12.43279
141559.072,996.544000000002,213.68611038305,48.952706,48.954248,24.612493,0.60339,-57.98353
141601.073,998.544999999998,216.849220941479,48.952706,49.054792,24.515139,-0.048653,-30.45321
141603.073,1000.545,217.41963144971,47.841382,47.844783,23.922391,-0.296374,-9.39434
141605.072,1002.544,217.350023380235,52.362417,52.362464,26.194329,1.136537,-95.84745
141607.087,1004.559,217.498606853842,52.31834,52.318551,25.964541,-0.114039,-14.12734
141609.072,1006.544,216.638738941176,47.875812,47.883533,24.122687,-0.927886,3.30973
141611.072,1008.544,217.138601767744,50.096958,50.099451,25.049726,0.46352,-30.3991
141612.032,1009.504,218.231886558428,23.365043,23.390608,24.365216,-0.713031,-9.01586
141613.072,1010.544,219.637326381272,25.626324,25.664835,24.677726,0.30049,-43.05711
141614.033,1011.505,220.639418077751,22.253799,22.27635,23.180385,-1.558107,4.39719
141615.071,1012.54300000001,221.015099593373,24.51671,24.519588,23.621954,0.425404,-28.34184
141618.193,1015.665,218.908174936064,67.872617,67.905311,21.75058,-0.599415,2.92086
141619.152,1016.624,217.539437794995,22.298179,22.340148,23.295253,1.610712,-74.50861
141620.112,1017.584,216.616351719905,21.142628,21.162769,22.044552,-1.302814,13.28319
141621.150,1018.622,216.316411932268,23.365043,23.366968,22.51153,0.449882,-40.32168
141622.112,1019.584,216.297659080507,20.080835,20.080844,20.874058,-1.702154,13.52454
141623.153,1020.625,216.858930567965,21.189334,21.196767,20.361928,-0.49196,-3.87204
141625.151,1022.623,217.536791445488,45.654926,45.659958,22.852832,1.246699,-63.47908
141626.111,1023.583,217.698222315748,22.298176,22.29876,23.227875,0.39067,-22.39492
141627.152,1024.624,217.601125826184,24.516706,24.516898,23.551295,0.310682,-15.0311
141628.113,1025.585,217.160899150468,22.253798,22.258151,23.161448,-0.405668,-2.57242
141629.150,1026.622,216.334470592918,25.690531,25.70382,24.786712,1.567275,-94.05143
141630.111,1027.583,216.003638276517,23.407312,23.40965,24.359677,-0.444365,-4.33813
141631.151,1028.623,215.437407680742,26.736126,26.742122,25.713578,1.301828,-91.57971
141632.112,1029.584,215.094415797272,25.587714,25.590013,26.628525,0.952078,-82.589
141633.153,1030.625,214.659614424289,26.797677,26.801204,25.745633,-0.848119,0.09454
141634.113,1031.585,214.119362498191,24.583811,24.589746,25.614319,-0.136785,-9.53446
141636.111,1033.583,213.381744856053,52.663578,52.668744,26.360733,0.373581,-19.79205
141638.192,1035.664,213.314918668817,53.871288,53.871329,25.887232,-0.227535,-11.67062
141640.193,1037.665,214.293715800095,53.527674,53.536623,26.754934,0.433634,-36.43887
141642.190,1039.662,215.638261208773,53.472244,53.489146,26.78475,0.01493,-21.04133
141644.191,1041.663,218.122654720644,52.318325,52.377278,26.175551,-0.304447,-18.27581
141646.192,1043.664,221.898213052895,55.597463,55.725513,27.848832,0.836222,-87.23282
141648.196,1045.66800000001,222.713395231382,54.509696,54.515791,27.203489,-0.322027,-14.97397
141650.189,1047.661,221.442886518885,54.509696,54.5245,27.358003,0.077528,-15.64408
141651.153,1048.625,220.397627435238,25.574833,25.596184,26.552059,-0.836041,2.63895
141652.191,1049.663,220.578810504889,26.686782,26.687397,25.710402,-0.810845,-3.81012
141653.168,1050.64,221.269287198782,24.462884,24.472626,25.048748,-0.67723,-7.95128
141654.192,1051.664,222.383051784892,25.626309,25.650501,25.049317,0.000556,-23.77738
141655.151,1052.623,223.064539078905,23.350935,23.360877,24.359621,-0.719182,-6.47181
141656.192,1053.664,223.603415435567,22.238985,22.245513,21.369369,-2.87248,24.845
141658.191,1055.663,224.396593095772,45.58992,45.596819,22.809815,0.720583,-40.91865
141659.152,1056.624,224.48080919259,22.253794,22.253953,23.15708,0.361358,-19.41148
141700.620,1058.092,224.632908056494,21.189317,21.189863,14.434512,-5.941804,48.96125
141705.232,1062.70400000001,225.333281568245,101.45075,101.453168,21.997651,1.639883,-74.12045
141706.192,1063.664,225.476325675344,17.957062,17.957632,18.705866,-3.428943,31.99077
141707.153,1064.625,225.614840909709,14.659009,14.659663,15.254592,-3.591336,30.00371
141708.191,1065.663,225.652572000875,14.659008,14.659056,14.122405,-1.090739,8.52368
141709.152,1066.624,225.64193038532,11.237371,11.237376,11.693419,-2.527561,18.21528
141710.192,1067.664,225.658340085466,7.951132,7.951149,7.645336,-3.892387,17.64925
141711.232,1068.70400000001,225.695916847714,6.671696,6.671801,6.415194,-1.182829,4.46306
141712.191,1069.663,225.757026604405,5.070748,5.071116,5.28792,-1.175468,3.38926
141713.153,1070.625,225.788206383779,2.367397,2.367602,2.461125,-2.938456,3.89749
141714.221,1071.693,225.80779774456,3.43318,3.433235,3.21464,0.705538,-4.20541
141716.193,1073.665,225.828106200631,2.223899,2.223991,1.127785,-1.058243,0.38442
141717.233,1074.705,225.829486799812,1.376689,1.376689,1.32374,0.188418,-0.48143
141718.193,1075.665,225.841021627013,0.81169,0.811772,0.845596,-0.498067,-0.10036
141719.233,1076.705,225.841904598265,1.376689,1.376689,1.323739,0.459753,-1.17662
141722.192,1079.664,225.887380403211,3.246761,3.247079,1.097357,-0.076506,-0.29456
141723.232,1080.70400000001,225.89831041976,2.367396,2.367422,2.276367,1.133663,-4.94991
141724.192,1081.664,225.921326482817,1.376689,1.376881,1.434251,-0.877204,0.37042
141725.232,1082.70400000001,225.921711826148,1.376689,1.376689,1.323739,-0.106262,-0.15604
141726.192,1083.664,225.932921293896,0.81169,0.811767,0.845591,-0.498071,-0.09842
141727.232,1084.70400000001,225.930417057059,1.376689,1.376691,1.323741,0.45976,-1.88046
141728.192,1085.664,225.928021031146,1.376689,1.376691,1.434053,0.114908,-0.30827
141729.242,1086.714,225.930417057059,1.376689,1.376691,1.311134,-0.117066,-0.16059
141730.192,1087.664,225.921711826148,1.967687,1.967707,2.07127,0.800143,-4.02637
141731.231,1088.703,225.910230590299,1.111949,1.112009,1.070268,-0.963428,0.40692
141732.191,1089.663,225.910011122954,1.376689,1.376689,1.434051,0.378941,-1.82673
141733.231,1090.703,225.910011122954,0.0,0.0,0.0,-1.378895,-0.35
141734.203,1091.675,225.901808985382,4.130066,4.130074,4.249047,4.371448,-37.88163
141736.431,1093.903,225.936759674578,6.72089,6.720981,3.016598,-0.553164,0.79712
141737.473,1094.945,225.939996156843,4.521254,4.521255,4.339016,1.269115,-9.91328
141738.433,1095.905,225.967338257817,2.753375,2.753511,2.86824,-1.532058,2.30077
141739.481,1096.953,225.960751444376,3.433179,3.433185,3.27594,0.389027,-3.69254
141740.432,1097.904,225.975501128339,5.618684,5.618704,5.908206,2.767893,-30.90396
141741.472,1098.944,225.976520446407,6.671696,6.671696,6.415092,0.48739,-4.50829
141742.432,1099.904,225.96767919886,5.559746,5.559753,5.79141,-0.649669,2.42596
141743.471,1100.943,225.97766292382,7.102184,7.102191,6.835602,1.004997,-11.86403
141744.450,1101.922,225.922289799804,7.825852,7.826048,7.99392,1.183164,-20.39015
141745.472,1102.944,225.809376455255,8.932549,8.933262,8.740961,0.73096,-13.63391
141746.432,1103.904,225.75567440376,8.932549,8.93271,9.304906,0.587443,-13.10911
141747.472,1104.944,225.808022989554,10.007543,10.00768,9.62277,0.305638,-3.83321
141748.432,1105.904,225.918339837539,8.932548,8.933229,9.305447,-0.330545,1.71383
141749.485,1106.957,226.035827945178,8.932548,8.933321,8.483685,-0.780401,3.69952
141751.340,1108.812,226.139009521181,8.433639,8.43427,4.546776,-2.122323,5.3669
141754.538,1112.01,226.151552827395,25.645202,25.645206,8.019139,1.085792,-14.9115
141756.623,1114.095,226.018926073688,10.783586,10.784401,5.172375,-1.365354,4.6004
141758.718,1116.19,225.79868820164,24.350251,24.351247,11.623507,3.079299,-72.71376
141803.072,1120.544,225.462963255787,85.486659,85.487318,19.634203,1.839847,-87.6569
141804.025,1121.497,225.460904369775,12.623863,12.623863,13.246446,-6.702788,52.15235
141805.072,1122.544,225.460415010051,12.175143,12.175143,11.628599,-1.545222,11.38454
141806.031,1123.503,225.488089900514,9.740115,9.740154,10.156573,-1.534959,9.61901
141807.072,1124.544,225.571964830949,11.579036,11.579339,11.123285,0.928638,-18.21222
141809.073,1126.545,225.755412415714,21.94344,21.944207,10.96662,-0.078293,0.77737
141810.055,1127.527,225.784337711338,9.74011,9.740153,9.918689,-1.06714,6.66348
141811.072,1128.544,225.788938112356,8.116758,8.11676,7.981081,-1.905219,9.26162
141812.029,1129.501,225.783757263365,8.99741,8.997411,9.401683,1.484433,-30.7727
141813.069,1130.541,225.763573115562,8.192571,8.192596,7.877496,-1.465564,7.2508
141814.028,1131.5,225.696089589482,8.928437,8.928692,9.310419,1.494185,-29.39629
141815.087,1132.559,225.563917900015,8.192573,8.193639,7.737147,-1.48562,7.80846
141816.028,1133.5,225.262802168935,10.551791,10.556086,11.217945,3.699041,-79.56321
141817.070,1134.542,224.611779030884,14.610172,14.624669,14.035191,2.703691,-69.76326
141818.029,1135.501,223.867957606592,12.98682,13.008103,13.564237,-0.491089,8.45726
141819.070,1136.542,222.805054204791,17.045201,17.078309,16.405676,2.729528,-79.53569
141820.032,1137.504,221.978133332712,14.652426,14.675742,15.255449,-1.195662,14.42704
141821.069,1138.541,221.138706451391,17.081433,17.102046,16.491848,1.192284,-34.51174
141822.032,1139.504,220.442152571095,15.461884,15.477566,16.072239,-0.435731,6.37931
141823.070,1140.542,219.890499892761,17.891468,17.899971,17.244673,1.129513,-40.96945
141824.031,1141.503,220.05601098474,17.045206,17.04601,17.737783,0.513122,-18.96789
141825.072,1142.544,220.380655457645,18.701647,18.704464,17.967785,0.220943,-11.70978
141826.029,1143.501,220.153564246429,17.994838,17.996271,18.804881,0.874708,-44.04034
141827.072,1144.544,220.475133090283,21.103599,21.106049,20.235905,1.372027,-59.63185
141828.033,1145.505,221.498478960974,19.480245,19.507106,20.298758,0.065404,-22.38269
141829.069,1146.541,222.504115601155,21.915276,21.938337,21.176001,0.84676,-53.71526
141830.030,1147.502,223.118829884553,19.511957,19.521637,20.313878,-0.89711,0.40291
141831.070,1148.542,224.038614663823,21.943472,21.962741,21.11802,0.773213,-48.87438
141832.029,1149.501,225.468508882632,18.701662,18.756246,19.558129,-1.626581,4.42352
141833.072,1150.544,227.534807606772,19.511966,19.621071,18.812148,-0.715226,-10.11797
141834.029,1151.501,228.932193448398,18.701665,18.753799,19.596446,0.819538,-58.44261
141835.072,1152.544,228.594207204115,21.103609,21.106316,20.236161,0.613341,-37.89367
141836.032,1153.504,227.800102302805,18.668577,18.685459,19.46402,-0.804314,8.38103
141837.083,1154.555,227.373499556112,18.701662,18.706527,17.798789,-1.584425,15.21317
141838.112,1155.584,227.116778308972,17.891483,17.893325,17.389042,-0.398199,2.33764
141840.112,1157.584,227.337345024913,36.542384,36.54305,18.271525,0.441242,-16.02223
141842.111,1159.583,228.4351950816,37.337137,37.353274,18.68598,0.207331,-16.48321
141843.085,1160.557,228.429945049653,17.89148,17.891481,18.369077,-0.325362,-0.67502
141844.111,1161.583,228.064492580765,17.045217,17.049135,16.61709,-1.70759,16.23588
141845.070,1162.542,227.42696451637,17.856894,17.868271,18.632191,2.101252,-79.9432
141846.109,1163.581,226.483104944521,17.045217,17.07133,16.430539,-2.119011,23.33291
141847.073,1164.545,225.726507304956,17.081449,17.098197,17.736719,1.354959,-46.03698
141848.111,1165.583,225.78949752499,16.271582,16.271704,15.676016,-1.985263,16.31621
141851.076,1168.548,228.534732256553,59.294152,59.357668,20.01945,1.464902,-74.44335
141852.112,1169.584,228.399032481178,21.103602,21.104039,20.370694,0.339039,-31.15388
141853.072,1170.544,227.288734591033,20.322367,20.352675,21.200703,0.864593,-36.00886
141854.112,1171.584,225.389936839666,21.220449,21.305232,20.4858,-0.687407,11.86995
141855.072,1172.544,224.586169963917,20.291915,20.307828,21.153987,0.696028,-34.95512
141856.113,1173.585,225.921327851855,22.027814,22.06824,21.199078,0.043315,-26.36922
141857.072,1174.544,227.816781612181,21.220436,21.30492,22.215767,1.060155,-84.82741
141858.112,1175.584,228.943071756102,23.158064,23.185436,22.293689,0.074925,-24.78224
141859.071,1176.54300000001,229.417690051833,22.83546,22.840392,23.816884,1.588316,-85.54023
141900.111,1177.583,230.933735525406,23.955113,24.003038,23.079844,-0.708692,-9.35176
141901.071,1178.54300000001,231.896775212033,22.970401,22.99058,23.94852,0.904871,-63.73626
141902.112,1179.584,232.207291347858,24.753106,24.755054,23.780071,-0.161815,-11.13192
141903.071,1180.54300000001,232.299541565813,23.158002,23.158186,24.148265,0.383935,-22.13142
141904.112,1181.584,232.488323385712,24.186205,24.186942,23.234334,-0.877936,0.06847
141905.071,1182.54300000001,233.091915003649,23.396994,23.404779,24.4054,1.221132,-72.86106
141906.112,1183.584,233.826782414177,25.247598,25.25829,24.263487,-0.136324,-14.57814
141907.177,1184.649,234.402424019586,24.465696,24.472467,22.978842,-1.206239,2.68348
141911.073,1188.545,231.358632516662,105.352551,105.396512,27.052493,1.045598,-81.75654
141912.109,1189.581,229.652116788585,28.593463,28.644341,27.648978,0.575758,-18.48692
141913.066,1190.538,227.867274213395,24.022581,24.088795,25.171155,-2.589157,34.67886
141914.109,1191.581,224.896919444586,27.454348,27.614566,26.476094,1.25114,-19.40457
141915.153,1192.625,221.585956717506,25.163062,25.379955,24.310302,-2.074513,35.03266
141917.153,1194.625,217.553201648185,55.27883,55.425736,27.712868,1.701283,-97.56273
141919.152,1196.624,219.144892308889,52.610701,52.634773,26.330552,-0.691504,-10.03983
141921.153,1198.625,224.864513254639,54.558127,54.857117,27.414851,0.541879,-88.9998
141923.163,1200.635,231.754578979056,53.138227,53.583059,26.658238,-0.376424,-50.48014
141925.152,1202.624,234.435647264811,51.787687,51.857041,26.071916,-0.294782,-18.86543
141927.152,1204.624,230.070019319775,52.104188,52.286759,26.143379,0.035732,-3.81575
141929.150,1206.622,229.067403856192,54.131514,54.140798,27.097497,0.477537,-22.23291
141931.152,1208.624,231.56384187866,53.982785,54.040478,26.993246,-0.052073,-25.74083
141933.152,1210.624,233.559420204986,52.862592,52.900246,26.450123,-0.271562,-17.85277
141934.112,1211.584,234.398502302959,25.185693,25.199666,26.249652,-0.208824,-17.76561
141935.152,1212.624,235.355654355132,26.876593,26.893631,25.85926,-0.375377,-14.85166
141936.111,1213.583,235.471055906654,24.374849,24.375122,25.417228,-0.46093,-8.30866
141937.157,1214.629,235.40974973266,27.618458,27.618526,26.403945,0.943324,-86.59904
141938.112,1215.584,235.413028028584,25.996554,25.996554,27.221523,0.856103,-50.48446
141939.153,1216.625,235.354191157901,27.618449,27.618512,26.530751,-0.663566,-5.88903
141940.112,1217.584,236.405966162714,24.349459,24.372164,25.414144,-1.164345,-3.46289
141941.152,1218.624,237.45882767207,27.596053,27.616131,26.553972,1.095988,-80.67771
141942.127,1219.599,238.414937061289,24.374833,24.393578,25.019054,-1.574275,3.61004
141943.152,1220.624,239.680062893232,26.7844,26.814262,26.160256,1.113368,-84.65163
141944.113,1221.585,240.312991949721,25.18566,25.193611,26.216037,0.058045,-20.55856
141945.151,1222.623,241.43913925956,26.784396,26.80806,25.826647,-0.375135,-15.74737
141946.112,1223.584,242.612660983329,23.537803,23.567038,24.523453,-1.356081,-0.49419
141948.112,1225.584,244.441006834696,51.957391,51.98955,25.994775,0.735661,-58.73938
141949.152,1226.624,245.744141391664,27.59604,27.626791,26.564222,0.547545,-56.77682
141950.113,1227.585,246.67069558135,24.374821,24.392425,25.382336,-1.22985,-1.70242
141951.152,1228.624,246.902869174865,26.784387,26.785394,25.779975,0.382713,-27.11506
141952.110,1229.582,246.8722106705,25.185647,25.185666,26.289839,0.532217,-65.2721
141953.152,1230.624,246.408053936672,26.807456,26.811474,25.730782,-0.536523,-4.41508
141955.097,1232.569,244.063067000379,27.618426,27.7178,14.250797,-5.902306,55.62481
142006.029,1243.501,236.878233312084,29.219298,29.219684,28.17713,-1.24133,-0.10226
142006.992,1244.464,236.860182605233,26.784357,26.784363,27.813461,-0.377642,-12.71914
142008.029,1245.501,236.813583786284,27.618399,27.618439,26.633017,-1.138326,1.26912
142010.030,1247.502,237.304233984502,55.203221,55.205402,27.588906,0.477706,-35.61191
142012.034,1249.506,237.398555846879,52.768804,52.768889,26.331781,-0.627308,-6.74624
142013.071,1250.54300000001,237.629483448492,26.807439,26.808433,25.851913,-0.462746,-9.52994
142015.072,1252.544,237.570666085163,54.39175,54.391782,27.1823,0.664861,-76.67974
142017.070,1254.542,237.671217214798,52.768813,52.768909,26.410865,-0.386104,-10.59958
142019.069,1256.541,237.400011649648,53.580292,53.580978,26.803891,0.196611,-19.29679
142021.072,1258.544,237.357192993164,54.391776,54.391793,27.155164,0.175373,-20.32541
142023.087,1260.559,237.357192993164,52.757118,52.757118,26.182192,-0.482865,-8.4618
142025.073,1262.545,237.357192993164,54.391776,54.391776,27.387601,0.606953,-75.1946
142027.073,1264.545,237.357192993164,52.757109,52.757109,26.378555,-0.504523,-8.43618
142029.093,1266.565,237.402265502592,51.957365,51.957385,25.721478,-0.325286,-10.24556
142031.073,1268.545,237.896575809798,52.768839,52.771154,26.652098,0.47001,-33.58316
142032.032,1269.504,237.987616826637,25.185647,25.185812,26.262578,-0.406173,-10.30603
142033.069,1270.541,238.01373271066,25.161087,25.161101,24.263356,-1.92789,14.67864
142034.033,1271.505,238.069961259717,24.374817,24.374882,25.285147,1.059949,-56.71999
142035.073,1272.545,238.063044095562,24.349443,24.349444,23.412927,-1.800212,13.54931
142036.033,1273.505,238.073681637052,23.564047,23.564049,24.545885,1.180165,-59.44886
142037.071,1274.54300000001,238.265850277486,22.72615,22.726963,21.894955,-2.553882,22.80268
142038.027,1275.499,238.350232734036,21.102854,21.103023,22.074292,0.187591,-11.94575
142039.071,1276.54300000001,238.394177623438,20.291206,20.291253,19.436066,-2.527036,22.9606
142040.046,1277.518,238.551007253701,18.667909,18.668568,19.147249,-0.296223,-2.714
142041.072,1278.544,238.628870829653,17.044613,17.044791,16.612856,-2.470169,21.15311
142042.032,1279.504,238.652164362728,16.232965,16.232981,16.909356,0.308854,-8.11344
142043.069,1280.541,238.744045405226,15.461352,15.461625,14.909956,-1.928062,15.4107
142044.032,1281.504,238.855862970988,12.174721,12.175235,12.643027,-2.354028,17.40162
142045.083,1282.555,238.921693781464,12.174721,12.174899,11.58411,-1.007533,7.34219
142046.032,1283.504,238.929759736222,8.928129,8.928133,9.407938,-2.293121,13.12791
142047.070,1284.542,238.927792928769,11.417349,11.417349,10.999373,1.533174,-37.26986
142048.031,1285.503,238.96772801143,7.388979,7.389087,7.688956,-3.444763,15.59759
142049.072,1286.544,239.017289047554,8.192294,8.192444,7.869783,0.173705,-1.41577
142050.032,1287.504,239.056478586898,4.207819,4.208002,4.383335,-3.631717,9.09373
142051.071,1288.54300000001,239.077227421482,2.434944,2.435033,2.343631,-1.963141,2.42326
142052.033,1289.505,239.087849183705,1.967618,1.967647,2.045371,-0.310042,0.13375
142053.069,1290.541,239.108095306459,2.434944,2.435028,2.350413,0.294442,-1.39798
142055.073,1292.545,239.125132952562,2.434944,2.435004,1.215072,-0.566537,0.10757
142056.113,1293.585,239.157586039828,4.869888,4.869996,4.682688,3.334246,-30.16367
142057.072,1294.544,239.179305443928,5.681536,5.681577,5.924481,1.294883,-14.00986
142058.112,1295.584,239.188712602498,4.869888,4.869897,4.682593,-1.194123,3.27885
142101.072,1298.544,239.290729606873,30.842623,30.842791,10.419862,1.938267,-37.01035
142102.112,1299.584,239.405223723148,11.363072,11.363648,10.926585,0.487234,-9.05957
142104.136,1301.608,239.719657538319,28.42943,28.431169,14.04702,1.541717,-41.7756
142105.072,1302.544,239.785128731428,14.651917,14.652063,15.653913,1.716766,-50.91349
142106.112,1303.584,239.80843081546,13.842746,13.842766,13.310352,-2.253424,17.66787
142108.113,1305.585,239.933092263971,25.161083,25.161392,12.574409,-0.367788,3.08279
142109.072,1306.544,240.079926897633,12.986365,12.987195,13.542435,1.009412,-25.93262
142110.112,1307.584,240.259612281724,15.461344,15.462388,14.867681,1.274275,-37.05366
142112.811,1310.283,240.420968788707,34.089203,34.089585,12.63045,-0.828911,6.47528
142113.729,1311.201,240.463094674216,12.174716,12.174788,13.262297,0.688286,-14.89449
142115.738,1313.21,240.679398683499,26.807448,26.80832,13.344112,0.040724,-0.65832
142116.766,1314.238,240.734253156647,14.609661,14.609764,14.211833,0.844087,-20.91672
142117.726,1315.198,240.748189649921,12.986365,12.986373,13.527472,-0.712876,5.69842
142118.766,1316.238,240.829776930382,14.609661,14.609889,14.04797,0.500479,-11.61358
142119.647,1317.119,240.987870391547,13.976081,13.976975,15.864898,2.062347,-64.567
142123.726,1321.198,241.255278835039,53.614873,53.61554,13.144285,-0.66698,5.14136
142124.691,1322.163,241.376132603198,12.17471,12.175309,12.616901,-0.546512,4.02305
142128.589,1326.061,242.0639763372,45.452249,45.457453,11.661738,-0.245039,1.56002
142129.641,1327.113,242.423550915554,12.986357,12.991334,12.349177,0.653459,-18.32615
142130.592,1328.064,242.658274852561,8.997098,9.00016,9.46389,-3.033951,15.9364
142131.629,1329.101,242.923688710001,11.363064,11.366163,10.96062,1.443327,-32.43336
142132.589,1330.061,243.109126173125,8.9971,8.999011,9.373969,-1.652761,8.51895
142133.629,1331.101,243.326742873643,11.417341,11.419415,10.980207,1.54446,-33.75878
142137.632,1335.104,243.887766715494,35.712487,35.716894,8.922532,-0.514033,2.40243
142138.590,1336.062,243.991492419866,8.116474,8.117137,8.473003,-0.469237,2.17384
142139.632,1337.104,244.110168761105,9.803036,9.803755,9.408594,0.89788,-15.94913
142140.593,1338.065,244.205656773817,8.116473,8.117035,8.446446,-1.001195,4.83584
142141.712,1339.184,244.297511647701,8.92812,8.928593,7.979082,-0.417662,1.89009
142142.591,1340.063,244.357540527466,7.304826,7.305072,8.310663,0.377225,-5.10766
142143.632,1341.104,244.412252437068,9.739768,9.739921,9.356312,1.004466,-16.65525
142144.671,1342.143,244.425677760745,8.997098,8.997108,8.659392,-0.67076,3.81125
142146.672,1344.144,244.587333095727,22.726128,22.726703,11.357673,1.348466,-27.88103
142147.633,1345.105,244.694946257882,9.803038,9.803629,10.201486,-1.203108,7.21403
142148.671,1346.143,244.875937819483,9.739771,9.741452,9.384829,-0.78676,3.89665
142149.632,1347.104,245.084001459426,11.363066,11.364971,11.826192,2.54044,-59.1402
142150.672,1348.144,245.280872243594,10.551418,10.553255,10.14736,-1.614262,9.16034
142154.672,1352.144,246.363677392093,46.263911,46.276581,11.569145,0.355446,-9.45854
142155.632,1353.104,246.492545686036,12.986361,12.987,13.528126,2.040605,-52.89638
142156.672,1354.144,246.507218155352,11.363066,11.363075,10.926034,-2.502012,16.66344
142158.671,1356.143,246.392917315045,25.996516,25.996767,13.004886,1.039946,-31.32587
142200.672,1358.144,246.512558207795,30.051546,30.051784,15.018383,1.006245,-27.41612
142201.632,1359.104,246.692206418447,14.651914,14.653016,15.263558,0.255391,-7.96249
142202.672,1360.144,246.889462175225,14.609659,14.61099,14.049029,-1.167816,8.28275
142203.629,1361.101,247.03163127681,13.033882,13.034658,13.620332,-0.447959,2.80248
142204.673,1362.145,247.239001959936,16.270997,16.272319,15.586512,1.883314,-58.22859
142205.637,1363.109,247.592782987206,14.609663,14.613946,15.159695,-0.442756,0.75825
142206.672,1364.144,248.088990726124,15.421311,15.429292,14.907529,-0.243639,-1.47791
142207.851,1365.323,248.672728803268,18.667903,18.677028,15.841414,0.792099,-31.07471
142208.847,1366.319,249.00956390374,12.986367,12.990735,13.042907,-2.809746,19.90968
142209.870,1367.342,249.3201732019,16.270997,16.273962,15.908076,2.800752,-90.18684
142210.770,1368.242,249.524672019792,12.174718,12.176435,13.529372,-2.643004,19.71558
142211.808,1369.28,249.766440717476,15.461344,15.463234,14.897143,1.317698,-39.56509
142212.861,1370.333,250.036167623039,14.651912,14.654394,13.916804,-0.930996,5.98264
142215.818,1373.29,250.997490020831,41.453716,41.464861,14.022611,0.035782,-3.5492
142216.847,1374.319,251.410968249461,13.033876,13.040433,12.672918,-1.311655,8.08262
142217.823,1375.295,251.836585443775,13.033876,13.040823,13.361499,0.705513,-23.012
142220.674,1378.146,252.961868649377,30.922665,30.943133,10.853432,-0.879715,4.09588
142221.711,1379.183,253.174334978586,8.192284,8.195038,7.902641,-2.845507,12.35367
142222.672,1380.144,253.110219419114,7.949246,7.949505,8.272117,0.38447,-7.99216
142223.710,1381.182,252.92780907103,7.419692,7.421934,7.150225,-1.080821,5.83642
142224.669,1382.141,252.742040354494,10.520989,10.522629,10.972501,3.985689,-86.25886
142225.709,1383.181,252.597541473575,11.149075,11.150012,10.721165,-0.241669,3.07257
142226.673,1384.145,252.495687044849,13.441769,13.442154,13.944144,3.343339,-96.61924
142229.712,1387.184,252.654431173728,41.142123,41.142429,13.538147,-0.133596,0.90385
142231.712,1389.184,252.657718253347,31.513125,31.513125,15.756563,1.109208,-31.21497
142232.674,1390.146,252.753190801093,15.253581,15.25388,15.856424,0.103806,-3.18289
142233.713,1391.185,253.063807599529,14.839329,14.842579,14.285447,-1.512009,10.51519
142234.670,1392.142,253.389227563649,16.054711,16.058009,16.779528,2.606145,-89.6503
142235.711,1393.183,253.738059820041,15.143168,15.147185,14.55061,-2.141132,15.68415
142236.671,1394.143,254.119084528452,14.246607,14.251701,14.845522,0.3072,-13.15018
142237.723,1395.195,254.495464799425,15.211953,15.216609,14.464457,-0.362229,0.49981
142238.672,1396.144,254.754847419483,14.658972,14.661266,15.449174,1.037636,-33.48517
142239.708,1397.18,255.065105541485,15.651691,15.654765,15.110777,-0.326638,0.14797
142240.671,1398.143,255.334797126015,14.478107,14.480619,15.036988,-0.076624,-1.88823
142241.712,1399.184,255.938419087077,15.65169,15.663325,15.046422,0.009062,-8.06386
142242.672,1400.144,256.503265339549,13.732647,13.744259,14.316936,-0.759881,2.5805
142243.712,1401.184,257.290219442774,16.856022,16.874382,16.225367,1.83503,-70.05155
142246.752,1404.224,258.390613374539,45.770171,45.783397,15.060328,-0.383237,0.31892
142248.670,1406.142,258.467325261225,32.287357,32.287448,16.833915,0.924706,-28.6726
142249.711,1407.183,258.800951910032,16.856017,16.859318,16.19531,-0.613453,1.99976
142250.673,1408.145,259.129020101413,13.732633,13.736551,14.279159,-1.991841,14.27061
142251.717,1409.189,259.398962620048,15.253518,15.255906,14.612937,0.319711,-10.63046
142252.672,1410.144,259.506099700975,14.502479,14.502875,15.186256,0.600334,-16.72955
142253.712,1411.184,259.325568953669,13.486432,13.487641,12.968885,-2.132087,17.63474
142254.671,1412.143,259.114842353467,12.876295,12.878019,13.428591,0.47936,-14.87731
142255.712,1413.184,258.87766419332,14.541952,14.543886,13.971072,0.521115,-17.15812
142256.773,1414.245,258.578307600763,13.190213,13.193609,12.43507,-1.447693,12.93645
142258.671,1416.143,258.922770147249,29.585993,29.587998,15.58904,1.661733,-51.13772
142259.710,1417.182,259.31448812858,15.630806,15.635714,15.04881,-0.519952,1.43991
142300.750,1418.222,259.440277683278,14.19455,14.195108,13.649142,-1.345835,10.09814
142301.712,1419.184,259.432411778972,13.975083,13.975085,14.527116,0.912655,-33.95698
142302.752,1420.224,259.401234574985,14.650843,14.650876,14.087381,-0.422822,3.41478
142303.712,1421.184,259.498622395245,15.57971,15.580014,16.229181,2.231042,-70.06562
142304.752,1422.224,259.929101511958,13.841726,13.848418,13.315787,-2.80134,19.68649
142305.711,1423.183,260.566776519677,14.77688,14.790632,15.422974,2.197275,-76.03218
142306.753,1424.225,261.188564835603,13.841719,13.855678,13.297196,-2.040094,12.71591
142307.712,1425.184,261.714752098403,13.841717,13.851715,14.443915,1.195745,-40.86677
142308.752,1426.224,262.015714188461,13.726005,13.729305,13.201254,-1.194866,7.91164
142309.709,1427.181,262.191839226476,12.201749,12.20302,12.751327,-0.470143,3.08267
142310.753,1428.225,262.260026070961,12.201742,12.201932,11.687674,-1.018825,7.47961
142312.753,1430.225,262.050866137085,24.912354,24.913232,12.456616,0.384471,-12.57206
142313.713,1431.185,262.00617544331,13.303953,13.304028,13.858362,1.460152,-45.88474
142314.750,1432.222,262.009677440872,11.929186,11.929187,11.503555,-2.270788,16.09972
142315.713,1433.185,261.970113034664,12.87624,12.876301,13.371029,1.939225,-56.46026
142316.753,1434.225,261.662938570827,12.041499,12.045417,11.582131,-1.720094,14.2041
142319.712,1437.184,260.424700366178,26.251079,26.280266,8.881469,-0.912694,7.64781
142320.752,1438.224,260.106984469687,7.388348,7.395176,7.110747,-1.702617,9.12944
142321.712,1439.184,259.933350314181,5.902505,5.905059,6.151103,-0.999629,4.83755
142322.748,1440.22,259.785907285977,7.390703,7.392174,7.135303,0.95,-13.1579
142323.711,1441.183,259.660961635368,9.181334,9.182184,9.534978,2.491874,-47.66289
142324.752,1442.224,259.530430548272,8.777908,8.778878,8.43312,-1.058461,6.39441
142326.913,1444.385,259.288847679868,17.103757,17.105463,7.915531,-0.239514,2.15404
142327.952,1445.424,259.185822620766,8.774641,8.775246,8.445857,0.51042,-9.6545
142328.918,1446.39,259.077715870613,7.304235,7.305035,7.562148,-0.914813,5.04438
142329.953,1447.425,258.902071420263,10.608996,10.61045,10.251642,2.598545,-52.85986
142330.912,1448.384,258.724399661365,9.802255,9.803865,10.223008,-0.029858,1.93529
142331.951,1449.423,258.515722452864,11.841719,11.843558,11.398997,1.131847,-25.86603
142332.912,1450.384,258.291346338545,10.609004,10.611377,11.042015,-0.371469,4.54058
142333.952,1451.424,258.080329937522,9.989678,9.991906,9.607602,-1.379243,9.50775
142334.913,1452.385,257.837440180434,12.375206,12.37759,12.879906,3.405103,-86.88285
142335.952,1453.424,257.651961667742,11.06538,11.066935,10.651525,-2.144736,15.10591
142336.913,1454.385,257.495493950835,9.530304,9.531588,9.918406,-0.762871,6.00243
142337.978,1455.45,257.362692930355,9.974056,9.974941,9.366141,-0.518559,4.13158
142338.912,1456.384,257.189955184396,11.065397,11.066745,11.848763,2.658054,-62.86148
142339.952,1457.424,257.187593011756,10.50612,10.50612,10.102039,-1.679542,10.59253
142340.908,1458.38,257.229643173176,10.674153,10.674236,11.165519,1.112427,-21.59188
142341.952,1459.424,257.219208008707,11.245108,11.245113,10.771181,-0.377718,3.20351
142342.910,1460.38200000001,257.341794301636,9.777447,9.778215,10.206905,-0.589015,3.4699
142343.946,1461.41800000001,257.463757553147,11.507653,11.5083,11.108397,0.870166,-17.6361
142345.953,1463.425,257.454323236997,17.525615,17.525617,8.732246,-1.183932,6.56378
142346.910,1464.38200000001,257.439798353822,8.762813,8.762825,9.156557,0.443376,-11.07077
142347.971,1465.443,257.391479950592,4.627393,4.627646,4.361589,-4.519291,11.79846
142348.990,1466.462,257.377493660545,1.967526,1.967576,1.930889,-2.385378,2.5827
142349.949,1467.421,257.363523032618,1.967526,1.967576,2.051696,0.125972,-0.2399
142350.992,1468.464,257.314048248442,2.434778,2.43528,2.33488,0.271509,-0.2459
142351.952,1469.424,257.247482868484,3.24637,3.247052,3.382346,1.09111,-7.25022
142353.006,1470.478,257.197056729709,2.434778,2.4353,2.310531,-1.016902,1.49497
142353.950,1471.422,257.092371316504,4.207551,4.208854,4.458531,2.275424,-19.446
142354.993,1472.465,256.98470697054,4.869554,4.870744,4.669937,0.20269,0.10561
142355.952,1473.424,256.898443892096,4.994897,4.995642,5.20922,0.562339,-5.94279
142356.992,1474.464,256.767822634811,7.388485,7.38964,7.105423,1.823272,-25.58166
142357.953,1475.425,256.658687864561,9.989797,9.990394,10.395831,3.423942,-71.5688
142358.992,1476.464,256.585472068801,10.609142,10.609394,10.211159,-0.17774,2.15747
142359.957,1477.429,256.565419528589,10.55071,10.550729,10.933398,0.748434,-19.8488
142400.991,1478.463,256.555573173297,10.609142,10.609146,10.260296,-0.650969,4.65326
142401.952,1479.424,256.488642145348,12.201832,12.202015,12.697206,2.535806,-67.30154
142402.989,1480.461,256.404203121054,8.415101,8.415525,8.11526,-4.418463,21.81754
142403.952,1481.424,256.317235300665,7.635374,7.635869,7.929251,-0.193156,1.82016
142404.990,1482.462,256.217364022101,9.530387,9.530911,9.181995,1.206882,-23.2931
142405.953,1483.425,256.157716674981,8.415092,8.415303,8.738633,-0.460397,3.20772
