123455,0,201.145495937699,0.0,0.0,0,0,-0.35
123501,6.0,201.505369357029,52.524516,52.525749,8.754292,1.459049,-21.94539
123512,17.0,201.753996183301,107.384195,107.384482,9.762226,0.09163,-0.02226
123523,28.0,201.124011162597,133.623268,133.624753,12.147705,0.216862,-0.21015
123530,35.0,200.853076641891,69.196603,69.197133,9.885305,-0.3232,2.53293
123534,39.0,200.853529223737,11.920096,11.920096,2.980024,-1.72632,2.67621
123536,41.0,200.850373723023,11.931216,11.931216,5.965608,1.492792,-18.24289
123540,45.0,200.833951527714,35.836743,35.836747,8.959187,0.748395,-15.27795
123546,51.0,200.502988323708,73.98773,73.98847,12.331412,0.562038,-16.45529
123553,58.0,201.113076086096,73.987731,73.990246,10.570035,-0.251625,1.66497
123557,62.0,201.180129772074,16.793646,16.79378,4.198445,-1.592897,3.52817
123602,67.0,201.19082249291,4.770262,4.770274,0.954055,-0.648878,0.04993
123606,71.0,201.353773687195,21.569548,21.570164,5.392541,1.109621,-10.43434
123610,75.0,201.482831903212,38.581343,38.581559,9.64539,1.063212,-16.50402
123618,83.0,201.748874976577,105.21813,105.218466,13.152308,0.438365,-7.38807
123626,91.0,201.873630835679,108.724039,108.72411,13.590514,0.054776,-0.43849
123635,100.0,203.516190402367,112.221776,112.233796,12.470422,-0.124455,0.60729
123645,110.0,204.894935566532,124.527644,124.535277,12.453528,-0.001689,0.0249
123652,117.0,207.391124734284,105.24498,105.274578,15.039225,0.369385,-13.34122
123659,124.0,208.885813517912,115.834003,115.843646,16.549092,0.215695,-7.78391
123709,134.0,210.929933659691,168.408119,168.420524,16.842052,0.029296,-4.00135
123722,147.0,212.953110018216,228.414539,228.423499,17.571038,0.056076,-4.75253
123729,154.0,213.147128731224,128.365038,128.365185,18.337884,0.109549,-5.46399
123741,166.0,214.497400155328,214.273237,214.277492,17.856458,-0.040119,-3.90746
123754,179.0,219.14273382143,224.660779,224.7088,17.285292,-0.043936,-4.58227
123805,190.0,219.521697253693,198.280857,198.28122,18.025565,0.067298,-4.72225
123809,194.0,219.966802090151,63.130267,63.131836,15.782959,-0.560652,2.54031
123812,197.0,220.110584206822,24.549297,24.549718,8.183239,-2.53324,11.36058
123816,201.0,220.190232044267,9.088827,9.089176,2.272294,-1.477736,1.54502
123824,209.0,220.190232044267,0.0,0.0,0.0,-0.284037,-0.35
123920,265.0,220.189399287558,14.225818,14.225818,0.254032,0.004536,-0.33038
123924,269.0,219.579457976812,38.58097,38.585791,9.646448,2.348104,-41.92842
123929,274.0,217.909057800482,71.930596,71.949988,14.389998,0.94871,-26.55138
123938,283.0,215.277809376332,149.080125,149.103343,16.567038,0.241893,-2.99841
123947,292.0,213.26570589872,161.327457,161.340004,17.926667,0.15107,-4.05254
124000,305.0,218.981422991249,243.790713,243.857707,18.758285,0.063971,-8.63516
124011,316.0,217.522532051544,205.176904,205.182091,18.652917,-0.009579,-3.78843
124022,327.0,212.924388290176,199.922347,199.975217,18.179565,-0.043032,-1.40849
124030,335.0,209.875927513504,126.274799,126.31159,15.788949,-0.298827,2.91432
124034,339.0,208.97926119545,45.592641,45.601457,11.400364,-1.097146,8.76557
124038,343.0,208.606784091269,26.306276,26.308912,6.577228,-1.205784,5.00905
124042,347.0,208.530076137169,5.780433,5.780941,1.445235,-1.282998,0.87129
124048,353.0,208.281305130921,15.780491,15.782452,2.630409,0.197529,-0.19853
124051,356.0,207.769946140521,26.306266,26.311236,8.770412,2.046668,-32.69554
124054,359.0,207.377874750065,38.572718,38.57471,12.858237,1.362608,-35.04256
124059,364.0,206.600740503674,82.416495,82.420159,16.484032,0.725159,-30.24516
124106,371.0,204.682837593395,129.76614,129.780312,18.540045,0.293716,-5.95086
124121,386.0,204.52893822781,291.180905,291.180946,19.412063,0.058135,-6.04898
124129,394.0,205.193675807473,142.120646,142.122201,17.765275,-0.205849,-2.05996
124137,402.0,208.460837165673,140.364913,140.402931,17.550366,-0.026864,-5.284
124146,411.0,207.245289917289,166.606572,166.611006,18.512334,0.106885,-4.78046
124156,421.0,207.796311932079,180.628772,180.629613,18.062961,-0.044937,-3.77554
124208,433.0,209.214751460517,201.712576,201.717563,16.809797,-0.10443,-2.29416
124220,445.0,211.077217686783,185.936799,185.946127,15.495511,-0.109524,-1.31374
124228,453.0,212.465700585708,112.253566,112.262153,14.032769,-0.182843,0.20788
124239,464.0,213.364278673009,156.089764,156.09235,14.190214,0.014313,-0.91689
124246,471.0,213.915670330047,92.964345,92.965981,13.280854,-0.129909,0.76538
124251,476.0,213.925947735746,49.155843,49.155844,9.831169,-0.689937,4.25167
124255,480.0,213.817572830773,14.031561,14.031979,3.507995,-1.580794,3.08257
124301,486.0,213.778708666787,3.505847,3.506063,0.584344,-0.487275,-0.11487
124304,489.0,213.609889559104,19.286245,19.286984,6.428995,1.948217,-24.00688
124308,493.0,213.457797244862,42.08651,42.086785,10.521696,1.023175,-22.72744
124314,499.0,213.919192798425,80.702577,80.703896,13.450649,0.488159,-9.69927
124328,513.0,216.597470769087,185.93635,185.955638,13.282546,-0.012007,-0.68115
124340,525.0,219.834494062491,170.161521,170.192307,14.182692,0.075012,-3.33619
124351,536.0,221.325993938937,166.605868,166.612544,15.146595,0.087628,-2.55463
124359,544.0,222.860171887645,120.988251,120.997978,15.124747,-0.002731,-2.09425
124408,553.0,221.664851256552,140.310956,140.316047,15.590672,0.051769,-1.22258
124414,559.0,221.742854743538,103.486616,103.486645,17.247774,0.276184,-6.70794
124427,572.0,222.426905778446,231.516064,231.517074,17.809006,0.043172,-4.34303
124439,584.0,223.898379091423,208.666648,208.671837,17.38932,-0.034974,-3.5256
124447,592.0,225.415093567145,126.349133,126.358236,15.794779,-0.199318,-0.97255
124455,600.0,225.475723266602,136.859617,136.859631,17.107454,0.164084,-4.47491
124501,606.0,225.581821114874,122.744918,122.744964,20.457494,0.55834,-20.73705
124507,612.0,227.09338361507,142.059335,142.067377,23.677896,0.536734,-29.54721
124517,622.0,230.659099881765,249.015185,249.040713,24.904071,0.122617,-17.15619
124538,643.0,231.574188109395,520.886316,520.88712,24.804149,-0.004758,-13.60556
124549,654.0,229.126111508221,273.646108,273.657058,24.877914,0.006706,-12.4723
124559,664.0,228.379088504575,248.635771,248.636893,24.863689,-0.001423,-13.12335
124620,685.0,228.428862509616,519.558801,519.558804,24.740895,-0.005847,-13.26318
124638,703.0,229.852802229172,446.747557,446.749826,24.819435,0.004363,-13.94246
124644,709.0,230.685077511861,142.542379,142.544809,23.757468,-0.176994,-10.15291
124649,714.0,230.959662636888,93.424716,93.425119,18.685024,-1.014489,5.34187
124650,715.0,230.96112804116,14.232154,14.232154,14.232154,-4.45287,33.8957
124653,718.0,231.120314807596,31.30185,31.302255,10.434085,-1.266023,7.53849
124655,720.0,231.224614585146,19.411395,19.411675,9.705838,-0.364123,2.21063
124702,727.0,232.038876212384,74.484822,74.489272,10.641325,0.133641,-1.49533
124709,734.0,232.327770463961,79.223892,79.224419,11.317774,0.096636,-0.02002
124710,735.0,232.3093761516,5.080727,5.08076,5.08076,-6.237014,17.32922
124714,739.0,232.402011018332,20.726818,20.727026,5.181756,0.025249,-0.10803
124716,741.0,232.551888892123,15.780224,15.780936,7.890468,1.354356,-18.74825
124723,748.0,232.959335778457,78.945148,78.9462,11.278029,0.483937,-7.5038
124731,756.0,234.93485770477,103.485686,103.504541,12.938068,0.207505,-5.55227
124734,759.0,235.518944309527,19.294191,19.30303,6.434343,-2.167908,6.72411
124737,762.0,235.710849742981,5.254623,5.258126,1.752709,-1.560545,0.93152
124740,765.0,236.470286176192,19.294191,19.309131,6.436377,1.561223,-21.28296
124747,772.0,237.608116015717,61.372035,61.382581,8.76894,0.333223,-5.84639
124751,776.0,236.648129187947,13.168765,13.203709,3.300927,-1.367003,3.6363
124755,780.0,235.89644347021,25.422502,25.433613,6.358403,0.764369,-7.6848
124800,785.0,236.132541655114,66.829012,66.829429,13.365886,1.401497,-31.29036
124805,790.0,235.790458211611,88.277652,88.278315,17.655663,0.857955,-39.92835
124814,799.0,235.040658320995,183.7357,183.737229,20.415248,0.306621,-9.72135
124822,807.0,237.721288884883,183.716258,183.735813,22.966977,0.318966,-20.70639
124834,819.0,234.353724636183,281.551035,281.571174,23.464264,0.041441,-10.25807
124847,832.0,234.087667918618,305.407986,305.408101,23.492931,0.002205,-11.18708
124900,845.0,234.242422284948,317.339201,317.339239,24.410711,0.070598,-13.76769
124907,852.0,234.627432910295,159.863478,159.863941,22.837706,-0.224715,-7.7538
124912,857.0,234.619812011719,97.829296,97.829297,19.565859,-0.654369,1.25255
124915,860.0,234.619812011719,42.943481,42.943481,14.314494,-1.750455,13.0991
124916,861.0,234.619812011719,9.551644,9.551644,9.551644,-4.76285,25.18315
124919,864.0,234.619812011719,27.676076,27.676076,9.225359,-0.108762,1.05785
124922,867.0,234.619812011719,35.145953,35.145953,11.715318,0.829986,-22.07423
124928,873.0,234.617814111051,89.403443,89.403443,14.900574,0.530876,-22.86746
124937,882.0,236.146799513729,149.011184,149.019029,16.55767,0.184122,-6.06899
124943,888.0,237.780081912823,84.183836,84.199678,14.03328,-0.420732,1.48953
124947,892.0,238.165233105552,33.393662,33.395883,8.348971,-1.421077,6.32288
124948,893.0,238.222580103267,5.261429,5.261741,5.261741,-3.08723,8.58267
124952,897.0,238.524653648525,24.208387,24.210272,6.052568,0.197707,-2.13182
124955,900.0,238.866594411658,31.466375,31.468233,10.489411,1.478948,-27.16477
125002,907.0,239.760520516442,100.208868,100.212855,14.316122,0.546673,-13.15107
125011,916.0,239.723951031997,138.382086,138.382091,15.375788,0.117741,-2.26693
125020,925.0,237.968814240162,121.691728,121.704384,13.522709,-0.205898,2.63382
