231034,0,1828.099,0.0,0.0,0,0,-0.35
231039,5.0,1830.771,14.101861,14.101865,14.101865,-0.048297,0.16259
231040,6.0,1830.861,13.292593,13.292897,13.292897,-0.808968,6.12496
231041,7.0,1830.517,12.279659,12.284477,12.284477,-1.00842,10.14378
231042,8.0,1829.711,10.58901,10.619641,10.619641,-1.664836,15.7097
231043,9.0,1829.085,7.527746,7.55373,7.55373,-3.065911,17.47227
231044,10.0,1829.077,3.865243,3.865251,3.865251,-3.688479,8.35617
231045,11.0,1829.122,0.542263,0.544127,0.544127,-3.321124,0.49352
231046,12.0,1828.924,2.129844,2.139028,2.139028,1.594901,-3.85451
231047,13.0,1828.887,3.144496,3.144713,3.144713,1.005685,-6.76707
231048,14.0,1829.402,2.666784,2.716056,2.716056,-0.428657,-7.17847
231049,15.0,1829.003,1.876831,1.918775,1.918775,-0.797281,2.99223
231050,16.0,1829.122,1.07217,1.078753,1.078753,-0.840022,-0.55019
231051,17.0,1829.64,0.344368,0.622024,0.622024,-0.456729,-9.5788
231052,18.0,1829.349,0.22239,0.366249,0.366249,-0.255775,-0.26389
231053,19.0,1829.095,0.085504,0.268005,0.268005,-0.098244,-0.31163
231054,20.0,1829.603,0.111195,0.520027,0.520027,0.252022,-10.23006
231055,21.0,1829.394,0.0,0.209,0.0,-0.520027,-0.35
231056,22.0,1828.697,0.0,0.697,0.0,0.0,-0.35
231057,23.0,1829.476,0.085504,0.783678,0.783678,0.783678,-16.31482
231058,24.0,1829.014,0.085504,0.469846,0.469846,-0.313832,-0.22361
231059,25.0,1829.04,0.0,0.026,0.0,-0.469846,-0.35
231100,26.0,1828.932,0.140268,0.177029,0.177029,0.177029,-0.46255
231101,27.0,1829.077,0.111195,0.182727,0.182727,0.005698,-0.33492
231102,28.0,1829.312,0.085504,0.250072,0.250072,0.067345,-0.33835
231103,29.0,1829.413,0.085504,0.132332,0.132332,-0.11774,-0.32955
231104,30.0,1829.259,0.0,0.154,0.0,-0.132332,-0.35
231105,31.0,1829.674,0.0,0.415,0.0,0.0,-0.35
231106,32.0,1829.294,0.0,0.38,0.0,0.0,-0.35
231107,33.0,1829.376,0.0,0.082,0.0,0.0,-0.35
231108,34.0,1829.394,0.0,0.018,0.0,0.0,-0.35
231109,35.0,1829.222,0.0,0.172,0.0,0.0,-0.35
231110,36.0,1829.819,0.111195,0.607267,0.607267,0.607267,-12.38326
231111,37.0,1829.73,0.0,0.089,0.0,-0.607267,-0.35
231112,38.0,1829.476,0.0,0.254,0.0,0.0,-0.35
231113,39.0,1829.122,0.085504,0.36418,0.36418,0.36418,-0.71522
231114,40.0,1829.827,0.420805,0.821037,0.821037,0.456857,-14.41154
231115,41.0,1829.648,0.816908,0.83629,0.83629,0.015253,0.73897
231116,42.0,1828.823,1.220846,1.473462,1.473462,0.637172,3.9512
231117,43.0,1829.603,1.711434,1.8808,1.8808,0.407338,-16.3117
231118,44.0,1828.913,1.560268,1.706029,1.706029,-0.174771,3.92054
231119,45.0,1830.1,1.233856,1.712124,1.712124,0.006095,-22.70949
231120,46.0,1829.595,0.955515,1.080756,1.080756,-0.631368,3.03148
231121,47.0,1829.077,0.58168,0.778894,0.778894,-0.301862,2.8189
231122,48.0,1828.707,0.452924,0.584842,0.584842,-0.194052,1.88415
231123,49.0,1829.386,0.562511,0.881737,0.881737,0.296895,-13.67152
231124,50.0,1829.304,0.344368,0.353997,0.353997,-0.52774,-0.2106
231125,51.0,1829.212,0.44478,0.454195,0.454195,0.100198,-0.33754
231126,52.0,1829.64,0.513446,0.668439,0.668439,0.214244,-8.67188
231127,53.0,1829.827,0.476521,0.5119,0.5119,-0.156539,-3.64266
231128,54.0,1829.085,0.452924,0.869312,0.869312,0.357412,3.7903
231129,55.0,1829.259,0.22239,0.282371,0.282371,-0.586941,-0.22906
231130,56.0,1828.95,0.171007,0.353163,0.353163,0.070792,-0.33426
231131,57.0,1829.304,0.140268,0.380777,0.380777,0.027614,-0.32343
231132,58.0,1829.719,0.140268,0.438064,0.438064,0.057287,-0.32702
231133,59.0,1829.294,0.280536,0.50924,0.50924,0.071176,2.10508
231134,60.0,1829.286,0.816908,0.816947,0.816947,0.307707,-0.92517
231135,61.0,1829.883,1.724691,1.825094,1.825094,1.008147,-14.91339
231136,62.0,1829.394,4.141393,4.170162,4.170162,2.345068,-11.36889
231137,63.0,1829.566,6.754767,6.756957,6.756957,2.586795,-35.79697
231138,64.0,1829.349,9.857305,9.859693,9.859693,3.102736,-59.60641
231140,66.0,1829.738,27.606823,27.609564,13.804782,1.972544,-53.17253
231141,67.0,1829.502,12.82791,12.830081,12.830081,-0.974701,9.29216
231142,68.0,1829.341,14.682394,14.683277,14.683277,1.853196,-58.89556
231143,69.0,1829.185,16.23568,16.23643,16.23643,1.553153,-57.85153
231144,70.0,1828.987,15.8149,15.816139,15.816139,-0.420291,3.49205
231145,71.0,1828.86,16.556236,16.556724,16.556724,0.740585,-33.62348
231146,72.0,1828.797,17.495943,17.496056,17.496056,0.939332,-44.96609
231147,73.0,1829.304,18.427546,18.434519,18.434519,0.938463,-41.34245
231148,74.0,1828.969,19.318458,19.321362,19.321362,0.886843,-45.3013
231149,75.0,1828.697,20.019479,20.021327,20.021327,0.699965,-42.16275
231150,76.0,1828.453,20.670537,20.671977,20.671977,0.65065,-43.32211
231151,77.0,1828.398,21.14117,21.141241,21.141241,0.469264,-41.33141
231152,78.0,1827.901,21.742273,21.747953,21.747953,0.606712,-40.98503
231153,79.0,1828.57,22.173041,22.183131,22.183131,0.435178,-31.48919
231154,80.0,1828.734,22.593744,22.594339,22.594339,0.411208,-21.31402
231155,81.0,1828.741,22.811947,22.811948,22.811948,0.217609,-12.77859
231156,82.0,1830.271,23.783922,23.833083,23.833083,1.021135,-77.88731
231157,83.0,1830.935,23.309027,23.318482,23.318482,-0.514601,-7.41453
231158,84.0,1831.812,23.503593,23.519949,23.519949,0.201467,-26.68917
231159,85.0,1832.065,24.337046,24.338361,24.338361,0.818412,-44.98864
231200,86.0,1833.722,24.767474,24.822841,24.822841,0.48448,-56.84612
231201,87.0,1834.636,24.48805,24.505102,24.505102,-0.317739,-13.20052
231202,88.0,1835.146,24.817089,24.822328,24.822328,0.317226,-26.63844
231203,89.0,1835.588,24.398882,24.402885,24.402885,-0.419443,-8.90225
231204,90.0,1836.904,24.517887,24.55318,24.55318,0.150295,-33.7611
231205,91.0,1837.873,24.637505,24.656554,24.656554,0.103374,-24.91709
231206,92.0,1838.906,24.758072,24.779613,24.779613,0.123059,-27.21361
231207,93.0,1839.884,25.023373,25.042478,25.042478,0.262865,-33.26343
231208,94.0,1840.164,25.129221,25.130781,25.130781,0.088303,-16.4592
231209,95.0,1841.316,25.236874,25.263153,25.263153,0.132372,-30.4112
231210,96.0,1842.368,25.491196,25.512894,25.512894,0.249741,-34.59671
231211,97.0,1843.203,25.384568,25.398297,25.398297,-0.114597,-17.10224
231212,98.0,1843.826,24.779969,24.787799,24.787799,-0.610498,-7.72124
231213,99.0,1844.336,24.420285,24.42561,24.42561,-0.362189,-10.14197
231214,100.0,1845.895,23.782238,23.833281,23.833281,-0.592329,-12.11381
231215,101.0,1847.409,23.503478,23.55219,23.55219,-0.281091,-16.70439
231216,102.0,1847.002,23.22476,23.228326,23.228326,-0.323864,-3.76213
231217,103.0,1848.099,23.165361,23.191321,23.191321,-0.037005,-19.75164
231218,104.0,1849.795,23.326018,23.387594,23.387594,0.196273,-42.08776
231219,105.0,1850.504,23.326043,23.336815,23.336815,-0.050779,-14.01573
231220,106.0,1851.529,23.503602,23.525942,23.525942,0.189127,-28.99289
231221,107.0,1852.29,23.664054,23.676287,23.676287,0.150345,-22.26694
231222,108.0,1851.719,23.78244,23.789293,23.789293,0.113006,-9.65952
231223,109.0,1852.226,23.961198,23.966562,23.966562,0.177269,-18.92066
231224,110.0,1851.656,24.299613,24.306298,24.306298,0.339736,-13.74697
231225,111.0,1852.998,24.45889,24.495679,24.495679,0.189381,-36.10169
231226,112.0,1852.263,24.638088,24.649049,24.649049,0.15337,-10.755
231227,113.0,1852.871,24.916623,24.92404,24.92404,0.274991,-26.61202
231228,114.0,1854.242,25.016515,25.054054,25.054054,0.130014,-34.32766
231229,115.0,1854.586,25.016543,25.018908,25.018908,-0.035146,-14.83305
231230,116.0,1855.003,25.096758,25.100222,25.100222,0.081314,-17.09274
231231,117.0,1855.032,25.056009,25.056026,25.056026,-0.044196,-12.96014
231232,118.0,1855.968,25.016628,25.034132,25.034132,-0.021894,-18.4844
231233,119.0,1857.165,24.797356,24.82623,24.82623,-0.207902,-16.89317
231234,120.0,1857.638,24.678552,24.683084,24.683084,-0.143146,-13.46032
231235,121.0,1858.927,24.420866,24.454861,24.454861,-0.228223,-16.55866
231236,122.0,1859.252,24.260374,24.262551,24.262551,-0.19231,-11.26053
231237,123.0,1859.662,24.061667,24.06516,24.06516,-0.197391,-11.37814
231238,124.0,1861.115,24.002509,24.046448,24.046448,-0.018712,-27.96791
231239,125.0,1862.714,24.002535,24.055737,24.055737,0.009289,-32.10519
231240,126.0,1863.668,23.961658,23.980641,23.980641,-0.075096,-16.07782
231241,127.0,1864.767,23.961684,23.986873,23.986873,0.006232,-22.29765
231242,128.0,1865.713,24.141858,24.160385,24.160385,0.173512,-27.39774
231243,129.0,1865.657,24.384211,24.384276,24.384276,0.223891,-15.18832
231244,130.0,1866.603,24.723362,24.741454,24.741454,0.357178,-36.89656
231245,131.0,1867.058,25.589958,25.594002,25.594002,0.852548,-53.49479
231246,132.0,1866.939,25.290605,25.290885,25.290885,-0.303117,-8.69146
231247,133.0,1868.958,24.922511,25.004158,25.004158,-0.286727,-26.32975
231248,134.0,1869.267,24.84225,24.844171,24.844171,-0.159987,-12.53735
231249,135.0,1870.102,24.677721,24.691844,24.691844,-0.152327,-15.41804
231250,136.0,1870.202,24.540175,24.540378,24.540378,-0.151466,-10.98579
231251,137.0,1870.958,24.747926,24.75947,24.75947,0.219092,-26.56608
231252,138.0,1870.656,24.336741,24.338614,24.338614,-0.420856,-4.54587
231253,139.0,1871.256,24.338325,24.34572,24.34572,0.007106,-15.79734
231254,140.0,1871.848,24.271968,24.279187,24.279187,-0.066533,-14.59967
231255,141.0,1872.266,24.06639,24.07002,24.07002,-0.209167,-11.2698
231256,142.0,1873.193,23.796214,23.814264,23.814264,-0.255756,-13.15758
231257,143.0,1873.431,23.727763,23.728957,23.728957,-0.085307,-11.45125
231258,144.0,1875.36,23.663927,23.742419,23.742419,0.013462,-38.44998
231259,145.0,1875.949,23.732928,23.740235,23.740235,-0.002184,-14.62957
231300,146.0,1877.014,24.002424,24.026039,24.026039,0.285804,-34.85554
231301,147.0,1878.343,24.066561,24.103228,24.103228,0.077189,-30.16915
231302,148.0,1879.342,24.06659,24.087315,24.087315,-0.015913,-19.41057
231303,149.0,1880.261,24.135048,24.152538,24.152538,0.065223,-21.75675
231304,150.0,1880.253,24.000025,24.000026,24.000026,-0.152512,-9.52326
231305,151.0,1882.491,24.134088,24.237633,24.237633,0.237607,-55.39621
231306,152.0,1884.14,23.615107,23.67261,23.67261,-0.565023,-12.81845
231307,153.0,1884.523,23.913255,23.916322,23.916322,0.243712,-19.63456
231308,154.0,1886.352,23.954663,24.024386,24.024386,0.108064,-41.18744
231309,155.0,1886.389,23.752286,23.752315,23.752315,-0.272071,-7.75243
231310,156.0,1887.945,23.492241,23.543716,23.543716,-0.208599,-20.89885
231311,157.0,1888.682,23.015371,23.027168,23.027168,-0.516548,-7.46272
231312,158.0,1888.492,22.950638,22.951424,22.951424,-0.075744,-7.96733
231313,159.0,1889.155,23.015422,23.02497,23.02497,0.073546,-16.33867
231314,160.0,1890.096,23.275825,23.294838,23.294838,0.269868,-30.86831
231315,161.0,1891.571,23.355004,23.401535,23.401535,0.106697,-33.78
231316,162.0,1891.782,23.478322,23.479271,23.479271,0.077736,-13.15526
231317,163.0,1891.782,23.615408,23.615408,23.615408,0.136137,-12.97197
231318,164.0,1892.62,23.204375,23.219501,23.219501,-0.395907,-9.91287
231319,165.0,1893.521,22.734033,22.75188,22.75188,-0.467621,-8.719
231320,166.0,1893.904,22.662427,22.665663,22.665663,-0.086217,-10.69254
231321,167.0,1893.959,23.008359,23.008425,23.008425,0.342762,-16.78076
231322,168.0,1894.852,23.485102,23.502074,23.502074,0.493649,-40.50733
231323,169.0,1895.143,23.8898,23.891572,23.891572,0.389498,-24.67814
231324,170.0,1895.362,24.229345,24.230334,24.230334,0.338762,-21.36585
231325,171.0,1895.727,23.955132,23.957913,23.957913,-0.272421,-9.92299
231326,172.0,1895.626,23.485212,23.485429,23.485429,-0.472484,-3.84135
231327,173.0,1895.336,21.578652,21.5806,21.5806,-1.904829,17.56975
231328,174.0,1895.254,18.862697,18.862875,18.862875,-2.717725,25.77111
231329,175.0,1894.86,16.009975,16.014822,16.014822,-2.848053,27.16616
231330,176.0,1894.77,13.639313,13.63961,13.63961,-2.375212,19.55624
231331,177.0,1895.772,9.833316,9.884235,9.884235,-3.755375,16.59588
231332,178.0,1896.226,11.197406,11.206606,11.206606,1.322371,-34.05171
231333,179.0,1895.899,10.72086,10.725846,10.725846,-0.48076,5.67551
231334,180.0,1896.411,10.590445,10.602814,10.602814,-0.123032,-3.85295
231335,181.0,1897.331,10.376387,10.417092,10.417092,-0.185722,-10.55773
231336,182.0,1897.788,10.397034,10.407073,10.407073,-0.010019,-5.24485
231337,183.0,1898.324,10.323643,10.337548,10.337548,-0.069525,-5.59352
231338,184.0,1899.172,10.186154,10.221391,10.221391,-0.116157,-10.73315
231339,185.0,1899.511,11.288033,11.293123,11.293123,1.071732,-26.46799
231340,186.0,1901.033,12.732894,12.823535,12.823535,1.530412,-63.61757
231342,188.0,1901.688,33.926274,33.932596,16.966298,2.071381,-72.27247
231343,189.0,1902.383,18.683412,18.696334,18.696334,1.730036,-74.62482
231344,190.0,1904.106,20.170338,20.243796,20.243796,1.547462,-93.20437
231345,191.0,1904.92,21.448364,21.463805,21.463805,1.220009,-66.33075
231346,192.0,1906.653,22.257959,22.325322,22.325322,0.861517,-70.8989
231347,193.0,1907.802,22.865466,22.894317,22.894317,0.568995,-47.84871
231348,194.0,1909.39,23.348405,23.402346,23.402346,0.508029,-54.39098
231349,195.0,1911.206,23.818526,23.887654,23.887654,0.485308,-58.51633
231350,196.0,1912.128,24.360531,24.377973,24.377973,0.490319,-42.35148
231351,197.0,1913.644,24.831204,24.877438,24.877438,0.499465,-55.04643
231352,198.0,1913.89,25.170716,25.171918,25.171918,0.29448,-20.98545
231353,199.0,1914.831,25.718651,25.73586,25.73586,0.563942,-48.67553
231354,200.0,1916.895,25.855748,25.937999,25.937999,0.202139,-52.24478
231355,201.0,1918.567,25.99288,26.046601,26.046601,0.108602,-40.04726
231356,202.0,1919.088,26.260731,26.265899,26.265899,0.219298,-23.80851
231357,203.0,1920.055,26.332469,26.350218,26.350218,0.084319,-25.51132
231358,204.0,1921.006,26.397841,26.414966,26.414966,0.064748,-24.24783
231359,205.0,1923.006,26.469675,26.545125,26.545125,0.130159,-47.9466
231400,206.0,1923.418,26.600377,26.603568,26.603568,0.058443,-19.45938
231401,207.0,1924.24,26.744117,26.756747,26.756747,0.153179,-26.69902
231402,208.0,1926.351,26.97042,27.052909,27.052909,0.296162,-59.38897
231404,210.0,1929.205,57.185083,57.256258,28.628129,0.78761,-75.89411
231405,211.0,1930.513,28.800861,28.830547,28.830547,0.202418,-40.98276
231406,212.0,1931.694,28.484565,28.509037,28.509037,-0.32151,-21.24406
231407,213.0,1932.17,29.690857,29.694673,29.694673,1.185636,-83.22278
231408,214.0,1934.043,29.46682,29.526287,29.526287,-0.168386,-31.18153
231409,215.0,1934.73,29.101982,29.11009,29.11009,-0.416197,-17.90533
231410,216.0,1936.086,29.481584,29.512752,29.512752,0.402662,-54.28466
231411,217.0,1938.07,29.168944,29.23634,29.23634,-0.276412,-27.9417
231412,218.0,1938.427,29.444287,29.446451,29.446451,0.210111,-27.38571
231413,219.0,1939.463,29.055789,29.074253,29.074253,-0.372198,-20.58764
231414,220.0,1940.231,29.65971,29.669652,29.669652,0.595399,-54.43608
231415,221.0,1940.324,30.138508,30.138651,30.138651,0.468999,-34.87787
231416,222.0,1941.989,30.188138,30.234019,30.234019,0.095368,-43.13001
231417,223.0,1943.418,29.507388,29.54197,29.54197,-0.692049,-18.1837
231418,224.0,1945.167,30.024837,30.075735,30.075735,0.533765,-70.46194
231419,225.0,1946.018,29.756128,29.768294,29.768294,-0.307441,-21.93581
231420,226.0,1946.541,29.331702,29.336364,29.336364,-0.43193,-17.11142
231421,227.0,1947.054,29.38939,29.393867,29.393867,0.057503,-25.55163
231422,228.0,1947.86,28.905926,28.917161,28.917161,-0.476706,-17.2286
231423,229.0,1948.198,29.206455,29.208411,29.208411,0.29125,-28.14756
231424,230.0,1949.152,29.20648,29.222057,29.222057,0.013646,-26.97106
231425,231.0,1949.995,29.571102,29.583116,29.583116,0.361059,-42.1368
231426,232.0,1952.058,29.293522,29.366076,29.366076,-0.21704,-32.00268
231427,233.0,1953.01,29.398124,29.413534,29.413534,0.047458,-27.93639
231428,234.0,1953.432,29.537349,29.540364,29.540364,0.12683,-26.5365
231429,235.0,1955.589,29.485149,29.563942,29.563942,0.023578,-47.83262
231430,236.0,1955.441,29.09313,29.093507,29.093507,-0.470435,-12.18731
231431,237.0,1955.467,29.43355,29.433561,29.433561,0.340054,-27.70427
231432,238.0,1957.597,29.572934,29.649542,29.649542,0.215981,-58.57282
231433,239.0,1957.597,29.624536,29.624536,29.624536,-0.025006,-21.68
231434,240.0,1958.844,29.720193,29.746342,29.746342,0.121806,-36.20752
231435,241.0,1959.716,29.815958,29.828707,29.828707,0.082365,-28.96336
231436,242.0,1959.88,29.815984,29.816435,29.816435,-0.012272,-23.23867
231437,243.0,1960.807,30.094484,30.108758,30.108758,0.292323,-40.48286
231438,244.0,1961.539,30.233762,30.242622,30.242622,0.133864,-29.96489
231439,245.0,1962.615,30.233788,30.252929,30.252929,0.010307,-29.7763
231440,246.0,1962.091,30.007885,30.01246,30.01246,-0.240469,-15.71667
231441,247.0,1962.474,29.975728,29.978174,29.978174,-0.034286,-24.44689
231442,248.0,1964.43,30.130726,30.194148,30.194148,0.215974,-55.87916
231443,249.0,1964.834,30.682703,30.685362,30.685362,0.491214,-43.16365
231444,250.0,1964.734,31.217412,31.217572,31.217572,0.53221,-91.8185
231445,251.0,1965.873,30.556216,30.577437,30.577437,-0.640135,-19.23144
231446,252.0,1966.322,30.286388,30.289716,30.289716,-0.287721,-21.00174
231447,253.0,1966.641,30.286415,30.288095,30.288095,-0.001621,-25.3104
231448,254.0,1967.579,30.190556,30.205124,30.205124,-0.082971,-27.24384
231449,255.0,1968.222,30.190582,30.197428,30.197428,-0.007696,-26.86605
231450,256.0,1968.808,30.277735,30.283406,30.283406,0.085978,-28.37766
231451,257.0,1969.498,30.234109,30.241981,30.241981,-0.041425,-26.63518
231452,258.0,1970.277,30.321621,30.331626,30.331626,0.089645,-29.6533
231453,259.0,1971.627,30.13852,30.168741,30.168741,-0.162885,-28.12235
231454,260.0,1972.603,30.190714,30.206485,30.206485,0.037744,-29.59467
231455,261.0,1973.823,29.912324,29.937194,29.937194,-0.269291,-25.05418
231456,262.0,1975.982,29.729992,29.808283,29.808283,-0.128911,-39.19224
231457,263.0,1977.48,29.451752,29.489824,29.489824,-0.318459,-24.93916
231458,264.0,1978.262,29.259715,29.270163,29.270163,-0.219661,-22.1175
231459,265.0,1980.421,28.789616,28.870457,28.870457,-0.399706,-26.20574
231500,266.0,1982.049,28.459021,28.505547,28.505547,-0.36491,-23.10048
231501,267.0,1983.024,28.26811,28.28492,28.28492,-0.220627,-21.35494
231502,268.0,1983.75,27.989432,27.998846,27.998846,-0.286074,-18.33767
231503,269.0,1986.139,27.710791,27.81358,27.81358,-0.185266,-39.56953
231504,270.0,1988.018,27.476036,27.54021,27.54021,-0.27337,-24.89911
231505,271.0,1988.892,27.388559,27.402501,27.402501,-0.137709,-20.51236
231506,272.0,1991.788,27.110086,27.264328,27.264328,-0.138173,-51.64361
231507,273.0,1992.94,26.875124,26.899803,26.899803,-0.364525,-17.64229
231508,274.0,1994.449,26.947296,26.989513,26.989513,0.08971,-36.89787
231509,275.0,1996.41,26.918834,26.990168,26.990168,0.000655,-40.88343
231510,276.0,1997.617,27.153732,27.180544,27.180544,0.190376,-36.6325
231511,277.0,1999.044,27.206027,27.243425,27.243425,0.062881,-34.12521
231512,278.0,2001.594,27.38871,27.507161,27.507161,0.263736,-66.79674
231513,279.0,2002.508,27.527996,27.543165,27.543165,0.036004,-23.79562
231514,280.0,2004.487,27.571716,27.642647,27.642647,0.099482,-47.08244
231515,281.0,2005.954,27.711057,27.749861,27.749861,0.107214,-37.75613
231516,282.0,2006.681,27.71108,27.720615,27.720615,-0.029246,-22.01599
231517,283.0,2008.821,27.763052,27.845406,27.845406,0.124791,-51.75951
231518,284.0,2010.24,27.806667,27.84285,27.84285,-0.002556,-30.93469
231519,285.0,2011.595,27.755086,27.788142,27.788142,-0.054708,-26.82296
231520,286.0,2013.255,27.90237,27.951706,27.951706,0.163564,-44.76309
231521,287.0,2015.191,27.858949,27.926137,27.926137,-0.025569,-39.6906
231522,288.0,2016.106,27.858972,27.873994,27.873994,-0.052143,-23.01778
231523,289.0,2017.673,28.072399,28.1161,28.1161,0.242106,-47.48793
231524,290.0,2019.057,27.902461,27.936764,27.936764,-0.179336,-23.75028
231525,291.0,2021.781,28.041746,28.173741,28.173741,0.236977,-69.54113
231526,292.0,2023.221,28.034004,28.070963,28.070963,-0.102778,-26.01242
231527,293.0,2023.94,28.122653,28.131842,28.131842,0.060879,-24.24949
231528,294.0,2025.251,28.110683,28.141237,28.141237,0.009395,-29.76335
231529,295.0,2026.712,28.865949,28.902898,28.902898,0.761661,-75.88191
231531,297.0,2031.783,57.281208,57.505233,28.752616,-0.075141,-49.03914
231532,298.0,2032.826,28.458753,28.47786,28.47786,-0.274756,-21.22713
231533,299.0,2033.603,28.528076,28.538655,28.538655,0.060795,-25.40343
231534,300.0,2033.955,28.502314,28.504487,28.504487,-0.034168,-21.32258
231535,301.0,2035.054,28.745685,28.766686,28.766686,0.262199,-40.44835
231536,302.0,2036.718,28.901507,28.94937,28.94937,0.182684,-47.03982
231537,303.0,2037.078,28.953789,28.956027,28.956027,0.006657,-22.95782
231538,304.0,2038.087,28.989779,29.007333,29.007333,0.051306,-27.53286
231539,305.0,2038.724,29.14656,29.15352,29.15352,0.146187,-27.32014
231540,306.0,2039.065,29.322533,29.324516,29.324516,0.170996,-26.41581
231541,307.0,2039.279,29.410773,29.411551,29.411551,0.087035,-24.43634
231542,308.0,2039.797,29.779764,29.784269,29.784269,0.372718,-37.03617
231543,309.0,2039.419,29.831738,29.834132,29.834132,0.049863,-21.30203
231544,310.0,2039.723,30.112512,30.114047,30.114047,0.279915,-29.8461
231545,311.0,2040.618,30.237628,30.250871,30.250871,0.136824,-31.01698
231546,312.0,2040.592,30.415423,30.415434,30.415434,0.164563,-26.60285
231547,313.0,2040.666,30.518287,30.518377,30.518377,0.102943,-26.30914
231548,314.0,2042.08,30.569967,30.602652,30.602652,0.084275,-38.19555
231549,315.0,2042.341,30.518358,30.519474,30.519474,-0.083178,-24.06883
231550,316.0,2042.904,30.378097,30.383314,30.383314,-0.13616,-24.57269
231551,317.0,2042.96,30.289477,30.289529,30.289529,-0.093785,-22.22667
231552,318.0,2044.088,29.806623,29.827959,29.827959,-0.46157,-21.01093
231553,319.0,2044.846,29.782269,29.791914,29.791914,-0.036045,-26.22413
231554,320.0,2046.532,29.134267,29.183011,29.183011,-0.608903,-20.53477
231555,321.0,2048.825,29.435369,29.524546,29.524546,0.341535,-69.00735
231556,322.0,2050.926,29.436275,29.511159,29.511159,-0.013387,-44.75723
231557,323.0,2052.372,28.983249,29.019298,29.019298,-0.491861,-20.87017
231558,324.0,2053.603,29.269092,29.294967,29.294967,0.275669,-44.47086
231559,325.0,2054.546,28.345356,28.361038,28.361038,-0.933929,-9.54559
231600,326.0,2056.01,28.609831,28.647264,28.647264,0.286226,-48.70484
231601,327.0,2058.169,27.908025,27.991412,27.991412,-0.655852,-20.52357
231602,328.0,2058.874,27.753205,27.762158,27.762158,-0.229254,-18.75459
231603,329.0,2059.477,27.436617,27.443243,27.443243,-0.318915,-16.16648
231604,330.0,2061.495,28.162423,28.234631,28.234631,0.791388,-86.79803
231605,331.0,2061.931,27.4575,27.460961,27.460961,-0.77367,-7.95633
231606,332.0,2063.258,26.714217,26.747155,26.747155,-0.713806,-12.97323
231607,333.0,2064.296,26.56072,26.580995,26.580995,-0.16616,-19.57601
231608,334.0,2066.521,26.321121,26.414997,26.414997,-0.165998,-37.00537
231609,335.0,2067.604,25.998733,26.02128,26.02128,-0.393717,-15.42137
231610,336.0,2068.986,25.87294,25.909823,25.909823,-0.111457,-23.35667
231611,337.0,2070.202,25.833936,25.862539,25.862539,-0.047284,-23.39542
231612,338.0,2071.111,25.537387,25.553559,25.553559,-0.30898,-14.97115
231613,339.0,2071.983,26.152981,26.167514,26.167514,0.613955,-50.90712
231614,340.0,2075.286,26.079492,26.287824,26.287824,0.12031,-72.46454
231615,341.0,2078.581,25.648055,25.858842,25.858842,-0.428982,-44.04408
231616,342.0,2078.396,25.380298,25.380973,25.380973,-0.477869,-5.94219
231617,343.0,2079.101,25.793484,25.803117,25.803117,0.422144,-37.2927
231618,344.0,2079.492,26.123824,26.12675,26.12675,0.323633,-26.70896
231619,345.0,2081.136,26.439508,26.49057,26.49057,0.36382,-53.40368
231620,346.0,2083.567,26.445821,26.557319,26.557319,0.066749,-53.17278
231621,347.0,2083.736,26.497204,26.497743,26.497743,-0.059576,-16.11378
231622,348.0,2084.962,26.129274,26.15802,26.15802,-0.339723,-17.2844
231623,349.0,2086.41,26.456352,26.495948,26.495948,0.337928,-48.30262
231624,350.0,2088.212,26.220624,26.282472,26.282472,-0.213476,-26.39529
231625,351.0,2088.241,25.7935,25.793516,25.793516,-0.488956,-7.611
231626,352.0,2088.751,26.612263,26.617149,26.617149,0.823633,-55.78382
231627,353.0,2091.272,26.785432,26.903807,26.903807,0.286658,-66.82125
231628,354.0,2094.524,26.88385,27.079825,27.079825,0.176018,-75.24455
231629,355.0,2095.288,27.39271,27.403362,27.403362,0.323537,-35.66344
231630,356.0,2095.816,27.7231,27.728128,27.728128,0.324766,-31.64308
231631,357.0,2098.197,27.977913,28.079045,28.079045,0.350917,-69.22721
231632,358.0,2098.99,27.218891,27.23044,27.23044,-0.848605,-8.49243
231633,359.0,2100.023,27.354634,27.374132,27.374132,0.143692,-31.1504
231634,360.0,2101.519,28.067668,28.107508,28.107508,0.733376,-73.32987
231635,361.0,2102.282,28.046377,28.056754,28.056754,-0.050754,-22.56269
231636,362.0,2103.799,28.274585,28.315251,28.315251,0.258497,-47.82601
231637,363.0,2105.279,28.826724,28.864692,28.864692,0.549441,-64.28868
231638,364.0,2107.142,27.989785,28.051717,28.051717,-0.812975,-16.37643
231639,365.0,2109.665,27.951657,28.065293,28.065293,0.013576,-53.39083
231640,366.0,2112.225,27.951624,28.06861,28.06861,0.003317,-53.54477
231641,367.0,2112.476,27.989687,27.990812,27.990812,-0.077798,-19.06859
231642,368.0,2112.664,27.988008,27.988639,27.988639,-0.002173,-19.93888
231643,369.0,2116.662,27.947967,28.232479,28.232479,0.24384,-94.66131
231644,370.0,2117.948,28.027835,28.057322,28.057322,-0.175157,-23.52836
231645,371.0,2118.99,28.027803,28.047166,28.047166,-0.010156,-24.81351
231646,372.0,2122.105,28.107705,28.279786,28.279786,0.23262,-77.11954
231647,373.0,2123.196,28.147454,28.16859,28.16859,-0.111196,-23.67307
231648,374.0,2125.21,28.267326,28.338982,28.338982,0.170392,-52.55738
231649,375.0,2127.03,28.070872,28.129811,28.129811,-0.209171,-27.65787
231650,376.0,2127.905,27.839949,27.853696,27.853696,-0.276115,-19.16383
231651,377.0,2129.678,28.228337,28.283962,28.283962,0.430266,-62.28222
231652,378.0,2130.249,28.267479,28.273246,28.273246,-0.010716,-22.55744
231653,379.0,2132.376,28.308414,28.388209,28.388209,0.114963,-51.71207
231654,380.0,2134.476,27.605088,27.68485,27.68485,-0.703359,-18.97766
231655,381.0,2135.42,28.196006,28.211804,28.211804,0.526954,-51.57576
231656,382.0,2137.119,28.786238,28.836333,28.836333,0.624529,-72.75222
231657,383.0,2138.183,27.882004,27.902298,27.902298,-0.934035,-9.62677
231658,384.0,2140.015,28.003278,28.063139,28.063139,0.160841,-48.2496
231659,385.0,2141.603,28.668755,28.712702,28.712702,0.649563,-71.78645
231700,386.0,2143.283,28.235184,28.28512,28.28512,-0.427582,-22.05534
231701,387.0,2144.023,28.105253,28.114993,28.114993,-0.170127,-20.60577
231702,388.0,2145.032,28.662938,28.680692,28.680692,0.565699,-55.87051
231703,389.0,2145.846,28.660997,28.672554,28.672554,-0.008138,-24.79282
231704,390.0,2148.145,28.66186,28.753915,28.753915,0.081361,-53.52035
231705,391.0,2148.845,28.576306,28.584879,28.584879,-0.169036,-21.283
231706,392.0,2149.902,28.578901,28.598441,28.598441,0.013562,-26.39936
231707,393.0,2151.902,28.578899,28.648796,28.648796,0.050355,-45.93367
231708,394.0,2154.465,28.407808,28.523193,28.523193,-0.125603,-46.81635
231709,395.0,2155.617,28.493351,28.51663,28.51663,-0.006563,-26.44681
231710,396.0,2156.748,28.238686,28.261326,28.261326,-0.255304,-21.71933
231711,397.0,2158.255,28.238684,28.278867,28.278867,0.017541,-34.3152
231712,398.0,2159.594,28.065623,28.097546,28.097546,-0.181321,-23.82567
231713,399.0,2160.839,28.067603,28.095202,28.095202,-0.002344,-28.0343
231714,400.0,2162.448,27.980075,28.026299,28.026299,-0.068903,-31.32834
231715,401.0,2164.594,27.984491,28.066654,28.066654,0.040355,-47.7026
231716,402.0,2165.915,27.982059,28.013223,28.013223,-0.053431,-26.63485
231717,403.0,2165.727,27.813425,27.814061,27.814061,-0.199162,-14.27587
231718,404.0,2167.777,27.896516,27.971738,27.971738,0.157677,-52.21547
231719,405.0,2169.315,27.810976,27.853471,27.853471,-0.118267,-27.16637
231720,406.0,2170.261,27.637885,27.65407,27.65407,-0.199401,-20.47368
231721,407.0,2171.572,27.725434,27.756412,27.756412,0.102342,-34.75871
231722,408.0,2173.054,27.737915,27.777478,27.777478,0.021066,-33.64387
231723,409.0,2174.909,28.405925,28.466429,28.466429,0.688951,-78.67324
231724,410.0,2175.638,28.50943,28.518749,28.518749,0.05232,-25.01992
231725,411.0,2177.15,26.999672,27.041975,27.041975,-1.476774,-2.46957
231726,412.0,2178.706,27.378055,27.422236,27.422236,0.380261,-54.10417
231727,413.0,2179.869,27.12809,27.153008,27.153008,-0.269228,-19.71645
231728,414.0,2182.083,26.504652,26.596962,26.596962,-0.556046,-20.33323
231729,415.0,2183.584,27.742122,27.782698,27.782698,1.185736,-97.48754
231730,416.0,2184.897,27.191109,27.222792,27.222792,-0.559906,-16.08134
231732,418.0,2189.281,54.904737,55.079485,27.539742,0.158475,-54.55598
231733,419.0,2189.722,27.265539,27.269105,27.269105,-0.270637,-15.76741
231734,420.0,2191.712,27.327179,27.39954,27.39954,0.130435,-49.01487
231735,421.0,2193.392,27.137488,27.18944,27.18944,-0.2101,-24.67988
231736,422.0,2194.333,26.644738,26.661349,26.661349,-0.528091,-13.58493
231737,423.0,2195.318,27.089109,27.107011,27.107011,0.445662,-46.14289
231738,424.0,2197.16,26.258249,26.322777,26.322777,-0.784234,-14.29324
231739,425.0,2198.87,26.131743,26.187632,26.187632,-0.135145,-28.7647
231740,426.0,2200.156,25.939696,25.971554,25.971554,-0.216078,-19.24865
231741,427.0,2202.196,26.181927,26.261282,26.261282,0.289728,-57.03539
231742,428.0,2202.384,25.860006,25.860689,25.860689,-0.400593,-9.99739
231743,429.0,2204.772,25.022051,25.135743,25.135743,-0.724946,-16.73534
231744,430.0,2206.173,26.136584,26.174106,26.174106,1.038363,-83.05982
231745,431.0,2206.213,25.253483,25.253515,25.253515,-0.920591,-0.56757
231746,432.0,2207.283,25.327974,25.350566,25.350566,0.097051,-27.60519
231747,433.0,2208.326,24.996013,25.017764,25.017764,-0.332802,-14.61017
231748,434.0,2209.748,25.353564,25.393411,25.393411,0.375647,-48.29378
231749,435.0,2211.413,25.554284,25.608469,25.608469,0.215058,-45.2233
231750,436.0,2211.96,25.687825,25.693648,25.693648,0.085179,-19.0807
231751,437.0,2213.69,25.085443,25.145026,25.145026,-0.548622,-15.57115
231752,438.0,2214.414,25.111657,25.122092,25.122092,-0.022934,-17.48657
231753,439.0,2215.762,25.151728,25.187825,25.187825,0.065733,-31.26602
231754,440.0,2217.464,24.912683,24.970754,24.970754,-0.217071,-24.04271
231755,441.0,2218.943,24.712765,24.756983,24.756983,-0.213771,-19.8502
231756,442.0,2220.515,24.833038,24.882744,24.882744,0.125761,-38.24811
231757,443.0,2221.269,24.632534,24.644071,24.644071,-0.238673,-13.75422
231758,444.0,2222.08,24.55408,24.56747,24.56747,-0.076601,-16.28633
231759,445.0,2222.635,24.316604,24.322936,24.322936,-0.244534,-12.04352
231800,446.0,2222.804,24.24121,24.241799,24.241799,-0.081137,-12.02345
231801,447.0,2223.256,23.817212,23.821501,23.821501,-0.420298,-8.26738
231802,448.0,2223.832,24.105262,24.112143,24.112143,0.290642,-26.14395
231803,449.0,2225.066,24.105242,24.136807,24.136807,0.024664,-26.24561
231804,450.0,2224.339,24.187211,24.198134,24.198134,0.061327,-8.83748
231805,451.0,2224.566,24.188654,24.189719,24.189719,-0.008415,-13.2994
231806,452.0,2224.82,24.329303,24.330629,24.330629,0.14091,-15.80451
231807,453.0,2225.235,24.241065,24.244617,24.244617,-0.086012,-13.36771
231808,454.0,2225.819,24.23607,24.243105,24.243105,-0.001512,-15.52794
231809,455.0,2226.828,24.075469,24.096604,24.096604,-0.146501,-15.68297
231810,456.0,2226.884,24.153382,24.153447,24.153447,0.056843,-13.18188
231811,457.0,2227.571,23.993448,24.003282,24.003282,-0.150165,-13.64528
231812,458.0,2228.279,23.634087,23.644689,23.644689,-0.358593,-10.34627
231813,459.0,2229.795,23.194893,23.244383,23.244383,-0.400306,-13.86006
231814,460.0,2230.673,22.557165,22.574245,22.574245,-0.670138,-5.78939
231815,461.0,2231.928,21.601456,21.637882,21.637882,-0.936363,-3.59114
231816,462.0,2233.18,20.129747,20.168644,20.168644,-1.469238,3.87167
231817,463.0,2234.002,19.881276,19.898262,19.898262,-0.270382,-7.47426
231818,464.0,2235.283,18.804455,18.848037,18.848037,-1.050225,-0.42358
231819,465.0,2235.83,17.607043,17.615538,17.615538,-1.232499,6.25376
231820,466.0,2236.557,16.01198,16.028475,16.028475,-1.587063,8.93737
231821,467.0,2236.208,13.934825,13.939194,13.939194,-2.089281,18.90583
231822,468.0,2236.377,11.418182,11.419433,11.419433,-2.519761,16.71079
231823,469.0,2236.678,9.184173,9.189104,9.189104,-2.230329,10.80882
231824,470.0,2236.755,3.553509,3.554343,3.554343,-5.634761,11.2072
231825,471.0,2236.906,1.163411,1.17317,1.17317,-2.381173,0.51659
231826,472.0,2236.539,3.516783,3.535881,3.535881,2.362711,-10.71946
231827,473.0,2236.99,4.120908,4.145514,4.145514,0.609633,-12.74474
231828,474.0,2237.133,4.366651,4.368992,4.368992,0.223478,-3.7062
231829,475.0,2238.018,1.957877,2.148606,2.148606,-2.220386,-7.39431
231830,476.0,2236.274,1.224702,2.131063,2.131063,-0.017543,9.8382
231831,477.0,2236.99,4.231929,4.292072,4.292072,2.161009,-31.02965
231832,478.0,2237.078,6.727437,6.728013,6.728013,2.435941,-32.06371
231834,480.0,2237.226,24.83241,24.832851,12.416425,2.844206,-66.51491
231835,481.0,2236.652,11.251521,11.266153,11.266153,-1.150272,11.71279
231836,482.0,2235.698,11.292237,11.332464,11.332464,0.066311,5.89864
231837,483.0,2235.962,12.68084,12.683587,12.683587,1.351123,-34.56396
231838,484.0,2235.312,12.705199,12.721815,12.721815,0.038228,4.12555
231839,485.0,2233.896,11.690815,11.776256,11.776256,-0.945559,15.54711
231840,486.0,2233.36,12.207189,12.218951,12.218951,0.442695,0.87722
231841,487.0,2233.059,10.06006,10.064562,10.064562,-2.154389,15.06536
231842,488.0,2232.295,7.903082,7.939924,7.939924,-2.124638,14.63398
231843,489.0,2230.86,6.213126,6.376688,6.376688,-1.563236,14.27174
231844,490.0,2230.514,5.577528,5.58825,5.58825,-0.788438,4.71116
231845,491.0,2230.778,5.841007,5.84697,5.84697,0.25872,-6.591
231846,492.0,2230.221,7.228177,7.249606,7.249606,1.402636,-11.89159
231847,493.0,2230.324,8.97815,8.978741,8.978741,1.729135,-29.76293
231848,494.0,2230.25,10.809408,10.809661,10.809661,1.83092,-41.60089
231850,496.0,2229.967,29.922504,29.923842,14.961921,2.07613,-67.19142
231851,497.0,2229.711,13.423037,13.425478,13.425478,-1.536443,13.76083
231852,498.0,2228.789,15.224197,15.25209,15.25209,1.826612,-46.38806
231853,499.0,2228.609,16.596303,16.59728,16.59728,1.34519,-52.28581
231854,500.0,2229.306,16.546781,16.561454,16.561454,-0.035826,-9.24794
231855,501.0,2229.05,17.665229,17.667084,17.667084,1.10563,-47.53281
231856,502.0,2228.617,18.244951,18.250088,18.250088,0.583004,-27.96237
231857,503.0,2228.675,19.056689,19.056778,19.056778,0.80669,-29.43019
231858,504.0,2228.091,18.677686,18.686814,18.686814,-0.369964,2.92208
231859,505.0,2229.259,18.451697,18.488627,18.488627,-0.198187,-13.15961
231900,506.0,2229.835,19.045211,19.053919,19.053919,0.565292,-30.37002
231901,507.0,2231.19,18.481126,18.530732,18.530732,-0.523187,-6.37586
231902,508.0,2232.52,17.724022,17.773853,17.773853,-0.756879,-3.21215
231903,509.0,2234.028,17.725573,17.789604,17.789604,0.015751,-27.10018
231904,510.0,2234.755,17.309688,17.324948,17.324948,-0.464656,-2.44701
231905,511.0,2236.219,17.28573,17.347615,17.347615,0.022667,-26.27467
231906,512.0,2237.831,16.324826,16.404222,16.404222,-0.943393,-2.28349
231907,513.0,2238.113,15.535706,15.538265,15.538265,-0.865957,4.92027
231908,514.0,2241.001,14.914877,15.191909,15.191909,-0.346356,-41.74675
231909,515.0,2241.274,14.750294,14.75282,14.75282,-0.439089,1.53707
231910,516.0,2243.387,13.620625,13.783548,13.783548,-0.969272,-10.55485
231911,517.0,2243.057,11.635121,11.6398,11.6398,-2.143748,17.37127
231912,518.0,2243.654,9.900712,9.918695,9.918695,-1.721105,7.21458
231913,519.0,2243.831,11.089927,11.09134,11.09134,1.172645,-25.26175
231914,520.0,2244.701,7.543867,7.593868,7.593868,-3.497472,10.89445
231915,521.0,2244.69,7.324598,7.324607,7.324607,-0.269261,1.56095
231916,522.0,2245.134,8.548407,8.55993,8.55993,1.235323,-26.7917
231917,523.0,2244.738,10.182982,10.190679,10.190679,1.630749,-28.88312
231919,525.0,2243.654,27.51734,27.538683,13.769341,1.789331,-44.99797
231920,526.0,2242.587,11.967346,12.014818,12.014818,-1.754523,19.47592
231921,527.0,2243.02,12.45087,12.458397,12.458397,0.443579,-15.00978
231922,528.0,2242.936,12.891941,12.892214,12.892214,0.433817,-15.21936
231923,529.0,2243.039,13.335616,13.336014,13.336014,0.4438,-9.59121
231924,530.0,2242.851,12.312596,12.314031,12.314031,-1.021983,9.33304
231925,531.0,2243.313,13.401618,13.409579,13.409579,1.095548,-33.71727
231926,532.0,2244.635,12.043637,12.115976,12.115976,-1.293603,2.59629
231927,533.0,2246.062,11.665549,11.752504,11.752504,-0.363472,-15.08373
231928,534.0,2246.458,11.027727,11.034835,11.034835,-0.717669,3.18544
231929,535.0,2247.192,10.733449,10.758517,10.758517,-0.276318,-4.80714
231930,536.0,2247.996,9.804718,9.837627,9.837627,-0.92089,1.34432
231931,537.0,2248.215,9.356201,9.358764,9.358764,-0.478863,1.95753
231932,538.0,2249.573,8.102381,8.215397,8.215397,-1.143367,-5.35933
231933,539.0,2249.896,7.226459,7.233674,7.233674,-0.981723,2.6315
231934,540.0,2249.573,6.249467,6.257808,6.257808,-0.975866,5.64152
231935,541.0,2250.509,5.37067,5.451623,5.451623,-0.806185,-8.07008
231936,542.0,2250.075,4.149783,4.172416,4.172416,-1.279207,5.61886
231937,543.0,2251.037,2.862884,3.02019,3.02019,-1.152226,-11.14525
231938,544.0,2251.264,2.140238,2.152243,2.152243,-0.867947,-0.4268
231939,545.0,2250.376,1.235054,1.521151,1.521151,-0.631092,5.42374
231940,546.0,2251.613,0.850267,1.501041,1.501041,-0.02011,-23.65379
231941,547.0,2251.0,0.896517,1.086053,1.086053,-0.414988,3.51491
231942,548.0,2251.169,1.456715,1.466486,1.466486,0.380433,-4.27039
231943,549.0,2251.0,3.335885,3.340163,3.340163,1.873677,-10.35784
231944,550.0,2252.038,5.92344,6.0137,6.0137,2.673537,-49.98752
231945,551.0,2252.321,7.455992,7.461361,7.461361,1.447661,-24.58127
231946,552.0,2252.606,8.037695,8.042747,8.042747,0.581386,-12.37761
231947,553.0,2253.05,7.984964,7.997299,7.997299,-0.045448,-5.57194
231948,554.0,2253.938,7.380267,7.433498,7.433498,-0.563801,-6.82926
231949,555.0,2254.023,7.417753,7.41824,7.41824,-0.015258,-0.06252
231950,556.0,2254.475,7.926205,7.939082,7.939082,0.520842,-14.57122
231951,557.0,2255.035,8.06171,8.081137,8.081137,0.142055,-10.73407
231952,558.0,2254.752,7.996854,8.00186,8.00186,-0.079277,2.41602
231953,559.0,2255.6,7.890437,7.935874,7.935874,-0.065986,-13.05483
231954,560.0,2255.439,7.594593,7.596299,7.596299,-0.339575,2.80491
231955,561.0,2255.563,7.734001,7.734995,7.734995,0.138696,-2.33657
231956,562.0,2255.78,8.013345,8.016283,8.016283,0.281288,-6.33215
231957,563.0,2256.234,8.193067,8.205636,8.205636,0.189353,-9.44022
231958,564.0,2256.366,8.594181,8.595194,8.595194,0.389558,-6.60409
231959,565.0,2257.056,8.904115,8.93081,8.93081,0.335616,-16.5088
232000,566.0,2256.509,8.894488,8.911292,8.911292,-0.019518,3.77044
232001,567.0,2257.68,9.27514,9.348768,9.348768,0.437476,-27.7233
232002,568.0,2257.775,9.914233,9.914688,9.914688,0.56592,-9.7501
232003,569.0,2257.775,10.381028,10.381028,10.381028,0.46634,-13.49407
232004,570.0,2258.031,10.359239,10.362402,10.362402,-0.018626,-1.25536
232005,571.0,2258.795,10.51749,10.545202,10.545202,0.1828,-15.09972
232006,572.0,2259.183,10.142887,10.150306,10.150306,-0.394896,0.82125
232007,573.0,2259.733,10.036244,10.051303,10.051303,-0.099003,-5.48527
232008,574.0,2259.77,9.7705,9.77057,9.77057,-0.280733,2.03964
232009,575.0,2260.903,9.355923,9.424276,9.424276,-0.346294,-12.53801
232010,576.0,2261.435,9.04135,9.056988,9.056988,-0.367288,-1.0132
232011,577.0,2261.754,8.785371,8.79116,8.79116,-0.265828,0.06057
232012,578.0,2261.926,8.635658,8.637371,8.637371,-0.153789,0.29417
232013,579.0,2263.279,8.391938,8.500308,8.500308,-0.137063,-21.28293
232014,580.0,2263.25,7.834165,7.834219,7.834219,-0.666089,3.6167
232015,581.0,2263.741,7.228367,7.245024,7.245024,-0.589195,0.01842
232016,582.0,2263.818,6.762236,6.762674,6.762674,-0.48235,1.74681
232017,583.0,2264.489,6.006877,6.044238,6.044238,-0.718436,-2.86984
232018,584.0,2264.573,5.3899,5.390554,5.390554,-0.653684,1.71511
232019,585.0,2264.309,3.984554,3.99329,3.99329,-1.397264,4.77027
232020,586.0,2264.83,3.026801,3.071313,3.071313,-0.921977,-3.91679
232021,587.0,2265.105,1.711907,1.733854,1.733854,-1.337459,-0.58945
232022,588.0,2264.933,1.446344,1.456536,1.456536,-0.277318,0.99569
232023,589.0,2264.801,3.045524,3.048383,3.048383,1.591847,-8.22321
232024,590.0,2265.358,5.550465,5.578343,5.578343,2.52996,-37.03192
232025,591.0,2264.753,6.871745,6.898326,6.898326,1.319983,-8.75053
232026,592.0,2264.867,7.987555,7.988368,7.988368,1.090042,-17.01677
232027,593.0,2265.321,8.717075,8.72889,8.72889,0.740522,-18.85324
232028,594.0,2264.793,8.880121,8.895804,8.895804,0.166914,2.69181
232029,595.0,2264.772,9.617282,9.617305,9.617305,0.721501,-16.8492
232030,596.0,2263.089,10.193986,10.331981,10.331981,0.714676,6.05336
232031,597.0,2262.996,10.746103,10.746506,10.746506,0.414525,-11.12369
232032,598.0,2262.19,11.662289,11.690108,11.690108,0.943602,-10.78389
232033,599.0,2261.574,12.548239,12.56335,12.56335,0.873242,-15.09487
232034,600.0,2260.639,13.136604,13.169836,13.169836,0.606486,1.11199
232035,601.0,2258.919,13.790025,13.896877,13.896877,0.727041,3.89462
232036,602.0,2257.254,15.314217,15.404462,15.404462,1.507585,-23.25921
232037,603.0,2257.162,13.946754,13.947057,13.947057,-1.457405,12.2961
232038,604.0,2256.102,13.631827,13.672977,13.672977,-0.27408,8.35046
232039,605.0,2254.401,13.92351,14.027029,14.027029,0.354052,6.69281
232040,606.0,2253.249,13.19798,13.248161,13.248161,-0.778868,12.98586
232041,607.0,2252.889,13.027176,13.03215,13.03215,-0.216011,4.20809
232042,608.0,2251.198,13.29036,13.397506,13.397506,0.365356,7.10028
232043,609.0,2250.424,12.417488,12.441587,12.441587,-0.955919,12.21427
232044,610.0,2247.79,11.900038,12.188062,12.188062,-0.253525,17.85941
232045,611.0,2246.704,10.522891,10.578782,10.578782,-1.60928,16.9127
232046,612.0,2245.314,9.098521,9.204085,9.204085,-1.374697,15.9138
232047,613.0,2245.446,8.404522,8.405559,8.405559,-0.798526,3.63568
232048,614.0,2245.343,8.685649,8.68626,8.68626,0.280701,-0.32307
232049,615.0,2244.605,9.526215,9.554759,9.554759,0.868499,0.00476
232050,616.0,2243.974,11.224717,11.242439,11.242439,1.68768,-29.49695
232051,617.0,2242.481,11.817849,11.911784,11.911784,0.669345,4.86072
232052,618.0,2241.945,11.816683,11.828834,11.828834,-0.08295,4.59436
232053,619.0,2241.057,11.659621,11.693388,11.693388,-0.135446,6.93922
232054,620.0,2240.18,10.273303,10.310668,10.310668,-1.38272,14.06372
232055,621.0,2239.614,9.020308,9.038048,9.038048,-1.27262,10.50484
232056,622.0,2239.387,7.46751,7.470959,7.470959,-1.567089,8.49399
232057,623.0,2239.292,6.39451,6.395216,6.395216,-1.075743,4.80219
232058,624.0,2238.605,6.93695,6.970886,6.970886,0.57567,1.89831
232059,625.0,2237.907,8.589978,8.618291,8.618291,1.647405,-17.62749
232100,626.0,2237.482,10.18938,10.198239,10.198239,1.579948,-27.33749
232101,627.0,2237.038,11.009627,11.018577,11.018577,0.820338,-13.49879
232102,628.0,2237.86,11.157296,11.187535,11.187535,0.168958,-15.82152
232103,629.0,2238.896,11.43737,11.484195,11.484195,0.29666,-22.7604
232104,630.0,2239.519,10.657755,10.675948,10.675948,-0.808247,2.24738
232105,631.0,2241.049,9.747629,9.866974,9.866974,-0.808974,-10.72067
232106,632.0,2241.802,8.368252,8.402062,8.402062,-1.464912,3.34604
232107,633.0,2241.709,7.042857,7.043471,7.043471,-1.358591,6.4309
232108,634.0,2242.899,6.808139,6.911357,6.911357,-0.132114,-19.26531
232109,635.0,2243.379,6.667956,6.68521,6.68521,-0.226147,-4.51534
232110,636.0,2243.068,6.294193,6.301871,6.301871,-0.383339,3.42409
232111,637.0,2243.956,5.869704,5.936495,5.936495,-0.365376,-11.34436
232112,638.0,2244.003,6.019744,6.019928,6.019928,0.083433,-0.37416
232113,639.0,2243.2,7.563782,7.606288,7.606288,1.58636,-11.01778
232114,640.0,2242.539,9.743507,9.765903,9.765903,2.159615,-32.35854
