141913,0,2227.901,0.0,0.0,0,0,-0.35
141914,1.0,2226.799,7.681568,7.760212,7.760212,7.760212,-99.77381
141915,2.0,2226.894,5.322335,5.323183,5.323183,-2.437029,7.15937
141916,3.0,2225.51,3.067752,3.365495,3.365495,-1.957688,11.71115
141917,4.0,2225.763,0.955785,0.988703,0.988703,-2.376792,-0.34195
141918,5.0,2226.535,0.0,0.772,0.0,-0.988703,-0.35
141919,6.0,2225.914,0.140297,0.636651,0.636651,0.636651,3.02251
141920,7.0,2225.546,0.796948,0.87781,0.87781,0.241159,1.70822
141921,8.0,2225.583,2.891148,2.891385,2.891385,2.013575,-11.63038
141922,9.0,2225.679,5.07267,5.073579,5.073579,2.182194,-22.36575
141923,10.0,2226.017,7.189228,7.197169,7.197169,2.12359,-34.52182
141924,11.0,2225.055,9.045357,9.096369,9.096369,1.8992,-18.80643
141925,12.0,2225.018,10.396531,10.396597,10.396597,1.300228,-29.83398
141926,13.0,2223.945,10.769954,10.823273,10.823273,0.426676,4.25622
141927,14.0,2223.01,11.934172,11.970743,11.970743,1.14747,-13.80078
141928,15.0,2222.55,12.271505,12.280123,12.280123,0.30938,1.36214
141929,16.0,2221.128,13.287116,13.362991,13.362991,1.082868,0.01358
141930,17.0,2220.177,15.265321,15.294915,15.294915,1.931924,-49.29919
141931,18.0,2219.366,14.538806,14.561408,14.561408,-0.733507,10.36178
141932,19.0,2218.417,14.244428,14.276005,14.276005,-0.285403,7.50725
141933,20.0,2218.161,14.576016,14.578264,14.578264,0.302259,-1.62975
141934,21.0,2218.087,14.500633,14.500821,14.500821,-0.077443,0.6125
141935,22.0,2218.161,13.990459,13.990655,13.990655,-0.510166,3.64139
141936,23.0,2218.256,13.460973,13.461308,13.461308,-0.529347,3.86832
141937,24.0,2218.349,12.074827,12.075185,12.075185,-1.386123,10.28516
141938,25.0,2218.811,10.222717,10.233151,10.233151,-1.842034,9.07645
141939,26.0,2218.914,8.596558,8.597175,8.597175,-1.635976,8.11978
141940,27.0,2218.69,5.612805,5.617273,5.617273,-2.979902,11.21254
141941,28.0,2218.859,2.762426,2.767591,2.767591,-2.849682,3.52558
141942,29.0,2218.972,2.588043,2.590509,2.590509,-0.177082,-0.86616
141943,30.0,2219.696,3.6853,3.755744,3.755744,1.165235,-21.74508
141944,31.0,2219.075,6.510236,6.539787,6.539787,2.784043,-26.16697
141945,32.0,2219.245,9.41296,9.414495,9.414495,2.874708,-53.47015
141947,34.0,2216.787,28.840343,28.944898,14.472449,2.528977,-56.39853
141949,36.0,2214.771,31.734507,31.798478,15.899239,0.713395,-2.44778
141950,37.0,2213.775,16.257911,16.288391,16.288391,0.389152,0.05451
141951,38.0,2212.721,16.445015,16.478757,16.478757,0.190366,2.07887
141952,39.0,2210.858,17.671872,17.769801,17.769801,1.291044,-23.65475
141953,40.0,2210.142,18.540519,18.554339,18.554339,0.784538,-31.04085
141954,41.0,2208.723,18.230264,18.285407,18.285407,-0.268932,7.03202
141955,42.0,2207.058,19.841621,19.911358,19.911358,1.625951,-51.04144
141956,43.0,2205.919,19.255767,19.289425,19.289425,-0.621933,8.40973
141957,44.0,2204.886,19.485564,19.512926,19.512926,0.223501,-2.00911
141958,45.0,2204.342,20.203397,20.21072,20.21072,0.697794,-37.55241
141959,46.0,2203.042,18.877877,18.922586,18.922586,-1.288134,16.98443
142000,47.0,2203.1,19.28977,19.289857,19.289857,0.367271,-13.12453
142001,48.0,2202.931,19.28407,19.28481,19.28481,-0.005047,-4.07857
142002,49.0,2203.401,18.250758,18.256809,18.256809,-1.028001,4.33334
142003,50.0,2203.354,19.006347,19.006405,19.006405,0.749596,-44.37429
142004,51.0,2204.078,16.065747,16.082052,16.082052,-2.924353,21.53441
142005,52.0,2204.247,17.041439,17.042277,17.042277,0.960225,-32.42562
142006,53.0,2204.604,16.358105,16.362,16.362,-0.680277,2.43623
142007,54.0,2205.177,15.317365,15.328079,15.328079,-1.033921,4.85349
142008,55.0,2204.463,14.400611,14.4183,14.4183,-0.909779,11.33548
142009,56.0,2204.736,8.982605,8.986752,8.986752,-5.431548,27.46955
142010,57.0,2203.927,4.644377,4.71431,4.71431,-4.272442,16.45537
142011,58.0,2203.935,2.750957,2.750969,2.750969,-1.963341,2.99535
142012,59.0,2203.784,1.737044,1.743595,1.743595,-1.007374,1.68967
142013,60.0,2204.463,2.829446,2.909778,2.909778,1.166183,-19.21297
142014,61.0,2205.412,5.872562,5.948747,5.948747,3.038969,-52.2153
142015,62.0,2205.853,7.972788,7.984975,7.984975,2.036228,-38.10503
142016,63.0,2205.911,9.8434,9.843571,9.843571,1.858596,-33.92132
142017,64.0,2206.606,9.978204,10.002378,10.002378,0.158807,-13.33786
142019,66.0,2206.654,28.83297,28.833009,14.416505,2.207063,-59.05492
142020,67.0,2205.721,13.084739,13.11796,13.11796,-1.298545,15.74874
142021,68.0,2205.497,14.560715,14.562438,14.562438,1.444478,-45.35623
142022,69.0,2205.092,15.479411,15.484708,15.484708,0.92227,-30.20139
142023,70.0,2204.828,15.900375,15.902566,15.902566,0.417858,-18.69852
142024,71.0,2203.655,18.263689,18.301318,18.301318,2.398752,-79.21778
142025,72.0,2203.147,18.317437,18.32448,18.32448,0.023162,-1.34102
142026,73.0,2202.413,19.49877,19.51258,19.51258,1.1881,-49.92018
142027,74.0,2200.645,20.566128,20.641983,20.641983,1.129403,-33.21701
142028,75.0,2199.649,21.343836,21.367062,21.367062,0.725079,-11.116
142029,76.0,2199.34,21.971711,21.973884,21.973884,0.606822,-45.48458
142030,77.0,2197.995,22.412251,22.452573,22.452573,0.478689,-7.89753
142031,78.0,2196.539,22.496517,22.543585,22.543585,0.091012,-2.32275
142032,79.0,2196.098,22.477558,22.481884,22.481884,-0.061701,-6.03436
142033,80.0,2195.252,22.243804,22.259886,22.259886,-0.221998,-1.31681
142034,81.0,2194.763,20.857222,20.862954,20.862954,-1.396932,12.70924
142035,82.0,2193.693,20.614617,20.642367,20.642367,-0.220587,1.97965
142036,83.0,2192.811,19.172888,19.193164,19.193164,-1.449203,16.28396
142037,84.0,2191.561,19.348971,19.389306,19.389306,0.196142,-0.29018
142038,85.0,2191.373,18.155615,18.156588,18.156588,-1.232718,10.319
142039,86.0,2190.678,17.463602,17.477426,17.477426,-0.679162,7.80516
142040,87.0,2191.12,16.352748,16.35872,16.35872,-1.118706,6.13725
142041,88.0,2189.627,15.587869,15.659205,15.659205,-0.699515,13.54649
142042,89.0,2189.468,15.938011,15.938804,15.938804,0.279599,-3.32197
142043,90.0,2188.303,16.702513,16.743093,16.743093,0.804289,-3.55926
142044,91.0,2189.439,16.981267,17.019222,17.019222,0.276129,-28.13808
142045,92.0,2188.932,16.423824,16.431648,16.431648,-0.587574,6.45747
142046,93.0,2188.549,16.877588,16.881933,16.881933,0.450285,-4.74709
142047,94.0,2188.332,16.604698,16.606116,16.606116,-0.275817,1.67391
142048,95.0,2188.52,18.350518,18.351481,18.351481,1.745365,-64.08038
142049,96.0,2187.946,20.026603,20.034827,20.034827,1.683346,-75.00942
142050,97.0,2188.351,21.019674,21.023576,21.023576,0.988749,-47.6038
142051,98.0,2187.685,21.738467,21.748666,21.748666,0.72509,-42.74104
142052,99.0,2187.0,21.887241,21.897958,21.897958,0.149292,-6.50537
142053,100.0,2186.707,22.525561,22.527466,22.527466,0.629508,-49.13034
142054,101.0,2183.827,23.158722,23.337112,23.337112,0.809646,-5.19865
142055,102.0,2182.701,23.443608,23.470634,23.470634,0.133522,-6.24956
142056,103.0,2181.557,23.680793,23.70841,23.70841,0.237776,-7.98051
142057,104.0,2180.178,24.792767,24.831088,24.831088,1.122678,-62.68833
142058,105.0,2179.129,24.61415,24.636493,24.636493,-0.194595,-3.94244
142059,106.0,2177.234,23.701029,23.776665,23.776665,-0.859828,11.42757
142100,107.0,2174.169,25.32199,25.50681,25.50681,1.730145,-64.5619
142101,108.0,2172.042,25.938712,26.025774,26.025774,0.518964,-10.83632
142103,110.0,2168.752,53.039602,53.141542,26.570771,0.272498,-10.91922
142105,112.0,2165.624,53.869398,53.960137,26.980069,0.204649,-11.13162
142106,113.0,2165.201,26.615019,26.618381,26.618381,-0.361688,-8.15732
142107,114.0,2163.169,25.723027,25.803161,25.803161,-0.81522,9.16991
142108,115.0,2162.009,26.627393,26.652648,26.652648,0.849487,-63.41909
142109,116.0,2160.783,25.844794,25.873856,25.873856,-0.778792,3.91689
142110,117.0,2159.444,26.295853,26.329923,26.329923,0.456067,-15.0117
142111,118.0,2158.928,26.480879,26.485906,26.485906,0.155983,-15.40849
142112,119.0,2157.779,27.738628,27.762415,27.762415,1.276509,-93.19806
142113,120.0,2156.019,27.450845,27.507208,27.507208,-0.255207,-3.67838
142114,121.0,2155.345,26.402793,26.411395,26.411395,-1.095813,4.92844
142115,122.0,2153.438,26.516734,26.585219,26.585219,0.173824,-7.91127
142116,123.0,2153.081,26.408039,26.410452,26.410452,-0.174767,-11.076
142117,124.0,2151.585,26.568597,26.610682,26.610682,0.20023,-10.72183
142118,125.0,2150.119,27.037839,27.077553,27.077553,0.466871,-16.02113
142119,126.0,2148.65,27.510073,27.549267,27.549267,0.471714,-17.09802
142120,127.0,2147.36,28.082456,28.11207,28.11207,0.562803,-20.8545
142121,128.0,2146.031,27.991819,28.023351,28.023351,-0.088719,-9.77672
142122,129.0,2144.06,26.055398,26.129841,26.129841,-1.89351,24.84339
142124,131.0,2139.621,55.111284,55.289767,27.644884,0.757521,-17.61659
142125,132.0,2137.454,27.554465,27.639545,27.639545,-0.005339,-5.60172
142126,133.0,2136.503,27.811078,27.827333,27.827333,0.187788,-16.05592
142127,134.0,2134.151,27.719964,27.819567,27.819567,-0.007766,-4.84637
142128,135.0,2133.459,27.806409,27.815018,27.815018,-0.004549,-14.39048
142129,136.0,2132.069,27.294226,27.329597,27.329597,-0.485421,-1.80451
142130,137.0,2130.518,27.552446,27.596066,27.596066,0.266469,-13.41749
142131,138.0,2128.663,27.637992,27.700173,27.700173,0.104107,-9.26769
142132,139.0,2127.458,27.809082,27.835177,27.835177,0.135004,-13.75646
142133,140.0,2125.899,27.984592,28.027984,28.027984,0.192807,-13.06261
142134,141.0,2124.335,27.899063,27.942867,27.942867,-0.085117,-8.32783
142135,142.0,2123.112,27.896628,27.923424,27.923424,-0.019443,-11.31224
142136,143.0,2122.308,27.984599,27.996146,27.996146,0.072722,-15.35526
142137,144.0,2121.368,28.070133,28.085867,28.085867,0.089721,-15.03292
142138,145.0,2120.081,27.987476,28.017051,28.017051,-0.068816,-10.31752
142139,146.0,2118.506,27.896638,27.941063,27.941063,-0.075988,-8.40739
142140,147.0,2117.09,27.811101,27.847126,27.847126,-0.093937,-8.84805
142141,148.0,2115.877,28.064194,28.090396,28.090396,0.24327,-15.99317
142142,149.0,2114.696,27.809104,27.83417,27.83417,-0.256226,-7.53219
142143,150.0,2113.774,28.067722,28.082861,28.082861,0.248691,-17.73074
142144,151.0,2112.022,28.238802,28.293098,28.293098,0.210237,-12.78562
142145,152.0,2110.997,28.241212,28.259807,28.259807,-0.033291,-12.86152
142146,153.0,2108.732,28.24406,28.334734,28.334734,0.074927,-7.69773
142147,154.0,2107.393,28.33286,28.364482,28.364482,0.029748,-12.30909
142148,155.0,2105.112,28.048179,28.140777,28.140777,-0.223705,-2.31334
142149,156.0,2103.371,27.104642,27.160499,27.160499,-0.980278,8.32873
142150,157.0,2101.128,28.129374,28.21866,28.21866,1.058161,-23.77487
142151,158.0,2099.257,28.785862,28.846603,28.846603,0.627943,-20.29328
142152,159.0,2097.259,28.787243,28.856496,28.856496,0.009893,-9.18337
142153,160.0,2095.51,28.489017,28.542654,28.542654,-0.313842,-4.5892
142154,161.0,2094.553,28.666481,28.682451,28.682451,0.139797,-16.96504
142155,162.0,2092.553,27.877131,27.948783,27.948783,-0.733668,4.74777
142156,163.0,2090.685,28.151732,28.21364,28.21364,0.264857,-12.8445
142157,164.0,2089.887,27.950099,27.961488,27.961488,-0.252152,-10.00493
142158,165.0,2088.325,27.713581,27.757565,27.757565,-0.203923,-6.04996
142159,166.0,2086.904,27.71,27.746411,27.746411,-0.011154,-9.95681
142200,167.0,2085.945,27.628703,27.645341,27.645341,-0.10107,-10.95779
142201,168.0,2084.135,27.668532,27.727671,27.727671,0.08233,-9.20557
142202,169.0,2081.971,27.708529,27.792904,27.792904,0.065233,-7.02931
142203,170.0,2080.346,27.877393,27.924714,27.924714,0.13181,-11.45681
142204,171.0,2078.972,27.748949,27.782945,27.782945,-0.141769,-8.1745
142205,172.0,2077.069,27.788425,27.85351,27.85351,0.070565,-8.72612
142206,173.0,2075.082,27.668691,27.739947,27.739947,-0.113563,-5.04176
142207,174.0,2073.933,27.708689,27.732501,27.732501,-0.007446,-11.5407
142208,175.0,2072.884,27.70872,27.72857,27.72857,-0.003931,-12.16189
142209,176.0,2071.111,27.668785,27.725534,27.725534,-0.003036,-8.0259
142210,177.0,2069.227,27.115218,27.180591,27.180591,-0.544943,2.23327
142211,178.0,2068.746,26.384365,26.388749,26.388749,-0.791842,-0.79329
142213,180.0,2068.746,52.612928,52.612928,26.306464,-0.041142,-14.95799
142214,181.0,2063.831,25.969966,26.430974,26.430974,0.12451,10.39919
142215,182.0,2062.338,26.026458,26.069245,26.069245,-0.361729,-1.11608
142216,183.0,2060.338,25.877526,25.954698,25.954698,-0.114547,-1.77774
142217,184.0,2058.021,25.404741,25.510181,25.510181,-0.444517,5.69605
142218,185.0,2057.492,25.148368,25.153931,25.153931,-0.35625,-5.31422
142219,186.0,2055.418,25.964453,26.047155,26.047155,0.893224,-16.82461
142220,187.0,2054.565,26.375429,26.389218,26.389218,0.342063,-16.11679
142221,188.0,2053.085,26.266658,26.308321,26.308321,-0.080897,-5.87378
142222,189.0,2051.455,26.36699,26.417325,26.417325,0.109004,-8.13256
142223,190.0,2050.075,25.516026,25.553316,25.553316,-0.864009,6.52676
142224,191.0,2048.955,26.954553,26.977811,26.977811,1.424495,-96.60321
142225,192.0,2047.187,26.024946,26.084931,26.084931,-0.89288,8.52298
142226,193.0,2045.993,25.764821,25.792472,25.792472,-0.292459,-3.43326
142227,194.0,2044.468,26.015675,26.060333,26.060333,0.267861,-10.48429
142228,195.0,2043.237,25.927989,25.957195,25.957195,-0.103138,-6.34924
142229,196.0,2041.628,25.498564,25.549278,25.549278,-0.407917,1.047
142230,197.0,2040.333,26.227092,26.259044,26.259044,0.709766,-18.95451
142231,198.0,2038.158,25.295326,25.388662,25.388662,-0.870382,11.37702
142232,199.0,2036.533,25.985019,26.03578,26.03578,0.647118,-15.62229
142233,200.0,2035.58,25.982785,26.000257,26.000257,-0.035523,-9.0365
142234,201.0,2033.807,25.523858,25.585364,25.585364,-0.414893,2.03882
142235,202.0,2032.578,26.184166,26.212992,26.212992,0.627628,-17.97139
142236,203.0,2030.765,25.793277,25.856916,25.856916,-0.356076,0.97322
142237,204.0,2029.288,25.56474,25.607371,25.607371,-0.249545,-2.15678
142238,205.0,2027.116,24.839328,24.934109,24.934109,-0.673262,9.03793
142239,206.0,2026.286,25.285793,25.299412,25.299412,0.365303,-14.44825
142240,207.0,2025.724,25.285818,25.292062,25.292062,-0.00735,-10.46884
142241,208.0,2023.71,25.061436,25.142231,25.142231,-0.149831,0.18704
142242,209.0,2023.137,24.062272,24.069093,24.069093,-1.073138,6.58452
142243,210.0,2020.931,22.937455,23.043291,23.043291,-1.025802,16.25598
142244,211.0,2020.072,23.837519,23.852991,23.852991,0.8097,-52.71538
142245,212.0,2019.261,24.946385,24.959564,24.959564,1.106573,-73.75733
142246,213.0,2017.461,25.6796,25.742607,25.742607,0.783043,-16.02789
142247,214.0,2016.317,24.045483,24.072681,24.072681,-1.669926,18.23307
142248,215.0,2015.146,24.777508,24.805163,24.805163,0.732482,-16.86593
142249,216.0,2013.162,23.984732,24.06665,24.06665,-0.738513,9.96739
142250,217.0,2012.377,23.767667,23.780627,23.780627,-0.286023,-2.84023
142251,218.0,2010.414,23.883849,23.964383,23.964383,0.183756,-2.92701
142252,219.0,2010.921,23.596803,23.602249,23.602249,-0.362134,-8.93546
142253,220.0,2010.462,23.306439,23.310958,23.310958,-0.291291,-3.97888
142254,221.0,2008.884,23.396618,23.449772,23.449772,0.138814,-3.64945
142255,222.0,2007.669,23.947903,23.978705,23.978705,0.528933,-12.06073
142256,223.0,2006.662,24.140929,24.161923,24.161923,0.183218,-8.72819
142257,224.0,2006.525,23.387573,23.387974,23.387974,-0.773949,0.65948
142258,225.0,2005.602,21.758606,21.778174,21.778174,-1.6098,17.43137
142259,226.0,2005.521,21.740023,21.740174,21.740174,-0.038,-7.30664
142300,227.0,2005.484,22.302084,22.302114,22.302114,0.56194,-50.29107
142301,228.0,2005.613,22.973829,22.974191,22.974191,0.672077,-32.81885
142302,229.0,2005.225,23.541639,23.544837,23.544837,0.570646,-49.24224
142303,230.0,2004.165,23.709872,23.733555,23.733555,0.188718,-7.77095
142304,231.0,2004.35,23.771249,23.771969,23.771969,0.038414,-12.877
142305,232.0,2004.691,24.102697,24.105109,24.105109,0.33314,-23.07235
142306,233.0,2004.876,24.345399,24.346102,24.346102,0.240993,-16.689
142307,234.0,2004.506,24.537182,24.539972,24.539972,0.19387,-13.1824
142308,235.0,2004.701,24.640755,24.641526,24.641526,0.101554,-15.26809
142309,236.0,2003.539,24.869436,24.896568,24.896568,0.255042,-10.17019
142310,237.0,2003.28,25.061606,25.062945,25.062945,0.166377,-14.34663
142311,238.0,2003.124,25.253962,25.254444,25.254444,0.191499,-15.64996
142312,239.0,2002.601,25.358644,25.364037,25.364037,0.109593,-12.53688
142313,240.0,2002.672,25.446475,25.446574,25.446574,0.082537,-15.68208
142314,241.0,2002.701,25.394188,25.394205,25.394205,-0.052369,-13.35038
142315,242.0,2002.498,25.378764,25.379576,25.379576,-0.014629,-12.55662
142316,243.0,2002.138,25.37874,25.381293,25.381293,0.001717,-11.90288
142317,244.0,2001.652,25.430433,25.435076,25.435076,0.053783,-12.04667
142318,245.0,2001.346,25.607739,25.609568,25.609568,0.174492,-15.18737
142319,246.0,1999.652,25.785745,25.841329,25.841329,0.231761,-8.53397
142320,247.0,1999.475,25.773525,25.774132,25.774132,-0.067197,-12.59404
142321,248.0,1999.515,25.853224,25.853255,25.853255,0.079123,-16.17863
142322,249.0,1998.933,26.026848,26.033355,26.033355,0.1801,-14.47795
142323,250.0,1997.71,25.924594,25.953426,25.953426,-0.079929,-6.72167
142324,251.0,1995.168,25.966871,26.090997,26.090997,0.137571,-2.71924
142325,252.0,1994.219,26.06134,26.078613,26.078613,-0.012384,-9.5318
142326,253.0,1992.618,26.109811,26.15885,26.15885,0.080237,-7.35504
142327,254.0,1991.44,26.164179,26.190685,26.190685,0.031835,-9.09419
142328,255.0,1990.362,26.405789,26.427784,26.427784,0.237099,-13.26053
142329,256.0,1988.771,26.41449,26.462362,26.462362,0.034578,-7.26414
142330,257.0,1987.061,26.597035,26.651949,26.651949,0.189587,-9.34023
142331,258.0,1985.827,26.919194,26.947463,26.947463,0.295514,-14.30383
142332,259.0,1985.008,27.110486,27.122854,27.122854,0.175391,-15.13294
142333,260.0,1982.693,27.432619,27.530126,27.530126,0.407272,-11.09969
142334,261.0,1980.881,27.432597,27.492376,27.492376,-0.03775,-6.75924
142335,262.0,1979.557,27.755145,27.786706,27.786706,0.29433,-15.48831
142336,263.0,1977.599,27.799255,27.868124,27.868124,0.081418,-8.56687
142337,264.0,1976.201,27.945999,27.980944,27.980944,0.11282,-12.50638
142338,265.0,1974.687,28.085281,28.12606,28.12606,0.145116,-12.66191
142339,266.0,1972.959,28.32013,28.372799,28.372799,0.246739,-13.62044
142340,267.0,1971.59,28.451982,28.484898,28.484898,0.112099,-13.67319
142341,268.0,1969.728,28.63575,28.696223,28.696223,0.211325,-12.94342
142342,269.0,1968.14,28.686546,28.730466,28.730466,0.034243,-11.61473
142343,270.0,1967.109,28.877258,28.895657,28.895657,0.165191,-17.34256
142344,271.0,1965.624,28.965293,29.003334,29.003334,0.107677,-13.99636
142345,272.0,1963.669,29.517281,29.581952,29.581952,0.578618,-20.64564
142346,273.0,1961.743,30.474357,30.535158,30.535158,0.953206,-29.80029
142347,274.0,1960.86,30.030725,30.043704,30.043704,-0.491454,-9.13601
142348,275.0,1957.779,29.503928,29.664361,29.664361,-0.379343,2.1847
142349,276.0,1956.056,29.23939,29.290112,29.290112,-0.374249,-4.99067
142350,277.0,1953.964,29.677516,29.751159,29.751159,0.461047,-18.22084
142351,278.0,1952.526,29.720981,29.755748,29.755748,0.004589,-14.04951
142352,279.0,1951.665,29.816692,29.829121,29.829121,0.073373,-18.70066
142353,280.0,1950.912,29.999476,30.008925,30.008925,0.179804,-21.56362
142354,281.0,1949.189,29.955877,30.005387,30.005387,-0.003538,-12.7934
142355,282.0,1946.835,30.095096,30.187019,30.187019,0.181632,-12.82172
142356,283.0,1945.735,30.234325,30.254329,30.254329,0.06731,-18.12909
142357,284.0,1943.051,30.190823,30.309893,30.309893,0.055564,-8.97301
142358,285.0,1940.443,30.277927,30.39004,30.39004,0.080147,-10.01421
142359,286.0,1938.794,30.234246,30.279181,30.279181,-0.110859,-11.88826
142400,287.0,1937.349,30.350595,30.384974,30.384974,0.105793,-17.11228
142401,288.0,1936.194,30.277846,30.299868,30.299868,-0.085106,-15.21154
142402,289.0,1934.593,30.505045,30.547029,30.547029,0.247161,-19.09109
142403,290.0,1933.634,30.321625,30.336786,30.336786,-0.210243,-14.19292
142404,291.0,1931.95,30.114982,30.162029,30.162029,-0.174757,-10.32023
142405,292.0,1931.026,29.571699,29.586131,29.586131,-0.575898,-6.60818
142406,293.0,1930.45,29.977032,29.982565,29.982565,0.396434,-26.29554
142407,294.0,1929.918,29.485645,29.490444,29.490444,-0.492121,-10.12857
142408,295.0,1929.049,29.111453,29.12442,29.12442,-0.366024,-9.70336
142409,296.0,1928.116,28.876596,28.891664,28.891664,-0.232756,-11.16529
142410,297.0,1927.321,28.554293,28.565358,28.565358,-0.326306,-9.79197
142411,298.0,1926.489,28.319344,28.331563,28.331563,-0.233795,-10.69442
142412,299.0,1925.411,28.040778,28.061492,28.061492,-0.270071,-8.20403
142413,300.0,1924.626,27.762255,27.773351,27.773351,-0.288141,-9.0798
142414,301.0,1923.701,27.475496,27.491062,27.491062,-0.282289,-7.8837
142415,302.0,1923.392,27.279001,27.280751,27.280751,-0.210311,-12.19461
142416,303.0,1922.753,26.962023,26.969594,26.969594,-0.311157,-8.17929
142417,304.0,1922.24,27.119097,27.123949,27.123949,0.154355,-16.52448
142418,305.0,1921.162,27.180322,27.20169,27.20169,0.077741,-12.22588
142419,306.0,1921.162,26.970191,26.970191,26.970191,-0.231499,-13.0903
142420,307.0,1920.374,26.778778,26.790369,26.790369,-0.179822,-9.08164
142421,308.0,1919.207,26.492577,26.518268,26.518268,-0.272101,-5.01813
142422,309.0,1918.694,25.979161,25.984226,25.984226,-0.534042,-3.92171
142423,310.0,1918.776,25.9285,25.92863,25.92863,-0.055596,-14.48441
142424,311.0,1918.181,25.377664,25.384638,25.384638,-0.543992,-2.44965
142425,312.0,1917.013,25.738929,25.765417,25.765417,0.380779,-13.60858
142426,313.0,1916.482,25.644281,25.649778,25.649778,-0.115639,-9.59849
142427,314.0,1915.89,26.284664,26.29133,26.29133,0.641552,-61.97303
142428,315.0,1914.749,26.134899,26.159794,26.159794,-0.131536,-6.725
142429,316.0,1914.046,26.413202,26.422556,26.422556,0.262762,-15.7596
142430,317.0,1912.823,26.691551,26.719555,26.719555,0.296999,-13.89989
142431,318.0,1912.054,26.917848,26.92883,26.92883,0.209275,-15.53927
142432,319.0,1911.808,27.248383,27.249494,27.249494,0.320664,-20.93675
142433,320.0,1911.882,27.526863,27.526963,27.526963,0.277469,-22.64736
142434,321.0,1910.439,27.622573,27.660238,27.660238,0.133275,-11.91111
142435,322.0,1909.253,27.944648,27.969804,27.969804,0.309566,-16.87409
142436,323.0,1907.218,28.040253,28.114001,28.114001,0.144197,-9.60562
142437,324.0,1907.099,28.083898,28.08415,28.08415,-0.029851,-17.65968
142438,325.0,1906.278,28.267083,28.279003,28.279003,0.194853,-17.72352
142439,326.0,1905.411,28.399904,28.413135,28.413135,0.134132,-16.73053
142440,327.0,1903.971,28.530926,28.567243,28.567243,0.154108,-14.09809
142441,328.0,1902.8,28.81154,28.835327,28.835327,0.268084,-18.11
142442,329.0,1903.03,28.680697,28.681619,28.681619,-0.153708,-18.74114
142443,330.0,1900.776,29.46851,29.554587,29.554587,0.872968,-23.90658
142444,331.0,1899.984,29.083093,29.093875,29.093875,-0.460712,-8.46506
142445,332.0,1898.964,28.881095,28.899101,28.899101,-0.194774,-11.3052
142446,333.0,1897.769,28.491062,28.516112,28.516112,-0.382989,-6.45587
142447,334.0,1896.847,28.851123,28.865851,28.865851,0.349739,-20.97262
142448,335.0,1896.601,28.38192,28.382986,28.382986,-0.482865,-10.00151
142449,336.0,1895.28,28.430674,28.461346,28.461346,0.07836,-13.29883
142450,337.0,1891.835,27.821148,28.033628,28.033628,-0.427718,7.98856
142451,338.0,1890.788,27.12822,27.148417,27.148417,-0.885211,2.96488
142452,339.0,1889.412,26.575399,26.610998,26.610998,-0.537419,0.15728
142453,340.0,1888.556,26.480773,26.494605,26.494605,-0.116393,-9.15276
142454,341.0,1887.427,26.542133,26.566134,26.566134,0.071529,-10.6268
142455,342.0,1886.177,26.665285,26.694567,26.694567,0.128433,-11.05833
142456,343.0,1885.414,26.837049,26.847893,26.847893,0.153326,-14.52666
142457,344.0,1884.114,26.704371,26.735995,26.735995,-0.111898,-7.10094
142458,345.0,1883.21,27.163756,27.178794,27.178794,0.442799,-18.94904
142459,346.0,1882.528,27.076943,27.085531,27.085531,-0.093263,-11.55107
142500,347.0,1879.818,27.339305,27.473291,27.473291,0.38776,-8.35557
142501,348.0,1879.981,27.410406,27.41089,27.41089,-0.062401,-17.46861
142502,349.0,1879.307,27.618802,27.627025,27.627025,0.216135,-17.5671
142503,350.0,1877.178,27.749819,27.831369,27.831369,0.204344,-9.46154
142504,351.0,1875.968,27.886724,27.912962,27.912962,0.081593,-12.88769
142505,352.0,1874.213,28.023661,28.078562,28.078562,0.1656,-11.47022
142506,353.0,1874.639,28.160631,28.163853,28.163853,0.085291,-22.80694
142507,354.0,1873.275,28.095189,28.12828,28.12828,-0.035573,-10.50706
142508,355.0,1870.667,28.297593,28.41752,28.41752,0.28924,-9.3279
142509,356.0,1869.803,28.232209,28.245427,28.245427,-0.172093,-11.34198
142510,357.0,1868.794,28.304121,28.3221,28.3221,0.076673,-14.76374
142511,358.0,1867.739,28.434546,28.454111,28.454111,0.132011,-15.68257
142512,359.0,1866.45,28.428443,28.457651,28.457651,0.00354,-12.21677
142513,360.0,1864.939,28.499859,28.539886,28.539886,0.082235,-12.41737
142514,361.0,1864.423,28.565317,28.569977,28.569977,0.030091,-17.30345
142515,362.0,1862.405,28.69659,28.767457,28.767457,0.19748,-11.90903
142516,363.0,1862.069,28.767769,28.769731,28.769731,0.002274,-18.26394
142517,364.0,1861.651,28.773818,28.776854,28.776854,0.007123,-17.88994
142518,365.0,1859.516,28.845663,28.924566,28.924566,0.147712,-10.72882
142519,366.0,1858.726,28.845622,28.856438,28.856438,-0.068128,-14.65086
142520,367.0,1858.399,28.839077,28.840931,28.840931,-0.015507,-18.15583
142521,368.0,1857.91,28.976085,28.980211,28.980211,0.13928,-20.12224
142522,369.0,1856.911,28.767522,28.784863,28.784863,-0.195348,-11.17758
142523,370.0,1856.467,28.630554,28.633997,28.633997,-0.150866,-14.81546
142524,371.0,1855.947,28.571127,28.575858,28.575858,-0.058139,-15.81662
142525,372.0,1855.947,28.368703,28.368703,28.368703,-0.207155,-15.92719
142526,373.0,1854.441,28.296877,28.336924,28.336924,-0.031779,-10.14808
142527,374.0,1854.47,28.231498,28.231513,28.231513,-0.105411,-17.51765
142528,375.0,1853.888,28.231459,28.237457,28.237457,0.005944,-15.86601
142529,376.0,1852.3,28.166188,28.210918,28.210918,-0.026539,-9.5211
142530,377.0,1851.339,27.957221,27.973732,27.973732,-0.237186,-9.21704
142531,378.0,1850.704,27.957182,27.964393,27.964393,-0.009339,-14.78333
142532,379.0,1849.568,28.094208,28.117165,28.117165,0.152772,-14.8681
142533,380.0,1847.61,28.094169,28.162317,28.162317,0.045152,-8.48545
142534,381.0,1846.347,28.022522,28.05097,28.05097,-0.111347,-9.68336
142535,382.0,1846.265,28.088047,28.088167,28.088167,0.037197,-18.94634
142536,383.0,1846.746,28.224953,28.229052,28.229052,0.140885,-24.15239
142537,384.0,1844.426,28.087969,28.183619,28.183619,-0.045433,-4.96418
142538,385.0,1843.8,28.08793,28.094905,28.094905,-0.088714,-13.78077
142539,386.0,1841.752,28.148486,28.222891,28.222891,0.127986,-9.45021
142540,387.0,1840.238,28.210387,28.250985,28.250985,0.028094,-10.91592
142541,388.0,1839.06,28.20221,28.226802,28.226802,-0.024183,-11.93011
142542,389.0,1838.063,27.9976,28.015346,28.015346,-0.211456,-9.49896
142543,390.0,1837.112,28.138636,28.154702,28.154702,0.139356,-15.77598
142544,391.0,1835.987,28.086214,28.108736,28.108736,-0.045966,-11.64772
142545,392.0,1834.303,28.03538,28.085911,28.085911,-0.022825,-8.78316
142546,393.0,1833.878,28.168873,28.172078,28.172078,0.086167,-17.94563
142547,394.0,1833.26,28.372756,28.379486,28.379486,0.207408,-19.2618
142548,395.0,1832.01,28.569776,28.597108,28.597108,0.217622,-16.26742
142549,396.0,1830.853,28.215148,28.23886,28.23886,-0.358248,-6.56531
142550,397.0,1830.018,28.204419,28.216776,28.216776,-0.022084,-13.90373
142551,398.0,1829.476,27.930271,27.935529,27.935529,-0.281247,-10.81781
142552,399.0,1828.741,27.793744,27.80346,27.80346,-0.132069,-11.9019
142553,400.0,1827.603,27.328349,27.352033,27.352033,-0.451427,-3.6809
142554,401.0,1826.316,27.35611,27.386368,27.386368,0.034335,-10.64424
142555,402.0,1826.805,27.106011,27.110421,27.110421,-0.275947,-15.38243
142556,403.0,1826.588,26.99887,26.999742,26.999742,-0.110679,-13.75847
142557,404.0,1826.741,26.509814,26.510256,26.510256,-0.489486,-9.1573
142558,405.0,1824.96,26.210901,26.27134,26.27134,-0.238916,-1.56813
142559,406.0,1824.234,26.449653,26.459615,26.459615,0.188275,-14.51149
142600,407.0,1822.86,26.410094,26.445812,26.445812,-0.013803,-7.65782
142601,408.0,1821.89,26.230438,26.248368,26.248368,-0.197444,-6.80596
142602,409.0,1821.076,26.352465,26.365034,26.365034,0.116666,-12.72495
142603,410.0,1820.878,26.271845,26.272591,26.272591,-0.092443,-12.87389
142604,411.0,1819.766,26.411306,26.434705,26.434705,0.162114,-11.84932
142605,412.0,1817.712,26.411274,26.491023,26.491023,0.056318,-4.9283
142606,413.0,1817.015,26.47029,26.479465,26.479465,-0.011558,-11.62496
142607,414.0,1816.182,26.411212,26.424345,26.424345,-0.05512,-10.07599
142608,415.0,1815.667,26.55068,26.555674,26.555674,0.131329,-15.01664
142609,416.0,1814.169,26.508849,26.551141,26.551141,-0.004533,-7.27666
142610,417.0,1813.353,26.489007,26.501572,26.501572,-0.049569,-10.39417
142611,418.0,1812.232,26.56844,26.592078,26.592078,0.090506,-10.98187
142612,419.0,1812.232,26.529291,26.529291,26.529291,-0.062787,-14.90857
142613,420.0,1810.544,26.38984,26.44377,26.44377,-0.085521,-4.74516
142614,421.0,1810.66,26.389808,26.390063,26.390063,-0.053707,-15.46658
142615,422.0,1810.57,26.110965,26.11112,26.11112,-0.278943,-10.36863
142616,423.0,1809.577,25.912208,25.931228,25.931228,-0.179892,-6.41104
142617,424.0,1809.487,25.772758,25.772916,25.772916,-0.158312,-11.6439
142618,425.0,1809.368,25.553365,25.553642,25.553642,-0.219274,-10.20968
142619,426.0,1807.886,25.434591,25.477731,25.477731,-0.075911,-4.41826
142620,427.0,1808.166,25.176916,25.178473,25.178473,-0.299258,-10.72573
142621,428.0,1807.217,25.118006,25.135927,25.135927,-0.042546,-7.3915
142622,429.0,1806.612,24.758407,24.765798,24.765798,-0.370129,-4.01725
142623,430.0,1805.349,24.817524,24.849641,24.849641,0.083843,-6.95354
142624,431.0,1804.916,24.737404,24.741193,24.741193,-0.108448,-8.74299
142625,432.0,1803.624,24.67804,24.711838,24.711838,-0.029355,-4.91973
142626,433.0,1802.73,24.678013,24.694201,24.694201,-0.017637,-7.33737
142627,434.0,1801.103,24.319215,24.373579,24.373579,-0.320622,1.68853
142628,435.0,1800.508,23.980969,23.98835,23.98835,-0.385229,-2.76669
142629,436.0,1799.28,23.603123,23.635046,23.635046,-0.353304,0.89376
142630,437.0,1798.315,22.825479,22.845868,22.845868,-0.789178,6.24107
142631,438.0,1797.826,22.510466,22.515777,22.515777,-0.330091,-2.17766
142632,439.0,1796.545,22.948854,22.984579,22.984579,0.468802,-8.96338
142633,440.0,1795.644,23.078455,23.096037,23.096037,0.111458,-6.52162
142634,441.0,1794.407,23.507869,23.540393,23.540393,0.444356,-9.88065
142635,442.0,1793.577,23.571983,23.586591,23.586591,0.046198,-6.81451
142636,443.0,1792.972,23.709614,23.717332,23.717332,0.130741,-9.4797
142637,444.0,1790.917,23.911422,23.999565,23.999565,0.282233,-3.7685
142638,445.0,1789.725,23.975674,24.005287,24.005287,0.005722,-4.84485
142639,446.0,1789.194,24.186707,24.192535,24.192535,0.187248,-11.49024
142640,447.0,1787.751,24.186678,24.229685,24.229685,0.03715,-4.21193
142641,448.0,1787.083,24.250802,24.260001,24.260001,0.030316,-8.6002
142642,449.0,1786.678,24.315058,24.31843,24.31843,0.058429,-10.59963
142643,450.0,1785.804,24.241949,24.257699,24.257699,-0.060731,-6.12841
142644,451.0,1785.0,24.104458,24.117863,24.117863,-0.139836,-5.19593
142645,452.0,1784.982,24.039888,24.039894,24.039894,-0.077969,-10.44409
142646,453.0,1784.749,23.57168,23.572832,23.572832,-0.467062,-3.14796
142647,454.0,1783.442,22.892675,22.929955,22.929955,-0.642877,6.15834
142648,455.0,1783.072,22.361241,22.364302,22.364302,-0.565653,0.41053
142649,456.0,1782.099,21.342845,21.365013,21.365013,-0.999289,10.34464
142650,457.0,1781.946,20.11265,20.113232,20.113232,-1.251781,9.52381
142651,458.0,1782.443,19.360057,19.366435,19.366435,-0.746797,0.46403
142652,459.0,1782.604,18.866873,18.86756,18.86756,-0.498875,0.02187
142653,460.0,1782.604,18.58159,18.58159,18.58159,-0.28597,-1.12495
142654,461.0,1782.541,18.308414,18.308522,18.308522,-0.273068,-0.64616
142655,462.0,1781.848,17.907661,17.921065,17.921065,-0.387457,4.51028
142656,463.0,1781.468,14.543249,14.548212,14.548212,-3.372853,30.33291
142657,464.0,1781.045,12.537411,12.544544,12.544544,-2.003668,17.90886
142658,465.0,1781.893,12.731345,12.759555,12.759555,0.215011,-17.46481
142659,466.0,1782.144,9.836664,9.839866,9.839866,-2.919689,16.00242
142700,467.0,1781.893,8.323323,8.327107,8.327107,-1.512759,9.26161
142701,468.0,1782.271,8.650861,8.659115,8.659115,0.332008,-10.34312
142702,469.0,1781.946,6.991432,6.998982,6.998982,-1.660133,8.95577
142703,470.0,1780.596,7.989394,8.102649,8.102649,1.103667,2.95687
142704,471.0,1781.251,8.965209,8.989105,8.989105,0.886456,-25.51632
142705,472.0,1780.387,10.244348,10.280718,10.280718,1.291613,-13.43593
142706,473.0,1779.541,11.05432,11.086645,11.086645,0.805927,0.49213
142707,474.0,1779.378,11.902091,11.903207,11.903207,0.816562,-20.79745
142708,475.0,1778.963,12.736341,12.743101,12.743101,0.839894,-18.79486
142709,476.0,1778.289,13.594153,13.610851,13.610851,0.86775,-17.21743
142710,477.0,1777.819,13.222193,13.230544,13.230544,-0.380307,6.04976
142711,478.0,1776.783,12.119447,12.163647,12.163647,-1.066897,14.52619
142712,479.0,1776.225,10.973003,10.987182,10.987182,-1.176465,11.58283
142713,480.0,1775.261,9.325404,9.375098,9.375098,-1.612084,14.94804
142714,481.0,1775.261,7.075771,7.075771,7.075771,-2.299327,9.81759
142715,482.0,1775.425,2.983814,2.988317,2.988317,-4.087454,6.09943
142716,483.0,1775.612,1.287891,1.301396,1.301396,-1.686921,-0.0273
142717,484.0,1775.533,1.153156,1.155859,1.155859,-0.145537,0.29983
142718,485.0,1775.451,2.250054,2.251548,2.251548,1.095689,-4.26762
142719,486.0,1775.227,1.908101,1.921204,1.921204,-0.330344,1.46864
142720,487.0,1775.81,1.217559,1.34994,1.34994,-0.571264,-9.66258
142721,488.0,1775.216,1.167013,1.309486,1.309486,-0.040454,3.1935
142722,489.0,1775.847,0.359643,0.726295,0.726295,-0.583191,-11.44904
142723,490.0,1775.478,0.203983,0.421628,0.421628,-0.304667,-0.23884
142724,491.0,1775.414,0.111195,0.128298,0.128298,-0.29333,-0.31703
142725,492.0,1776.172,0.0,0.758,0.0,-0.128298,-0.35
142726,493.0,1775.604,0.140269,0.585064,0.585064,0.585064,2.7515
142727,494.0,1775.776,0.280539,0.329068,0.329068,-0.255996,-0.27259
142728,495.0,1775.784,0.48191,0.481976,0.481976,0.152908,-0.63369
142729,496.0,1775.641,0.678993,0.693888,0.693888,0.211912,0.4423
142730,497.0,1775.641,0.888839,0.888839,0.888839,0.194951,-0.94678
142731,498.0,1776.207,0.88149,1.047559,1.047559,0.15872,-11.26206
142732,499.0,1776.046,1.019915,1.032544,1.032544,-0.015015,0.66938
142733,500.0,1776.217,2.474101,2.480003,2.480003,1.447459,-9.95413
142734,501.0,1775.75,4.808922,4.831544,4.831544,2.351541,-15.11398
142735,502.0,1776.143,8.029379,8.038991,8.038991,3.207447,-55.82273
142737,504.0,1775.335,26.383278,26.395648,13.197824,2.579417,-65.40986
142738,505.0,1774.849,10.328025,10.339454,10.339454,-2.85837,20.77408
142739,506.0,1775.306,11.870953,11.879747,11.879747,1.540293,-40.51799
142740,507.0,1774.767,11.782607,11.794929,11.794929,-0.084818,4.64602
142741,508.0,1774.875,11.743462,11.743959,11.743959,-0.05097,0.70004
142742,509.0,1774.397,12.243866,12.253193,12.253193,0.509234,0.07452
142743,510.0,1773.335,13.50178,13.543482,13.543482,1.290289,-20.76191
142744,511.0,1771.947,13.798638,13.868272,13.868272,0.32479,5.32869
142745,512.0,1772.191,16.615833,16.617624,16.617624,2.749352,-91.05218
142746,513.0,1771.947,14.557295,14.55934,14.55934,-2.058284,18.40237
142747,514.0,1771.778,14.836796,14.837759,14.837759,0.278419,-2.13149
142748,515.0,1770.671,14.797779,14.839128,14.839128,0.001369,5.63454
142749,516.0,1771.4,15.187799,15.205285,15.205285,0.366157,-21.24558
142750,517.0,1770.885,14.323258,14.332513,14.332513,-0.872772,9.93381
142751,518.0,1771.218,13.430372,13.434499,13.434499,-0.898014,5.42979
142752,519.0,1771.12,13.935413,13.935757,13.935757,0.501258,-19.33041
142753,520.0,1770.824,14.088278,14.091388,14.091388,0.155631,0.2738
142754,521.0,1771.139,13.681579,13.685205,13.685205,-0.406183,1.57499
142755,522.0,1770.832,13.501317,13.504807,13.504807,-0.180398,3.4306
142756,523.0,1770.859,14.205053,14.205078,14.205078,0.700271,-16.06961
142757,524.0,1771.102,15.055318,15.057279,15.057279,0.852201,-26.09983
142758,525.0,1771.102,14.642699,14.642699,14.642699,-0.41458,3.00153
142759,526.0,1771.184,15.01279,15.013014,15.013014,0.370315,-8.72832
142800,527.0,1771.308,15.374087,15.374587,15.374587,0.361573,-9.63892
142801,528.0,1771.049,15.734491,15.736623,15.736623,0.362036,-3.25967
142802,529.0,1770.724,15.012979,15.016496,15.016496,-0.720127,7.3418
142803,530.0,1770.877,14.14153,14.142357,14.142357,-0.874139,6.16038
142804,531.0,1770.383,13.484658,13.493703,13.493703,-0.648654,8.19329
142805,532.0,1770.473,14.21829,14.218574,14.218574,0.724871,-17.98918
142806,533.0,1770.309,14.250098,14.251041,14.251041,0.032467,0.41522
142807,534.0,1770.806,12.737759,12.747451,12.747451,-1.50359,9.0484
142808,535.0,1770.23,13.698425,13.710529,13.710529,0.963078,-21.98673
142809,536.0,1771.128,13.96299,13.991837,13.991837,0.281308,-20.98928
142810,537.0,1770.219,15.237151,15.264241,15.264241,1.272404,-30.31909
142811,538.0,1770.066,13.807147,13.807995,13.807995,-1.456246,12.66045
142812,539.0,1770.174,13.28593,13.286369,13.286369,-0.521626,3.81536
142813,540.0,1770.626,14.217025,14.224208,14.224208,0.937839,-30.90373
142814,541.0,1770.32,14.283921,14.287198,14.287198,0.06299,0.94699
142815,542.0,1769.852,13.330774,13.338987,13.338987,-0.948211,10.41519
142816,543.0,1770.013,13.268819,13.269796,13.269796,-0.069191,0.01448
142817,544.0,1769.176,13.605108,13.63083,13.63083,0.361034,2.08994
142818,545.0,1769.419,13.94003,13.942148,13.942148,0.311318,-9.16993
142819,546.0,1768.996,13.389606,13.396286,13.396286,-0.545862,7.00868
142820,547.0,1768.779,13.476573,13.47832,13.47832,0.082034,0.86609
142821,548.0,1768.618,12.946413,12.947414,12.947414,-0.530906,5.52679
142822,549.0,1768.925,12.278743,12.28258,12.28258,-0.664834,3.97121
142823,550.0,1768.816,12.142695,12.143184,12.143184,-0.139396,2.64747
142824,551.0,1768.536,12.436747,12.439899,12.439899,0.296715,0.32968
142826,553.0,1767.736,28.002069,28.013495,14.006747,0.783424,-21.45178
142827,554.0,1767.799,10.174477,10.174672,10.174672,-3.832075,23.11328
142828,555.0,1767.249,8.569009,8.586641,8.586641,-1.588031,11.61226
142829,556.0,1767.249,5.512949,5.512949,5.512949,-3.073692,10.04181
142830,557.0,1766.908,3.873116,3.888099,3.888099,-1.62485,5.63268
142831,558.0,1766.898,5.88184,5.881849,5.881849,1.99375,-24.98425
142832,559.0,1767.323,4.5646,4.584342,4.584342,-1.297507,1.09998
142833,560.0,1766.819,6.691389,6.710343,6.710343,2.126001,-20.76295
142834,561.0,1767.593,8.115826,8.15265,8.15265,1.442307,-35.59836
142835,562.0,1767.773,5.970659,5.973372,5.973372,-2.179278,6.76844
233543,33390.0,1783.56,840.732602,840.88081,0.025615,-0.000181,-0.3478
233548,33395.0,1781.901,18.086991,18.108143,18.108143,0.947826,-32.27559
233549,33396.0,1781.658,19.609704,19.611209,19.611209,1.503066,-72.20327
233550,33397.0,1781.927,20.427301,20.429072,20.429072,0.817863,-36.38365
233551,33398.0,1780.929,19.919939,19.944924,19.944924,-0.484148,5.51468
233552,33399.0,1780.873,20.979339,20.979414,20.979414,1.03449,-64.21991
233553,33400.0,1781.063,20.467353,20.468235,20.468235,-0.511179,-1.4749
233554,33401.0,1781.404,19.287078,19.290092,19.290092,-1.178143,6.26878
233555,33402.0,1781.251,19.970551,19.971137,19.971137,0.681045,-43.73026
233556,33403.0,1782.9,19.814433,19.882931,19.882931,-0.088206,-26.45227
233557,33404.0,1782.2,19.469491,19.48207,19.48207,-0.400861,3.29546
233558,33405.0,1782.992,19.633858,19.649826,19.649826,0.167756,-19.75457
233559,33406.0,1784.414,19.604451,19.655956,19.655956,0.00613,-25.65043
233600,33407.0,1785.643,19.192388,19.231698,19.231698,-0.424258,-7.24463
233601,33408.0,1786.652,19.085362,19.112015,19.112015,-0.119683,-12.72485
233602,33409.0,1786.525,19.191424,19.191844,19.191844,0.079829,-5.09117
233603,33410.0,1788.039,20.112075,20.16898,20.16898,0.977136,-66.09008
233604,33411.0,1788.013,20.060063,20.06008,20.06008,-0.1089,-4.55246
233605,33412.0,1789.799,20.338681,20.416948,20.416948,0.356868,-47.08996
233606,33413.0,1789.627,20.398468,20.399193,20.399193,-0.017755,-5.20927
233607,33414.0,1791.014,19.980759,20.028841,20.028841,-0.370352,-10.3818
233608,33415.0,1791.892,19.443215,19.463028,19.463028,-0.565813,-3.84645
233609,33416.0,1792.161,19.244208,19.246088,19.246088,-0.21694,-4.09248
233610,33417.0,1793.569,19.244225,19.295664,19.295664,0.049576,-26.85313
233611,33418.0,1793.506,18.766633,18.766739,18.766739,-0.528925,1.71665
233612,33419.0,1794.048,18.229583,18.237638,18.237638,-0.529101,-1.32032
233613,33420.0,1795.128,17.971799,18.00422,18.00422,-0.233418,-9.84649
233614,33421.0,1795.681,17.819286,17.827865,17.827865,-0.176355,-4.74176
233615,33422.0,1796.518,17.482018,17.502043,17.502043,-0.325822,-4.53787
233616,33423.0,1797.086,17.284628,17.293958,17.293958,-0.208085,-4.01587
233617,33424.0,1796.664,17.342288,17.347421,17.347421,0.053463,-1.04379
233618,33425.0,1798.622,17.679611,17.787704,17.787704,0.440283,-50.24944
233619,33426.0,1799.089,17.539904,17.54612,17.54612,-0.241584,-3.31946
233620,33427.0,1798.558,17.097843,17.106086,17.106086,-0.440034,4.7523
233621,33428.0,1799.488,16.95828,16.983762,16.983762,-0.122324,-10.72148
233622,33429.0,1800.318,16.679176,16.699815,16.699815,-0.283947,-4.27127
233623,33430.0,1801.536,16.958305,17.00199,17.00199,0.302175,-30.41956
233624,33431.0,1802.26,17.260552,17.27573,17.27573,0.27374,-20.22013
233625,33432.0,1802.323,17.400269,17.400383,17.400383,0.124653,-4.59808
233626,33433.0,1803.01,17.458388,17.471899,17.471899,0.071516,-12.76239
233627,33434.0,1803.732,17.516731,17.531604,17.531604,0.059705,-13.06229
233628,33435.0,1804.21,17.612862,17.619348,17.619348,0.087744,-9.3829
233629,33436.0,1804.004,18.066527,18.067702,18.067702,0.448354,-27.27127
233630,33437.0,1804.038,17.891712,17.891744,17.891744,-0.175958,-1.83713
233631,33438.0,1804.128,17.791969,17.792196,17.792196,-0.099548,-2.85654
233632,33439.0,1804.509,17.61292,17.61704,17.61704,-0.175156,-3.57347
233633,33440.0,1805.737,17.67241,17.715023,17.715023,0.097983,-24.22378
233634,33441.0,1805.293,17.732113,17.73767,17.73767,0.022647,-1.01123
233635,33442.0,1805.114,18.010728,18.011617,18.011617,0.273947,-5.4608
233636,33443.0,1805.7,18.626182,18.635397,18.635397,0.62378,-31.66144
233637,33444.0,1806.234,18.787647,18.795234,18.795234,0.159837,-13.82838
233638,33445.0,1806.152,19.160012,19.160188,19.160188,0.364954,-30.06218
233639,33446.0,1805.98,19.414719,19.415481,19.415481,0.255293,-7.09932
233640,33447.0,1806.638,19.244702,19.255947,19.255947,-0.159534,-6.97665
233641,33448.0,1808.113,19.406357,19.462331,19.462331,0.206384,-34.23138
233642,33449.0,1808.8,19.789323,19.801244,19.801244,0.338913,-24.52071
233643,33450.0,1808.871,20.361406,20.36153,20.36153,0.560286,-22.16414
233644,33451.0,1809.386,19.911964,19.918622,19.918622,-0.442908,-3.60438
233645,33452.0,1809.857,19.796679,19.802281,19.802281,-0.116341,-7.01223
233646,33453.0,1810.842,18.731742,18.757622,18.757622,-1.044659,1.36736
233647,33454.0,1811.799,17.523821,17.549934,17.549934,-1.207688,3.7632
233648,33455.0,1812.142,17.152948,17.156377,17.156377,-0.393557,-0.75345
233649,33456.0,1812.684,17.730555,17.738837,17.738837,0.58246,-27.89753
233650,33457.0,1812.441,17.505559,17.507246,17.507246,-0.231591,0.67466
233651,33458.0,1812.684,17.100722,17.102449,17.102449,-0.404797,-0.0283
233652,33459.0,1812.105,17.113456,17.123248,17.123248,0.020799,0.40911
233653,33460.0,1812.586,16.89838,16.905224,16.905224,-0.218024,-3.08732
233654,33461.0,1812.531,16.083652,16.083746,16.083746,-0.821478,6.29907
233655,33462.0,1812.314,15.203528,15.205076,15.205076,-0.87867,8.05596
233656,33463.0,1812.613,14.872566,14.875571,14.875571,-0.329505,0.42756
233657,33464.0,1811.807,13.693571,13.717271,13.717271,-1.1583,13.99423
233658,33465.0,1812.467,13.285882,13.302266,13.302266,-0.415005,-0.17887
234305,33832.0,1833.099,476.461109,476.907609,1.299476,-0.032705,-0.9718
234310,33837.0,1834.953,17.438793,17.439308,17.439308,-4.179673,38.74439
234311,33838.0,1834.43,15.480883,15.489715,15.489715,-1.949593,19.39662
234312,33839.0,1835.971,14.39547,14.477715,14.477715,-1.012,-0.69407
234313,33840.0,1836.557,13.85618,13.868566,13.868566,-0.609149,1.58308
234314,33841.0,1836.867,13.79191,13.795393,13.795393,-0.073173,-1.12785
234315,33842.0,1836.695,12.911089,12.912234,12.912234,-0.883159,8.24968
234316,33843.0,1838.016,12.594237,12.663327,12.663327,-0.248907,-14.99829
234317,33844.0,1837.672,11.608773,11.613868,11.613868,-1.049459,10.02517
234318,33845.0,1837.672,11.733724,11.733724,11.733724,0.119856,0.14434
234319,33846.0,1838.679,10.388021,10.436716,10.436716,-1.297008,2.89647
234320,33847.0,1838.859,8.965288,8.967095,8.967095,-1.469621,7.21546
234321,33848.0,1839.015,8.857887,8.85926,8.85926,-0.107835,0.20743
234322,33849.0,1840.735,10.08313,10.228779,10.228779,1.369519,-57.27647
234323,33850.0,1840.999,12.08226,12.085144,12.085144,1.856365,-44.77023
234324,33851.0,1841.961,14.003611,14.036615,14.036615,1.951471,-68.24606
234325,33852.0,1842.423,14.581277,14.588594,14.588594,0.551979,-20.83315
234326,33853.0,1842.793,15.59314,15.597529,15.597529,1.008935,-34.42038
234327,33854.0,1843.826,15.481038,15.515464,15.515464,-0.082065,-13.79148
234328,33855.0,1843.62,15.533498,15.534864,15.534864,0.0194,-0.25091
234329,33856.0,1844.292,15.062573,15.077556,15.077556,-0.457308,-0.70493
234330,33857.0,1844.336,14.520593,14.520659,14.520659,-0.556897,4.01149
234331,33858.0,1844.944,14.390063,14.402902,14.402902,-0.117757,-4.47756
234332,33859.0,1844.944,14.802028,14.802028,14.802028,0.399126,-20.4849
234333,33860.0,1846.812,15.199614,15.31397,15.31397,0.511942,-47.66763
234335,33862.0,1846.812,30.203386,30.203386,15.101693,-0.106139,0.03422
234337,33864.0,1847.111,30.615125,30.616585,15.308293,0.1033,-2.84561
234338,33865.0,1847.338,16.022849,16.024457,16.024457,0.716164,-23.45266
234339,33866.0,1847.6,16.022861,16.025003,16.025003,0.000546,-3.18038
234340,33867.0,1847.201,16.08117,16.086119,16.086119,0.061116,-0.01971
234341,33868.0,1848.752,16.557714,16.630198,16.630198,0.544079,-44.37485
234342,33869.0,1850.004,16.962684,17.008826,17.008826,0.378628,-33.64936
234343,33870.0,1849.624,17.230939,17.235128,17.235128,0.226302,-2.91285
234344,33871.0,1849.959,17.504729,17.507934,17.507934,0.272806,-12.94114
234345,33872.0,1850.284,17.713404,17.716385,17.716385,0.208451,-10.70984
234346,33873.0,1850.411,17.987791,17.988239,17.988239,0.271854,-9.36267
234347,33874.0,1851.375,18.118266,18.143893,18.143893,0.155654,-21.48097
234348,33875.0,1852.401,18.529659,18.558042,18.558042,0.414149,-32.39132
234349,33876.0,1852.689,18.739284,18.741497,18.741497,0.183455,-9.94665
234350,33877.0,1853.389,18.804177,18.817201,18.817201,0.075704,-13.95899
234351,33878.0,1854.57,19.014147,19.050788,19.050788,0.233587,-29.2554
234352,33879.0,1855.476,19.143744,19.165171,19.165171,0.114383,-19.59139
234353,33880.0,1856.494,19.483296,19.509873,19.509873,0.344702,-30.80213
234354,33881.0,1857.611,20.097523,20.12854,20.12854,0.618667,-44.24899
234355,33882.0,1858.845,20.868055,20.904509,20.904509,0.775969,-54.29707
234356,33883.0,1859.725,22.035227,22.052792,22.052792,1.148283,-65.97243
234357,33884.0,1861.578,23.329711,23.403184,23.403184,1.350392,-97.80438
234359,33886.0,1864.323,51.10381,51.177479,25.58874,1.092778,-82.79197
234400,33887.0,1866.432,25.32818,25.415834,25.415834,-0.172906,-33.39598
234401,33888.0,1866.365,25.660087,25.660175,25.660175,0.244341,-17.641
234402,33889.0,1867.803,25.927508,25.967355,25.967355,0.30718,-45.10671
234403,33890.0,1869.658,25.927541,25.993814,25.993814,0.026459,-38.8546
234404,33891.0,1870.831,25.915411,25.941944,25.941944,-0.05187,-21.71405
234405,33892.0,1871.42,25.641811,25.648575,25.648575,-0.293369,-13.32943
234406,33893.0,1872.984,25.641844,25.689497,25.689497,0.040922,-33.77598
234407,33894.0,1873.666,25.444711,25.453849,25.453849,-0.235648,-14.41727
234408,33895.0,1874.485,25.373454,25.386669,25.386669,-0.06718,-17.59105
234409,33896.0,1876.578,25.242264,25.328888,25.328888,-0.057781,-38.79342
234410,33897.0,1878.068,25.255896,25.29981,25.29981,-0.029078,-28.60319
234411,33898.0,1879.762,24.974464,25.03185,25.03185,-0.26796,-20.64679
234412,33899.0,1880.853,25.341365,25.364839,25.364839,0.332989,-38.97915
234413,33900.0,1882.338,25.170083,25.213852,25.213852,-0.150987,-22.43402
234414,33901.0,1883.329,24.804944,24.824732,24.824732,-0.38912,-12.98946
234415,33902.0,1883.702,25.217026,25.219785,25.219785,0.395053,-28.05109
234416,33903.0,1884.677,25.034235,25.053214,25.053214,-0.166571,-16.48199
234417,33904.0,1886.325,24.795652,24.850357,24.850357,-0.202857,-22.92225
234418,33905.0,1887.509,25.417785,25.445347,25.445347,0.59499,-53.95564
234419,33906.0,1888.601,25.178242,25.201911,25.201911,-0.243436,-16.25976
234420,33907.0,1889.303,25.456702,25.46638,25.46638,0.264469,-28.21602
234421,33908.0,1890.96,25.411562,25.465528,25.465528,-0.000852,-33.33964
234422,33909.0,1892.765,25.576486,25.640099,25.640099,0.174571,-45.12308
234423,33910.0,1893.349,25.628924,25.635577,25.635577,-0.004522,-17.60934
234424,33911.0,1894.744,25.517586,25.555689,25.555689,-0.079888,-24.40123
234425,33912.0,1895.5,25.864569,25.875615,25.875615,0.319926,-32.55565
234426,33913.0,1896.958,25.299972,25.341948,25.341948,-0.533667,-14.28505
234427,33914.0,1898.034,24.946596,24.96979,24.96979,-0.372158,-13.93782
234428,33915.0,1898.808,25.570538,25.58225,25.58225,0.61246,-47.2075
234429,33916.0,1900.385,26.39621,26.443275,26.443275,0.861025,-77.14734
234430,33917.0,1900.203,25.732153,25.732797,25.732797,-0.710478,-2.79769
234431,33918.0,1900.932,26.6644,26.674363,26.674363,0.941566,-65.59039
234432,33919.0,1901.963,27.233742,27.25325,27.25325,0.578887,-53.47289
234433,33920.0,1902.74,27.134438,27.14556,27.14556,-0.10769,-19.79059
234434,33921.0,1904.653,26.441506,26.510617,26.510617,-0.634943,-17.01538
234435,33922.0,1905.821,26.352841,26.378712,26.378712,-0.131905,-20.3052
234436,33923.0,1906.817,26.448168,26.466915,26.466915,0.088203,-25.92147
234437,33924.0,1906.862,26.587543,26.587582,26.587582,0.120667,-18.15665
234438,33925.0,1907.921,26.734865,26.755831,26.755831,0.168249,-31.57716
234439,33926.0,1909.38,26.874134,26.91371,26.91371,0.157879,-38.88484
234440,33927.0,1909.454,27.109136,27.109237,27.109237,0.195527,-20.5008
234441,33928.0,1910.603,27.248392,27.272607,27.272607,0.16337,-33.56786
234442,33929.0,1911.57,27.152729,27.169942,27.169942,-0.102665,-21.00561
234443,33930.0,1912.154,27.292031,27.298279,27.298279,0.128337,-22.72452
234444,33931.0,1913.031,27.387703,27.401741,27.401741,0.103462,-25.24764
234445,33932.0,1914.738,27.431367,27.484427,27.484427,0.082686,-40.17103
234446,33933.0,1914.53,27.483513,27.4843,27.4843,-0.000127,-16.4959
234447,33934.0,1915.808,27.675414,27.704906,27.704906,0.220606,-39.59745
234448,33935.0,1916.392,27.622779,27.628952,27.628952,-0.075954,-20.08103
234449,33936.0,1917.917,27.622801,27.664865,27.664865,0.035913,-34.28817
234450,33937.0,1918.099,27.570781,27.571381,27.571381,-0.093484,-17.39251
234451,33938.0,1919.616,27.666383,27.707941,27.707941,0.13656,-39.63824
234452,33939.0,1918.987,27.622868,27.630028,27.630028,-0.077913,-13.11014
234453,33940.0,1919.598,27.666427,27.673173,27.673173,0.043145,-22.24206
234454,33941.0,1921.024,27.66645,27.703175,27.703175,0.030002,-32.09616
234455,33942.0,1920.329,27.536448,27.545217,27.545217,-0.157958,-11.2899
234456,33943.0,1921.133,27.658881,27.670564,27.670564,0.125347,-25.2799
234457,33944.0,1921.363,27.842618,27.843568,27.843568,0.173004,-22.50116
234458,33945.0,1922.295,27.369,27.384864,27.384864,-0.458704,-15.51055
234459,33946.0,1923.017,27.703224,27.71263,27.71263,0.327766,-34.74528
234500,33947.0,1922.961,27.658971,27.659028,27.659028,-0.053602,-16.8377
234501,33948.0,1923.582,27.527335,27.534339,27.534339,-0.124689,-19.33848
234502,33949.0,1925.054,27.483863,27.523254,27.523254,-0.011085,-30.63785
234503,33950.0,1924.745,27.424459,27.4262,27.4262,-0.097054,-14.26239
234504,33951.0,1925.741,27.782913,27.80076,27.80076,0.37456,-42.68878
234505,33952.0,1925.905,27.527424,27.527912,27.527912,-0.272848,-14.33276
234506,33953.0,1926.618,27.431833,27.441097,27.441097,-0.086815,-20.3038
234507,33954.0,1927.495,27.57116,27.585105,27.585105,0.144008,-27.62553
234508,33955.0,1927.834,27.666761,27.668838,27.668838,0.083733,-21.3362
234509,33956.0,1928.774,27.71052,27.726459,27.726459,0.057621,-24.46654
234510,33957.0,1930.312,27.666806,27.709521,27.709521,-0.016938,-31.72022
234511,33958.0,1931.274,27.623286,27.640032,27.640032,-0.069489,-22.37661
234512,33959.0,1932.233,27.579963,27.59663,27.59663,-0.043402,-22.69936
234513,33960.0,1933.393,27.344889,27.369482,27.369482,-0.227148,-20.49359
234514,33961.0,1934.931,27.205706,27.249145,27.249145,-0.120337,-25.90599
234515,33962.0,1937.494,27.109892,27.230777,27.230777,-0.018368,-51.06695
234516,33963.0,1938.931,27.153471,27.191468,27.191468,-0.039309,-28.26474
234517,33964.0,1940.451,27.10184,27.144431,27.144431,-0.047037,-29.4244
234518,33965.0,1941.907,27.153514,27.192522,27.192522,0.048091,-33.29643
234519,33966.0,1942.337,26.683845,26.68731,26.68731,-0.505212,-10.8189
234520,33967.0,1944.232,26.413959,26.481848,26.481848,-0.205462,-28.03262
234521,33968.0,1945.241,26.039669,26.05921,26.05921,-0.422638,-14.44658
234522,33969.0,1947.22,25.665396,25.741581,25.741581,-0.317629,-23.79672
234523,33970.0,1949.509,25.291139,25.394512,25.394512,-0.347069,-28.28556
234524,33971.0,1950.473,24.960477,24.979086,24.979086,-0.415426,-12.69884
234525,33972.0,1951.995,24.725636,24.772436,24.772436,-0.20665,-20.3736
234526,33973.0,1953.221,24.264217,24.29517,24.29517,-0.477266,-12.3589
234527,33974.0,1954.386,24.177822,24.205873,24.205873,-0.089297,-18.94634
234528,33975.0,1956.109,23.760534,23.822924,23.822924,-0.382949,-15.88983
234529,33976.0,1956.421,23.52523,23.527299,23.527299,-0.295625,-8.61457
234530,33977.0,1958.376,23.376551,23.458157,23.458157,-0.069142,-34.73893
234531,33978.0,1959.88,23.420198,23.46844,23.46844,0.010283,-29.7243
234532,33979.0,1960.842,23.280917,23.300784,23.300784,-0.167656,-13.76421
234533,33980.0,1962.017,23.464092,23.493494,23.493494,0.19271,-31.81804
234534,33981.0,1963.888,23.420246,23.494862,23.494862,0.001368,-36.39503
234535,33982.0,1965.302,23.280964,23.323866,23.323866,-0.170996,-19.61423
234536,33983.0,1966.34,23.229445,23.252625,23.252625,-0.071241,-16.91056
234537,33984.0,1968.047,23.324807,23.387187,23.387187,0.134562,-39.28613
234538,33985.0,1969.186,23.098201,23.126267,23.126267,-0.26092,-13.27117
234539,33986.0,1970.296,22.445501,22.47293,22.47293,-0.653337,-7.08262
234540,33987.0,1971.609,21.888762,21.928107,21.928107,-0.544823,-9.05419
234541,33988.0,1972.161,21.471363,21.478457,21.478457,-0.44965,-5.40464
234542,33989.0,1974.109,20.818754,20.909692,20.909692,-0.568765,-12.98395
234543,33990.0,1974.613,20.391573,20.397801,20.397801,-0.511891,-3.23271
234544,33991.0,1976.312,20.209131,20.280424,20.280424,-0.117377,-26.51139
234545,33992.0,1976.817,19.878103,19.884517,19.884517,-0.395907,-4.08983
234546,33993.0,1978.252,19.64313,19.695476,19.695476,-0.189041,-18.49821
234547,33994.0,1980.881,19.547548,19.723546,19.723546,0.02807,-49.87236
234548,33995.0,1981.856,19.503891,19.528246,19.528246,-0.1953,-9.38882
234549,33996.0,1983.161,19.460512,19.504218,19.504218,-0.024028,-22.28669
234550,33997.0,1984.07,19.40827,19.429545,19.429545,-0.074673,-12.70536
234551,33998.0,1984.871,18.693826,18.710979,18.710979,-0.718566,-1.14164
234552,33999.0,1985.846,19.256819,19.281486,19.281486,0.570507,-38.32116
234553,34000.0,1987.503,18.462403,18.536611,18.536611,-0.744875,-5.63364
234554,34001.0,1988.192,18.787217,18.799847,18.799847,0.263236,-20.72104
234555,34002.0,1989.241,17.589782,17.621034,17.621034,-1.178813,2.89422
234556,34003.0,1989.241,18.042485,18.042485,18.042485,0.421451,-30.11792
234557,34004.0,1991.109,17.857894,17.955328,17.955328,-0.087157,-30.24761
234558,34005.0,1990.787,17.911789,17.914683,17.914683,-0.040645,-1.26081
234559,34006.0,1991.781,18.010416,18.037825,18.037825,0.123142,-20.89454
234600,34007.0,1992.959,18.060142,18.09852,18.09852,0.060695,-22.25991
234601,34008.0,1993.511,18.300634,18.308957,18.308957,0.210437,-15.71243
234602,34009.0,1994.375,18.452992,18.473208,18.473208,0.164251,-20.18448
234603,34010.0,1995.601,18.696141,18.736296,18.736296,0.263088,-30.98785
234604,34011.0,1996.079,18.664052,18.670172,18.670172,-0.066124,-6.37249
234605,34012.0,1996.936,18.912979,18.932386,18.932386,0.262214,-24.05102
234606,34013.0,1997.358,19.361224,19.365823,19.365823,0.433437,-22.61884
234607,34014.0,1997.755,19.782135,19.786118,19.786118,0.420295,-22.19672
234608,34015.0,1998.281,20.010692,20.017604,20.017604,0.231486,-17.57681
234609,34016.0,1998.933,20.343362,20.353807,20.353807,0.336203,-24.51051
234610,34017.0,1999.118,20.800675,20.801497,20.801497,0.44769,-20.61091
234611,34018.0,2000.83,21.13482,21.204046,21.204046,0.402549,-48.68872
234612,34019.0,2001.042,21.50219,21.503235,21.503235,0.299189,-15.87759
234613,34020.0,2001.512,21.782801,21.787871,21.787871,0.284636,-20.5502
234614,34021.0,2001.734,21.974973,21.976095,21.976095,0.188224,-12.26909
234615,34022.0,2001.79,22.240925,22.240995,22.240995,0.2649,-12.72366
234616,34023.0,2001.171,22.470275,22.478799,22.478799,0.237804,-8.88843
234617,34024.0,2002.424,22.610578,22.64527,22.64527,0.166471,-31.35262
234618,34025.0,2001.523,22.802141,22.819935,22.819935,0.174665,-6.98738
234619,34026.0,2002.379,22.853625,22.869651,22.869651,0.049716,-18.68767
234620,34027.0,2002.397,23.045612,23.045619,23.045619,0.175968,-12.62844
234621,34028.0,2003.409,23.237806,23.259831,23.259831,0.214212,-29.47111
234622,34029.0,2004.046,23.466547,23.475191,23.475191,0.21536,-22.53451
234623,34030.0,2004.443,23.710824,23.714148,23.714148,0.238957,-19.26588
234624,34031.0,2005.639,24.027784,24.057531,24.057531,0.343383,-39.94418
234625,34032.0,2006.313,24.464641,24.473924,24.473924,0.416393,-33.95443
234626,34033.0,2007.114,25.325605,25.338269,25.338269,0.864345,-59.92985
234627,34034.0,2008.395,25.600161,25.632191,25.632191,0.293922,-41.18581
234628,34035.0,2008.313,25.460941,25.461073,25.461073,-0.171118,-11.06621
234629,34036.0,2009.473,24.800514,24.827627,24.827627,-0.633446,-10.46664
234630,34037.0,2010.377,23.744027,23.76123,23.76123,-1.066397,-1.66074
234631,34038.0,2012.14,22.97254,23.04009,23.04009,-0.72114,-10.55046
234632,34039.0,2013.321,22.736775,22.767426,22.767426,-0.272664,-12.88097
234633,34040.0,2014.288,22.363401,22.384298,22.384298,-0.383128,-9.7085
234634,34041.0,2015.099,22.518708,22.533307,22.533307,0.149009,-21.98485
234635,34042.0,2016.954,22.688725,22.76443,22.76443,0.231123,-45.94485
234636,34043.0,2018.735,22.801141,22.870592,22.870592,0.106162,-39.03093
234637,34044.0,2018.301,22.330412,22.334629,22.334629,-0.535963,0.36198
234638,34045.0,2020.756,22.039292,22.175605,22.175605,-0.159024,-39.90382
234639,34046.0,2021.837,22.765491,22.791142,22.791142,0.615537,-48.26886
234640,34047.0,2023.718,23.231511,23.307537,23.307537,0.516395,-60.07145
234641,34048.0,2024.302,22.88979,22.897239,22.897239,-0.410298,-7.80252
234642,34049.0,2024.854,23.323808,23.330339,23.330339,0.4331,-30.73075
234643,34050.0,2026.693,23.462539,23.534499,23.534499,0.20416,-45.2274
234644,34051.0,2027.275,23.0956,23.102932,23.102932,-0.431567,-7.76762
234645,34052.0,2028.289,24.090433,24.111764,24.111764,1.008832,-68.005
234646,34053.0,2030.303,24.417583,24.500501,24.500501,0.388737,-58.47158
234647,34054.0,2031.542,24.957669,24.988404,24.988404,0.487903,-49.11447
234648,34055.0,2033.278,23.956384,24.019201,24.019201,-0.969203,-8.04192
234649,34056.0,2034.121,23.876322,23.891199,23.891199,-0.128002,-14.52448
234650,34057.0,2036.19,22.937545,23.030669,23.030669,-0.86053,-10.42532
234651,34058.0,2036.745,24.156928,24.163303,24.163303,1.132634,-65.18544
234652,34059.0,2038.224,24.467234,24.511895,24.511895,0.348592,-46.27426
234653,34060.0,2039.361,22.349922,22.378825,22.378825,-2.13307,12.167
234654,34061.0,2040.148,21.626829,21.641144,21.641144,-0.737681,-3.31195
234655,34062.0,2042.164,21.899043,21.991643,21.991643,0.350499,-53.39945
234656,34063.0,2043.514,22.353063,22.393792,22.393792,0.402149,-43.37184
234658,34065.0,2047.013,47.856013,47.983757,23.991879,0.799043,-71.99022
234700,34067.0,2051.307,49.966379,50.150548,25.075274,0.541698,-69.39315
234701,34068.0,2052.974,25.160203,25.215366,25.215366,0.140092,-40.54323
234702,34069.0,2054.242,25.676079,25.707369,25.707369,0.492003,-51.07591
234703,34070.0,2055.584,26.096149,26.130632,26.130632,0.423263,-49.67461
234704,34071.0,2057.466,26.52509,26.591772,26.591772,0.46114,-62.74036
234705,34072.0,2058.568,26.867297,26.889887,26.889887,0.298115,-39.61442
234706,34073.0,2060.283,27.208368,27.262364,27.262364,0.372477,-55.86265
234707,34074.0,2061.17,27.57212,27.586384,27.586384,0.32402,-37.77605
234708,34075.0,2063.765,27.678635,27.800016,27.800016,0.213632,-64.90716
234709,34076.0,2064.545,27.594699,27.605721,27.605721,-0.194295,-19.32593
234710,34077.0,2066.688,27.484152,27.567573,27.567573,-0.038148,-42.34352
234711,34078.0,2067.819,27.099398,27.122989,27.122989,-0.444584,-16.52133
234712,34079.0,2068.905,27.542319,27.563721,27.563721,0.440732,-47.89572
234713,34080.0,2069.969,27.590967,27.611475,27.611475,0.047754,-26.26946
234714,34081.0,2072.271,28.289247,28.382753,28.382753,0.771278,-90.97978
234715,34082.0,2074.015,28.228536,28.282358,28.282358,-0.100395,-31.67733
234716,34083.0,2075.555,28.645061,28.686428,28.686428,0.40407,-56.34245
234717,34084.0,2077.051,27.793073,27.833306,27.833306,-0.853122,-13.1409
234718,34085.0,2078.359,27.392409,27.42362,27.42362,-0.409686,-18.58372
234719,34086.0,2080.235,27.230516,27.295062,27.295062,-0.128558,-32.2182
234720,34087.0,2080.642,27.189817,27.192863,27.192863,-0.102199,-17.92776
234721,34088.0,2083.604,27.030481,27.192285,27.192285,-0.000578,-59.8953
234722,34089.0,2083.855,27.071359,27.072523,27.072523,-0.119762,-16.54168
234723,34090.0,2086.856,26.950823,27.11739,27.11739,0.044867,-63.01506
234724,34091.0,2088.444,26.830479,26.877432,26.877432,-0.239958,-21.96346
234725,34092.0,2091.047,25.806493,25.937438,25.937438,-0.939994,-15.61459
234726,34093.0,2092.022,26.211036,26.229164,26.229164,0.291726,-36.04779
234727,34094.0,2093.251,26.353082,26.381725,26.381725,0.152561,-33.92869
234728,34095.0,2095.325,25.410421,25.494921,25.494921,-0.886804,-12.84867
234729,34096.0,2096.163,25.351283,25.365129,25.365129,-0.129792,-16.82098
234730,34097.0,2097.455,26.431061,26.46262,26.46262,1.097491,-84.26538
234731,34098.0,2099.666,26.550751,26.642652,26.642652,0.180032,-54.52473
234732,34099.0,2100.924,26.078511,26.108835,26.108835,-0.533817,-14.31779
234733,34100.0,2102.795,25.823271,25.890963,25.890963,-0.217872,-26.99912
234734,34101.0,2104.898,25.99386,26.078792,26.078792,0.187829,-52.26326
234735,34102.0,2106.88,25.677023,25.753404,25.753404,-0.325388,-23.67436
234736,34103.0,2108.23,25.66375,25.699232,25.699232,-0.054172,-25.18394
234737,34104.0,2109.274,25.038137,25.059893,25.059893,-0.639339,-10.05703
234738,34105.0,2109.031,24.638996,24.640194,24.640194,-0.419699,-5.30132
234739,34106.0,2111.863,25.293835,25.451883,25.451883,0.811689,-96.77653
234740,34107.0,2113.893,25.938478,26.017793,26.017793,0.56591,-70.09774
234741,34108.0,2114.936,25.84149,25.86253,25.86253,-0.155263,-18.44523
234742,34109.0,2116.252,25.837901,25.871393,25.871393,0.008863,-27.83839
234743,34110.0,2116.54,26.180118,26.181703,26.181703,0.31031,-23.75906
234744,34111.0,2119.373,26.180826,26.333658,26.333658,0.151955,-64.74515
234745,34112.0,2120.826,26.269201,26.309355,26.309355,-0.024303,-29.07962
234746,34113.0,2121.703,26.2692,26.283835,26.283835,-0.02552,-20.19898
234747,34114.0,2124.388,26.438648,26.574637,26.574637,0.290802,-69.38102
234748,34115.0,2125.817,26.524195,26.562661,26.562661,-0.011976,-29.43172
234749,34116.0,2126.824,26.608581,26.627629,26.627629,0.064968,-25.37647
234750,34117.0,2128.196,26.867997,26.903005,26.903005,0.275376,-43.73027
234751,34118.0,2129.644,26.870066,26.909054,26.909054,0.006049,-30.9892
234752,34119.0,2130.51,27.124625,27.138445,27.138445,0.229391,-31.84503
234753,34120.0,2132.806,27.126674,27.223667,27.223667,0.085222,-51.76143
234754,34121.0,2134.291,27.214708,27.255193,27.255193,0.031526,-33.31878
234755,34122.0,2134.505,27.383282,27.384118,27.384118,0.128925,-20.88879
234756,34123.0,2136.651,27.552336,27.635783,27.635783,0.251665,-58.26458
234757,34124.0,2137.782,27.554353,27.577555,27.577555,-0.058228,-23.50893
234758,34125.0,2139.098,27.72342,27.754637,27.754637,0.177082,-38.3846
234759,34126.0,2140.678,27.725425,27.770409,27.770409,0.015772,-34.69782
234800,34127.0,2143.135,27.810961,27.919284,27.919284,0.148875,-58.97326
234801,34128.0,2144.565,27.898934,27.935559,27.935559,0.016275,-31.96957
234802,34129.0,2146.911,27.896495,27.994966,27.994966,0.059407,-52.00864
234803,34130.0,2147.36,27.894498,27.898112,27.898112,-0.096854,-19.58533
234804,34131.0,2147.828,27.896491,27.900416,27.900416,0.002304,-21.31272
234805,34132.0,2149.239,27.823396,27.859151,27.859151,-0.041265,-28.41078
234806,34133.0,2150.557,27.606111,27.637556,27.637556,-0.221595,-22.0635
234807,34134.0,2151.39,27.585822,27.598396,27.598396,-0.03916,-22.15588
234808,34135.0,2153.427,27.73475,27.809454,27.809454,0.211058,-54.19047
234809,34136.0,2155.084,28.810256,28.857867,28.857867,1.048413,-95.46372
234810,34137.0,2156.844,27.313793,27.370439,27.370439,-1.487428,-3.90962
234811,34138.0,2158.77,27.902759,27.969151,27.969151,0.598712,-73.50807
234812,34139.0,2160.847,26.489778,26.571079,26.571079,-1.398072,-6.32132
234813,34140.0,2161.737,27.613056,27.627395,27.627395,1.056316,-77.72779
234814,34141.0,2163.404,25.99114,26.044543,26.044543,-1.582852,-0.64918
234815,34142.0,2165.428,26.451201,26.528525,26.528525,0.483982,-66.71477
234816,34143.0,2166.887,26.885271,26.92483,26.92483,0.396305,-51.87441
234817,34144.0,2168.227,26.405501,26.439479,26.439479,-0.485351,-16.05374
234818,34145.0,2170.298,26.496394,26.577207,26.577207,0.137728,-49.6594
234819,34146.0,2171.046,26.083879,26.094602,26.094602,-0.482605,-12.18599
234820,34147.0,2172.716,25.94365,25.997344,25.997344,-0.097258,-29.40333
234821,34148.0,2173.588,24.780671,24.796008,24.796008,-1.201336,-0.61895
234822,34149.0,2175.527,23.390086,23.470318,23.470318,-1.32569,-3.80789
234823,34150.0,2177.536,22.295743,22.386072,22.386072,-1.084246,-6.55936
234824,34151.0,2178.275,21.427858,21.440598,21.440598,-0.945474,-0.27693
234825,34152.0,2179.026,22.240559,22.253235,22.253235,0.812637,-49.68184
234826,34153.0,2180.545,22.514166,22.56535,22.56535,0.312115,-42.99871
234827,34154.0,2182.318,22.867467,22.936097,22.936097,0.370747,-50.98376
234828,34155.0,2183.948,23.11009,23.167503,23.167503,0.231406,-42.21874
234829,34156.0,2184.897,23.972253,23.99103,23.99103,0.823527,-57.88607
234830,34157.0,2186.427,24.094971,24.143499,24.143499,0.152469,-37.63906
234831,34158.0,2187.674,24.771132,24.8025,24.8025,0.659001,-57.47355
234832,34159.0,2188.06,24.795001,24.798005,24.798005,-0.004495,-15.16017
234833,34160.0,2189.204,25.594428,25.619982,25.619982,0.821977,-65.30043
234834,34161.0,2190.773,25.357812,25.406306,25.406306,-0.213676,-21.38509
234835,34162.0,2192.171,24.917642,24.956829,24.956829,-0.449477,-14.74129
234836,34163.0,2195.329,24.917618,25.116939,25.116939,0.16011,-70.29449
234837,34164.0,2195.789,24.75335,24.757624,24.757624,-0.359315,-10.39372
234838,34165.0,2197.197,24.792446,24.832395,24.832395,0.074771,-32.18942
234839,34166.0,2198.851,24.792421,24.847532,24.847532,0.015137,-34.03066
234840,34167.0,2198.729,24.321905,24.322211,24.322211,-0.525321,-4.07917
234841,34168.0,2199.895,24.473915,24.501675,24.501675,0.179464,-32.29483
234842,34169.0,2200.722,24.435213,24.449203,24.449203,-0.052472,-16.42578
234843,34170.0,2201.05,24.47737,24.479567,24.479567,0.030364,-14.80205
234844,34171.0,2202.009,24.600863,24.619547,24.619547,0.13998,-26.52956
234845,34172.0,2201.895,24.711354,24.711617,24.711617,0.09207,-13.55121
234846,34173.0,2202.236,24.56254,24.564906,24.564906,-0.146711,-12.48154
234847,34174.0,2202.77,24.333322,24.339181,24.339181,-0.225725,-12.112
234848,34175.0,2202.844,24.087992,24.088106,24.088106,-0.251075,-8.74775
234849,34176.0,2203.221,24.141843,24.144786,24.144786,0.05668,-14.90079
234850,34177.0,2204.527,24.123333,24.15866,24.15866,0.013874,-26.79731
234851,34178.0,2204.049,24.198026,24.202747,24.202747,0.044087,-9.92563
234852,34179.0,2203.85,24.075463,24.076285,24.076285,-0.126462,-8.91863
234853,34180.0,2204.104,23.286329,23.287714,23.287714,-0.788571,-1.32735
234854,34181.0,2205.93,22.996878,23.069259,23.069259,-0.218455,-25.55039
234855,34182.0,2205.272,21.884451,21.894341,21.894341,-1.174918,10.25652
234856,34183.0,2206.974,20.805449,20.87495,20.87495,-1.019391,-4.43776
234857,34184.0,2207.029,19.48517,19.485247,19.485247,-1.389703,10.13995
234858,34185.0,2207.594,18.44503,18.453682,18.453682,-1.031565,3.72771
234859,34186.0,2209.531,17.246462,17.354896,17.354896,-1.098786,-2.9361
234900,34187.0,2210.689,16.248479,16.289691,16.289691,-1.065205,1.54709
234901,34188.0,2211.405,15.091363,15.108338,15.108338,-1.181353,5.38004
234902,34189.0,2212.552,12.559285,12.611552,12.611552,-2.496786,12.57269
234903,34190.0,2212.61,13.533873,13.533998,13.533998,0.922446,-21.58393
234904,34191.0,2213.587,11.758123,11.798643,11.798643,-1.735355,7.31518
234905,34192.0,2214.613,12.53568,12.577597,12.577597,0.778954,-34.76431
234906,34193.0,2213.764,11.342139,11.37387,11.37387,-1.203727,13.74081
234907,34194.0,2215.498,11.342134,11.473917,11.473917,0.100047,-31.72761
234908,34195.0,2214.903,9.030103,9.049684,9.049684,-2.424233,16.7667
234909,34196.0,2215.035,7.466588,7.467755,7.467755,-1.581929,6.50363
234910,34197.0,2214.998,4.284597,4.284756,4.284756,-3.182999,8.20099
234911,34198.0,2215.233,1.357449,1.37764,1.37764,-2.907116,0.76036
234912,34199.0,2214.454,0.638796,1.007423,1.007423,-0.370217,4.41287
234913,34200.0,2215.318,2.185991,2.350543,2.350543,1.34312,-22.47727
234914,34201.0,2215.667,1.915072,1.946613,1.946613,-0.40393,-4.95599
234915,34202.0,2216.09,3.252561,3.279951,3.279951,1.333338,-16.09639
234916,34203.0,2216.6,5.691875,5.714678,5.714678,2.434727,-35.68502
234917,34204.0,2215.854,7.912382,7.947472,7.947472,2.232794,-23.39814
234918,34205.0,2215.714,8.223028,8.224219,8.224219,0.276747,-0.06953
234919,34206.0,2215.262,9.709761,9.720276,9.720276,1.496057,-23.53871
234920,34207.0,2214.848,11.3741,11.381632,11.381632,1.661356,-33.65263
234921,34208.0,2213.915,11.454355,11.492291,11.492291,0.110659,5.51041
234922,34209.0,2214.161,12.569685,12.572092,12.572092,1.079801,-27.1664
234923,34210.0,2212.478,12.912505,13.021723,13.021723,0.449631,6.74488
234924,34211.0,2211.273,11.23362,11.298063,11.298063,-1.72366,19.14062
234925,34212.0,2209.7,9.838857,9.963807,9.963807,-1.334256,17.44456
234926,34213.0,2210.48,8.987674,9.021457,9.021457,-0.94235,1.05362
234927,34214.0,2208.741,7.430907,7.631678,7.631678,-1.389779,16.52722
234928,34215.0,2208.638,7.086839,7.087587,7.087587,-0.544091,3.16261
234929,34216.0,2208.554,6.928192,6.928701,6.928701,-0.158886,1.42837
234930,34217.0,2208.017,7.792132,7.810614,7.810614,0.881913,-6.07278
234931,34218.0,2207.867,9.552293,9.553471,9.553471,1.742857,-33.40727
234932,34219.0,2208.017,11.022349,11.023369,11.023369,1.469898,-31.01261
234933,34220.0,2207.98,12.013232,12.013289,12.013289,0.98992,-27.39927
234934,34221.0,2207.536,12.34602,12.354001,12.354001,0.340712,0.9928
234935,34222.0,2207.209,12.447417,12.451711,12.451711,0.09771,2.01639
234936,34223.0,2207.021,13.324222,13.325549,13.325549,0.873838,-25.74331
234937,34224.0,2206.514,15.412394,15.42073,15.42073,2.095181,-63.4803
234938,34225.0,2205.975,14.772687,14.782517,14.782517,-0.638213,7.91065
234939,34226.0,2206.231,14.868613,14.870816,14.870816,0.088299,-3.82052
234940,34227.0,2206.503,15.519081,15.521464,15.521464,0.650648,-21.56032
234941,34228.0,2205.507,16.171909,16.20255,16.20255,0.681086,-2.60678
234942,34229.0,2205.404,16.684032,16.68435,16.68435,0.4818,-26.0299
234943,34230.0,2205.43,16.886017,16.886037,16.886037,0.201687,-4.64574
234944,34231.0,2206.427,16.811787,16.841324,16.841324,-0.044713,-14.70572
234945,34232.0,2207.275,16.910897,16.932145,16.932145,0.090821,-16.36837
234946,34233.0,2208.601,16.711628,16.764152,16.764152,-0.167993,-16.95921
234947,34234.0,2209.344,15.913135,15.930471,15.930471,-0.833681,1.86955
234948,34235.0,2212.287,15.260434,15.541624,15.541624,-0.388847,-41.29782
234949,34236.0,2212.816,15.231236,15.24042,15.24042,-0.301204,-1.39156
234950,34237.0,2213.437,14.399605,14.412989,14.412989,-0.827431,3.00264
234951,34238.0,2214.811,13.837749,13.905797,13.905797,-0.507192,-8.67036
234952,34239.0,2216.203,14.240914,14.308783,14.308783,0.402986,-34.25634
234953,34240.0,2217.382,12.956985,13.010516,13.010516,-1.298267,3.64158
234954,34241.0,2217.757,12.709778,12.715309,12.715309,-0.295207,0.751
234955,34242.0,2219.649,13.084628,13.220709,13.220709,0.5054,-45.42585
234956,34243.0,2220.449,11.573743,11.601359,11.601359,-1.61935,7.3114
234957,34244.0,2220.497,10.861971,10.862078,10.862078,-0.739281,5.22547
234958,34245.0,2221.393,9.85006,9.890728,9.890728,-0.97135,1.15176
234959,34246.0,2222.257,8.760479,8.802982,8.802982,-1.087746,1.17107
235000,34247.0,2222.363,7.750581,7.751306,7.751306,-1.051676,4.54936
235001,34248.0,2223.586,6.647027,6.758601,6.758601,-0.992705,-8.58238
235002,34249.0,2222.925,5.792241,5.829835,5.829835,-0.928766,7.12871
235003,34250.0,2224.18,5.519042,5.659934,5.659934,-0.169901,-20.86465
235004,34251.0,2223.832,7.165392,7.173837,7.173837,1.513903,-17.24908
235005,34252.0,2223.858,8.51294,8.512979,8.512979,1.339142,-20.37422
235006,34253.0,2223.493,10.120185,10.126765,10.126765,1.613786,-28.93314
235007,34254.0,2222.804,11.342205,11.363113,11.363113,1.236348,-18.82
235008,34255.0,2221.844,12.052851,12.091022,12.091022,0.727909,1.40358
235009,34256.0,2222.022,12.548647,12.549909,12.549909,0.458887,-10.52722
235010,34257.0,2222.37,15.292275,15.296234,15.296234,2.746325,-85.53248
235011,34258.0,2221.533,13.520769,13.546651,13.546651,-1.749583,18.81775
235012,34259.0,2221.306,13.221544,13.223493,13.223493,-0.323158,4.19711
235013,34260.0,2222.635,12.634135,12.703842,12.703842,-0.519651,-8.45408
235014,34261.0,2223.887,12.107076,12.171639,12.171639,-0.532203,-7.14041
235015,34262.0,2224.207,12.465317,12.469424,12.469424,0.297785,-9.23563
235016,34263.0,2226.064,12.045079,12.187386,12.187386,-0.282038,-24.74475
235017,34264.0,2226.403,11.121115,11.12628,11.12628,-1.061106,5.80289
235018,34265.0,2227.61,11.070972,11.136574,11.136574,0.010294,-19.74006
235019,34266.0,2227.985,10.535874,10.542546,10.542546,-0.594028,2.27508
235020,34267.0,2228.337,10.227523,10.233578,10.233578,-0.308968,0.55298
235021,34268.0,2229.608,9.607632,9.691339,9.691339,-0.542239,-11.14507
235022,34269.0,2231.116,9.533684,9.652212,9.652212,-0.039127,-25.28779
235023,34270.0,2231.021,9.59386,9.59433,9.59433,-0.057882,1.50152
235024,34271.0,2230.691,10.215529,10.220858,10.220858,0.626528,-10.15975
235025,34272.0,2232.549,10.394824,10.559571,10.559571,0.338713,-39.34498
235026,34273.0,2232.398,10.737761,10.738823,10.738823,0.179252,0.53757
235027,34274.0,2233.624,10.842611,10.911704,10.911704,0.172881,-23.69574
235028,34275.0,2234.406,10.857065,10.885191,10.885191,-0.026513,-10.90181
235029,34276.0,2234.491,10.546861,10.547203,10.547203,-0.337988,2.36144
235030,34277.0,2235.688,10.359432,10.428357,10.428357,-0.118846,-17.248
235031,34278.0,2234.53,9.797688,9.865884,9.865884,-0.562473,10.53644
235032,34279.0,2235.294,8.978742,9.011188,9.011188,-0.854696,0.67697
235033,34280.0,2236.359,8.30929,8.377262,8.377262,-0.633926,-7.64895
235034,34281.0,2236.0,8.12444,8.132368,8.132368,-0.244894,3.66229
235035,34282.0,2236.575,8.938412,8.956888,8.956888,0.82452,-22.87301
235036,34283.0,2236.433,9.564875,9.565929,9.565929,0.609041,-12.33723
235037,34284.0,2236.99,10.236046,10.251189,10.251189,0.68526,-21.22803
235038,34285.0,2237.17,10.176214,10.177806,10.177806,-0.073383,0.12029
235039,34286.0,2237.556,10.397606,10.404769,10.404769,0.226963,-8.71888
235040,34287.0,2237.292,10.629423,10.632701,10.632701,0.227932,0.87761
235041,34288.0,2237.556,10.597661,10.600949,10.600949,-0.031752,-0.98434
235042,34289.0,2238.877,10.989589,11.068699,11.068699,0.46775,-31.89795
235043,34290.0,2239.379,10.815233,10.826877,10.826877,-0.241822,-0.97628
235044,34291.0,2239.878,10.516338,10.528171,10.528171,-0.298706,-0.25604
235045,34292.0,2241.35,10.142876,10.249132,10.249132,-0.279039,-19.44772
235046,34293.0,2241.68,9.822062,9.827605,9.827605,-0.421527,1.19374
235047,34294.0,2241.812,9.476733,9.477652,9.477652,-0.349953,1.79739
235048,34295.0,2243.012,8.864575,8.945428,8.945428,-0.532224,-11.08249
235049,34296.0,2242.275,7.906962,7.941235,7.941235,-1.004193,9.29324
235050,34297.0,2242.661,7.244587,7.254863,7.254863,-0.686372,1.03793
235051,34298.0,2243.633,6.768918,6.83835,6.83835,-0.416513,-11.29617
235052,34299.0,2244.437,5.969712,6.02361,6.02361,-0.81474,-4.32204
235053,34300.0,2243.031,5.904109,6.069213,6.069213,0.045603,8.09725
235054,34301.0,2243.747,5.49334,5.539805,5.539805,-0.529408,-6.67112
235055,34302.0,2244.069,5.079957,5.090152,5.090152,-0.449653,-0.50707
235056,34303.0,2243.776,3.79885,3.810133,3.810133,-1.280019,4.50953
235057,34304.0,2244.315,3.119077,3.165306,3.165306,-0.644827,-5.78407
235058,34305.0,2244.51,1.627361,1.639003,1.639003,-1.526303,0.13496
235059,34306.0,2244.804,1.283276,1.316523,1.316523,-0.32248,-4.79224
235100,34307.0,2245.684,1.911471,2.10431,2.10431,0.787787,-19.91807
235101,34308.0,2246.814,2.917247,3.128455,3.128455,1.024145,-27.45159
235102,34309.0,2245.559,4.751727,4.914666,4.914666,1.786211,2.15464
235103,34310.0,2245.134,7.11507,7.127752,7.127752,2.213086,-25.38613
235104,34311.0,2245.126,7.834706,7.83471,7.83471,0.706958,-13.61182
235105,34312.0,2245.684,8.149383,8.168464,8.168464,0.333754,-13.74291
235106,34313.0,2245.541,8.149385,8.15064,8.15064,-0.017824,1.35095
235107,34314.0,2245.684,7.928311,7.929601,7.929601,-0.221039,0.62515
235108,34315.0,2244.095,8.177796,8.330742,8.330742,0.401141,7.61474
235109,34316.0,2244.484,8.869521,8.878048,8.878048,0.547306,-14.37522
235110,34317.0,2244.333,9.203228,9.204467,9.204467,0.326419,-0.30734
235111,34318.0,2242.632,9.682577,9.830854,9.830854,0.626387,6.80889
235112,34319.0,2241.615,11.137084,11.183422,11.183422,1.352568,-14.52736
235113,34320.0,2240.698,12.162181,12.196701,12.196701,1.013279,-11.60574
235114,34321.0,2240.547,12.786077,12.786968,12.786968,0.590267,-17.67069
235115,34322.0,2237.482,13.41265,13.758394,13.758394,0.971426,9.80292
235116,34323.0,2238.161,13.468897,13.486001,13.486001,-0.272393,-1.83824
235117,34324.0,2236.388,12.930314,13.051305,13.051305,-0.434696,13.967
235118,34325.0,2236.208,12.918835,12.920089,12.920089,-0.131216,2.60692
235119,34326.0,2233.135,12.578114,12.948061,12.948061,0.027972,17.94812
235120,34327.0,2232.21,12.344056,12.378665,12.378665,-0.569396,10.29953
235121,34328.0,2232.369,12.351565,12.352588,12.352588,-0.026077,0.18494
235122,34329.0,2230.361,12.337541,12.499879,12.499879,0.147291,11.24588
235123,34330.0,2230.118,11.985536,11.987999,11.987999,-0.51188,5.96253
235124,34331.0,2228.477,11.722733,11.837033,11.837033,-0.150966,11.4018
235125,34332.0,2227.298,10.694577,10.759369,10.759369,-1.077664,14.31249
235126,34333.0,2226.281,9.69037,9.743591,9.743591,-1.015778,12.2495
235127,34334.0,2224.537,8.545775,8.721915,8.721915,-1.021676,15.69987
235128,34335.0,2225.29,8.746905,8.779258,8.779258,0.057343,-12.87783
235129,34336.0,2224.302,9.717457,9.767554,9.767554,0.988296,0.68041
235130,34337.0,2222.701,10.951804,11.068207,11.068207,1.300653,1.61053
235131,34338.0,2222.135,11.740489,11.754124,11.754124,0.685917,-9.65481
235132,34339.0,2221.646,10.870843,10.881835,10.881835,-0.872289,9.15488
235133,34340.0,2220.901,9.879369,9.907419,9.907419,-0.974416,10.57351
235134,34341.0,2219.612,8.061585,8.163987,8.163987,-1.743432,16.13145
235135,34342.0,2218.066,6.786822,6.96068,6.96068,-1.203307,14.04406
235136,34343.0,2217.514,6.695452,6.718168,6.718168,-0.242512,4.39174
235137,34344.0,2217.559,6.294444,6.294604,6.294604,-0.423564,1.53367
235138,34345.0,2217.68,6.122819,6.124015,6.124015,-0.170589,0.13443
235139,34346.0,2217.654,7.057328,7.057376,7.057376,0.933361,-15.019
235140,34347.0,2216.259,8.588666,8.701219,8.701219,1.643843,0.15581
235141,34348.0,2215.939,9.550178,9.555538,9.555538,0.854319,-13.49338
235142,34349.0,2216.306,10.564904,10.571276,10.571276,1.015738,-24.69657
235143,34350.0,2217.493,11.030621,11.094304,11.094304,0.523028,-30.53082
235144,34351.0,2217.757,11.527952,11.530974,11.530974,0.43667,-11.04032
235145,34352.0,2218.558,10.958056,10.987292,10.987292,-0.543682,-0.26522
235146,34353.0,2219.414,9.743851,9.781379,9.781379,-1.205913,2.64223
235147,34354.0,2219.762,8.646625,8.653625,8.653625,-1.127754,4.21262
235148,34355.0,2222.014,7.735328,8.056476,8.056476,-0.597149,-31.5966
235149,34356.0,2222.37,7.172257,7.181087,7.181087,-0.875389,1.96376
235150,34357.0,2222.701,6.72316,6.731304,6.731304,-0.449783,0.15519
235151,34358.0,2223.115,6.06209,6.07621,6.07621,-0.655094,0.16519
235152,34359.0,2222.711,5.237968,5.253525,5.253525,-0.822685,4.96122
235153,34360.0,2222.947,4.579017,4.585095,4.585095,-0.66843,0.49851
235154,34361.0,2222.814,5.641634,5.643202,5.643202,1.058107,-11.23946
235155,34362.0,2222.653,8.033371,8.034984,8.034984,2.391782,-37.5764
235156,34363.0,2222.014,9.696376,9.717409,9.717409,1.682425,-23.48251
235157,34364.0,2222.296,9.236772,9.241076,9.241076,-0.476333,1.54073
