122537.639,0,45.961622,0.0,0.0,0,0,-0.35
122538.338,0.699000000000524,45.960439,2.431941,2.431942,3.479173,4.977358,-34.91539
122553.372,15.7330000000002,45.973577,20.545981,20.545985,1.366635,-0.140517,-0.12773
122601.762,24.1229999999996,47.934615,158.334321,158.346465,18.873238,2.086603,-79.26067
122603.892,26.252999999997,47.945784,26.016516,26.016518,12.214328,-3.126249,22.93118
122606.431,28.791999999994,47.54661,27.735666,27.738539,10.924986,-0.507815,4.8776
122608.842,31.2029999999941,47.163625,26.043198,26.046014,10.802992,-0.050599,1.9842
122611.299,33.6599999999962,46.956092,28.329719,28.330479,11.530516,0.296103,-9.48296
122613.430,35.7909999999974,46.891704,23.801445,23.801532,11.169184,-0.16956,2.08584
122615.566,37.926999999996,46.897311,22.59751,22.59751,10.579359,-0.276135,2.40903
122617.648,40.0089999999982,46.824092,22.046968,22.047089,10.58938,0.004813,0.90953
122619.767,42.127999999997,46.45536,21.867157,21.870265,10.321031,-0.126639,2.44189
122621.818,44.1789999999964,46.243732,21.163202,21.16426,10.318996,-0.000992,1.29258
122624.620,46.9809999999998,46.334367,28.222677,28.222823,10.072385,-0.088012,0.99777
122626.771,49.1319999999978,46.633214,22.186351,22.188363,10.315371,0.112964,-1.716
122628.849,51.2099999999991,47.069282,15.477672,15.483814,7.451306,-1.37828,5.08642
122630.957,53.3179999999993,47.576116,11.650143,11.661162,5.531861,-0.910553,1.69207
122631.649,54.0099999999948,47.678083,0.15592,0.186302,0.269222,-7.60497,0.85407
122649.670,72.0309999999954,46.879861,21.864112,21.878678,1.214066,0.05243,-0.03268
122651.789,74.1499999999942,46.834975,18.861344,18.861397,8.901084,3.627663,-65.48651
122653.896,76.2569999999978,46.775669,21.797918,21.797999,10.345514,0.685539,-17.11873
122656.016,78.3770000000004,46.908721,20.948087,20.94851,9.881373,-0.218934,1.5369
122658.811,81.1719999999987,47.23203,12.877088,12.881146,4.608639,-1.886488,4.41817
122700.888,83.2489999999962,47.725717,6.337431,6.356631,3.060487,-0.745379,-0.11473
122703.552,85.9130000000005,48.238902,5.456943,5.481021,2.05744,-0.376519,-1.92064
122713.311,95.6719999999987,48.928249,25.280948,25.290345,2.591489,0.054724,-1.2199
122720.941,103.301999999996,47.255227,138.204458,138.214584,18.114624,2.034487,-82.08672
122723.056,105.416999999994,47.031438,30.441389,30.442211,14.39348,-1.759406,14.74614
122726.245,108.606,47.330705,41.26282,41.263905,12.93945,-0.455952,3.39217
122728.743,111.103999999999,47.486303,28.969621,28.970039,11.597294,-0.537292,4.12767
122731.924,114.284999999996,47.370177,32.091015,32.091225,10.088408,-0.474343,3.63893
122734.995,117.356,47.218362,26.597803,26.598236,8.661099,-0.46477,3.09188
122737.561,119.921999999999,47.034031,26.493775,26.494416,10.325182,0.648512,-15.50984
122740.091,122.451999999997,46.962964,31.613216,31.613296,12.495374,0.857783,-25.46774
122742.673,125.034,46.831265,35.584428,35.584672,13.781825,0.498238,-19.30812
122745.208,127.568999999996,46.668293,32.683219,32.683625,12.892949,-0.350641,3.51957
122747.780,130.140999999996,46.747401,28.77643,28.776539,11.18839,-0.662737,4.92881
122749.916,132.276999999995,47.241011,20.973765,20.979573,9.821897,-0.639744,2.95338
122752.036,134.396999999997,47.907629,13.353956,13.370584,6.306879,-1.658027,4.479
122754.210,136.570999999996,48.762962,6.996364,7.048454,3.242159,-1.409715,0.34085
122754.937,137.297999999995,49.051015,0.342575,0.447585,0.61566,-3.612791,-3.39853
122815.075,157.435999999994,49.856428,5.226162,5.287859,0.262581,-0.017533,-0.32505
122817.139,159.5,49.307573,21.100776,21.107913,10.226702,4.827578,-94.52805
122819.381,161.741999999998,48.101047,23.623108,23.653899,10.550356,0.14436,2.90148
122821.396,163.756999999998,47.398387,22.557817,22.568758,11.200376,0.322591,0.71583
122823.749,166.110000000001,46.929401,33.36706,33.370356,14.182047,1.267178,-38.61676
122825.844,168.204999999994,46.802035,32.557167,32.557416,15.540533,0.648442,-28.15534
122828.123,170.483999999997,46.669718,39.364677,39.3649,17.272883,0.760136,-37.38356
122830.281,172.642,46.501123,35.082686,35.083091,16.257225,-0.470648,2.83173
122833.212,175.572999999997,46.197748,44.442089,44.443124,15.163127,-0.373285,2.78452
122838.622,180.983,45.934373,115.354877,115.355177,21.322584,1.138532,-68.78735
122840.886,183.246999999996,45.909497,47.391437,47.391444,20.932616,-0.172247,-5.25931
122843.014,185.375,45.911548,43.676121,43.676121,20.524493,-0.191787,-4.58541
122845.140,187.500999999997,45.92798,45.110646,45.110649,21.218556,0.326464,-13.49601
122847.170,189.530999999995,45.937577,42.925314,42.925315,21.145475,-0.036,-7.28254
122849.572,191.932999999997,45.946198,51.926045,51.926046,21.617837,0.196654,-10.83361
122852.045,194.405999999995,45.948578,53.870698,53.870698,21.783541,0.067005,-9.44654
122854.627,196.987999999998,45.949202,54.576422,54.576422,21.137266,-0.2503,-4.63263
122856.649,199.009999999995,45.851919,43.440422,43.440531,21.483942,0.171452,-10.02266
122859.118,201.478999999999,45.602775,51.422845,51.423448,20.827642,-0.265816,-3.49333
122901.669,204.029999999999,45.218881,53.382023,53.383404,20.926462,0.038738,-7.00909
122904.241,206.601999999999,45.045574,53.558023,53.558304,20.823602,-0.039992,-6.39108
122907.430,209.790999999997,44.735453,66.714925,66.715646,20.920554,0.030402,-7.2015
122909.520,211.880999999994,44.55381,41.165965,41.166366,19.696826,-0.585516,1.36437
122911.640,214.000999999997,44.555498,24.484636,24.484636,11.549356,-3.843146,26.481
122913.848,216.208999999995,44.827622,4.140162,4.149096,1.879119,-4.379636,3.86108
122944.578,246.938999999998,46.982466,11.752423,11.948339,0.388817,-0.048497,-0.3061
122947.422,249.782999999996,48.132259,32.587643,32.607921,11.465514,3.89476,-90.55252
122949.628,251.988999999994,48.825666,32.024242,32.031748,14.520285,1.384756,-41.45769
122952.208,254.568999999996,49.078243,43.351095,43.35183,16.803035,0.884787,-28.07019
122955.434,257.794999999998,49.091054,62.234042,62.234043,19.291396,0.771346,-27.62077
122958.143,260.503999999994,49.029003,58.619397,58.61943,21.638771,0.86651,-59.43153
123000.270,262.630999999994,48.973033,48.564866,48.564898,22.83258,0.561264,-51.31603
123002.395,264.755999999994,49.057699,50.428713,50.428784,23.731192,0.422876,-21.97631
123004.573,266.933999999994,49.092303,49.911367,49.911379,22.916152,-0.374215,-5.43803
123006.749,269.110000000001,49.385292,50.259091,50.259945,23.097401,0.083295,-12.44975
123008.930,271.290999999997,50.040643,49.913361,49.917663,22.887512,-0.096235,-10.68136
123011.124,273.485000000001,50.63128,50.494441,50.497895,23.016361,0.058728,-12.75497
123013.309,275.669999999998,50.939874,50.480055,50.480998,23.103432,0.039849,-11.91804
123015.676,278.036999999997,51.029516,52.989651,52.989727,22.386872,-0.302729,-5.79344
123018.280,280.640999999996,50.989121,53.245776,53.245792,20.447693,-0.744692,2.12293
123020.393,282.753999999994,50.633761,32.332119,32.334072,15.302448,-2.435043,21.26663
123022.517,284.877999999997,50.126498,29.307555,29.311945,13.800351,-0.707202,6.94527
123024.667,287.027999999998,49.496197,20.345892,20.355653,9.467746,-2.015165,13.25654
123026.845,289.205999999998,49.278446,15.956036,15.957521,7.326686,-0.983039,5.0563
123029.011,291.371999999996,49.475503,17.28102,17.282144,7.978829,0.301082,-4.18809
123031.148,293.508999999998,49.628609,22.106273,22.106804,10.344784,1.107139,-20.37324
123033.349,295.709999999999,49.592956,31.717196,31.717216,14.410366,1.847152,-59.2195
123035.586,297.947,49.329366,38.134787,38.135698,17.047697,1.178959,-49.30833
123037.807,300.167999999998,49.430644,40.245841,40.245969,18.120652,0.483095,-15.87402
123040.038,302.398999999998,50.010481,38.750979,38.755316,17.371276,-0.335892,-1.22359
123042.256,304.616999999998,50.689303,36.851783,36.858035,16.617689,-0.33976,-0.84081
123044.493,306.853999999999,51.399397,34.375221,34.382554,15.369939,-0.557778,1.91013
123046.692,309.053,52.055768,25.352391,25.360886,11.532918,-1.744894,10.7961
123048.915,311.275999999998,52.533087,18.317801,18.324019,8.242923,-1.47998,6.26265
123051.072,313.432999999997,52.422899,8.701445,8.702142,4.034373,-1.951113,4.83343
123053.321,315.682000000001,51.826547,17.895734,17.905668,7.961613,1.746216,-24.81073
123055.569,317.93,51.033931,27.57574,27.587128,12.271854,1.917367,-43.8609
123057.842,320.202999999994,50.720572,33.138399,33.13988,14.579798,1.015374,-34.26011
123100.092,322.452999999994,50.728635,37.166349,37.16635,16.518378,0.861591,-24.91668
123102.326,324.686999999998,50.922313,40.878425,40.878884,18.298516,0.796839,-28.05176
123104.516,326.877,51.178151,40.926759,40.927558,18.688383,0.178021,-7.14533
123106.754,329.114999999998,51.155655,41.154768,41.154774,18.389086,-0.133734,-2.74618
123108.995,331.356,51.167513,40.359522,40.359524,18.009605,-0.169336,-2.06974
123111.290,333.650999999998,51.104206,39.70449,39.70454,17.300453,-0.308999,0.19429
