174313,0,11.8872,0.0,0.0,0,0,-0.35,-0.39084,-1.2,325.7
174315,2.0,11.8872,1.132041,1.132041,0.566021,0.283011,-0.83959,-0.39072,-1.2,325.6
174317,4.0,11.5824,1.252644,1.289194,0.644597,0.039288,0.58574,-0.42328,-1.3,325.6
174319,6.0,12.4968,1.109646,1.43786,0.71893,0.037166,-9.20685,-0.87912,-2.7,325.6
174321,8.0,11.8872,0.898277,1.085593,0.542797,-0.088066,1.51458,-1.52374,-4.7,324.2
174323,10.0,11.5824,1.196195,1.234417,0.617208,0.037206,0.58473,-1.26399,-3.9,324.1
174325,12.0,11.8872,1.118145,1.158944,0.579472,-0.018868,-3.16182,-1.1736,-3.6,326.0
174327,14.0,11.5824,3.006801,3.02221,1.511105,0.465816,0.2569,-0.39084,-1.2,325.7
174329,16.0,10.3632,5.56617,5.698131,2.849065,0.66898,2.3425,-0.3912,-1.2,326.0
174331,18.0,9.4488,8.5674,8.616059,4.308029,0.729482,0.85012,-0.3257,-1.0,325.7
174333,20.0,9.144,21.714312,21.716452,10.858226,3.275099,-73.01977,-0.326,-1.0,326.0
174335,22.0,8.2296,16.71523,16.740222,8.370111,-1.244058,9.42926,-0.35926,-1.1,326.6
174337,24.0,7.3152,17.172734,17.197062,8.598531,0.11421,2.64596,-0.35915,-1.1,326.5
174339,26.0,6.4008,19.087717,19.109606,9.554803,0.478136,0.63898,2.69311,7.9,340.9
174341,28.0,4.8768,15.663425,15.73739,7.868695,-0.843054,8.89077,19.88919,57.7,344.7
174343,30.0,3.9624,10.003073,10.04478,5.02239,-1.423153,7.07759,7.35231,22.3,329.7
174345,32.0,3.9624,3.278186,3.278186,1.639093,-1.691649,1.45347,-1.50917,-4.7,321.1
174347,34.0,4.572,2.146445,2.231331,1.115666,-0.261713,-5.44269,-19.42692,-64.2,302.6
174349,36.0,4.2672,9.670204,9.675006,4.837503,1.860919,-16.95834,-27.07348,-93.1,290.8
174351,38.0,4.2672,17.509438,17.509438,8.754719,1.958608,-37.92104,-21.42917,-70.7,303.1
174353,40.0,5.4864,21.380188,21.414922,10.707461,0.976371,-29.28309,-2.38798,-7.4,322.7
174355,42.0,5.7912,21.153526,21.155721,10.577861,-0.0648,0.36537,-0.9044,-2.8,323.0
174357,44.0,5.7912,18.969675,18.969675,9.484838,-0.546512,3.77836,1.72952,5.2,332.6
174359,46.0,5.7912,15.325379,15.325379,7.662689,-0.911075,4.60154,4.31053,13.3,324.1
174401,48.0,6.096,11.646381,11.650369,5.825184,-0.918752,2.51404,-11.0532,-36.6,302.0
174403,50.0,6.4008,15.02886,15.03195,7.515975,0.845396,-13.58102,-21.97047,-73.9,297.3
174405,52.0,6.7056,21.293956,21.296138,10.648069,1.566047,-32.80561,-20.86704,-68.8,303.3
174407,54.0,7.0104,24.824141,24.826012,12.413006,0.882468,-20.4322,-12.6048,-40.4,312.0
174409,56.0,6.7056,24.902526,24.904391,12.452196,0.019595,1.71652,-3.26836,-10.1,323.6
174411,58.0,7.0104,25.83681,25.838607,12.919304,0.233554,-4.51594,-0.61427,-1.9,323.3
174413,60.0,4.2672,26.142411,26.285943,13.142971,0.111834,7.7538,7.80216,23.2,336.3
174415,62.0,2.4384,26.363014,26.42637,13.213185,0.035107,5.63183,24.38004,70.3,346.8
174417,64.0,-1.524,25.920025,26.221142,13.110571,-0.051307,12.63077,11.95012,36.4,328.3
174419,66.0,-3.6576,24.060196,24.154612,12.077306,-0.516633,11.14764,0.48885,1.5,325.9
174421,68.0,-5.1816,25.46325,25.508816,12.754408,0.338551,2.69534,8.9544,26.0,344.4
174423,70.0,-6.7056,24.83326,24.879979,12.43999,-0.157209,6.61544,18.74979,54.3,345.3
174425,72.0,-7.62,20.552723,20.573054,10.286527,-1.076732,10.10876,16.47513,48.3,341.1
174427,74.0,-8.2296,12.36399,12.379009,6.189504,-2.048512,9.61949,1.4061,4.3,327.0
174429,76.0,-7.3152,3.049525,3.183666,1.591833,-2.298836,-1.53602,-13.82528,-44.8,308.6
174431,78.0,-7.62,5.018043,5.027292,2.513646,0.460907,0.07605,-18.58536,-62.2,298.8
174433,80.0,-7.9248,14.612045,14.615223,7.307612,2.396983,-35.01587,-12.9363,-40.3,321.0
174435,82.0,-9.144,20.178879,20.215677,10.107838,1.400113,-20.55666,-0.52848,-1.6,330.3
174437,84.0,-10.3632,20.612626,20.648651,10.324326,0.108244,3.71689,-0.51856,-1.6,324.1
174439,86.0,-11.8872,22.257335,22.309449,11.154725,0.415199,2.64806,8.21921,23.9,343.9
174441,88.0,-14.6304,21.145588,21.322783,10.661391,-0.246667,10.48355,20.33451,60.9,333.9
174443,90.0,-16.1544,16.248906,16.320219,8.160109,-1.250641,11.06544,-0.42406,-1.3,326.2
174445,92.0,-17.9832,21.363934,21.442066,10.721033,1.280462,-14.02806,-0.39684,-1.2,330.7
174447,94.0,-19.5072,27.138715,27.181472,13.590736,1.434851,-31.5671,12.69933,37.1,342.3
174449,96.0,-22.2504,20.669265,20.850508,10.425254,-1.582741,18.74028,5.42156,16.6,326.6
174451,98.0,-23.7744,22.841803,22.892587,11.446293,0.51052,1.97471,-0.52064,-1.6,325.4
174453,100.0,-25.2984,23.661801,23.710829,11.855414,0.204561,4.09307,2.5065,7.5,334.2
174455,102.0,-28.0416,27.052385,27.191114,13.595557,0.870071,1.28575,7.49952,22.4,334.8
174457,104.0,-30.1752,27.358941,27.44201,13.721005,0.062724,5.97772,-0.55437,-1.7,326.1
174459,106.0,-32.004,28.665234,28.723512,14.361756,0.320375,2.41764,-0.5868,-1.8,326.0
174501,108.0,-32.3088,29.857176,29.858732,14.929366,0.283805,-2.24688,-0.55505,-1.7,326.5
174503,110.0,-33.528,28.568715,28.594718,14.297359,-0.316003,6.12803,18.47355,53.5,345.3
174505,112.0,-34.7472,27.005383,27.032891,13.516445,-0.390457,7.0956,17.91552,51.6,347.2
174507,114.0,-36.2712,24.623386,24.670503,12.335251,-0.590597,9.85809,26.40036,74.2,355.8
174509,116.0,-38.4048,20.088083,20.201072,10.100536,-1.117357,13.78208,23.79734,68.6,346.9
174511,118.0,-40.5384,14.300262,14.458553,7.229276,-1.43563,12.83787,6.17136,18.4,335.4
174513,120.0,-39.9288,9.12184,9.142187,4.571094,-1.329091,1.9192,-10.44865,-33.5,311.9
174515,122.0,-39.9288,8.223685,8.223685,4.111843,-0.229626,0.59237,-20.57072,-66.4,309.8
174517,124.0,-39.9288,12.346822,12.346822,6.173411,1.030784,-15.14852,-9.8436,-31.2,315.5
174519,126.0,-41.4528,18.721446,18.783373,9.391687,1.609138,-19.11633,-0.45584,-1.4,325.6
174521,128.0,-43.8912,21.117221,21.257536,10.628768,0.61854,4.08058,22.7328,64.0,355.2
174523,130.0,-45.4152,20.656732,20.712874,10.356437,-0.136165,6.12888,12.58096,37.6,334.6
174525,132.0,-46.6344,18.084224,18.125276,9.062638,-0.6469,7.69999,0.75808,2.3,329.6
174527,134.0,-47.244,15.721651,15.733465,7.866733,-0.597952,5.05481,-0.09813,-0.3,327.1
174529,136.0,-48.768,17.673023,17.738611,8.869305,0.501286,2.40147,-0.3279,-1.0,327.9
174531,138.0,-50.292,22.489557,22.541135,11.270567,1.200631,-16.95855,0.06702,0.2,335.1
174533,140.0,-51.816,21.744603,21.797944,10.898972,-0.185798,6.58653,13.60519,39.7,342.7
174535,142.0,-53.0352,17.772637,17.814407,8.907203,-0.995884,9.47669,7.0833,21.0,337.3
174537,144.0,-54.5592,17.645633,17.711322,8.855661,-0.025771,5.19505,-0.19644,-0.6,327.4
174539,146.0,-55.4736,17.055045,17.07954,8.53977,-0.157946,4.03285,8.2104,24.0,342.1
174541,148.0,-56.9976,18.971047,19.032163,9.516081,0.488156,2.37689,11.73345,34.5,340.1
174543,150.0,-58.2168,19.39916,19.437435,9.718717,0.101318,3.70273,3.82605,11.5,332.7
174545,152.0,-59.1312,16.81367,16.838516,8.419258,-0.64973,6.48113,10.83324,31.9,339.6
174547,154.0,-61.2648,15.836208,15.979291,7.989646,-0.214806,7.75483,13.89091,40.7,341.3
174549,156.0,-63.0936,25.604501,25.669728,12.834864,2.422609,-50.74365,2.49812,7.6,328.7
174551,158.0,-64.008,15.874695,15.901009,7.950504,-2.44218,14.75882,-6.4438,-20.2,319.0
174553,160.0,-64.6176,17.048803,17.059698,8.529849,0.289673,0.85321,-9.3536,-29.6,316.0
174555,162.0,-65.2272,18.313613,18.323756,9.161878,0.316014,0.689,-11.65625,-37.3,312.5
174557,164.0,-65.532,23.265854,23.26785,11.633925,1.236024,-30.90417,-14.00256,-44.2,316.8
174559,166.0,-65.8368,24.894219,24.896085,12.448042,0.407058,-12.90978,-4.07736,-12.6,323.6
174601,168.0,-66.4464,25.634541,25.641788,12.820894,0.186426,1.13273,-1.4344,-4.4,326.0
174603,170.0,-66.4464,25.93547,25.93547,12.967735,0.073421,0.12203,-0.5877,-1.8,326.5
174605,172.0,-66.4464,25.190126,25.190126,12.595063,-0.186336,2.30043,5.22132,15.6,334.7
174607,174.0,-66.7512,21.017581,21.019791,10.509895,-1.042584,8.28776,12.94285,37.9,341.5
174609,176.0,-66.7512,17.652222,17.652222,8.826111,-0.841892,5.02794,1.91576,5.6,342.1
174611,178.0,-67.6656,15.758095,15.784603,7.892301,-0.466905,5.34313,13.1157,39.0,336.3
174613,180.0,-67.6656,11.382018,11.382018,5.691009,-1.100646,3.93901,5.38576,16.4,328.4
174615,182.0,-68.8848,3.280794,3.500008,1.750004,-1.970502,5.44388,-0.1638,-0.5,327.6
174617,184.0,-67.9704,1.313722,1.600623,0.800311,-0.474846,-8.36501,-0.48945,-1.5,326.3
174619,186.0,-68.58,1.118137,1.273516,0.636758,-0.081777,1.52542,-0.45822,-1.4,327.3
174621,188.0,-68.2752,0.493867,0.580351,0.290176,-0.173291,-0.29439,-0.39252,-1.2,327.1
174623,190.0,-67.9704,0.369879,0.479284,0.239642,-0.025267,-0.32529,-0.42523,-1.3,327.1
174625,192.0,-67.9704,0.493867,0.493867,0.246933,0.003645,-0.3288,-0.42523,-1.3,327.1
174627,194.0,-67.3608,0.440961,0.752369,0.376185,0.064626,-0.33142,-0.39252,-1.2,327.1
174629,196.0,-67.9704,0.529154,0.807227,0.403614,0.013714,-0.31778,-0.4251,-1.3,327.0
174631,198.0,-67.9704,0.417017,0.417017,0.208509,-0.097552,-0.31948,-0.4251,-1.3,327.0
174633,200.0,-67.6656,0.286993,0.418651,0.209325,0.000408,-0.33163,-0.4251,-1.3,327.0
174635,202.0,-67.3608,5.410549,5.419127,2.709564,1.250119,-9.34771,-0.39252,-1.2,327.1
174637,204.0,-67.3608,2.600407,2.600407,1.300203,-0.70468,0.31286,-0.42523,-1.3,327.1
174639,206.0,-67.6656,0.993463,1.039168,0.519584,-0.39031,0.71113,-0.42523,-1.3,327.1
174641,208.0,-67.3608,0.615718,0.687031,0.343516,-0.088034,-0.30168,-0.39252,-1.2,327.1
174643,210.0,-67.056,0.555975,0.634043,0.317022,-0.013247,-0.31958,-0.39252,-1.2,327.1
174645,212.0,-67.3608,0.555975,0.634043,0.317022,0.0,-0.4438,-0.3924,-1.2,327.0
174647,214.0,-67.6656,0.583283,0.65812,0.32906,0.006019,-0.32222,-0.42484,-1.3,326.8
174649,216.0,-67.3608,0.44478,0.539196,0.269598,-0.029731,-0.32148,-0.3924,-1.2,327.0
174651,218.0,-67.6656,0.369879,0.479285,0.239642,-0.014978,-0.32676,-0.39204,-1.2,326.7
174653,220.0,-67.3608,0.555975,0.634043,0.317022,0.03869,-0.32943,-0.3924,-1.2,327.0
174655,222.0,-67.6656,0.44478,0.539196,0.269598,-0.023712,-0.32245,-0.42484,-1.3,326.8
174657,224.0,-67.3608,0.286994,0.418651,0.209325,-0.030137,-0.3278,-0.42484,-1.3,326.8
174659,226.0,-67.9704,0.264577,0.66454,0.33227,0.061473,-0.33297,-0.39192,-1.2,326.6
174701,228.0,-67.056,0.440962,1.015172,0.507586,0.087658,-9.30527,-0.39216,-1.2,326.8
174703,230.0,-67.056,0.283847,0.283847,0.141923,-0.182831,-0.32199,-0.42458,-1.3,326.6
174705,232.0,-67.3608,0.583283,0.65812,0.32906,0.093568,-0.33945,-0.39192,-1.2,326.6
174707,234.0,-67.3608,0.239239,0.239239,0.119619,-0.104721,-0.33198,-0.39204,-1.2,326.7
174709,236.0,-67.9704,0.208509,0.644273,0.322137,0.101259,-0.34115,-0.39192,-1.2,326.6
174711,238.0,-67.9704,0.283847,0.283847,0.141923,-0.090107,-0.32986,-0.39192,-1.2,326.6
174713,240.0,-67.6656,0.283847,0.4165,0.20825,0.033164,-0.3358,-0.42458,-1.3,326.6
174715,242.0,-67.6656,0.111195,0.111195,0.055597,-0.076326,-0.34257,-0.39192,-1.2,326.6
174717,244.0,-67.3608,0.283847,0.4165,0.20825,0.076326,-0.34118,-0.39192,-1.2,326.6
174719,246.0,-67.6656,0.377347,0.485071,0.242535,0.017143,-0.33114,-0.6524,-2.0,326.2
174721,248.0,-67.3608,0.44478,0.539196,0.269598,0.013532,-0.32845,-5.2272,-16.5,316.8
174723,250.0,-67.6656,2.50528,2.523753,1.261877,0.496139,0.28119,-10.53573,-33.1,318.3
174725,252.0,-67.9704,11.231104,11.235239,5.617619,2.177871,-23.73667,-6.6675,-21.0,317.5
174727,254.0,-68.58,15.703487,15.715315,7.857657,1.120019,-14.72841,-4.25881,-13.1,325.1
174729,256.0,-67.9704,14.975555,14.987958,7.493979,-0.181839,-1.08072,-0.45668,-1.4,326.2
174731,258.0,-69.1896,15.987647,16.034067,8.017034,0.261527,2.79601,-6.0844,-20.5,296.8
174733,260.0,-69.7992,17.300623,17.311359,8.65568,0.319323,0.69548,-27.08871,-91.3,296.7
174735,262.0,-67.9704,20.104438,20.187445,10.093722,0.719021,-29.19417,-16.83864,-54.6,308.4
174737,264.0,-67.3608,26.636657,26.643631,13.321816,1.614047,-44.70366,-15.63624,-51.3,304.8
174739,266.0,-66.7512,25.995237,26.002384,13.001192,-0.160312,0.13063,-16.24966,-51.8,313.7
174741,268.0,-67.6656,28.22094,28.235751,14.117875,0.558342,-15.08304,-5.8423,-18.5,315.8
174743,270.0,-68.2752,28.856821,28.86326,14.43163,0.156878,0.19281,-4.8,-15.0,320.0
174745,272.0,-67.9704,28.096513,28.098166,14.049083,-0.191274,0.73457,-0.55063,-1.7,323.9
174747,274.0,-68.8848,28.459538,28.474224,14.237112,0.094015,1.77588,-0.6494,-2.0,324.7
174749,276.0,-68.8848,28.661809,28.661809,14.330905,0.046896,-0.57271,-0.5832,-1.8,324.0
174751,278.0,-69.4944,29.083029,29.089417,14.544709,0.106902,0.53667,-0.58482,-1.8,324.9
174753,280.0,-70.4088,28.430688,28.445389,14.222694,-0.161008,3.95587,-0.6175,-1.9,325.0
174755,282.0,-70.104,30.061192,30.062738,15.031369,0.404338,-10.94325,20.94068,60.4,346.7
174757,284.0,-71.0184,25.086763,25.103422,12.551711,-1.239829,12.90912,2.06577,6.3,327.9
174759,286.0,-71.628,21.263026,21.271763,10.635881,-0.957915,8.74277,-0.3575,-1.1,325.0
174801,288.0,-72.8472,20.712839,20.74869,10.374345,-0.130768,5.20648,-1.75336,-5.6,313.1
174803,290.0,-71.628,21.103631,21.138819,10.56941,0.097532,-10.40799,-12.62259,-41.7,302.7
174805,292.0,-72.2376,24.683377,24.690904,12.345452,0.888021,-21.61821,-19.9852,-68.0,293.9
174807,294.0,-72.5424,28.548506,28.550133,14.275066,0.964807,-33.19807,-28.59615,-98.1,291.5
174809,296.0,-72.5424,32.092358,32.092358,16.046179,0.885556,-40.35058,-23.60742,-77.3,305.4
174811,298.0,-72.2376,34.244476,34.245832,17.122916,0.538369,-17.7305,-15.0969,-49.0,308.1
174813,300.0,-72.8472,35.834628,35.839813,17.919906,0.398495,-5.73429,-13.64412,-44.4,307.3
174815,302.0,-73.4568,36.159139,36.164277,18.082139,0.081117,-2.50713,-11.9735,-38.5,311.0
174817,304.0,-73.7616,37.874038,37.875265,18.937632,0.427747,-31.6674,-12.75872,-41.6,306.7
174819,306.0,-73.7616,38.088516,38.088516,19.044258,0.053313,-5.05873,-15.44796,-51.7,298.8
174821,308.0,-73.4568,39.423725,39.424903,19.712451,0.334096,-13.2196,-21.3486,-71.4,299.0
174823,310.0,-72.8472,40.605242,40.609818,20.304909,0.296229,-15.27915,-14.77632,-48.1,307.2
174825,312.0,-73.4568,40.949837,40.954374,20.477187,0.086139,-5.40434,-12.352,-40.0,308.8
174827,314.0,-73.4568,39.827534,39.827534,19.913767,-0.28171,-2.099,-19.06982,-63.8,298.9
174829,316.0,-72.8472,40.434136,40.438731,20.219366,0.1528,-9.45745,-19.92092,-69.8,285.4
174831,318.0,-71.628,41.370386,41.388347,20.694174,0.237404,-19.21147,-33.10126,-118.6,279.1
174833,320.0,-71.628,44.920549,44.920549,22.460274,0.88305,-68.5655,-30.7272,-108.5,283.2
174835,322.0,-72.2376,46.436445,46.440447,23.220223,0.379975,-13.33083,-18.55431,-60.3,307.7
174837,324.0,-72.2376,48.785309,48.785309,24.392655,0.586216,-64.22039,-2.62944,-8.3,316.8
174839,326.0,-71.628,46.945048,46.949006,23.474503,-0.459076,-5.56041,-0.41743,-1.3,321.1
174841,328.0,-71.628,45.716093,45.716093,22.858047,-0.308228,-5.10491,-0.29412,-0.9,326.8
174843,330.0,-72.8472,43.284927,43.302094,21.651047,-0.6035,3.74308,24.2595,67.5,359.4
174845,332.0,-74.0664,37.59521,37.614974,18.807487,-1.42178,15.37826,39.50445,111.5,354.3
174847,334.0,-74.3712,30.807936,30.809444,15.404722,-1.701382,15.59777,18.02602,52.6,342.7
174849,336.0,-74.9808,25.378022,25.385343,12.692671,-1.356026,12.9262,29.30304,83.2,352.2
174851,338.0,-75.5904,16.632024,16.643191,8.321596,-2.185537,13.17921,6.50888,19.7,330.4
174853,340.0,-75.5904,11.980766,11.980766,5.990383,-1.165607,4.4022,0.19458,0.6,324.3
174855,342.0,-74.9808,2.951294,3.013594,1.506797,-2.241793,0.01533,-0.61484,-1.9,323.6
174857,344.0,-75.8952,2.128839,2.316913,1.158456,-0.174171,2.55525,-0.61446,-1.9,323.4
174859,346.0,-75.5904,0.709613,0.772304,0.386152,-0.386152,-0.22683,-0.45332,-1.4,323.8
174901,348.0,-75.5904,0.440957,0.440957,0.220478,-0.082837,-0.31967,-7.85376,-24.3,323.2
174903,350.0,-74.9808,3.961323,4.007954,2.003977,0.89175,-9.35408,-0.5805,-1.8,322.5
174905,352.0,-75.5904,3.524219,3.576553,1.788277,-0.10785,1.71221,-3.84375,-12.3,312.5
174907,354.0,-74.9808,1.661585,1.769881,0.88494,-0.451669,-5.29493,-25.83006,-90.6,285.1
174909,356.0,-74.9808,8.428611,8.428611,4.214306,1.664683,-15.75689,-33.32256,-123.6,269.6
174911,358.0,-74.9808,23.977863,23.977863,11.988932,3.887313,-98.90937,-42.75355,-164.5,259.9
174913,360.0,-74.676,28.081303,28.082957,14.041478,1.026273,-27.53012,-45.68018,-172.9,264.2
174915,362.0,-74.0664,34.198025,34.203458,17.101729,1.530125,-54.80123,-41.49908,-151.9,273.2
174917,364.0,-73.4568,37.124438,37.129443,18.564721,0.731496,-29.9162,-35.2806,-127.0,277.8
174919,366.0,-73.152,39.105929,39.107116,19.553558,0.494419,-19.36206,-32.93115,-119.1,276.5
174921,368.0,-73.152,42.497329,42.497329,21.248664,0.847553,-61.06248,-32.74544,-118.3,276.8
174923,370.0,-73.4568,45.105965,45.106995,22.553497,0.652417,-55.5795,-32.3404,-116.5,277.6
174925,372.0,-72.2376,47.164076,47.179832,23.589916,0.518209,-34.97979,-31.6316,-114.4,276.5
174927,374.0,-71.3232,48.698729,48.707312,24.353656,0.38187,-26.38783,-25.65586,-89.8,285.7
174929,376.0,-72.5424,48.519027,48.534342,24.267171,-0.043242,-7.21275,-26.32292,-90.8,289.9
174931,378.0,-71.628,49.930776,49.939149,24.969574,0.351202,-25.55566,-22.37229,-75.1,297.9
174933,380.0,-71.628,50.597393,50.597393,25.298696,0.164561,-15.54227,-0.71944,-2.3,312.8
174935,382.0,-72.2376,48.8691,48.872902,24.436451,-0.431123,-3.59089,-18.46744,-62.9,293.6
174937,384.0,-71.628,49.353375,49.35714,24.67857,0.12106,-15.63425,-20.37045,-69.5,293.1
174939,386.0,-72.8472,48.646735,48.66201,24.331005,-0.173783,-5.41028,-20.29536,-69.6,291.6
174941,388.0,-71.9328,49.570465,49.578898,24.789449,0.229222,-19.28097,-18.53286,-61.9,299.4
174943,390.0,-71.628,50.493604,50.494524,25.247262,0.228907,-17.31934,-15.75,-52.5,300.0
174945,392.0,-71.0184,49.761423,49.765157,24.882579,-0.182341,-11.45787,-14.85024,-49.6,299.4
174947,394.0,-71.0184,49.15339,49.15339,24.576695,-0.152942,-9.6514,-15.16932,-52.2,290.6
174949,396.0,-71.9328,50.080988,50.089335,25.044668,0.233987,-13.46425,-15.10518,-50.2,300.9
174951,398.0,-70.4088,49.864716,49.887999,24.944,-0.050334,-16.20094,-3.58644,-11.4,314.6
174953,400.0,-70.7136,49.235522,49.236465,24.618233,-0.162883,-8.67253,-0.34727,-1.1,315.7
174955,402.0,-71.3232,49.23562,49.239393,24.619697,0.000732,-10.18934,-0.3166,-1.0,316.6
174957,404.0,-71.3232,47.972932,47.972932,23.986466,-0.316615,-6.44472,-0.28467,-0.9,316.3
174959,406.0,-71.9328,45.515896,45.519978,22.759989,-0.613239,0.95704,10.64513,31.3,340.1
175001,408.0,-73.152,44.746601,44.763207,22.381604,-0.189192,-2.53563,33.7311,96.1,351.0
175003,410.0,-74.3712,36.858466,36.878625,18.439313,-1.971146,21.52075,36.3912,102.8,354.0
175005,412.0,-74.676,30.666825,30.668339,15.33417,-1.552572,14.21716,21.59367,65.1,331.7
175007,414.0,-74.676,26.342574,26.342574,13.171287,-1.081441,9.09264,-0.86184,-2.7,319.2
175009,416.0,-76.5048,24.428592,24.496951,12.248476,-0.461405,9.82104,-12.95825,-42.5,304.9
175011,418.0,-75.5904,24.889136,24.905927,12.452963,0.102243,-6.97038,-13.7182,-45.2,303.5
175013,420.0,-75.2856,25.445395,25.44722,12.72361,0.135324,-1.87982,-14.7063,-47.0,312.9
175015,422.0,-74.3712,24.047607,24.064985,12.032493,-0.345559,0.98679,-8.54,-28.0,305.0
175017,424.0,-73.152,24.478893,24.509236,12.254618,0.111063,-10.14173,-18.14196,-65.4,277.4
175019,426.0,-70.4088,33.074521,33.188087,16.594043,2.169713,-95.48424,-37.7268,-149.0,253.2
175021,428.0,-69.4944,28.285766,28.300542,14.150271,-1.221886,7.61128,-45.42255,-173.7,261.5
175023,430.0,-67.6656,31.29633,31.349718,15.674859,0.762294,-37.90126,-39.215,-142.6,275.0
175025,432.0,-67.3608,35.138233,35.139555,17.569777,0.947459,-32.78662,-21.77082,-71.1,306.2
175027,434.0,-67.3608,37.626448,37.626448,18.813224,0.621723,-41.58018,-0.57006,-1.8,316.7
175029,436.0,-68.8848,36.029886,36.062103,18.031051,-0.391087,5.32144,0.0945,0.3,315.0
175031,438.0,-69.7992,37.451711,37.462872,18.731436,0.350193,-5.34808,0.15825,0.5,316.5
175033,440.0,-71.9328,38.096635,38.156334,19.078167,0.173366,-0.20911,8.69928,26.8,324.6
175035,442.0,-74.3712,39.75044,39.825159,19.912579,0.417206,-3.26787,8.56854,26.3,325.8
175037,444.0,-74.9808,38.622331,38.627141,19.313571,-0.299504,0.49268,9.79524,29.9,327.6
175039,446.0,-75.8952,35.545077,35.556837,17.778418,-0.767577,7.73508,7.20498,22.7,317.4
175041,448.0,-76.2,31.953737,31.955191,15.977595,-0.900411,8.05758,1.79658,5.4,332.7
175043,450.0,-76.8096,29.90001,29.906223,14.953112,-0.512242,5.74802,22.58544,66.9,337.6
175045,452.0,-76.8096,24.167282,24.167282,12.083641,-1.434735,11.52599,20.65119,60.9,339.1
175047,454.0,-77.724,16.038095,16.06414,8.03207,-2.025786,12.88876,18.5556,56.4,329.0
175049,456.0,-76.8096,10.817656,10.856234,5.428117,-1.301976,1.70857,4.04135,13.1,308.5
175051,458.0,-77.724,3.280292,3.405355,1.702678,-1.862719,4.38,-18.26487,-60.3,302.9
175053,460.0,-77.1144,9.88284,9.901624,4.950812,1.624067,-20.96578,-17.86215,-61.7,289.5
175055,462.0,-77.1144,17.416242,17.416242,8.708121,1.878655,-36.32094,-27.38354,-89.9,304.6
175057,464.0,-77.1144,22.188701,22.188701,11.09435,1.193115,-31.29285,-3.70496,-11.2,330.8
175059,466.0,-77.724,22.047479,22.055905,11.027953,-0.033199,2.93509,-12.5369,-44.3,283.0
175101,468.0,-76.8096,21.968292,21.987314,10.993657,-0.017148,-4.71136,-29.64125,-103.1,287.5
175103,470.0,-75.8952,28.197553,28.212375,14.106187,1.556265,-48.71196,-22.83854,-75.8,301.3
175105,472.0,-75.5904,28.405663,28.407299,14.203649,0.048731,-1.39049,-5.3404,-16.9,316.0
175107,474.0,-75.5904,27.680659,27.680659,13.840329,-0.18166,1.66358,-0.50672,-1.6,316.7
175109,476.0,-75.8952,27.555005,27.55669,13.778345,-0.030992,1.3496,-0.39444,-1.2,328.7
175111,478.0,-77.4192,25.480051,25.525587,12.762794,-0.507776,9.1528,19.26624,56.4,341.6
175113,480.0,-76.8096,20.634486,20.643489,10.321744,-1.220525,6.55628,8.2998,26.1,318.0
175115,482.0,-77.1144,14.73084,14.733993,7.366996,-1.477374,7.793,-23.996,-85.7,280.0
175117,484.0,-77.4192,19.038287,19.040727,9.520364,1.076684,-21.43128,-31.04283,-107.9,287.7
175119,486.0,-77.1144,26.846152,26.847882,13.423941,1.951789,-51.15261,-9.23888,-29.2,316.4
175121,488.0,-76.8096,24.95511,24.956971,12.478486,-0.472727,3.59268,12.3823,36.1,343.0
175123,490.0,-78.0288,18.790221,18.829733,9.414867,-1.53181,12.87102,18.3303,55.8,328.5
175125,492.0,-77.724,14.996952,15.000049,7.500024,-0.957421,3.80696,2.97604,9.4,316.6
175127,494.0,-76.5048,8.763464,8.847867,4.423934,-1.538045,0.55196,-5.7128,-18.5,308.8
175129,496.0,-76.2,13.799067,13.802432,6.901216,1.238641,-18.24429,-6.66528,-21.2,314.4
175131,498.0,-77.4192,15.71436,15.761585,7.880792,0.489788,1.72372,4.2068,13.0,323.6
175133,500.0,-78.0288,12.683288,12.69793,6.348965,-0.765913,4.9637,4.33024,13.6,318.4
175135,502.0,-77.4192,9.090025,9.110443,4.555222,-0.896872,0.7276,-0.35013,-1.1,318.3
175137,504.0,-77.724,7.093074,7.09962,3.54981,-0.502706,1.93394,-0.73232,-2.3,318.4
175139,506.0,-78.6384,5.146311,5.226916,2.613458,-0.468176,3.2981,0.19194,0.6,319.9
175141,508.0,-78.0288,5.672269,5.704932,2.852466,0.119504,-6.18431,-0.09549,-0.3,318.3
175143,510.0,-77.724,1.728208,1.754881,0.87744,-0.987513,-1.35347,-0.28647,-0.9,318.3
182651,2618.0,-77.1144,0.824351,1.025265,0.000486,-0.000416,-0.34996,-0.35387,-1.1,321.7
182653,2620.0,-77.1144,0.861032,0.861032,0.430516,0.215015,-0.66349,-1.1207,-3.5,320.2
182655,2622.0,-77.724,1.435054,1.559164,0.779582,0.174533,1.42553,-1.51011,-4.7,321.3
182657,2624.0,-77.724,2.313335,2.313335,1.156667,0.188542,-1.13173,-1.43325,-4.5,318.5
182659,2626.0,-77.1144,2.412761,2.488579,1.24429,0.043812,-6.10076,-0.7985,-2.5,319.4
182701,2628.0,-77.4192,1.135417,1.175617,0.587808,-0.328241,0.71126,-4.42035,-14.1,313.5
182703,2630.0,-77.4192,3.961488,3.961488,1.980744,0.696468,-3.71504,-8.99944,-29.2,308.2
182705,2632.0,-77.724,8.707165,8.712498,4.356249,1.187753,-9.09809,-5.70473,-17.9,318.7
182707,2634.0,-77.724,11.556306,11.556306,5.778153,0.710952,-10.4658,-3.03936,-9.6,316.6
182709,2636.0,-77.1144,10.554246,10.571837,5.285918,-0.246118,-2.06811,-2.5808,-8.0,322.6
182711,2638.0,-77.724,5.536136,5.569598,2.784799,-1.250559,3.77091,0.19452,0.6,324.2
182713,2640.0,-77.724,15.170001,15.170001,7.585001,2.400101,-39.52544,3.18598,9.8,325.1
182715,2642.0,-77.724,7.547471,7.547471,3.773736,-1.905632,4.29512,0.53771,1.7,316.3
182717,2644.0,-77.1144,1.118193,1.273565,0.636783,-1.568477,-4.1644,-10.19405,-33.5,304.3
182719,2646.0,-77.1144,6.186423,6.186423,3.093212,1.228215,-8.92485,-17.06272,-56.8,300.4
182721,2648.0,-76.5048,13.827694,13.841125,6.920562,1.913675,-30.6809,-22.34827,-76.3,292.9
182723,2650.0,-76.8096,19.779035,19.781383,9.890691,1.485065,-30.54254,-16.66392,-54.6,305.2
182725,2652.0,-76.8096,21.530687,21.530687,10.765344,0.437326,-13.95977,-0.44674,-1.4,319.1
182727,2654.0,-76.8096,21.568079,21.568079,10.784039,0.009348,0.82621,5.6491,17.0,332.3
182729,2656.0,-77.1144,18.795363,18.797834,9.398917,-0.692561,5.45438,8.26632,25.8,320.4
182731,2658.0,-76.2,14.06304,14.092736,7.046368,-1.176275,2.62483,-11.43168,-38.4,297.7
182733,2660.0,-76.5048,17.004085,17.006817,8.503408,0.72852,-12.78681,-24.48536,-84.2,290.8
182735,2662.0,-76.2,21.170661,21.172855,10.586427,1.041509,-21.47408,-23.6592,-79.5,297.6
182737,2664.0,-75.5904,24.237607,24.245272,12.122636,0.768105,-20.1066,-14.19645,-46.5,305.3
182739,2666.0,-75.8952,26.643241,26.644984,13.322492,0.599928,-20.05404,-10.4412,-33.9,308.0
182741,2668.0,-76.2,27.271394,27.273098,13.636549,0.157029,-0.09588,-8.5544,-27.2,314.5
182743,2670.0,-75.8952,27.670991,27.672669,13.836335,0.099893,-1.55808,-0.8932,-2.8,319.0
182745,2672.0,-76.2,26.986914,26.988635,13.494318,-0.171009,2.65365,-0.45696,-1.4,326.4
182747,2674.0,-76.2,25.430591,25.430591,12.715295,-0.389512,3.79452,10.30848,31.2,330.4
182749,2676.0,-77.1144,21.838066,21.857202,10.928601,-0.893347,9.4319,13.56192,40.8,332.4
182751,2678.0,-77.4192,15.475267,15.478269,7.739134,-1.594733,8.71232,12.6434,38.5,328.4
182753,2680.0,-76.8096,8.504155,8.525976,4.262988,-1.738073,2.68582,4.1409,12.9,321.0
182755,2682.0,-77.1144,1.942114,1.965887,0.982943,-1.640023,1.59488,-0.44814,-1.4,320.1
182757,2684.0,-76.5048,1.231448,1.374073,0.687036,-0.147953,-5.9529,-0.60895,-1.9,320.5
182759,2686.0,-76.5048,0.417033,0.417033,0.208516,-0.23926,-0.30181,-0.60895,-1.9,320.5
182801,2688.0,-76.8096,0.44478,0.539196,0.269598,0.030541,-0.33119,-0.57582,-1.8,319.9
182803,2690.0,-77.1144,0.088197,0.317304,0.158652,-0.055473,-0.33077,-0.54655,-1.7,321.5
182805,2692.0,-76.8096,0.22239,0.377307,0.188653,0.015001,-0.33509,-0.47895,-1.5,319.3
182807,2694.0,-77.1144,0.22239,0.377307,0.188653,0.0,-0.40581,-0.4806,-1.5,320.4
182809,2696.0,-77.1144,0.0,0.0,0.0,-0.094327,-0.35,-0.4809,-1.5,320.6
182811,2698.0,-77.1144,0.22239,0.22239,0.111195,0.055597,-0.34391,-0.47955,-1.5,319.7
182813,2700.0,-77.4192,0.23924,0.387478,0.193739,0.041272,-0.33773,-0.48105,-1.5,320.7
182815,2702.0,-77.724,0.377351,0.485074,0.242537,0.024399,-0.33219,-0.48015,-1.5,320.1
182817,2704.0,-77.1144,0.22239,0.648899,0.324449,0.040956,-0.32939,-0.4815,-1.5,321.0
182819,2706.0,-77.1144,0.208516,0.208516,0.104258,-0.110096,-0.33396,-0.47895,-1.5,319.3
182821,2708.0,-77.724,0.0,0.6096,0.0,-0.052129,-0.35,-0.4794,-1.5,319.6
182823,2710.0,-77.1144,0.0,0.6096,0.0,0.0,-0.35,-0.44814,-1.4,320.1
182825,2712.0,-76.8096,0.111195,0.324449,0.162225,0.081112,-0.34359,-0.4806,-1.5,320.4
182827,2714.0,-76.8096,0.283852,0.283852,0.141926,-0.010149,-0.33665,-0.48045,-1.5,320.3
182829,2716.0,-76.8096,0.0,0.0,0.0,-0.070963,-0.35,-0.38436,-1.2,320.3
182831,2718.0,-77.1144,0.22239,0.377307,0.188653,0.094327,-0.34404,-0.41639,-1.3,320.3
182833,2720.0,-77.4192,0.208516,0.3693,0.18465,-0.002002,-0.33353,-0.38436,-1.2,320.3
182835,2722.0,-77.1144,0.088197,0.317304,0.158652,-0.012999,-0.3348,-0.38436,-1.2,320.3
182837,2724.0,-76.8096,0.088197,0.317304,0.158652,0.0,-0.39693,-0.38472,-1.2,320.6
182839,2726.0,-77.1144,0.0,0.3048,0.0,-0.079326,-0.35,-0.3846,-1.2,320.5
182841,2728.0,-77.4192,0.0,0.3048,0.0,0.0,-0.35,-0.38472,-1.2,320.6
182843,2730.0,-76.8096,0.0,0.6096,0.0,0.0,-0.35,-0.38448,-1.2,320.4
182845,2732.0,-77.1144,0.0,0.3048,0.0,0.0,-0.35,-0.38448,-1.2,320.4
182847,2734.0,-77.1144,0.0,0.0,0.0,0.0,-0.35,-0.41639,-1.3,320.3
182849,2736.0,-76.8096,0.0,0.3048,0.0,0.0,-0.35,-0.3846,-1.2,320.5
182851,2738.0,-76.8096,0.0,0.0,0.0,0.0,-0.35,-0.38472,-1.2,320.6
182853,2740.0,-76.5048,0.0,0.3048,0.0,0.0,-0.35,-0.3846,-1.2,320.5
182855,2742.0,-77.1144,0.0,0.6096,0.0,0.0,-0.35,-0.38472,-1.2,320.6
182857,2744.0,-77.4192,0.0,0.3048,0.0,0.0,-0.35,-0.38484,-1.2,320.7
182859,2746.0,-76.8096,0.0,0.6096,0.0,0.0,-0.35,-0.38472,-1.2,320.6
182901,2748.0,-77.724,0.0,0.9144,0.0,0.0,-0.35,-0.3846,-1.2,320.5
182903,2750.0,-76.8096,0.0,0.9144,0.0,0.0,-0.35,-0.41665,-1.3,320.5
182905,2752.0,-77.1144,0.0,0.3048,0.0,0.0,-0.35,-0.38484,-1.2,320.7
182907,2754.0,-77.1144,0.0,0.0,0.0,0.0,-0.35,-0.38448,-1.2,320.4
182909,2756.0,-76.5048,0.0,0.6096,0.0,0.0,-0.35,-10.00316,-33.2,301.3
182911,2758.0,-76.5048,0.540738,0.540738,0.270369,0.135184,-0.34806,-23.68545,-80.7,293.5
182913,2760.0,-76.5048,9.920745,9.920745,4.960373,2.345002,-25.29432,-14.65383,-48.7,300.9
182915,2762.0,-75.5904,16.752455,16.777392,8.388696,1.714162,-35.33594,-24.30714,-85.8,283.3
182917,2764.0,-75.8952,24.411373,24.413276,12.206638,1.908971,-49.24255,-33.221,-119.5,278.0
182919,2766.0,-75.8952,25.628081,25.628081,12.81404,0.303701,-14.06614,-34.2496,-123.2,278.0
182921,2768.0,-75.2856,29.601256,29.607533,14.803766,0.994863,-31.29418,-28.9374,-102.0,283.7
182923,2770.0,-74.9808,32.191706,32.193149,16.096574,0.646404,-19.86105,-25.49448,-88.8,287.1
182925,2772.0,-74.0664,34.994573,35.006517,17.503259,0.703342,-30.05954,-24.88447,-87.1,285.7
182927,2774.0,-74.0664,36.943565,36.943565,18.471783,0.484262,-35.19732,-24.17364,-82.9,291.6
182929,2776.0,-72.8472,37.82069,37.840336,18.920168,0.224193,-17.26618,-20.93696,-70.4,297.4
182931,2778.0,-70.7136,37.040456,37.101855,18.550928,-0.18462,-10.75687,-20.6152,-70.6,292.0
182933,2780.0,-69.1896,36.43673,36.468587,18.234294,-0.158317,-6.32099,-12.463,-41.2,302.5
182935,2782.0,-67.9704,35.224494,35.245587,17.622794,-0.30575,-3.30796,-11.1935,-36.7,305.0
182937,2784.0,-66.4464,33.974694,34.008858,17.004429,-0.309183,-3.68359,-5.6564,-17.9,316.0
182939,2786.0,-66.4464,33.781531,33.781531,16.890766,-0.056831,-1.6772,7.90336,23.3,339.2
182941,2788.0,-68.2752,31.02434,31.078195,15.539098,-0.675834,10.56641,28.1934,82.8,340.5
182943,2790.0,-69.4944,25.205209,25.234679,12.617339,-1.46088,15.48481,12.49468,38.9,321.2
182945,2792.0,-71.3232,22.740379,22.813797,11.406898,-0.60522,10.48707,0.25416,0.8,317.7
182947,2794.0,-73.152,22.690765,22.764344,11.382172,-0.012363,6.43825,-0.73025,-2.3,317.5
182949,2796.0,-74.9808,30.349024,30.404074,15.202037,1.909933,-50.49174,-0.66633,-2.1,317.3
182951,2798.0,-75.2856,23.803941,23.805892,11.902946,-1.649545,13.72024,-0.636,-2.0,318.0
182953,2800.0,-74.676,25.451737,25.459037,12.729518,0.413286,-12.00013,-3.59484,-11.6,309.9
182955,2802.0,-74.676,25.003042,25.003042,12.501521,-0.113999,1.79913,-10.11337,-33.7,300.1
182957,2804.0,-74.676,24.547842,24.547842,12.273921,-0.1138,1.89912,-33.3436,-124.0,268.9
182959,2806.0,-74.3712,29.303666,29.305251,14.652626,1.189353,-33.68945,-46.36515,-182.9,253.5
183001,2808.0,-73.4568,31.919492,31.932586,15.966293,0.656833,-26.00836,-47.13975,-184.5,255.5
183003,2810.0,-72.5424,32.838369,32.851098,16.425549,0.229628,-12.61583,-42.39268,-163.3,259.6
183005,2812.0,-71.9328,41.269474,41.273977,20.636988,2.105719,-90.65971,-42.29175,-160.5,263.5
183007,2814.0,-72.2376,45.741897,45.742912,22.871456,1.117234,-78.43152,-35.10855,-127.9,274.5
183009,2816.0,-71.0184,48.56492,48.580222,24.290111,0.709328,-45.30978,-32.72071,-119.9,272.9
183011,2818.0,-70.4088,50.063004,50.066715,25.033358,0.371624,-23.64902,-32.70957,-120.3,271.9
183013,2820.0,-70.4088,50.86746,50.86746,25.43373,0.200186,-16.31818,-32.748,-120.0,272.9
183015,2822.0,-70.4088,52.544042,52.544042,26.272021,0.419145,-65.00639,-30.05907,-107.7,279.1
183017,2824.0,-70.7136,53.714214,53.715079,26.857539,0.292759,-19.48815,-27.82492,-98.6,282.2
183019,2826.0,-71.0184,55.280369,55.281209,27.640604,0.391533,-22.64668,-19.99754,-69.1,289.4
183021,2828.0,-71.0184,54.951169,54.951169,27.475585,-0.08251,-15.41644,-19.99608,-69.6,287.3
183023,2830.0,-70.7136,54.608664,54.609514,27.304757,-0.085414,-15.96693,-20.40896,-70.4,289.9
183025,2832.0,-70.104,55.245427,55.24879,27.624395,0.159819,-21.46845,-20.33152,-70.4,288.8
183027,2834.0,-70.104,55.435789,55.435789,27.717894,0.046749,-17.98368,-20.42458,-70.6,289.3
183029,2836.0,-70.4088,55.422623,55.423461,27.711731,-0.003081,-16.25227,-15.8629,-53.0,299.3
183031,2838.0,-70.7136,54.820769,54.821617,27.410808,-0.150462,-13.29597,-12.04581,-39.9,301.9
183033,2840.0,-70.104,53.888228,53.891676,26.945838,-0.232485,-13.87641,-9.3031,-31.0,300.1
183035,2842.0,-71.0184,53.99838,54.006122,27.003061,0.028612,-13.71424,-18.3105,-62.6,292.5
183037,2844.0,-70.4088,53.57117,53.574638,26.787319,-0.107871,-15.61796,-10.83992,-36.4,297.8
183039,2846.0,-71.0184,52.932313,52.935823,26.467912,-0.159704,-10.68979,-12.5925,-43.8,287.5
183041,2848.0,-71.0184,53.699956,53.699956,26.849978,0.191033,-18.73413,-28.56675,-102.5,278.7
183043,2850.0,-71.3232,54.843536,54.844383,27.422191,0.286106,-20.47444,-28.64509,-103.3,277.3
183045,2852.0,-70.7136,55.146229,55.149598,27.574799,0.076304,-19.99688,-27.43857,-98.1,279.7
183047,2854.0,-70.7136,54.967976,54.967976,27.483988,-0.045405,-16.04112,-24.64385,-86.5,284.9
183049,2856.0,-70.7136,56.48775,56.48775,28.243875,0.379943,-24.58739,-19.4724,-64.8,300.5
183051,2858.0,-71.3232,56.533722,56.537008,28.268504,0.012315,-16.63494,-4.62496,-14.9,310.4
183053,2860.0,-71.3232,55.802708,55.802708,27.901354,-0.183575,-14.47791,-0.56106,-1.8,311.7
183055,2862.0,-71.628,54.515192,54.516044,27.258022,-0.321666,-10.2464,-0.4671,-1.5,311.4
183057,2864.0,-71.628,54.031281,54.031281,27.01564,-0.121191,-13.99822,-0.4984,-1.6,311.5
183059,2866.0,-71.9328,52.92175,52.922628,26.461314,-0.277163,-9.71397,-0.43792,-1.4,312.8
183101,2868.0,-72.2376,51.847652,51.848548,25.924274,-0.26852,-9.02707,-0.44212,-1.4,315.8
183103,2870.0,-72.2376,50.585561,50.585561,25.292781,-0.315747,-8.26664,2.90718,9.3,312.6
183105,2872.0,-70.4088,49.522462,49.556218,24.778109,-0.257336,-13.76856,-0.90799,-2.9,313.1
183107,2874.0,-72.8472,48.56774,48.628912,24.314456,-0.231827,-0.96596,-0.24992,-0.8,312.4
183109,2876.0,-72.5424,48.109274,48.11024,24.05512,-0.129668,-10.11951,-1.88734,-6.1,309.4
183111,2878.0,-71.3232,47.279798,47.295515,23.647758,-0.203681,-11.17104,-0.28251,-0.9,313.9
183113,2880.0,-73.152,45.992952,46.029297,23.014648,-0.316555,0.17823,-0.21952,-0.7,313.6
183115,2882.0,-73.152,45.025258,45.025258,22.512629,-0.251009,-5.44831,-5.20026,-17.7,293.8
183117,2884.0,-73.152,45.343723,45.343723,22.671862,0.079616,-10.13199,-19.7276,-66.2,298.0
183119,2886.0,-72.8472,45.863935,45.864948,22.932474,0.130306,-12.10605,-4.67704,-15.2,307.7
183121,2888.0,-72.5424,46.453647,46.454647,23.227323,0.147424,-12.79468,-22.35996,-79.8,280.2
183123,2890.0,-72.8472,48.084394,48.08536,24.04268,0.407678,-16.03937,-29.95913,-109.3,274.1
183125,2892.0,-72.5424,49.835823,49.836755,24.918378,0.437849,-23.82829,-23.00975,-77.5,296.9
183127,2894.0,-71.9328,49.548501,49.55225,24.776125,-0.071127,-12.94779,-13.49782,-46.9,287.8
183129,2896.0,-72.2376,49.863303,49.864234,24.932117,0.077996,-12.73042,-17.4359,-56.5,308.6
183131,2898.0,-72.2376,50.501534,50.501534,25.250767,0.159325,-15.38039,-18.86328,-64.8,291.1
183133,2900.0,-71.3232,50.455518,50.463803,25.231901,-0.009433,-15.48419,-20.11283,-70.3,286.1
183135,2902.0,-71.628,51.50603,51.506931,25.753466,0.260782,-16.92212,-16.26016,-54.4,298.9
183137,2904.0,-71.0184,51.48881,51.492418,25.746209,-0.003628,-15.52032,-12.29943,-42.9,286.7
183139,2906.0,-71.0184,51.14109,51.14109,25.570545,-0.087832,-12.15442,-22.85832,-80.8,282.9
183141,2908.0,-71.0184,52.25453,52.25453,26.127265,0.27836,-18.77552,-24.67878,-87.7,281.4
183143,2910.0,-71.3232,54.476423,54.477276,27.238638,0.555687,-74.41723,-24.63596,-86.2,285.8
183145,2912.0,-71.0184,54.74493,54.745778,27.372889,0.067125,-18.58165,-19.3012,-66.1,292.0
183147,2914.0,-71.3232,55.320934,55.321773,27.660887,0.143999,-18.59305,-16.23774,-55.4,293.1
183149,2916.0,-71.0184,55.957481,55.958311,27.979156,0.159135,-21.24005,-16.0251,-54.6,293.5
183151,2918.0,-71.3232,55.43911,55.439948,27.719974,-0.129591,-14.1694,-15.7341,-53.7,293.0
183153,2920.0,-71.9328,55.878258,55.881583,27.940792,0.110409,-17.66932,-15.79065,-52.9,298.5
183155,2922.0,-71.628,55.77245,55.773282,27.886641,-0.027076,-17.95662,-8.25578,-28.1,293.8
183157,2924.0,-71.0184,55.023375,55.026752,27.513376,-0.186632,-15.55725,-18.39024,-59.4,309.6
183159,2926.0,-71.628,54.423537,54.426951,27.213476,-0.14995,-12.07654,-0.4904,-1.6,306.5
183201,2928.0,-72.2376,53.41567,53.419148,26.709574,-0.251951,-9.60924,-20.29352,-67.6,300.2
183203,2930.0,-72.2376,53.341186,53.341186,26.670593,-0.01949,-15.04356,-12.40096,-41.6,298.1
183205,2932.0,-71.628,54.880244,54.883629,27.441815,0.385611,-27.11246,-21.81888,-76.8,284.1
183207,2934.0,-71.628,54.783616,54.783616,27.391808,-0.025004,-16.21252,-26.35412,-85.9,306.8
183209,2936.0,-71.3232,54.471258,54.472111,27.236056,-0.077876,-15.97093,-0.55566,-1.8,308.7
183211,2938.0,-71.0184,53.3416,53.34247,26.671235,-0.28241,-11.7457,-27.8244,-104.8,265.5
183213,2940.0,-70.4088,54.549502,54.552908,27.276454,0.302609,-23.14193,-40.13256,-148.2,270.8
183215,2942.0,-70.4088,56.585034,56.585034,28.292517,0.508032,-80.63709,-22.56984,-77.4,291.6
183217,2944.0,-69.7992,57.471698,57.474931,28.737466,0.222474,-24.70265,-22.1306,-78.2,283.0
183219,2946.0,-71.0184,57.680888,57.693772,28.846886,0.05471,-16.66414,-25.14822,-89.4,281.3
183221,2948.0,-70.7136,58.692536,58.693327,29.346664,0.249889,-25.53073,-23.2724,-79.7,292.0
183223,2950.0,-69.4944,59.51773,59.530216,29.765108,0.209222,-28.36511,-12.4068,-42.0,295.4
183225,2952.0,-69.4944,59.063602,59.063602,29.531801,-0.116653,-18.54958,-14.20056,-48.4,293.4
183227,2954.0,-71.0184,58.663834,58.683626,29.341813,-0.094994,-14.10404,-15.33036,-51.6,297.1
183229,2956.0,-71.628,59.38891,59.392038,29.696019,0.177103,-22.28494,-5.94247,-19.3,307.9
183231,2958.0,-71.628,59.113093,59.113093,29.556546,-0.069737,-19.42368,-2.59165,-8.5,304.9
183233,2960.0,-71.628,57.545892,57.545892,28.772946,-0.3918,-12.41484,-6.49512,-21.6,300.7
183235,2962.0,-71.3232,57.145458,57.146271,28.573135,-0.099906,-17.96847,-17.06808,-59.1,288.8
183237,2964.0,-71.9328,56.860063,56.86333,28.431665,-0.070735,-15.52628,-17.3734,-59.6,291.5
183239,2966.0,-71.3232,57.075511,57.078767,28.539383,0.053859,-21.42588,-16.78152,-58.8,285.4
183241,2968.0,-71.0184,57.800609,57.801413,28.900706,0.180662,-23.41517,-28.36953,-102.9,275.7
183243,2970.0,-70.4088,59.421329,59.424455,29.712228,0.405761,-30.84452,-28.73881,-101.3,283.7
183245,2972.0,-70.7136,60.364218,60.364987,30.182494,0.235133,-25.23664,-22.5081,-80.1,281.0
183247,2974.0,-69.4944,60.321367,60.333687,30.166844,-0.007825,-25.29155,-24.45786,-84.6,289.1
183249,2976.0,-67.9704,58.705168,58.724946,29.362473,-0.402185,-17.69147,-19.24285,-64.9,296.5
183251,2978.0,-67.6656,57.158024,57.158837,28.579418,-0.391527,-12.99789,-14.60965,-50.5,289.3
183253,2980.0,-65.532,56.560257,56.600486,28.300243,-0.139588,-22.17339,-22.38537,-77.7,288.1
183255,2982.0,-65.532,56.857155,56.857155,28.428577,0.064167,-19.60636,-12.4656,-42.0,296.8
183257,2984.0,-64.3128,57.025841,57.038872,28.519436,0.04543,-23.0368,-15.7032,-54.0,290.8
183259,2986.0,-64.6176,56.752212,56.75303,28.376515,-0.071461,-16.3124,-16.10055,-55.5,290.1
183301,2988.0,-65.2272,58.187137,58.19033,29.095165,0.359325,-24.23634,-10.83726,-36.6,296.1
183303,2990.0,-67.6656,58.339313,58.39025,29.195125,0.04998,-13.68172,-14.55906,-50.1,290.6
183305,2992.0,-68.8848,59.212918,59.225469,29.612734,0.208805,-20.88897,-16.4302,-56.5,290.8
183307,2994.0,-69.4944,60.095325,60.098417,30.049208,0.218237,-23.75693,-13.91275,-47.5,292.9
183309,2996.0,-70.7136,60.689415,60.70166,30.35083,0.150811,-21.38288,-16.06229,-54.1,296.9
183311,2998.0,-71.0184,60.874204,60.874967,30.437483,0.043327,-22.28966,-2.42526,-8.3,292.2
183313,3000.0,-70.7136,59.748905,59.749682,29.874841,-0.281321,-17.14665,-12.28263,-40.1,306.3
183315,3002.0,-71.0184,58.859393,58.860183,29.430091,-0.222375,-15.60381,-0.55332,-1.8,307.4
183317,3004.0,-71.628,58.289821,58.293008,29.146504,-0.141793,-15.60635,-1.28436,-4.2,305.8
183319,3006.0,-71.628,56.589929,56.589929,28.294964,-0.42577,-11.05903,-4.35578,-14.3,304.6
183321,3008.0,-71.3232,56.067048,56.067876,28.033938,-0.130513,-16.48926,-6.33888,-21.3,297.6
183323,3010.0,-70.7136,55.429331,55.432683,27.716342,-0.158798,-16.36163,-11.86227,-39.9,297.3
183325,3012.0,-70.4088,54.479403,54.480256,27.240128,-0.238107,-13.36819,-11.53368,-38.6,298.8
183327,3014.0,-72.2376,54.000483,54.031442,27.015721,-0.112203,-8.77868,-3.7152,-12.0,309.6
183329,3016.0,-73.152,54.172277,54.179994,27.089997,0.037138,-14.00558,-0.46425,-1.5,309.5
183331,3018.0,-73.152,52.877502,52.877502,26.438751,-0.325623,-9.80631,-0.43302,-1.4,309.3
183333,3020.0,-71.3232,51.730205,51.762521,25.881261,-0.278745,-15.06289,-0.36828,-1.2,306.9
183335,3022.0,-73.7616,50.809043,50.867521,25.43376,-0.22375,-2.71576,-12.06732,-45.4,265.8
183337,3024.0,-71.9328,52.307786,52.339746,26.169873,0.368056,-36.75818,-43.03606,-169.3,254.2
183339,3026.0,-72.2376,53.880289,53.881151,26.940575,0.385351,-21.13878,-41.63187,-156.1,266.7
183341,3028.0,-71.628,56.858736,56.862004,28.431002,0.745214,-48.77758,-31.1921,-115.1,271.0
183343,3030.0,-71.0184,58.335307,58.338493,29.169246,0.369122,-28.13729,-28.90314,-101.7,284.2
183345,3032.0,-70.7136,58.82136,58.82215,29.411075,0.120915,-23.39611,-16.3282,-54.5,299.6
183347,3034.0,-71.0184,58.908513,58.909302,29.454651,0.021788,-19.94897,-12.8295,-45.0,285.1
183349,3036.0,-71.3232,57.534172,57.534979,28.76749,-0.34358,-12.34151,-23.323,-83.0,281.0
183351,3038.0,-70.7136,57.986959,57.990163,28.995082,0.113796,-23.33935,-19.66194,-68.7,286.2
183353,3040.0,-70.4088,58.943264,58.944052,29.472026,0.238472,-25.59058,-20.1207,-70.5,285.4
183355,3042.0,-69.4944,58.751841,58.758957,29.379478,-0.046274,-22.18433,-20.51326,-71.8,285.7
183357,3044.0,-71.3232,59.152447,59.18071,29.590355,0.105438,-17.22355,-20.54916,-71.8,286.2
183359,3046.0,-71.628,59.222209,59.222993,29.611496,0.010571,-20.05628,-19.72504,-68.3,288.8
183401,3048.0,-68.58,59.261588,59.33992,29.66996,0.029232,-32.38671,-18.16018,-63.1,287.8
183403,3050.0,-70.7136,59.588147,59.626332,29.813166,0.071603,-16.17567,-18.30272,-63.2,289.6
183405,3052.0,-70.4088,58.404719,58.405515,29.202757,-0.305205,-15.53849,-17.36289,-60.1,288.9
183407,3054.0,-70.4088,58.336569,58.336569,29.168284,-0.017236,-19.60792,-15.30504,-52.2,293.2
183409,3056.0,-69.7992,58.473726,58.476904,29.238452,0.035084,-22.44515,-13.09456,-44.6,293.6
183411,3058.0,-69.4944,58.961156,58.961944,29.480972,0.12126,-23.54328,-12.52475,-42.5,294.7
183413,3060.0,-70.4088,57.951557,57.95877,28.979385,-0.250794,-12.51953,-11.31866,-38.2,296.3
183415,3062.0,-70.104,57.292448,57.293258,28.646629,-0.166378,-16.96378,-12.38544,-42.3,292.8
183417,3064.0,-70.7136,56.624286,56.627568,28.313784,-0.166422,-13.69293,-19.83063,-69.9,283.7
183419,3066.0,-70.104,56.800518,56.803789,28.401895,0.044056,-20.99947,-22.40568,-79.2,282.9
183421,3068.0,-70.4088,57.322458,57.323269,28.661634,0.129869,-20.27997,-22.2543,-79.0,281.7
183423,3070.0,-69.7992,57.562092,57.56532,28.78266,0.060513,-22.00598,-22.17152,-78.4,282.8
183425,3072.0,-70.104,57.919686,57.920488,28.960244,0.088792,-20.15584,-22.3412,-79.0,282.8
183427,3074.0,-67.6656,57.841641,57.893015,28.946507,-0.006868,-26.52149,-20.04912,-70.2,285.6
183429,3076.0,-68.8848,57.847571,57.860417,28.930209,-0.008149,-15.73853,-18.24355,-63.5,287.3
183431,3078.0,-71.0184,58.049134,58.088331,29.044165,0.056978,-14.40216,-18.13208,-63.2,286.9
183433,3080.0,-69.4944,57.814433,57.834516,28.917258,-0.063453,-22.80407,-18.01456,-62.9,286.4
183435,3082.0,-70.104,57.663751,57.666973,28.833487,-0.041886,-16.7615,-18.733,-65.5,286.0
183437,3084.0,-68.8848,58.479564,58.492272,29.246136,0.206325,-27.24393,-19.55786,-68.6,285.1
183439,3086.0,-69.7992,59.076049,59.083126,29.541563,0.147714,-20.55592,-19.99953,-70.1,285.3
183441,3088.0,-70.104,59.295129,59.295913,29.647956,0.053196,-20.88434,-19.8949,-70.3,283.0
183443,3090.0,-69.7992,59.354898,59.355681,29.67784,0.014942,-22.05301,-20.02905,-70.5,284.1
183445,3092.0,-69.7992,59.682197,59.682197,29.841098,0.081629,-22.6699,-20.28483,-71.1,285.3
183447,3094.0,-69.7992,59.548856,59.548856,29.774428,-0.033335,-20.48889,-16.82558,-57.8,291.1
183449,3096.0,-71.3232,60.495505,60.514698,30.257349,0.24146,-21.93371,-13.65705,-46.5,293.7
183451,3098.0,-67.056,58.12041,58.276848,29.138424,-0.559463,-22.62187,-12.69726,-43.1,294.6
183453,3100.0,-70.4088,58.357072,58.453308,29.226654,0.044115,-10.95647,-12.54099,-42.7,293.7
183455,3102.0,-70.7136,57.752395,57.7532,28.8766,-0.175027,-15.43641,-12.46476,-42.6,292.6
183457,3104.0,-71.0184,58.168636,58.169434,29.084717,0.104058,-20.66433,-14.7066,-50.8,289.5
183459,3106.0,-71.0184,58.174149,58.174149,29.087074,0.001178,-19.77345,-15.66195,-54.1,289.5
183501,3108.0,-70.7136,57.478928,57.479736,28.739868,-0.173603,-17.00521,-17.3121,-59.8,289.5
183503,3110.0,-70.4088,58.400794,58.401589,29.200795,0.230464,-24.88959,-17.292,-60.0,288.2
183505,3112.0,-71.3232,57.972202,57.979413,28.989706,-0.105545,-15.05518,-17.0469,-58.5,291.4
183507,3114.0,-72.2376,58.44858,58.455733,29.227866,0.11908,-19.42069,-12.44011,-41.9,296.9
183509,3116.0,-73.4568,60.113396,60.125759,30.062879,0.417507,-25.57728,-9.06879,-30.3,299.3
183511,3118.0,-74.0664,59.054022,59.057168,29.528584,-0.267148,-14.09456,-7.47,-24.9,300.0
183513,3120.0,-74.0664,59.046677,59.046677,29.523339,-0.002622,-20.54391,-7.30292,-24.4,299.3
183515,3122.0,-74.3712,59.337422,59.338205,29.669102,0.072881,-21.27249,-8.6112,-29.9,288.0
183517,3124.0,-73.7616,58.033254,58.036455,29.018228,-0.325437,-15.76048,-26.59676,-96.4,275.9
183519,3126.0,-71.9328,56.374188,56.403843,28.201922,-0.408153,-16.57235,-28.39717,-103.3,274.9
183521,3128.0,-70.4088,57.485959,57.506157,28.753078,0.275578,-31.24272,-28.64523,-103.9,275.7
183523,3130.0,-69.1896,57.414885,57.427828,28.713914,-0.019582,-22.28717,-28.2799,-103.4,273.5
183525,3132.0,-68.8848,58.324668,58.325465,29.162732,0.224409,-24.70687,-28.54038,-104.2,273.9
183527,3134.0,-68.58,59.983911,59.984685,29.992343,0.414805,-29.84591,-22.3876,-77.6,288.5
183529,3136.0,-67.9704,58.553195,58.556369,29.278184,-0.357079,-15.65696,-15.99553,-55.1,290.3
183531,3138.0,-66.7512,59.07472,59.0873,29.54365,0.132733,-26.55626,-15.81924,-54.7,289.2
183533,3140.0,-68.58,58.253898,58.282597,29.141298,-0.201176,-10.98759,-15.79736,-54.7,288.8
183535,3142.0,-68.58,57.060379,57.060379,28.53019,-0.305554,-13.48958,-17.38086,-60.9,285.4
183537,3144.0,-68.2752,57.684624,57.685429,28.842715,0.156263,-22.88007,-18.52632,-64.8,285.9
183539,3146.0,-69.1896,58.507369,58.514514,29.257257,0.207271,-21.02434,-19.19552,-67.4,284.8
183541,3148.0,-68.58,59.065267,59.068413,29.534207,0.138475,-24.84913,-19.52935,-68.5,285.1
183543,3150.0,-67.9704,58.73069,58.733854,29.366927,-0.08364,-20.61117,-19.30656,-67.6,285.6
183545,3152.0,-67.9704,58.457118,58.457118,29.228559,-0.069184,-18.81642,-19.42619,-67.9,286.1
183547,3154.0,-67.3608,58.919609,58.922763,29.461381,0.116411,-24.31406,-19.40582,-67.9,285.8
183549,3156.0,-67.3608,57.482655,57.482655,28.741328,-0.360027,-12.91153,-19.32978,-67.8,285.1
183551,3158.0,-66.7512,57.880224,57.883434,28.941717,0.100194,-23.00151,-19.20891,-67.9,282.9
183553,3160.0,-67.6656,57.889055,57.896277,28.948138,0.003211,-16.86403,-19.4072,-68.0,285.4
183555,3162.0,-67.3608,57.747509,57.748313,28.874156,-0.036991,-19.606,-19.43574,-68.1,285.4
183557,3164.0,-67.056,57.265355,57.266166,28.633083,-0.120537,-17.72662,-18.30422,-63.8,286.9
183559,3166.0,-65.8368,58.23018,58.242942,29.121471,0.244194,-27.65131,-18.2787,-63.8,286.5
183601,3168.0,-66.1416,58.858837,58.859626,29.429813,0.154171,-22.23394,-18.1483,-63.5,285.8
183603,3170.0,-65.8368,57.905465,57.906267,28.953133,-0.23834,-16.26862,-18.15104,-63.2,287.2
183605,3172.0,-66.4464,58.098001,58.101199,29.050599,0.048733,-18.74491,-18.16018,-63.1,287.8
183607,3174.0,-67.3608,56.920984,56.928328,28.464164,-0.293217,-10.90694,-18.03728,-63.2,285.4
183609,3176.0,-67.3608,57.740419,57.740419,28.870209,0.203022,-22.84847,-18.07848,-63.3,285.6
183611,3178.0,-64.3128,57.195593,57.27675,28.638375,-0.115917,-25.86388,-18.03728,-63.2,285.4
183613,3180.0,-66.1416,57.347574,57.376726,28.688363,0.024994,-14.0652,-18.00874,-63.1,285.4
183615,3182.0,-66.4464,57.276583,57.277394,28.638697,-0.024833,-17.58807,-18.01832,-63.2,285.1
183617,3184.0,-66.7512,57.014499,57.015314,28.507657,-0.06552,-16.65093,-18.11312,-63.2,286.6
183619,3186.0,-65.8368,58.322965,58.330133,29.165066,0.328705,-28.72144,-18.10048,-63.2,286.4
183621,3188.0,-65.2272,58.728334,58.731498,29.365749,0.100341,-23.84189,-17.5104,-60.8,288.0
183623,3190.0,-67.056,58.947703,58.976064,29.488032,0.061141,-16.2403,-16.75626,-57.9,289.4
183625,3192.0,-67.056,59.210724,59.210724,29.605362,0.058665,-21.79312,-15.83018,-54.7,289.4
183627,3194.0,-67.3608,58.016553,58.017353,29.008677,-0.298343,-13.53615,-15.75968,-54.4,289.7
183629,3196.0,-66.7512,58.790134,58.793295,29.396647,0.193985,-25.54861,-15.6096,-54.2,288.0
183631,3198.0,-66.4464,57.950013,57.950815,28.975407,-0.21062,-16.78771,-17.0646,-59.5,286.8
183633,3200.0,-66.1416,56.287013,56.287838,28.143919,-0.415744,-11.88493,-17.975,-62.5,287.6
183635,3202.0,-66.1416,55.117721,55.117721,27.55886,-0.29253,-12.10305,-17.8625,-62.5,285.8
183637,3204.0,-65.8368,55.975212,55.976042,27.988021,0.214581,-22.18823,-19.34189,-67.7,285.7
183639,3206.0,-65.532,56.703204,56.704024,28.352012,0.181995,-22.35309,-19.39824,-68.4,283.6
183641,3208.0,-65.8368,55.600693,55.601529,27.800764,-0.275624,-11.88475,-19.87956,-69.9,284.4
183643,3210.0,-64.9224,58.176919,58.184105,29.092052,0.645644,-47.1863,-19.97248,-70.4,283.7
183645,3212.0,-64.9224,57.421223,57.421223,28.710612,-0.19072,-15.7689,-20.1495,-70.7,285.0
183647,3214.0,-64.9224,57.433168,57.433168,28.716584,0.002986,-19.10609,-18.69539,-65.3,286.3
183649,3216.0,-64.6176,57.898242,57.899044,28.949522,0.116469,-22.40587,-15.36639,-53.3,288.3
183651,3218.0,-66.1416,57.564219,57.584389,28.792194,-0.078664,-13.37155,-12.68257,-43.3,292.9
183653,3220.0,-66.1416,57.964606,57.964606,28.982303,0.095054,-21.20416,-12.3396,-42.0,293.8
183655,3222.0,-66.4464,58.920875,58.921663,29.460832,0.239265,-23.79584,-12.27248,-41.8,293.6
183657,3224.0,-66.4464,55.524474,55.524474,27.762237,-0.849298,-3.19033,-12.06373,-41.3,292.1
183659,3226.0,-66.7512,56.426365,56.427188,28.213594,0.225678,-21.03003,-14.405,-50.0,288.1
183701,3228.0,-66.1416,56.995972,56.999232,28.499616,0.143011,-22.87308,-19.14556,-67.7,282.8
183703,3230.0,-66.1416,57.403209,57.403209,28.701604,0.100994,-20.75937,-20.00085,-70.5,283.7
183705,3232.0,-65.8368,57.062509,57.063323,28.531661,-0.084971,-18.15169,-19.81622,-69.8,283.9
183707,3234.0,-66.4464,58.372652,58.375835,29.187918,0.328129,-23.88832,-19.97223,-70.3,284.1
183709,3236.0,-66.4464,59.204754,59.204754,29.602377,0.207229,-24.41772,-20.17748,-70.6,285.8
183711,3238.0,-67.056,58.803383,58.806542,29.403271,-0.099553,-16.82393,-19.01264,-66.2,287.2
183713,3240.0,-66.4464,58.464047,58.467225,29.233613,-0.084829,-20.34161,-15.9951,-55.5,288.2
183715,3242.0,-66.1416,58.108335,58.109134,29.054567,-0.089523,-19.03277,-15.85512,-54.9,288.8
183717,3244.0,-65.8368,58.444196,58.44499,29.222495,0.083964,-22.37701,-15.7396,-54.5,288.8
183719,3246.0,-66.4464,58.393255,58.396437,29.198219,-0.012138,-17.96845,-16.66214,-58.3,285.8
183721,3248.0,-66.7512,58.174836,58.175634,29.087817,-0.055201,-17.90287,-19.48825,-68.5,284.5
183723,3250.0,-66.4464,58.322349,58.323145,29.161573,0.036878,-21.43564,-19.77434,-69.8,283.3
183725,3252.0,-65.8368,58.241316,58.244506,29.122253,-0.01966,-21.26939,-20.1496,-71.2,283.0
183727,3254.0,-65.8368,58.520442,58.520442,29.260221,0.068984,-21.29511,-19.97274,-70.6,282.9
183729,3256.0,-67.6656,59.095778,59.124069,29.562035,0.150907,-17.97314,-19.88808,-69.2,287.4
183731,3258.0,-67.056,58.953119,58.956271,29.478135,-0.04195,-21.55612,-14.18144,-48.7,291.2
183733,3260.0,-66.1416,58.795146,58.802256,29.401128,-0.038503,-22.36446,-13.65728,-46.9,291.2
183735,3262.0,-66.7512,58.608478,58.611648,29.305824,-0.047652,-17.5517,-13.48719,-46.3,291.3
183737,3264.0,-67.6656,58.465954,58.473104,29.236552,-0.034636,-16.75341,-14.9812,-52.0,288.1
183739,3266.0,-67.3608,57.283043,57.283854,28.641927,-0.297313,-14.71438,-17.15385,-59.5,288.3
183741,3268.0,-68.58,57.897398,57.910234,28.955117,0.156595,-18.63864,-17.15181,-59.7,287.3
183743,3270.0,-68.8848,57.755809,57.756613,28.878306,-0.038405,-17.80017,-17.135,-59.6,287.5
183745,3272.0,-69.4944,57.614409,57.617634,28.808817,-0.034745,-16.83893,-17.32378,-60.7,285.4
183747,3274.0,-69.1896,58.176868,58.177666,29.088833,0.140008,-23.08725,-18.07117,-62.9,287.3
183749,3276.0,-68.8848,57.902912,57.903714,28.951857,-0.068488,-19.20525,-18.01371,-62.7,287.3
183751,3278.0,-68.2752,57.278836,57.28208,28.64104,-0.155409,-18.03699,-17.95795,-62.9,285.5
183753,3280.0,-67.9704,57.345111,57.345921,28.672961,0.01596,-20.13861,-18.22905,-64.3,283.5
183755,3282.0,-68.58,57.367008,57.370247,28.685123,0.006081,-17.30943,-19.7519,-69.5,284.2
183757,3284.0,-67.9704,58.39625,58.399431,29.199716,0.257297,-26.25168,-19.88,-70.0,284.0
183759,3286.0,-67.9704,58.513961,58.513961,29.256981,0.028633,-20.58129,-19.87335,-70.1,283.5
183801,3288.0,-68.2752,58.164844,58.165642,29.082821,-0.08708,-17.33803,-19.90872,-70.2,283.6
183803,3290.0,-68.2752,58.090875,58.090875,29.045438,-0.018692,-19.3507,-20.03628,-70.6,283.8
183805,3292.0,-68.8848,58.849033,58.852191,29.426095,0.190329,-21.96673,-19.91952,-69.6,286.2
183807,3294.0,-68.58,58.844636,58.845425,29.422713,-0.001691,-21.26354,-16.4274,-57.0,288.2
183809,3296.0,-69.1896,58.801189,58.804349,29.402175,-0.010269,-18.39035,-15.718,-54.2,290.0
183811,3298.0,-69.7992,58.239961,58.243151,29.121576,-0.1403,-15.58803,-14.8736,-51.2,290.5
183813,3300.0,-70.4088,58.866976,58.870133,29.435066,0.156745,-21.39286,-14.69992,-50.9,288.8
183815,3302.0,-70.4088,58.897385,58.897385,29.448693,0.006813,-20.56815,-14.8257,-51.0,290.7
183817,3304.0,-71.0184,58.758355,58.761517,29.380758,-0.033967,-17.93149,-14.72702,-51.1,288.2
183819,3306.0,-69.7992,58.613822,58.626501,29.313251,-0.033754,-23.17191,-13.63852,-46.9,290.8
183821,3308.0,-71.9328,58.017812,58.05703,29.028515,-0.142368,-10.91054,-13.5954,-46.8,290.5
183823,3310.0,-72.5424,58.21755,58.220741,29.110371,0.040928,-18.72075,-12.63168,-43.2,292.4
183825,3312.0,-72.8472,58.501689,58.502483,29.251242,0.070436,-20.40405,-12.49677,-42.9,291.3
183827,3314.0,-72.2376,57.904988,57.908197,28.954098,-0.148572,-18.7146,-12.5111,-42.7,293.0
183829,3316.0,-72.2376,58.018325,58.018325,29.009162,0.027532,-20.08134,-12.4015,-42.5,291.8
183831,3318.0,-71.9328,57.70948,57.710285,28.855143,-0.07701,-18.87688,-15.04404,-52.2,288.2
183833,3320.0,-70.4088,58.210809,58.230755,29.115378,0.130118,-26.54351,-18.5234,-65.5,282.8
183835,3322.0,-71.628,57.905499,57.918333,28.959166,-0.078106,-14.57999,-19.24572,-67.6,284.7
183837,3324.0,-71.3232,57.87691,57.877713,28.938857,-0.010155,-20.18905,-19.37445,-68.1,284.5
183839,3326.0,-71.9328,58.559589,58.562761,29.281381,0.171262,-21.33535,-19.494,-68.4,285.0
183841,3328.0,-71.9328,58.81412,58.81412,29.40706,0.062839,-21.47177,-19.24034,-67.7,284.2
183843,3330.0,-71.3232,59.01318,59.016329,29.508164,0.050552,-23.24297,-19.33113,-67.9,284.7
183845,3332.0,-71.3232,58.870943,58.870943,29.435471,-0.036346,-19.78215,-19.27002,-67.9,283.8
183847,3334.0,-70.7136,59.353561,59.356692,29.678346,0.121437,-24.83761,-19.05136,-66.8,285.2
183849,3336.0,-70.4088,58.446917,58.447712,29.223856,-0.227245,-16.9376,-18.0405,-63.3,285.0
183851,3338.0,-71.0184,58.446081,58.44926,29.22463,0.000387,-18.23472,-18.018,-63.0,286.0
183853,3340.0,-72.2376,58.190296,58.203067,29.101534,-0.061548,-15.1322,-17.9046,-63.0,284.2
183855,3342.0,-71.9328,58.900021,58.90081,29.450405,0.174436,-24.41677,-17.95166,-62.9,285.4
183857,3344.0,-71.3232,58.53135,58.534525,29.267262,-0.091572,-20.28319,-18.0117,-63.0,285.9
183859,3346.0,-71.0184,58.559571,58.560364,29.280182,0.00646,-21.13003,-18.00243,-63.1,285.3
183901,3348.0,-72.8472,58.616871,58.645393,29.322697,0.021257,-15.21155,-18.02767,-63.1,285.7
183903,3350.0,-70.4088,58.106001,58.157141,29.078571,-0.122063,-24.76721,-17.79752,-62.8,283.4
183905,3352.0,-71.0184,57.880125,57.883336,28.941668,-0.068452,-16.50327,-21.252,-75.9,280.0
183907,3354.0,-71.9328,58.619589,58.62672,29.31336,0.185846,-20.7617,-22.37739,-79.1,282.9
183909,3356.0,-71.628,59.385662,59.386444,29.693222,0.189931,-25.18927,-12.04641,-41.1,293.1
183911,3358.0,-72.2376,59.383777,59.386905,29.693453,0.000115,-19.13631,-10.7596,-37.0,290.8
183913,3360.0,-72.2376,58.617652,58.617652,29.308826,-0.192313,-16.80625,-10.75655,-36.5,294.7
183915,3362.0,-72.5424,57.538821,57.539629,28.769814,-0.269506,-13.61911,-11.01804,-37.4,294.6
183917,3364.0,-73.152,57.397008,57.400245,28.700123,-0.034846,-16.6323,-11.1188,-38.0,292.6
183919,3366.0,-72.8472,57.316603,57.317414,28.658707,-0.020708,-19.48014,-12.6324,-43.5,290.4
183921,3368.0,-71.9328,57.115091,57.122411,28.561205,-0.048751,-20.60843,-15.94608,-55.6,286.8
183923,3370.0,-71.9328,57.539324,57.539324,28.769662,0.104229,-20.94358,-16.92033,-59.1,286.3
183925,3372.0,-73.152,58.305803,58.318548,29.159274,0.194806,-19.71022,-17.69152,-61.6,287.2
183927,3374.0,-71.9328,57.965399,57.978219,28.98911,-0.085082,-21.6671,-17.841,-62.6,285.0
183929,3376.0,-73.7616,58.278295,58.306982,29.153491,0.08219,-15.94644,-17.98311,-62.9,285.9
183931,3378.0,-73.4568,57.796152,57.796956,28.898478,-0.127507,-18.08322,-0.63945,-2.1,304.5
183933,3380.0,-71.9328,57.199473,57.219772,28.609886,-0.144296,-20.85157,-2.29216,-7.6,301.6
183935,3382.0,-73.152,56.432998,56.446167,28.223083,-0.193402,-11.28921,-8.51472,-29.2,291.6
183937,3384.0,-74.9808,56.010003,56.039852,28.019926,-0.101579,-10.6887,-15.75264,-53.8,292.8
183939,3386.0,-74.0664,55.156038,55.163618,27.581809,-0.219058,-16.03,-11.09676,-37.2,298.3
183941,3388.0,-73.152,54.901288,54.908902,27.454451,-0.063679,-18.36993,-2.29425,-7.5,305.9
183943,3390.0,-71.9328,54.250668,54.264366,27.132183,-0.161134,-17.12304,-0.459,-1.5,306.0
183945,3392.0,-72.8472,53.282504,53.29035,26.645175,-0.243504,-8.74768,-3.21516,-10.8,297.7
183947,3394.0,-72.2376,52.260988,52.264543,26.132272,-0.256451,-12.21432,-12.21804,-41.9,291.6
183949,3396.0,-72.5424,51.949907,51.950801,25.975401,-0.078436,-12.0572,-11.8696,-40.1,296.0
183951,3398.0,-72.8472,52.349457,52.350345,26.175172,0.099886,-15.17573,-10.58964,-35.8,295.8
183953,3400.0,-74.0664,52.942318,52.956355,26.478177,0.151502,-13.84464,-10.67644,-35.6,299.9
183955,3402.0,-74.9808,53.369835,53.377667,26.688834,0.105329,-14.38346,-7.98592,-27.2,293.6
183957,3404.0,-74.0664,53.93668,53.944431,26.972215,0.14169,-20.84655,-16.153,-55.7,290.0
183959,3406.0,-74.3712,53.482007,53.482876,26.741438,-0.115388,-12.73666,-5.70956,-18.8,303.7
184001,3408.0,-75.2856,52.886092,52.893996,26.446998,-0.14722,-9.95716,-0.33583,-1.1,305.3
184003,3410.0,-74.9808,52.006956,52.007849,26.003924,-0.221537,-11.66535,-0.3061,-1.0,306.1
184005,3412.0,-74.3712,51.466843,51.470453,25.735227,-0.134348,-13.4887,-1.40448,-4.8,292.6
184007,3414.0,-74.9808,51.126429,51.130063,25.565032,-0.085097,-10.39747,-16.03276,-55.4,289.4
184009,3416.0,-74.676,51.099154,51.100063,25.550032,-0.0075,-14.24165,-16.40925,-56.1,292.5
184011,3418.0,-74.3712,51.383178,51.384082,25.692041,0.071005,-15.68172,-10.98531,-37.1,296.1
184013,3420.0,-74.3712,51.467244,51.467244,25.733622,0.020791,-14.08552,-5.05175,-16.7,302.5
184015,3422.0,-74.3712,50.333357,50.333357,25.166678,-0.283472,-8.57097,-11.6958,-40.4,289.5
184017,3424.0,-73.7616,49.795248,49.798979,24.899489,-0.133594,-12.20772,-13.87152,-46.8,296.4
184019,3426.0,-74.9808,50.928279,50.94287,25.471435,0.285973,-14.1128,-7.13415,-23.9,298.5
184021,3428.0,-74.676,51.015013,51.015924,25.507962,0.018263,-14.56572,-14.53088,-49.9,291.2
184023,3430.0,-74.676,51.210424,51.210424,25.605212,0.048625,-14.29762,-14.24391,-49.1,290.1
184025,3432.0,-74.676,50.491845,50.491845,25.245922,-0.179645,-10.25323,-14.97796,-51.4,291.4
184027,3434.0,-70.104,50.263858,50.471364,25.235682,-0.00512,-43.83527,-15.92384,-55.6,286.4
184029,3436.0,-71.9328,50.692939,50.725916,25.362958,0.063638,-8.75771,-20.30504,-70.7,287.2
184031,3438.0,-74.0664,50.452907,50.498001,25.249,-0.056979,-5.85174,-17.1913,-59.9,287.0
184033,3440.0,-73.152,51.704623,51.712708,25.856354,0.303677,-24.04464,-19.89698,-69.4,286.7
184035,3442.0,-73.4568,52.436955,52.437841,26.21892,0.181283,-16.52846,-17.12904,-59.6,287.4
184037,3444.0,-72.8472,53.387457,53.390937,26.695469,0.238275,-20.98941,-15.93858,-55.4,287.7
184039,3446.0,-71.9328,53.275187,53.283034,26.641517,-0.026976,-17.55679,-15.95625,-55.5,287.5
184041,3448.0,-72.8472,53.227778,53.235631,26.617816,-0.011851,-12.39197,-16.10946,-55.8,288.7
184043,3450.0,-73.7616,52.967062,52.974955,26.487477,-0.065169,-11.3235,-12.53245,-42.7,293.5
184045,3452.0,-73.4568,53.284298,53.28517,26.642585,0.077554,-17.43516,-13.93307,-48.7,286.1
184047,3454.0,-72.8472,52.742385,52.745908,26.372954,-0.134816,-14.50436,-17.06061,-59.3,287.7
184049,3456.0,-72.2376,51.85559,51.859173,25.929586,-0.221684,-12.44367,-12.71812,-43.6,291.7
184051,3458.0,-72.2376,52.589548,52.589548,26.294774,0.182594,-17.58086,-15.6367,-54.2,288.5
184053,3460.0,-74.0664,53.355257,53.386589,26.693295,0.19926,-13.20913,-16.7736,-58.0,289.2
184055,3462.0,-72.5424,53.799181,53.820762,26.910381,0.108543,-21.98861,-20.84877,-74.7,279.1
184057,3464.0,-71.9328,53.809559,53.813012,26.906506,-0.001937,-17.52188,-25.2707,-91.0,277.7
184059,3466.0,-71.9328,55.237362,55.237362,27.618681,0.356087,-22.91015,-25.54587,-90.3,282.9
184101,3468.0,-71.628,55.377635,55.378474,27.689237,0.035278,-18.63435,-10.6134,-36.1,294.0
184103,3470.0,-70.7136,54.331513,54.339207,27.169604,-0.259816,-14.68866,-11.8146,-40.6,291.0
184105,3472.0,-71.0184,55.705433,55.706267,27.853134,0.341765,-22.25224,-18.99124,-66.8,284.3
184107,3474.0,-70.4088,55.359869,55.363225,27.681612,-0.085761,-17.51145,-16.3645,-57.5,284.6
184109,3476.0,-70.4088,56.14427,56.14427,28.072135,0.195262,-21.13193,-22.04517,-79.1,278.7
184111,3478.0,-68.58,56.294402,56.3241,28.16205,0.044957,-24.14192,-22.26312,-79.2,281.1
184113,3480.0,-68.8848,56.323146,56.323971,28.161985,-3.2e-05,-17.12525,-21.47,-76.0,282.5
184115,3482.0,-68.58,56.425041,56.425864,28.212932,0.025474,-19.43787,-19.09326,-66.9,285.4
184117,3484.0,-68.58,56.97625,56.97625,28.488125,0.137597,-20.96871,-19.08324,-67.1,284.4
184119,3486.0,-68.58,56.565514,56.565514,28.282757,-0.102684,-16.50616,-19.19972,-67.7,283.6
184121,3488.0,-67.9704,57.041865,57.045123,28.522561,0.119902,-22.52255,-19.23486,-67.8,283.7
184123,3490.0,-68.2752,57.602652,57.603458,28.801729,0.139584,-20.72332,-19.90912,-70.4,282.8
184125,3492.0,-67.6656,56.846351,56.849619,28.42481,-0.18846,-17.09162,-20.6448,-73.6,280.5
184127,3494.0,-67.3608,57.921298,57.9221,28.96105,0.26812,-25.05333,-21.41139,-75.9,282.1
184129,3496.0,-67.3608,56.587906,56.587906,28.293953,-0.333549,-12.6205,-20.88414,-73.9,282.6
184131,3498.0,-67.3608,57.263277,57.263277,28.631639,0.168843,-21.78473,-19.778,-68.2,290.0
184133,3500.0,-66.1416,56.865593,56.878661,28.439331,-0.096154,-20.47607,-7.66557,-26.1,293.7
184135,3502.0,-67.056,56.869456,56.876807,28.438403,-0.000464,-15.8426,-18.01788,-63.6,283.3
184137,3504.0,-66.4464,55.730214,55.733548,27.866774,-0.285814,-14.50594,-18.84511,-66.1,285.1
184139,3506.0,-66.1416,56.566845,56.567666,28.283833,0.208529,-22.66779,-20.07095,-71.3,281.5
184141,3508.0,-66.4464,57.221805,57.222617,28.611308,0.163737,-20.76368,-10.91398,-37.3,292.6
184143,3510.0,-66.7512,56.17217,56.172997,28.086498,-0.262405,-12.58072,-19.36182,-69.1,280.2
184145,3512.0,-66.7512,55.814472,55.814472,27.907236,-0.089631,-16.05856,-19.4072,-68.0,285.4
184147,3514.0,-66.4464,56.724801,56.72562,28.36281,0.227787,-23.15046,-19.06632,-67.9,280.8
184149,3516.0,-66.1416,57.320845,57.321656,28.660828,0.149009,-22.39737,-22.2271,-79.1,281.0
184151,3518.0,-66.1416,57.552799,57.552799,28.776399,0.057785,-20.16117,-26.4024,-96.5,273.6
184153,3520.0,-64.6176,57.169184,57.189493,28.594747,-0.090826,-21.74353,-28.59344,-103.3,276.8
184155,3522.0,-64.3128,57.942406,57.943208,28.971604,0.188429,-23.69634,-23.7708,-85.2,279.0
184157,3524.0,-65.2272,58.566813,58.573951,29.286975,0.157685,-20.21934,-23.07525,-82.5,279.7
184159,3526.0,-65.2272,58.801648,58.801648,29.400824,0.056925,-21.36012,-18.23041,-64.9,280.9
184201,3528.0,-64.9224,58.85597,58.85676,29.42838,0.013778,-21.54925,-24.8513,-90.5,274.6
184203,3530.0,-64.6176,58.445404,58.446199,29.223099,-0.10264,-19.11783,-25.3708,-91.0,278.8
184205,3532.0,-64.9224,58.546587,58.54738,29.27369,0.025296,-19.66323,-17.9922,-62.8,286.5
184207,3534.0,-64.6176,58.732304,58.733095,29.366547,0.046428,-22.00296,-18.15993,-65.3,278.1
184209,3536.0,-64.3128,59.979625,59.9804,29.9902,0.311827,-27.99732,-23.74288,-81.2,292.4
184211,3538.0,-62.7888,61.091506,61.110512,30.555256,0.282528,-33.25298,-9.43138,-32.2,292.9
184213,3540.0,-64.3128,59.435067,59.454602,29.727301,-0.413978,-9.16398,-10.93636,-37.3,293.2
184215,3542.0,-64.3128,59.027459,59.027459,29.513729,-0.106786,-18.69355,-13.07264,-44.8,291.8
184217,3544.0,-63.7032,57.13971,57.142961,28.571481,-0.471124,-12.52143,-10.41124,-36.1,288.4
184219,3546.0,-63.0936,57.75226,57.755477,28.877739,0.153129,-23.79296,-15.8193,-55.8,283.5
184221,3548.0,-63.3984,59.603253,59.604033,29.802016,0.462139,-28.48358,-25.58388,-93.1,274.8
184223,3550.0,-63.0936,58.488137,58.488931,29.244466,-0.278775,-16.07808,-28.97784,-100.2,289.2
184225,3552.0,-60.6552,58.969339,59.019731,29.509866,0.1327,-32.4723,-2.46906,-8.7,283.8
184227,3554.0,-63.0936,58.118913,58.170042,29.085021,-0.212423,-8.90668,-24.13696,-87.2,276.8
184229,3556.0,-63.0936,58.061116,58.061116,29.030558,-0.027231,-19.1777,-20.6312,-74.0,278.8
184231,3558.0,-63.0936,58.487941,58.487941,29.24397,0.106706,-21.9248,-24.15492,-87.9,274.8
184233,3560.0,-62.484,57.580781,57.584008,28.792004,-0.225983,-17.09557,-28.14531,-99.7,282.3
184235,3562.0,-62.7888,58.658885,58.659677,29.329838,0.268917,-24.04678,-14.31357,-50.1,285.7
184237,3564.0,-62.7888,57.749298,57.749298,28.874649,-0.227595,-15.42443,-16.82,-58.0,290.0
184239,3566.0,-62.1792,58.698611,58.701776,29.350888,0.238119,-26.23284,-15.96614,-56.9,280.6
184241,3568.0,-63.0936,57.988801,57.99601,28.998005,-0.176441,-13.84639,-14.34702,-49.1,292.2
184243,3570.0,-62.7888,57.635301,57.636107,28.818054,-0.089975,-18.59096,-10.2595,-35.5,289.0
184245,3572.0,-63.3984,57.321824,57.325065,28.662533,-0.077761,-15.83305,-14.34888,-50.4,284.7
184247,3574.0,-62.7888,56.866545,56.869812,28.434906,-0.113814,-18.38168,-15.9618,-55.5,287.6
184249,3576.0,-62.7888,57.465048,57.465048,28.732524,0.148809,-21.64319,-17.34018,-61.1,283.8
184251,3578.0,-62.7888,57.494292,57.494292,28.747146,0.007311,-19.23942,-15.26,-54.5,280.0
184253,3580.0,-62.484,58.074283,58.075083,29.037542,0.145198,-23.07972,-24.29116,-86.2,281.8
184255,3582.0,-62.7888,58.893814,58.894603,29.447302,0.20488,-23.16471,-21.51765,-75.9,283.5
184257,3584.0,-62.1792,59.060302,59.063448,29.531724,0.042211,-23.14844,-13.29102,-45.3,293.4
184259,3586.0,-63.0936,58.808977,58.816086,29.408043,-0.06184,-16.60476,-10.76044,-36.7,293.2
184301,3588.0,-63.0936,57.998033,57.998033,28.999017,-0.204513,-16.04365,-10.5876,-36.0,294.1
184303,3590.0,-63.7032,57.917428,57.920636,28.960318,-0.01935,-17.39314,-9.1295,-31.0,294.5
184305,3592.0,-62.484,57.536169,57.549085,28.774543,-0.092887,-21.14353,-9.1202,-31.0,294.2
184307,3594.0,-62.7888,57.506734,57.507542,28.753771,-0.010386,-18.05352,-16.1214,-58.2,277.0
184309,3596.0,-61.8744,56.690549,56.697923,28.348962,-0.202405,-17.62051,-23.1288,-83.8,276.0
184311,3598.0,-60.0456,56.177009,56.206768,28.103384,-0.122789,-21.21828,-26.45874,-96.6,273.9
184313,3600.0,-58.5216,54.745268,54.766476,27.383238,-0.360073,-15.18794,-21.28542,-75.4,282.3
184315,3602.0,-56.388,55.044753,55.086088,27.543044,0.079903,-25.35658,-19.7664,-69.6,284.0
184317,3604.0,-56.6928,54.718833,54.719681,27.359841,-0.091601,-14.1805,-8.22548,-27.4,300.2
184319,3606.0,-57.3024,54.496555,54.499965,27.249982,-0.05493,-13.6943,-11.75875,-40.9,287.5
184321,3608.0,-57.912,54.823011,54.8264,27.4132,0.081609,-16.21767,-17.26389,-60.3,286.3
184323,3610.0,-59.7408,55.787056,55.817023,27.908512,0.247656,-16.32982,-14.964,-51.6,290.0
184325,3612.0,-60.6552,55.759964,55.767461,27.883731,-0.012391,-14.62631,-11.19509,-38.3,292.3
184327,3614.0,-62.484,56.385864,56.415513,28.207757,0.162013,-15.47661,-12.67393,-43.9,288.7
184329,3616.0,-62.1792,56.726988,56.727807,28.363903,0.078073,-20.61572,-20.6635,-71.5,289.0
184331,3618.0,-64.008,57.211531,57.240752,28.620376,0.128237,-15.70502,-4.50576,-14.9,302.4
184333,3620.0,-64.008,57.440698,57.440698,28.720349,0.049986,-19.92103,-0.48304,-1.6,301.9
184335,3622.0,-64.6176,57.360112,57.363351,28.681676,-0.019336,-16.8695,-8.70876,-30.6,284.6
184337,3624.0,-63.7032,57.130064,57.137381,28.568691,-0.056493,-20.49513,-19.152,-67.2,285.0
184339,3626.0,-63.3984,57.075092,57.075906,28.537953,-0.015369,-19.35255,-19.62024,-69.6,281.9
184341,3628.0,-63.7032,57.324738,57.325548,28.662774,0.062411,-19.13014,-20.8398,-73.9,282.0
184343,3630.0,-63.3984,56.357564,56.358388,28.179194,-0.24179,-14.87429,-21.16065,-73.5,287.9
184345,3632.0,-63.7032,56.499868,56.50069,28.250345,0.035576,-17.89298,-14.72512,-51.2,287.6
184347,3634.0,-63.7032,56.675239,56.675239,28.337619,0.043637,-19.0871,-9.7812,-33.0,296.4
184349,3636.0,-64.008,55.731059,55.731892,27.865946,-0.235837,-12.65658,-10.61022,-36.2,293.1
184351,3638.0,-64.9224,55.617745,55.625261,27.81263,-0.026658,-14.25774,-15.9115,-55.0,289.3
184353,3640.0,-64.9224,56.365437,56.365437,28.182719,0.185045,-21.17929,-8.57428,-28.6,299.8
184355,3642.0,-65.2272,55.570398,55.571234,27.785617,-0.198551,-13.14083,-5.66016,-19.2,294.8
184357,3644.0,-64.6176,54.744981,54.748375,27.374188,-0.205714,-15.01506,-6.15496,-20.3,303.2
184359,3646.0,-64.9224,53.514225,53.515093,26.757546,-0.308321,-9.68109,-0.42518,-1.4,303.7
184401,3648.0,-64.3128,52.318611,52.322163,26.161081,-0.298232,-11.60877,0.69542,2.2,316.1
184403,3650.0,-65.2272,50.779599,50.787831,25.393916,-0.383583,-4.70292,-0.24384,-0.8,304.8
184405,3652.0,-65.8368,49.242078,49.245851,24.622926,-0.385495,-4.50927,6.7144,22.0,305.2
184407,3654.0,-66.1416,47.61972,47.620696,23.810348,-0.406289,-4.04194,-2.38293,-8.7,273.9
184409,3656.0,-66.4464,46.509682,46.51068,23.25534,-0.277504,-5.14231,-38.4054,-145.2,264.5
184411,3658.0,-65.2272,48.4552,48.470536,24.235268,0.489964,-34.53114,-19.70364,-64.9,303.6
184413,3660.0,-66.1416,50.295682,50.303993,25.151997,0.458365,-17.02963,-2.90264,-10.4,279.1
184415,3662.0,-65.8368,51.235412,51.236318,25.618159,0.233081,-18.04346,-19.2672,-66.9,288.0
184417,3664.0,-65.8368,51.520321,51.520321,25.760161,0.071001,-14.90737,-17.68934,-61.4,288.1
184419,3666.0,-66.1416,52.26929,52.270179,26.135089,0.187464,-16.47761,-2.51241,-8.3,302.7
184421,3668.0,-65.8368,51.103735,51.104644,25.552322,-0.291383,-9.9113,-0.27333,-0.9,303.7
184423,3670.0,-66.7512,50.799364,50.807593,25.403796,-0.074263,-9.41544,0.12264,0.4,306.6
184425,3672.0,-67.056,49.906285,49.907215,24.953608,-0.225094,-8.24487,0.83835,2.7,310.5
184427,3674.0,-67.056,48.932118,48.932118,24.466059,-0.243775,-8.16089,21.4564,63.2,339.5
184429,3676.0,-68.58,46.145388,46.170547,23.085273,-0.690393,4.35486,34.69004,107.8,321.8
184431,3678.0,-68.58,36.731299,36.731299,18.365649,-2.359812,22.20353,-1.07806,-3.8,283.7
184433,3680.0,-67.9704,34.574848,34.580221,17.290111,-0.537769,1.14379,-28.4867,-103.4,275.5
184435,3682.0,-67.6656,38.100582,38.101801,19.050901,0.880395,-33.48399,-22.9476,-78.0,294.2
184437,3684.0,-67.9704,39.728521,39.729691,19.864845,0.406972,-34.09612,-0.0,-0.0,305.1
184439,3686.0,-67.6656,38.984382,38.985573,19.492787,-0.186029,-3.68723,4.47858,13.9,322.2
184441,3688.0,-68.2752,36.152675,36.157814,18.078907,-0.70694,6.01591,27.05195,82.1,329.5
184443,3690.0,-69.1896,31.173655,31.187063,15.593531,-1.242688,13.1484,3.60945,11.7,308.5
184445,3692.0,-69.4944,28.732324,28.73394,14.36697,-0.613281,5.9675,-6.29925,-22.7,277.5
184447,3694.0,-68.8848,29.392528,29.398849,14.699424,0.166227,-6.5839,-23.34098,-83.9,278.2
184449,3696.0,-68.58,32.090405,32.091853,16.045926,0.673251,-20.6521,-20.94984,-73.2,286.2
184451,3698.0,-67.9704,33.710701,33.716213,16.858106,0.40609,-15.8995,-8.74746,-29.1,300.6
184453,3700.0,-67.9704,33.767856,33.767856,16.883928,0.012911,-2.37509,-0.549,-1.8,305.0
184455,3702.0,-68.2752,33.428167,33.429556,16.714778,-0.084575,-0.34961,-2.44701,-8.1,302.1
184457,3704.0,-67.3608,32.609193,32.622011,16.311005,-0.201887,-2.44117,-1.50136,-4.9,306.4
184459,3706.0,-67.9704,32.311102,32.316852,16.158426,-0.076289,0.92987,9.49655,30.1,315.5
184501,3708.0,-67.3608,28.943007,28.949426,14.474713,-0.841856,5.22733,1.5355,5.0,307.1
184503,3710.0,-67.9704,26.96232,26.969211,13.484605,-0.495054,6.1654,9.70812,30.3,320.4
184505,3712.0,-67.9704,25.016835,25.016835,12.508418,-0.488094,4.59404,13.13967,41.1,319.7
184507,3714.0,-67.9704,19.492185,19.492185,9.746093,-1.381162,8.76982,10.70262,33.3,321.4
184509,3716.0,-67.9704,13.791303,13.791303,6.895652,-1.425221,6.20933,7.6097,24.5,310.6
184511,3718.0,-68.2752,6.606977,6.614004,3.307002,-1.794325,4.39206,2.40006,7.8,307.7
184513,3720.0,-67.9704,0.494534,0.580919,0.29046,-1.508271,-0.06244,-0.39988,-1.3,307.6
184515,3722.0,-67.6656,1.667924,1.695545,0.847773,0.278657,-3.57901,-0.36912,-1.2,307.6
184517,3724.0,-67.9704,0.658769,0.725864,0.362932,-0.242421,-0.26543,-0.33836,-1.1,307.6
184519,3726.0,-67.9704,0.345971,0.345971,0.172985,-0.094973,-0.32495,-2.5364,-8.5,298.4
184521,3728.0,-67.9704,1.445534,1.445534,0.722767,0.274891,-0.96348,-15.46048,-54.4,284.2
184523,3730.0,-67.6656,9.021476,9.026624,4.513312,1.895273,-19.14484,-23.70182,-82.7,286.6
184525,3732.0,-67.3608,16.994382,16.997115,8.498557,1.992623,-34.41085,-13.2769,-45.5,291.8
184527,3734.0,-67.056,20.552256,20.554516,10.277258,0.88935,-17.85339,-13.65644,-47.6,286.9
184529,3736.0,-67.3608,22.10552,22.107621,11.053811,0.388276,-10.28162,-19.8306,-69.0,287.4
184531,3738.0,-66.7512,23.959999,23.967753,11.983876,0.465032,-12.69402,-0.91698,-3.1,295.8
184533,3740.0,-66.4464,25.232411,25.234252,12.617126,0.316625,-6.44314,-13.42116,-45.9,292.4
184535,3742.0,-66.1416,25.881338,25.883133,12.941566,0.16222,-2.65824,-23.13181,-79.3,291.7
184537,3744.0,-66.4464,27.344386,27.346084,13.673042,0.365738,-14.58061,-1.03734,-3.4,305.1
184539,3746.0,-66.4464,28.404445,28.404445,14.202223,0.264591,-15.94744,-1.2172,-4.0,304.3
184541,3748.0,-66.4464,27.19505,27.19505,13.597525,-0.302349,2.77318,-2.04283,-6.7,304.9
184543,3750.0,-65.8368,26.046538,26.053671,13.026835,-0.285345,1.09241,-14.62828,-50.2,291.4
184545,3752.0,-65.532,26.688035,26.689776,13.344888,0.159026,-2.7435,-7.67558,-25.1,305.8
184547,3754.0,-65.532,27.734169,27.734169,13.867084,0.261098,-15.12114,-0.4455,-1.5,297.0
184549,3756.0,-64.9224,27.324697,27.331496,13.665748,-0.100668,-0.6941,-6.88275,-22.5,305.9
184551,3758.0,-64.9224,26.957776,26.957776,13.478888,-0.09343,1.1414,-2.58344,-8.6,300.4
184553,3760.0,-64.3128,26.850012,26.856931,13.428465,-0.025212,-1.16651,-11.11125,-37.5,296.3
184555,3762.0,-64.3128,27.247227,27.247227,13.623613,0.097574,-0.49701,-11.35686,-38.2,297.3
184557,3764.0,-64.3128,28.450075,28.450075,14.225037,0.300712,-17.0301,2.86528,8.8,325.6
184559,3766.0,-64.6176,26.096443,26.098223,13.049111,-0.587963,6.1272,23.93496,75.6,316.6
184601,3768.0,-64.9224,17.986447,17.989029,8.994515,-2.027298,12.40717,7.41316,24.1,307.6
184603,3770.0,-64.3128,10.998509,11.01539,5.507695,-1.74341,4.12721,-6.8402,-23.0,297.4
184605,3772.0,-64.008,13.105562,13.109106,6.554553,0.523429,-8.09658,-29.9307,-112.1,267.0
184607,3774.0,-63.3984,20.403358,20.412463,10.206231,1.825839,-39.98401,-40.09772,-150.8,265.9
184609,3776.0,-63.0936,28.725628,28.727245,14.363623,2.078696,-58.63337,-36.41885,-130.3,279.5
184611,3778.0,-62.484,30.225653,30.231799,15.1159,0.376139,-13.17871,-21.27654,-73.8,288.3
184613,3780.0,-61.8744,32.384431,32.390168,16.195084,0.539592,-19.54481,-15.8922,-54.0,294.3
184615,3782.0,-62.484,32.933767,32.939408,16.469704,0.13731,-1.43322,-10.13768,-34.4,294.7
184617,3784.0,-61.8744,33.38379,33.389356,16.694678,0.112487,-5.874,-10.17203,-34.1,298.3
184619,3786.0,-61.5696,34.442988,34.444337,17.222168,0.263745,-8.36174,-4.90728,-16.1,304.8
184621,3788.0,-61.8744,33.546496,33.547881,16.77394,-0.224114,0.99822,-2.05496,-6.8,302.2
184623,3790.0,-61.5696,33.503485,33.504872,16.752436,-0.010752,-2.91077,-5.4018,-18.0,300.1
184625,3792.0,-61.2648,32.847271,32.848685,16.424343,-0.164046,-1.11159,-10.6092,-36.0,294.7
184627,3794.0,-61.2648,32.610228,32.610228,16.305114,-0.059615,-1.14246,-11.32032,-38.4,294.8
184629,3796.0,-60.96,32.31106,32.312498,16.156249,-0.074433,-1.76936,-9.86013,-33.3,296.1
184631,3798.0,-60.3504,33.464874,33.470426,16.735213,0.289482,-11.84837,-7.44012,-24.9,298.8
184633,3800.0,-60.6552,32.641031,32.642454,16.321227,-0.206993,1.17653,-0.48864,-1.6,305.4
184635,3802.0,-61.2648,32.351468,32.357211,16.178605,-0.071311,0.86444,11.27619,34.9,323.1
184637,3804.0,-61.8744,29.573366,29.579648,14.789824,-0.694391,7.42951,28.31472,84.8,333.9
184639,3806.0,-62.1792,21.53563,21.537787,10.768893,-2.010465,14.72538,21.85508,68.9,317.2
184641,3808.0,-62.484,11.218453,11.222593,5.611296,-2.578799,9.73219,5.66751,18.3,309.7
184643,3810.0,-62.1792,7.430477,7.436726,3.718363,-0.946466,1.19957,0.33704,1.1,306.4
184645,3812.0,-62.1792,1.456292,1.456292,0.728146,-1.495108,0.36523,-0.49232,-1.6,307.7
184647,3814.0,-62.1792,1.78994,1.78994,0.89497,0.083412,-0.31572,-0.64743,-2.1,308.3
184649,3816.0,-62.1792,1.136144,1.136144,0.568072,-0.163449,-0.24444,-0.45705,-1.5,304.7
184651,3818.0,-62.484,0.377489,0.485181,0.242591,-0.162741,-0.30504,-7.68687,-25.7,299.1
184653,3820.0,-62.1792,2.449244,2.468137,1.234069,0.495739,-4.21868,-13.94204,-47.6,292.9
184655,3822.0,-61.5696,9.618086,9.637385,4.818693,1.792312,-22.2107,-25.48147,-93.1,273.7
184657,3824.0,-61.2648,17.817673,17.82028,8.91014,2.045724,-36.81722,-29.27736,-103.6,282.6
184659,3826.0,-61.5696,23.013223,23.015242,11.507621,1.298741,-31.96422,-23.3512,-80.8,289.0
184701,3828.0,-60.6552,25.0686,25.085271,12.542636,0.517507,-17.46735,-14.17507,-48.1,294.7
184703,3830.0,-60.3504,26.270937,26.272705,13.136353,0.296858,-6.29626,-11.53264,-39.2,294.2
184705,3832.0,-60.0456,26.684393,26.686134,13.343067,0.103357,-1.25073,-8.48562,-28.6,296.7
184707,3834.0,-59.7408,27.60498,27.606663,13.803331,0.230132,-4.91906,-9.9361,-33.5,296.6
184709,3836.0,-59.1312,27.995734,28.00237,14.001185,0.098927,-4.35007,-8.36537,-28.1,297.7
184711,3838.0,-59.436,26.250853,26.252622,13.126311,-0.437437,4.9276,-0.87986,-2.9,303.4
184713,3840.0,-59.436,26.372331,26.372331,13.186166,0.029928,0.32848,-6.026,-20.0,301.3
184715,3842.0,-58.5216,29.243795,29.258087,14.629044,0.721439,-25.88413,-0.52054,-1.7,306.2
184717,3844.0,-58.8264,27.369269,27.370966,13.685483,-0.47178,5.01376,-0.5814,-1.8,323.0
184719,3846.0,-58.8264,24.111367,24.111367,12.055683,-0.8149,7.04581,26.10521,82.9,314.9
184721,3848.0,-58.2168,17.593783,17.60434,8.80217,-1.626757,7.35572,9.65736,30.6,315.6
184723,3850.0,-59.436,7.38944,7.489344,3.744672,-2.528749,9.23096,-2.5456,-8.6,296.0
184725,3852.0,-58.5216,9.358873,9.403437,4.701719,0.478523,-12.41813,-17.25192,-58.8,293.4
184727,3854.0,-58.5216,13.108638,13.108638,6.554319,0.9263,-14.70982,-2.73141,-8.9,306.9
184729,3856.0,-58.5216,14.632557,14.632557,7.316279,0.38098,-8.41847,-0.27873,-0.9,309.7
184731,3858.0,-59.1312,12.810703,12.825199,6.4126,-0.45184,3.79563,7.0336,22.4,314.0
184733,3860.0,-59.1312,10.73422,10.73422,5.36711,-0.522745,1.83556,1.19808,3.9,307.2
184735,3862.0,-59.436,7.517014,7.523191,3.761596,-0.802757,2.69316,-0.76775,-2.5,307.1
184737,3864.0,-59.1312,5.661752,5.669951,2.834975,-0.46331,-0.20389,-0.9234,-3.0,307.8
184739,3866.0,-59.436,6.686114,6.693058,3.346529,0.255777,0.33527,-0.89262,-2.9,307.8
184741,3868.0,-58.8264,4.783961,4.822644,2.411322,-0.467604,-3.37006,-1.10664,-3.6,307.4
184743,3870.0,-59.436,1.397872,1.525011,0.762505,-0.824408,1.88133,-0.33869,-1.1,307.9
184745,3872.0,-59.1312,0.088348,0.317346,0.158673,-0.301916,-0.30739,-0.2464,-0.8,308.0
