220439,0,183.763,0.0,0.0,0,0,-0.35
220440,1.0,183.454,0.74075,0.802616,0.802616,0.802616,0.99835
220441,2.0,183.755,0.874953,0.92528,0.92528,0.122664,-5.65034
220442,3.0,183.887,1.269327,1.276172,1.276172,0.350892,-3.16186
220443,4.0,183.987,1.781418,1.784222,1.784222,0.50805,-3.28664
220444,5.0,183.932,2.430044,2.430666,2.430666,0.646444,-2.87084
220445,6.0,183.787,3.266945,3.270161,3.270161,0.839495,-3.63146
220446,7.0,184.101,4.280991,4.292491,4.292491,1.02233,-12.67795
220447,8.0,184.632,5.064806,5.092565,5.092565,0.800074,-15.721
220448,9.0,184.865,5.580286,5.585148,5.585148,0.492583,-7.88596
220449,10.0,184.88,6.284105,6.284123,6.284123,0.698975,-6.76245
220450,11.0,184.326,6.70004,6.722905,6.722905,0.438782,1.566
220451,12.0,183.916,6.657691,6.670303,6.670303,-0.052602,2.57692
220452,13.0,183.956,6.796236,6.796354,6.796354,0.126051,-0.63978
220453,14.0,183.184,6.75449,6.798464,6.798464,0.00211,4.30439
220454,15.0,183.462,6.561355,6.567241,6.567241,-0.231223,-0.64337
220455,16.0,182.885,6.339667,6.365871,6.365871,-0.20137,3.92967
220456,17.0,183.393,9.233238,9.247202,9.247202,2.881331,-54.69926
220457,18.0,181.575,7.795452,8.004636,8.004636,-1.242566,15.31335
220458,19.0,181.63,6.023761,6.024012,6.024012,-1.980624,6.29126
220459,20.0,181.282,3.977318,3.992513,3.992513,-2.031499,6.17831
220500,21.0,181.221,1.870313,1.871308,1.871308,-2.121205,2.25755
220501,22.0,182.23,0.237946,1.036677,1.036677,-0.834631,-16.41455
220502,23.0,181.543,0.754708,1.020565,1.020565,-0.016112,3.36693
220503,24.0,181.136,1.707004,1.754854,1.754854,0.734289,1.24511
220504,25.0,180.56,3.162476,3.214503,3.214503,1.459649,0.42549
220505,26.0,180.328,4.406,4.412104,4.412104,1.197601,-7.01009
220506,27.0,179.68,5.078584,5.119757,5.119757,0.707653,1.54723
220507,28.0,178.811,5.257206,5.328544,5.328544,0.208787,4.08428
220508,29.0,178.848,4.620792,4.620941,4.620941,-0.707603,1.5954
220509,30.0,178.679,3.645095,3.649011,3.649011,-0.97193,2.74737
220510,31.0,178.256,2.976725,3.00663,3.00663,-0.642381,3.16498
220511,32.0,178.75,2.230329,2.284383,2.284383,-0.722247,-5.51792
220512,33.0,178.803,1.875141,1.87589,1.87589,-0.408493,-0.06785
220513,34.0,178.433,1.733046,1.772103,1.772103,-0.103787,1.84363
220514,35.0,178.211,1.532112,1.548112,1.548112,-0.223991,1.13187
220515,36.0,178.111,1.269117,1.273051,1.273051,-0.275061,0.46755
220516,37.0,178.401,0.672515,0.732377,0.732377,-0.540674,-4.58502
220517,38.0,177.604,0.169246,0.814772,0.814772,0.082395,3.88633
220518,39.0,178.335,0.452758,0.859855,0.859855,0.045083,-13.16368
220519,40.0,178.401,0.333585,0.340051,0.340051,-0.519804,-0.22793
220520,41.0,178.433,0.22239,0.22468,0.22468,-0.115371,-0.31825
220521,42.0,178.312,0.0,0.121,0.0,-0.22468,-0.35
220522,43.0,178.203,0.084623,0.137993,0.137993,0.137993,-0.34932
220523,44.0,178.264,0.0,0.061,0.0,-0.137993,-0.35
220524,45.0,178.18,0.111195,0.139357,0.139357,0.139357,-0.34942
220525,46.0,178.589,0.279466,0.495361,0.495361,0.356004,-0.80095
220526,47.0,178.272,0.344151,0.467898,0.467898,-0.027463,-0.30601
220527,48.0,178.549,0.279466,0.393485,0.393485,-0.074413,-0.30307
220528,49.0,178.296,0.344151,0.42714,0.42714,0.033655,-0.3239
220529,50.0,178.581,0.237946,0.371273,0.371273,-0.055867,-0.30943
220530,51.0,178.859,0.237946,0.365927,0.365927,-0.005346,-0.31996
220531,52.0,177.934,0.111195,0.931659,0.931659,0.565732,4.32389
220532,53.0,178.219,0.169246,0.331465,0.331465,-0.600194,-0.21668
220533,54.0,178.232,0.202506,0.202922,0.202922,-0.128543,-0.31989
220534,55.0,178.211,0.279466,0.280254,0.280254,0.077332,-0.33947
220535,56.0,178.51,0.084623,0.310744,0.310744,0.03049,-0.33049
220536,57.0,178.071,0.0,0.439,0.0,-0.310744,-0.35
220537,58.0,178.441,0.22239,0.431691,0.431691,0.431691,-0.80208
220538,59.0,178.927,0.139733,0.505689,0.505689,0.073998,-8.90787
220539,60.0,178.505,0.084623,0.430401,0.430401,-0.075288,-0.29846
220540,61.0,178.904,0.139733,0.42276,0.42276,-0.007641,-0.31477
220541,62.0,178.505,0.084623,0.407875,0.407875,-0.014885,-0.31442
220542,63.0,178.719,0.169246,0.272837,0.272837,-0.135038,-0.30856
220543,64.0,177.934,0.337501,0.854477,0.854477,0.58164,3.59478
220544,65.0,178.32,0.139733,0.410514,0.410514,-0.443963,-0.21939
220545,66.0,178.063,0.279466,0.379671,0.379671,-0.030843,-0.31362
220546,67.0,178.349,0.139733,0.31831,0.31831,-0.061361,-0.31427
220547,68.0,178.573,0.111195,0.250081,0.250081,-0.068229,-0.32101
220548,69.0,178.872,0.0,0.299,0.0,-0.250081,-0.35
220549,70.0,178.417,0.0,0.455,0.0,0.0,-0.35
220550,71.0,178.594,0.0,0.177,0.0,0.0,-0.35
220551,72.0,179.157,0.237946,0.611218,0.611218,0.611218,-10.85436
220552,73.0,178.943,0.139733,0.25558,0.25558,-0.355638,-0.28084
220553,74.0,178.365,0.237946,0.625062,0.625062,0.369482,2.62686
220554,75.0,178.412,0.084623,0.096799,0.096799,-0.528263,-0.31481
220555,76.0,178.819,0.169246,0.440787,0.440787,0.343988,-0.74168
220556,77.0,178.248,0.337501,0.663285,0.663285,0.222498,2.63781
220557,78.0,177.781,0.279466,0.544234,0.544234,-0.119051,2.19358
220558,79.0,178.071,0.337501,0.444979,0.444979,-0.099255,-0.29098
220559,80.0,177.889,0.405011,0.444025,0.444025,-0.000954,-0.31459
220600,81.0,178.119,0.338492,0.409239,0.409239,-0.034786,-0.30992
220601,82.0,178.296,0.277153,0.328851,0.328851,-0.080388,-0.30972
220602,83.0,178.003,0.356288,0.461292,0.461292,0.132441,-0.34633
220603,84.0,178.433,0.253869,0.499349,0.499349,0.038057,-0.32066
220604,85.0,177.857,0.139733,0.592707,0.592707,0.093358,2.70825
220605,86.0,178.634,0.237946,0.812618,0.812618,0.219911,-14.24581
220606,87.0,177.656,0.344151,1.036785,1.036785,0.224167,4.77066
220607,88.0,177.818,0.139733,0.213938,0.213938,-0.822847,-0.23831
220636,117.0,178.103,0.237946,0.371273,0.012803,-0.006936,-0.34894
220637,118.0,178.264,1.701924,1.709523,1.709523,1.69672,-7.99682
220638,119.0,177.249,3.012371,3.178774,3.178774,1.469251,2.75189
220639,120.0,177.672,3.940238,3.962878,3.962878,0.784104,-12.39125
220640,121.0,178.248,4.490021,4.526816,4.526816,0.563938,-13.93768
220641,122.0,178.557,5.559856,5.568436,5.568436,1.04162,-14.7557
220642,123.0,178.534,7.079825,7.079862,7.079862,1.511426,-21.36613
220643,124.0,179.395,8.970738,9.011962,9.011962,1.9321,-44.35494
220644,125.0,179.897,10.42348,10.435561,10.435561,1.423599,-32.77401
220645,126.0,180.127,11.1791,11.181466,11.181466,0.745905,-15.82727
220646,127.0,180.219,11.090643,11.091024,11.091024,-0.090442,0.79031
220647,128.0,180.729,11.333691,11.34516,11.34516,0.254136,-10.84883
220648,129.0,180.729,11.294084,11.294084,11.294084,-0.051076,1.07433
220649,130.0,181.43,11.165635,11.187619,11.187619,-0.106465,-6.9406
220650,131.0,182.677,10.952556,11.023316,11.023316,-0.164303,-15.58348
220651,132.0,181.929,10.495612,10.522232,10.522232,-0.501084,7.4475
220652,133.0,182.632,9.826343,9.851458,9.851458,-0.670774,0.42061
220653,134.0,182.383,9.145374,9.148763,9.148763,-0.702695,5.26567
220654,135.0,182.738,8.304977,8.312561,8.312561,-0.836202,2.26245
220655,136.0,182.838,7.813855,7.814495,7.814495,-0.498066,1.90827
220656,137.0,183.477,7.544574,7.571586,7.571586,-0.242909,-6.12517
220657,138.0,183.839,7.616887,7.625484,7.625484,0.053898,-5.26093
220658,139.0,184.518,7.446829,7.47772,7.47772,-0.147764,-8.19652
220659,140.0,184.994,7.196397,7.212122,7.212122,-0.265598,-3.22029
220700,141.0,184.756,6.688919,6.693152,6.693152,-0.51897,3.35168
220701,142.0,185.01,6.360062,6.365132,6.365132,-0.32802,-0.024
220702,143.0,185.303,5.612725,5.620367,5.620367,-0.744765,0.82798
220703,144.0,185.071,4.913171,4.918646,4.918646,-0.701721,3.14008
220704,145.0,185.996,4.063427,4.167381,4.167381,-0.751265,-9.9555
220705,146.0,185.718,3.054536,3.06716,3.06716,-1.100221,3.18117
220706,147.0,186.659,1.561756,1.823338,1.823338,-1.243822,-12.45837
220707,148.0,186.173,0.555975,0.738447,0.738447,-1.084891,2.7056
220708,149.0,186.743,0.831459,1.00808,1.00808,0.269633,-10.68842
220709,150.0,186.003,1.308692,1.503421,1.503421,0.495341,3.27571
220710,151.0,186.619,0.909607,1.098563,1.098563,-0.404858,-10.18421
220711,152.0,186.352,0.253869,0.368427,0.368427,-0.730136,-0.17604
220712,153.0,186.875,2.127233,2.190582,2.190582,1.822155,-16.26387
220713,154.0,186.976,4.075582,4.076833,4.076833,1.886251,-14.93383
220714,155.0,187.274,5.855908,5.863485,5.863485,1.786652,-22.92594
220715,156.0,187.359,6.898522,6.899045,6.899045,1.03556,-12.77835
220716,157.0,188.371,8.227246,8.289253,8.289253,1.390208,-36.65852
220717,158.0,188.078,9.319158,9.323763,9.323763,1.03451,-15.49595
220718,159.0,188.601,10.498562,10.511581,10.511581,1.187818,-28.82647
220719,160.0,189.642,11.152898,11.201376,11.201376,0.689795,-29.10133
220720,161.0,189.378,11.246099,11.249197,11.249197,0.047821,1.8618
220721,162.0,190.688,11.270345,11.346223,11.346223,0.097026,-21.82221
220722,163.0,191.145,11.073523,11.082949,11.082949,-0.263274,-0.10761
220723,164.0,191.114,10.774654,10.774699,10.774699,-0.30825,2.64476
220724,165.0,192.131,10.663372,10.71176,10.71176,-0.062939,-13.69874
220725,166.0,191.822,10.558316,10.562837,10.562837,-0.148923,3.1438
220726,167.0,192.646,10.476957,10.50931,10.50931,-0.053527,-10.56452
220727,168.0,193.378,10.47696,10.502501,10.502501,-0.006809,-9.82313
220728,169.0,193.193,10.528424,10.530049,10.530049,0.027548,1.48213
220729,170.0,193.981,10.745342,10.774197,10.774197,0.244148,-15.58552
220730,171.0,194.676,11.264809,11.286228,11.286228,0.512031,-19.39884
220731,172.0,194.961,11.730251,11.733713,11.733713,0.447485,-10.95711
220732,173.0,195.508,12.468023,12.480016,12.480016,0.746303,-22.82644
220733,174.0,196.079,13.096718,13.10916,13.10916,0.629144,-21.47173
220734,175.0,196.264,13.534194,13.535458,13.535458,0.426298,-10.25654
220735,176.0,196.61,13.971671,13.975955,13.975955,0.440497,-13.94654
220736,177.0,196.327,13.94466,13.947531,13.947531,-0.028424,1.46504
220737,178.0,196.501,13.918484,13.919572,13.919572,-0.027959,-0.93174
220738,179.0,196.11,13.780398,13.785944,13.785944,-0.133628,2.92744
220739,180.0,196.327,13.671659,13.673381,13.673381,-0.112563,-0.36773
220740,181.0,195.894,13.589443,13.596339,13.596339,-0.077042,2.85208
220741,182.0,195.17,13.427485,13.44699,13.44699,-0.149349,5.00591
220742,183.0,194.861,13.001517,13.005189,13.005189,-0.441801,5.11008
220743,184.0,195.455,12.631105,12.645064,12.645064,-0.360125,-0.08204
220744,185.0,194.591,12.185152,12.215745,12.215745,-0.429319,8.22886
220745,186.0,194.351,11.677261,11.679727,11.679727,-0.536018,5.45373
220746,187.0,193.772,11.160431,11.17544,11.17544,-0.504287,6.83723
220747,188.0,194.129,10.593687,10.599701,10.599701,-0.575739,2.07011
220748,189.0,193.434,10.439047,10.462157,10.462157,-0.137544,5.09651
220749,190.0,192.91,10.772275,10.785012,10.785012,0.322855,1.58748
220750,191.0,193.486,10.789781,10.805144,10.805144,0.020132,-7.44429
220751,192.0,193.233,11.356491,11.359309,11.359309,0.554165,-11.02107
220752,193.0,192.44,11.282031,11.309866,11.309866,-0.049443,5.25343
220753,194.0,191.869,11.142312,11.156933,11.156933,-0.152933,4.67779
220754,195.0,191.861,10.687477,10.68748,10.68748,-0.469453,3.42456
220755,196.0,192.147,9.529853,9.534144,9.534144,-1.153336,4.94486
220756,197.0,191.299,6.998279,7.049469,7.049469,-2.484675,14.16539
220757,198.0,190.889,5.607031,5.622001,5.622001,-1.427468,6.60598
220758,199.0,191.135,4.436311,4.443126,4.443126,-1.178875,1.5354
220759,200.0,190.881,3.03117,3.041794,3.041794,-1.401332,3.53026
220800,201.0,190.905,1.94011,1.940258,1.940258,-1.101536,0.82831
220801,202.0,190.289,1.442916,1.568905,1.568905,-0.371353,3.34064
220802,203.0,190.812,1.279489,1.382252,1.382252,-0.186653,-8.79544
220803,204.0,190.712,1.324346,1.328116,1.328116,-0.054136,0.32219
220804,205.0,190.82,1.014965,1.020695,1.020695,-0.307421,-1.42674
220805,206.0,191.135,0.66717,0.737794,0.737794,-0.282901,-5.36599
220806,207.0,190.482,0.374065,0.752551,0.752551,0.014757,3.15127
220807,208.0,190.889,0.237947,0.471453,0.471453,-0.281098,-0.24132
220808,209.0,190.49,0.139734,0.422761,0.422761,-0.048692,-0.30543
220809,210.0,190.966,0.22239,0.525389,0.525389,0.102628,-8.755
220810,211.0,191.029,0.512134,0.515995,0.515995,-0.009394,-1.32184
220811,212.0,190.503,1.149778,1.264384,1.264384,0.748389,2.01826
220812,213.0,190.181,1.616423,1.648183,1.648183,0.383799,1.1408
220813,214.0,190.72,1.550042,1.641082,1.641082,-0.007101,-9.45523
220814,215.0,191.045,1.149779,1.194829,1.194829,-0.446253,-4.83414
220815,216.0,190.72,0.71384,0.784342,0.784342,-0.410487,1.60134
220816,217.0,190.805,0.22239,0.23808,0.23808,-0.546262,-0.26115
220817,218.0,191.13,0.139734,0.353766,0.353766,0.115686,-0.344
220818,219.0,190.612,0.0,0.518,0.0,-0.353766,-0.35
220819,220.0,191.206,0.111195,0.604318,0.604318,0.604318,-11.39117
220820,221.0,190.519,0.139734,0.701067,0.701067,0.096749,3.29617
220821,222.0,190.937,0.084625,0.42648,0.42648,-0.274587,-0.25319
220822,223.0,191.005,0.0,0.068,0.0,-0.42648,-0.35
220823,224.0,190.567,0.111195,0.451894,0.451894,0.451894,-0.83976
220824,225.0,190.929,0.111195,0.378693,0.378693,-0.073201,-0.30508
220825,226.0,190.527,0.0,0.402,0.0,-0.378693,-0.35
220826,227.0,190.857,0.139734,0.358365,0.358365,0.358365,-0.67775
220827,228.0,191.074,0.111195,0.24383,0.24383,-0.114535,-0.31566
220828,229.0,191.151,0.111195,0.135253,0.135253,-0.108577,-0.33138
220829,230.0,191.074,0.0,0.077,0.0,-0.135253,-0.35
220830,231.0,190.744,0.0,0.33,0.0,0.0,-0.35
220831,232.0,191.259,0.111195,0.526867,0.526867,0.526867,-9.85134
220832,233.0,190.96,0.139734,0.33004,0.33004,-0.196827,-0.2889
220833,234.0,190.99,0.139734,0.142919,0.142919,-0.187121,-0.32429
220834,235.0,190.683,0.139734,0.337305,0.337305,0.194386,-0.55842
220835,236.0,190.72,0.16925,0.173247,0.173247,-0.164058,-0.32098
220836,237.0,190.72,1.942994,1.942994,1.942994,1.769747,-7.09153
220837,238.0,190.419,3.204496,3.218602,3.218602,1.275608,-3.30941
220838,239.0,190.72,4.12117,4.132147,4.132147,0.913545,-11.3846
220839,240.0,190.604,4.874485,4.875865,4.875865,0.743718,-6.20867
220840,241.0,190.297,4.879121,4.888769,4.888769,0.012904,1.64183
220841,242.0,190.651,5.433104,5.444624,5.444624,0.555855,-10.5753
220842,243.0,190.683,6.418948,6.419028,6.419028,0.974404,-10.38889
220843,244.0,190.712,7.08751,7.087569,7.087569,0.668541,-7.36766
220844,245.0,191.33,7.224606,7.25099,7.25099,0.163421,-11.33588
220845,246.0,191.452,8.457215,8.458095,8.458095,1.207105,-18.424
220846,247.0,190.797,9.232354,9.25556,9.25556,0.797465,-0.01058
220847,248.0,191.251,10.601808,10.611525,10.611525,1.355965,-31.00104
220848,249.0,191.182,11.160875,11.161088,11.161088,0.549563,-13.90367
220849,250.0,191.914,11.73674,11.759545,11.759545,0.598457,-22.10981
220850,251.0,191.978,11.279899,11.28008,11.28008,-0.479465,3.3345
220851,252.0,192.046,10.770186,10.7704,10.7704,-0.50968,3.28836
220852,253.0,192.831,10.794507,10.823013,10.823013,0.052613,-11.78192
220853,254.0,192.44,10.724292,10.731417,10.731417,-0.091596,3.28121
220854,255.0,192.385,10.530553,10.530697,10.530697,-0.20072,2.08957
220855,256.0,192.723,10.125538,10.131177,10.131177,-0.39952,1.00437
220856,257.0,192.578,9.588851,9.589947,9.589947,-0.54123,4.10256
220857,258.0,192.638,9.006431,9.006631,9.006631,-0.583316,2.98511
220858,259.0,192.855,8.36026,8.363076,8.363076,-0.643555,2.15218
220859,260.0,192.839,7.956189,7.956205,7.956205,-0.406871,2.18336
220900,261.0,193.341,7.626295,7.6428,7.6428,-0.313405,-2.66289
220901,262.0,193.365,7.043822,7.043863,7.043863,-0.598937,2.4048
220902,263.0,193.064,6.67045,6.677238,6.677238,-0.366625,3.13075
220903,264.0,193.249,6.522804,6.525427,6.525427,-0.151811,-0.23454
220904,265.0,193.365,7.0879,7.088849,7.088849,0.563422,-7.56474
220905,266.0,193.51,7.573434,7.574822,7.574822,0.485973,-7.34398
220906,267.0,193.759,8.805851,8.80937,8.80937,1.234548,-21.74865
220907,268.0,194.205,9.629016,9.639339,9.639339,0.829969,-19.71404
220908,269.0,194.274,9.84853,9.848772,9.848772,0.209433,-2.19583
220909,270.0,194.25,8.691019,8.691052,8.691052,-1.15772,5.97997
220910,271.0,194.335,7.361304,7.361795,7.361795,-1.329257,5.11147
220911,272.0,194.382,5.219105,5.219316,5.219316,-2.142479,5.85498
220912,273.0,193.711,3.325793,3.392807,3.392807,-1.826509,6.8024
220913,274.0,193.526,1.43405,1.445933,1.445933,-1.946874,2.25672
220914,275.0,194.028,0.712605,0.871671,0.871671,-0.574262,-8.12088
220915,276.0,194.953,1.505843,1.767254,1.767254,0.895583,-19.15555
220916,277.0,194.459,3.095086,3.134262,3.134262,1.367008,0.20513
220917,278.0,194.266,3.773686,3.778618,3.778618,0.644356,-0.33395
220918,279.0,193.92,3.171656,3.190473,3.190473,-0.588145,2.74424
220919,280.0,193.764,1.56181,1.569582,1.569582,-1.620891,1.96772
220920,281.0,194.715,0.111195,0.957479,0.957479,-0.612103,-15.91148
220921,282.0,195.061,0.607536,0.699154,0.699154,-0.258325,-5.97731
220922,283.0,195.069,0.0,0.008,0.0,-0.699154,-0.35
220923,284.0,195.46,2.379967,2.411871,2.411871,2.411871,-17.16308
220924,285.0,194.929,4.828858,4.857966,4.857966,2.446095,-13.77516
220925,286.0,194.736,6.879757,6.882463,6.882463,2.024497,-24.12987
220926,287.0,194.699,8.860546,8.860623,8.860623,1.97816,-34.11591
220927,288.0,194.02,10.404327,10.426459,10.426459,1.565836,-21.18952
220928,289.0,193.465,11.231314,11.245019,11.245019,0.81856,-10.87267
220929,290.0,193.225,11.436865,11.439383,11.439383,0.194364,0.85412
220930,291.0,192.747,11.383144,11.393176,11.393176,-0.046207,3.58421
220931,292.0,191.544,10.284158,10.35428,10.35428,-1.038896,12.77955
220932,293.0,191.584,8.565542,8.565636,8.565636,-1.788644,8.45827
220933,294.0,191.576,6.530137,6.530142,6.530142,-2.035494,7.40537
220934,295.0,191.46,4.203289,4.204889,4.204889,-2.325253,5.86884
220935,296.0,191.452,1.893903,1.89392,1.89392,-2.310969,2.19879
220936,297.0,191.436,0.818722,0.818879,0.818879,-1.075041,0.27319
220937,298.0,191.869,0.558941,0.707039,0.707039,-0.11184,-7.70284
220938,299.0,191.629,1.455739,1.47539,1.47539,0.768351,0.42434
220939,300.0,190.752,2.964017,3.091039,3.091039,1.615649,1.84178
220940,301.0,191.359,4.302139,4.344749,4.344749,1.25371,-19.77759
220941,302.0,191.515,5.686954,5.689093,5.689093,1.344344,-15.34554
220942,303.0,191.407,7.065362,7.066187,7.066187,1.377094,-18.09815
220943,304.0,191.613,8.120692,8.123305,8.123305,1.057118,-17.10397
220944,305.0,191.83,8.954909,8.957538,8.957538,0.834233,-14.96731
220945,306.0,192.123,9.464839,9.469373,9.469373,0.511835,-11.36278
220946,307.0,192.979,9.831875,9.869068,9.869068,0.399695,-19.55844
220947,308.0,193.156,10.092793,10.094345,10.094345,0.225277,-4.39195
220948,309.0,194.012,10.062352,10.098696,10.098696,0.004351,-12.40582
220949,310.0,195.053,10.194464,10.247477,10.247477,0.148781,-18.30441
220950,311.0,194.9,11.207922,11.208966,11.208966,0.961489,-20.83496
220951,312.0,196.417,11.361714,11.46254,11.46254,0.253574,-28.70872
220952,313.0,196.509,11.385958,11.386329,11.386329,-0.076211,0.75748
220953,314.0,196.61,10.617467,10.617948,10.617948,-0.768381,4.53052
220954,315.0,196.879,9.221123,9.225046,9.225046,-1.392902,5.9952
220955,316.0,196.995,7.30352,7.304441,7.304441,-1.920605,7.22549
220956,317.0,196.818,5.265545,5.268519,5.268519,-2.035922,6.79672
220957,318.0,197.22,2.784077,2.81295,2.81295,-2.455569,1.47122
220958,319.0,197.638,1.324353,1.388753,1.388753,-1.424197,-3.81902
220959,320.0,198.414,0.885946,1.177742,1.177742,-0.211011,-13.35745
221000,321.0,198.253,2.107102,2.113244,2.113244,0.935502,-1.63652
221001,322.0,198.1,3.779722,3.782817,3.782817,1.669573,-10.0947
221002,323.0,198.462,5.4362,5.44824,5.44824,1.665423,-21.65581
221003,324.0,199.109,6.485769,6.51796,6.51796,1.06972,-22.5688
221004,325.0,199.186,6.859571,6.860003,6.860003,0.342043,-3.97017
221005,326.0,199.841,6.260194,6.294367,6.294367,-0.565636,-3.73034
221006,327.0,199.202,5.204361,5.243443,5.243443,-1.050924,6.4265
221007,328.0,199.202,4.183607,4.183607,4.183607,-1.059836,2.37874
221008,329.0,199.479,2.481687,2.497098,2.497098,-1.686509,0.65418
221009,330.0,199.556,2.02508,2.026544,2.026544,-0.470554,-0.08156
221010,331.0,198.985,3.037726,3.090925,3.090925,1.064381,1.14334
221011,332.0,198.924,4.40678,4.407202,4.407202,1.316277,-10.97877
221012,333.0,198.716,6.186893,6.190388,6.190388,1.783186,-18.397
221013,334.0,198.671,8.127396,8.127521,8.127521,1.937133,-30.47083
221014,335.0,197.466,9.657917,9.732799,9.732799,1.605278,-10.29139
221015,336.0,197.228,10.810616,10.813236,10.813236,1.080437,-20.78587
221016,337.0,196.573,12.222745,12.240282,12.240282,1.427046,-24.58753
221017,338.0,195.701,15.507005,15.531503,15.531503,3.291221,-86.34517
221018,339.0,195.199,13.549138,13.558434,13.558434,-1.973069,17.07577
221019,340.0,194.705,14.501867,14.510279,14.510279,0.951845,-23.91675
221020,341.0,193.851,15.040483,15.064708,15.064708,0.554429,-1.08824
221021,342.0,193.056,15.282735,15.303398,15.303398,0.23869,0.92995
221022,343.0,193.333,15.701951,15.704394,15.704394,0.400996,-13.6295
221023,344.0,193.566,15.447893,15.44965,15.44965,-0.254744,-0.53856
221024,345.0,192.855,15.447902,15.464255,15.464255,0.014605,2.19314
221025,346.0,192.585,14.951894,14.954332,14.954332,-0.509923,4.51804
221026,347.0,191.983,14.442641,14.455182,14.455182,-0.49915,6.44397
221027,348.0,190.781,13.673689,13.726418,13.726418,-0.728764,11.64305
221028,349.0,191.069,13.003192,13.006381,13.006381,-0.720037,3.90546
221029,350.0,190.58,13.033632,13.042802,13.042802,0.036421,2.68926
221030,351.0,190.72,13.22504,13.225781,13.225781,0.182979,-3.31067
221031,352.0,190.567,13.458347,13.459216,13.459216,0.233435,-0.78843
221032,353.0,190.221,13.952341,13.95663,13.95663,0.497414,-13.29165
221033,354.0,190.073,14.321049,14.321814,14.321814,0.365184,-14.24742
221034,355.0,190.435,14.157924,14.162552,14.162552,-0.159262,-1.09532
221035,356.0,190.297,13.87197,13.872657,13.872657,-0.289895,2.704
221036,357.0,189.795,13.438036,13.447409,13.447409,-0.425248,5.83057
221037,358.0,189.811,12.95277,12.95278,12.95278,-0.494629,3.78258
221038,359.0,189.124,12.358061,12.377142,12.377142,-0.575638,8.2179
221039,360.0,188.593,11.479106,11.491381,11.491381,-0.885761,9.07247
221040,361.0,188.231,9.914386,9.920992,9.920992,-1.570389,10.88038
221041,362.0,187.961,7.985907,7.99047,7.99047,-1.930522,10.0879
221042,363.0,187.045,6.012053,6.081434,6.081434,-1.909036,11.25016
221043,364.0,187.985,4.134953,4.240453,4.240453,-1.840981,-1.74162
221044,365.0,187.121,2.298901,2.455899,2.455899,-1.784554,6.76704
221045,366.0,187.631,1.089035,1.202538,1.202538,-1.253361,-6.35317
221046,367.0,187.584,0.512142,0.514294,0.514294,-0.688244,0.12939
221047,368.0,187.438,1.149656,1.158889,1.158889,0.644595,0.1108
221048,369.0,187.438,1.288789,1.288789,1.288789,0.1299,-0.33771
221049,370.0,187.391,1.149656,1.150616,1.150616,-0.138173,0.07506
221050,371.0,187.784,0.63278,0.744889,0.744889,-0.405727,-6.57919
221051,372.0,187.037,0.139738,0.759958,0.759958,0.015069,3.64796
221052,373.0,187.021,0.139738,0.140651,0.140651,-0.619307,-0.29198
221053,374.0,187.237,0.169261,0.274418,0.274418,0.133767,-0.34802
221054,375.0,187.182,0.0,0.055,0.0,-0.274418,-0.35
221055,376.0,187.591,0.111195,0.423846,0.423846,0.423846,-0.78785
221056,377.0,186.759,0.0,0.832,0.0,-0.423846,-0.35
221057,378.0,186.891,0.111195,0.172593,0.172593,0.172593,-0.44983
221058,379.0,186.683,0.08463,0.224558,0.224558,0.051965,-0.33849
221059,380.0,187.636,1.34512,1.648501,1.648501,1.423943,-21.06787
221100,381.0,187.113,3.638316,3.675714,3.675714,2.027213,-5.55233
221101,382.0,187.7,5.749093,5.778982,5.778982,2.103268,-31.1185
221102,383.0,187.153,7.505845,7.525751,7.525751,1.746769,-16.64512
221103,384.0,187.599,9.145149,9.156018,9.156018,1.630267,-32.43796
221104,385.0,187.591,10.290978,10.290981,10.290981,1.134963,-24.63436
221105,386.0,187.021,11.152987,11.167543,11.167543,0.876562,-11.62852
221106,387.0,187.121,11.908239,11.908659,11.908659,0.741116,-14.05648
221107,388.0,186.321,12.351872,12.377752,12.377752,0.469093,1.85492
221108,389.0,186.944,12.19197,12.207877,12.207877,-0.169875,-3.51838
221109,390.0,186.18,11.895964,11.920472,11.920472,-0.287405,6.72935
221110,391.0,187.052,11.547535,11.580412,11.580412,-0.34006,-4.82373
221111,392.0,186.976,11.460794,11.461046,11.461046,-0.119366,1.92433
221112,393.0,186.912,12.384348,12.384514,12.384514,0.923468,-24.33982
221114,395.0,186.643,31.782621,31.783759,15.89188,1.753683,-58.00004
221115,396.0,186.358,15.239032,15.241696,15.241696,-0.650184,5.58917
221116,397.0,186.984,15.741632,15.754074,15.754074,0.512378,-23.0536
221117,398.0,187.383,15.925559,15.930557,15.930557,0.176483,-9.58684
221118,399.0,187.7,16.00503,16.008169,16.008169,0.077612,-5.32824
221119,400.0,187.089,16.005033,16.016691,16.016691,0.008522,1.22166
221120,401.0,186.767,15.555835,15.559167,15.559167,-0.457524,4.01011
221121,402.0,186.466,14.948694,14.951724,14.951724,-0.607443,5.46821
221122,403.0,186.328,14.235898,14.236567,14.236567,-0.715157,5.75557
221123,404.0,185.966,13.21188,13.216839,13.216839,-1.019728,9.41796
221124,405.0,186.157,12.148372,12.149873,12.149873,-1.066966,6.84885
221125,406.0,186.69,11.231963,11.244602,11.244602,-0.905271,3.42133
221126,407.0,186.513,11.917107,11.918421,11.918421,0.673819,-15.77588
221127,408.0,186.807,11.600417,11.604142,11.604142,-0.314279,1.21736
221129,410.0,187.708,28.34876,28.363074,14.181537,1.288697,-37.79097
221130,411.0,186.904,12.936215,12.961176,12.961176,-1.220361,13.17142
221131,412.0,187.129,11.714181,11.716341,11.716341,-1.244835,7.48418
221132,413.0,187.591,9.962553,9.97326,9.97326,-1.743081,7.50759
221133,414.0,186.759,8.194377,8.236506,8.236506,-1.736754,12.47864
221134,415.0,186.989,9.331442,9.334276,9.334276,1.09777,-20.06779
221135,416.0,186.614,5.410048,5.423029,5.423029,-3.911247,13.49899
221136,417.0,186.55,4.862393,4.862814,4.862814,-0.560215,1.85665
221137,418.0,187.052,5.737966,5.759884,5.759884,0.89707,-16.97506
221138,419.0,186.321,7.210182,7.247143,7.247143,1.487259,-8.99962
221139,420.0,186.759,9.365332,9.375569,9.375569,2.128426,-41.3052
221140,421.0,185.62,11.179474,11.237347,11.237347,1.861778,-21.70173
221141,422.0,185.689,12.459631,12.459822,12.459822,1.222475,-25.04389
221142,423.0,185.15,15.577622,15.586944,15.586944,3.127122,-88.05442
221143,424.0,184.595,14.697896,14.708371,14.708371,-0.878573,9.07101
221144,425.0,184.326,15.807354,15.809643,15.809643,1.101272,-36.55003
221145,426.0,184.164,16.041996,16.042814,16.042814,0.233171,-3.11242
221146,427.0,182.738,16.076876,16.139994,16.139994,0.09718,4.64033
221147,428.0,182.46,15.805698,15.808143,15.808143,-0.331851,2.54987
221148,429.0,181.744,15.986206,16.002233,16.002233,0.19409,0.19159
221149,430.0,182.677,16.61731,16.643482,16.643482,0.641249,-33.61888
221150,431.0,182.693,17.171295,17.171303,17.171303,0.527821,-14.7024
221151,432.0,183.063,17.605748,17.609636,17.609636,0.438333,-18.78801
221152,433.0,183.71,17.605754,17.617638,17.617638,0.008002,-9.99976
221153,434.0,183.208,17.78905,17.796132,17.796132,0.178494,-2.77551
221154,435.0,184.032,17.956586,17.975482,17.975482,0.17935,-18.91877
221155,436.0,182.685,17.941092,17.991587,17.991587,0.016105,3.0247
221156,437.0,182.468,17.857256,17.858575,17.858575,-0.133012,-1.36036
221157,438.0,182.669,17.605783,17.60693,17.60693,-0.251645,-2.18855
221158,439.0,182.6,17.202993,17.203131,17.203131,-0.403799,1.01569
221159,440.0,182.098,16.951954,16.959386,16.959386,-0.243745,2.03673
221200,441.0,181.53,16.617369,16.627074,16.627074,-0.332312,3.4641
221201,442.0,181.382,16.43322,16.433886,16.433886,-0.193188,0.16852
221202,443.0,181.467,15.998276,15.998502,15.998502,-0.435384,1.38634
221203,444.0,181.776,15.519323,15.522399,15.522399,-0.476103,0.85719
221204,445.0,181.892,15.091467,15.091913,15.091913,-0.430486,1.76044
221205,446.0,181.559,14.662721,14.666502,14.666502,-0.425411,4.33532
221206,447.0,180.843,15.312217,15.328948,15.328948,0.662446,-3.00724
221207,448.0,181.197,15.364206,15.368284,15.368284,0.039336,-4.55233
221208,449.0,181.482,15.340109,15.342756,15.342756,-0.025528,-2.62806
221209,450.0,181.813,15.090821,15.094451,15.094451,-0.248305,-0.85615
221210,451.0,181.961,14.903574,14.904309,14.904309,-0.190142,-0.22642
221211,452.0,181.929,14.530316,14.530351,14.530351,-0.373958,2.41859
221212,453.0,182.669,14.095329,14.114741,14.114741,-0.41561,-1.11235
221213,454.0,182.383,13.406408,13.409458,13.409458,-0.705283,6.72791
221214,455.0,182.331,13.719162,13.719261,13.719261,0.309803,-13.30115
221215,456.0,181.313,13.908425,13.945631,13.945631,0.22637,3.4353
221216,457.0,180.513,13.723124,13.746422,13.746422,-0.199209,5.59738
221217,458.0,179.575,14.158784,14.189821,14.189821,0.443399,1.1486
221218,459.0,178.935,14.613606,14.627614,14.627614,0.437793,-0.81762
221219,460.0,177.017,14.594552,14.720043,14.720043,0.092429,8.57146
221220,461.0,175.923,14.520808,14.56196,14.56196,-0.158083,6.31597
221221,462.0,175.569,14.288531,14.292915,14.292915,-0.269045,3.44461
221222,463.0,175.133,14.317282,14.323919,14.323919,0.031004,1.54574
221223,464.0,174.285,14.568957,14.593616,14.593616,0.269697,1.63557
221224,465.0,173.608,15.478213,15.493011,15.493011,0.899395,-22.47984
221225,466.0,172.422,15.345927,15.391688,15.391688,-0.101323,5.7256
221226,467.0,171.616,15.345917,15.367069,15.367069,-0.024619,3.10473
221227,468.0,170.469,15.190424,15.233666,15.233666,-0.133403,5.9083
221228,469.0,169.161,14.989985,15.046944,15.046944,-0.186722,7.33206
221229,470.0,168.876,15.029104,15.031806,15.031806,-0.015138,0.55384
221230,471.0,168.268,14.91125,14.923641,14.923641,-0.108165,3.09371
221231,472.0,167.169,14.880227,14.920756,14.920756,-0.002885,4.84282
221232,473.0,165.599,14.535956,14.620496,14.620496,-0.30026,9.90784
221233,474.0,166.323,13.939218,13.958008,13.958008,-0.662488,0.90572
221234,475.0,166.678,12.907475,12.912356,12.912356,-1.045652,5.83691
221235,476.0,167.246,13.365501,13.377565,13.377565,0.465209,-17.82444
221236,477.0,168.223,11.170308,11.212953,11.212953,-2.164612,8.65761
221237,478.0,167.793,9.964231,9.973505,9.973505,-1.239448,9.51431
221238,479.0,167.991,8.967198,8.969384,8.969384,-1.004121,4.27215
221239,480.0,168.292,8.030705,8.036344,8.036344,-0.93304,2.8119
221240,481.0,168.509,7.258741,7.261984,7.261984,-0.77436,2.16429
221241,482.0,169.293,6.694455,6.740206,6.740206,-0.521778,-5.94993
221242,483.0,168.839,6.270129,6.286544,6.286544,-0.453662,4.1176
221243,484.0,169.029,5.724452,5.727604,5.727604,-0.55894,0.85207
221244,485.0,169.814,5.392624,5.449461,5.449461,-0.278143,-10.00548
221245,486.0,170.739,4.789357,4.877865,4.877865,-0.571596,-10.36375
221246,487.0,169.893,4.315386,4.39753,4.39753,-0.480335,5.61459
221247,488.0,170.115,3.449008,3.456145,3.456145,-0.941385,0.50895
221248,489.0,170.332,3.050738,3.058446,3.058446,-0.397699,-1.17179
221249,490.0,170.147,2.531219,2.53797,2.53797,-0.520476,1.54114
221250,491.0,170.599,2.043359,2.092754,2.092754,-0.445216,-6.12416
221251,492.0,170.485,1.696332,1.700159,1.700159,-0.392595,0.7465
221252,493.0,170.046,1.039674,1.128558,1.128558,-0.571601,2.40452
221253,494.0,170.115,0.686144,0.689604,0.689604,-0.438954,-0.84317
221254,495.0,170.691,0.13974,0.592708,0.592708,-0.096896,-10.31026
221255,496.0,170.091,0.478049,0.767158,0.767158,0.17445,2.80657
221256,497.0,170.591,0.602784,0.783166,0.783166,0.016008,-9.03727
221257,498.0,170.268,0.423171,0.532356,0.532356,-0.25081,1.46936
221258,499.0,170.168,0.253903,0.272886,0.272886,-0.25947,-0.29028
221259,500.0,169.962,0.0,0.206,0.0,-0.272886,-0.35
221300,501.0,170.67,0.084634,0.713041,0.713041,0.713041,-13.64438
221301,502.0,170.2,0.084634,0.477559,0.477559,-0.235482,-0.25164
221302,503.0,170.477,0.0,0.277,0.0,-0.477559,-0.35
221303,504.0,170.332,0.0,0.145,0.0,0.0,-0.35
221304,505.0,170.445,0.0,0.113,0.0,0.0,-0.35
221305,506.0,170.414,0.0,0.031,0.0,0.0,-0.35
221306,507.0,170.586,0.0,0.172,0.0,0.0,-0.35
221307,508.0,169.962,0.0,0.624,0.0,0.0,-0.35
221308,509.0,169.354,0.0,0.608,0.0,0.0,-0.35
221309,510.0,169.893,0.0,0.539,0.0,0.0,-0.35
221310,511.0,170.083,0.0,0.19,0.0,0.0,-0.35
221311,512.0,170.393,0.0,0.31,0.0,0.0,-0.35
221312,513.0,169.898,0.111195,0.507336,0.507336,0.507336,2.16509
221313,514.0,170.408,0.0,0.51,0.0,-0.507336,-0.35
221314,515.0,169.777,0.0,0.631,0.0,0.0,-0.35
221315,516.0,169.724,0.084634,0.09986,0.09986,0.09986,-0.34746
221316,517.0,169.254,0.111195,0.482974,0.482974,0.383114,-0.81336
221317,518.0,169.476,0.0,0.222,0.0,-0.482974,-0.35
221318,519.0,170.123,0.0,0.647,0.0,0.0,-0.35
221319,520.0,169.801,0.0,0.322,0.0,0.0,-0.35
221320,521.0,169.885,0.0,0.084,0.0,0.0,-0.35
221321,522.0,169.716,0.13974,0.21929,0.21929,0.21929,-0.49537
221322,523.0,170.422,0.111195,0.714703,0.714703,0.495413,-13.3292
221323,524.0,170.445,0.0,0.023,0.0,-0.714703,-0.35
221324,525.0,170.115,0.111195,0.34823,0.34823,0.34823,-0.66209
221325,526.0,169.322,0.0,0.793,0.0,-0.34823,-0.35
221326,527.0,170.039,0.0,0.717,0.0,0.0,-0.35
221327,528.0,169.476,0.0,0.563,0.0,0.0,-0.35
221328,529.0,169.632,0.084634,0.177479,0.177479,0.177479,-0.45423
221329,530.0,169.708,0.0,0.076,0.0,-0.177479,-0.35
221330,531.0,170.345,0.0,0.637,0.0,0.0,-0.35
221331,532.0,170.268,0.084634,0.11442,0.11442,0.11442,-0.34798
221332,533.0,169.677,0.111195,0.60137,0.60137,0.48695,2.66031
221333,534.0,170.147,0.0,0.47,0.0,-0.60137,-0.35
221334,535.0,170.414,0.0,0.267,0.0,0.0,-0.35
221335,536.0,169.914,0.0,0.5,0.0,0.0,-0.35
221336,537.0,169.624,0.0,0.29,0.0,0.0,-0.35
221337,538.0,170.192,0.0,0.568,0.0,0.0,-0.35
221338,539.0,170.091,0.0,0.101,0.0,0.0,-0.35
221339,540.0,170.039,0.0,0.052,0.0,0.0,-0.35
221340,541.0,170.401,0.0,0.362,0.0,0.0,-0.35
221341,542.0,169.822,0.0,0.579,0.0,0.0,-0.35
221342,543.0,169.753,0.0,0.069,0.0,0.0,-0.35
221343,544.0,169.898,0.0,0.145,0.0,0.0,-0.35
221344,545.0,169.6,0.0,0.298,0.0,0.0,-0.35
221345,546.0,169.898,0.0,0.298,0.0,0.0,-0.35
221346,547.0,170.276,0.0,0.378,0.0,0.0,-0.35
221347,548.0,169.862,0.202524,0.460882,0.460882,0.460882,-0.857
221348,549.0,170.591,2.517585,2.621006,2.621006,2.160124,-22.82254
221349,550.0,170.654,5.006639,5.007035,5.007035,2.386029,-21.68321
221350,551.0,171.061,7.1461,7.157681,7.157681,2.150646,-33.32712
221351,552.0,172.24,8.748003,8.827095,8.827095,1.669414,-45.22902
221352,553.0,172.092,10.245559,10.246628,10.246628,1.419533,-27.31573
221353,554.0,173.13,11.321448,11.368932,11.368932,1.122304,-38.07367
221355,556.0,175.455,29.078012,29.170814,14.585407,1.608238,-59.93726
221356,557.0,175.632,13.541438,13.542594,13.542594,-1.042813,6.70553
221357,558.0,176.872,13.732781,13.78865,13.78865,0.246056,-24.7508
221358,559.0,177.865,14.902219,14.935267,14.935267,1.146617,-45.60548
221359,560.0,179.173,14.861705,14.919153,14.919153,-0.016114,-19.77509
221400,561.0,180.344,16.105039,16.147555,16.147555,1.228402,-54.1816
221401,562.0,181.406,15.489613,15.525977,15.525977,-0.621578,-1.90496
221402,563.0,182.307,14.557043,14.5849,14.5849,-0.941077,1.91296
221403,564.0,181.691,13.655076,13.668963,13.668963,-0.915937,9.94362
221404,565.0,182.516,12.784084,12.810677,12.810677,-0.858286,2.06743
221405,566.0,182.423,12.01854,12.0189,12.0189,-0.791777,6.56223
221406,567.0,182.439,11.430457,11.430468,11.430468,-0.588432,4.31808
221407,568.0,182.83,12.03088,12.037232,12.037232,0.606764,-16.33334
221408,569.0,182.162,10.330735,10.352309,10.352309,-1.684923,13.55312
221409,570.0,181.305,9.932723,9.969626,9.969626,-0.382683,7.1684
221410,571.0,181.451,9.267898,9.269047,9.269047,-0.700579,3.22936
221411,572.0,180.967,8.162065,8.176403,8.176403,-1.092644,7.74423
221412,573.0,180.743,6.803514,6.8072,6.8072,-1.369203,6.43592
221413,574.0,180.883,5.434809,5.436612,5.436612,-1.370588,3.3761
221414,575.0,180.729,4.24483,4.247623,4.247623,-1.188989,3.52917
221415,576.0,180.798,2.710571,2.711449,2.711449,-1.536174,1.74516
221416,577.0,180.267,1.438779,1.533638,1.533638,-1.177811,3.54763
221417,578.0,180.119,0.337526,0.368548,0.368548,-1.16509,-0.08971
221418,579.0,180.991,0.35633,0.941995,0.941995,0.573447,-16.55107
221419,580.0,180.404,0.554367,0.807398,0.807398,-0.134597,2.87164
221420,581.0,180.259,0.611207,0.628171,0.628171,-0.179227,0.52592
221421,582.0,179.797,0.344154,0.576095,0.576095,-0.052076,2.15098
221422,583.0,180.983,0.22239,1.20667,1.20667,0.630575,-22.45185
221423,584.0,180.581,0.0,0.402,0.0,-1.20667,-0.35
221424,585.0,180.589,0.111195,0.111482,0.111482,0.111482,-0.34786
221425,586.0,180.151,0.13974,0.459751,0.459751,0.348269,-0.76209
221426,587.0,180.288,0.0,0.137,0.0,-0.459751,-0.35
221427,588.0,180.629,0.0,0.341,0.0,0.0,-0.35
221428,589.0,180.151,0.111195,0.490763,0.490763,0.490763,-0.9164
221429,590.0,179.974,0.0,0.177,0.0,-0.490763,-0.35
221430,591.0,179.752,0.084634,0.237586,0.237586,0.237586,-0.51537
221431,592.0,180.629,0.0,0.877,0.0,-0.237586,-0.35
221432,593.0,180.605,0.0,0.024,0.0,0.0,-0.35
221433,594.0,180.914,0.0,0.309,0.0,0.0,-0.35
221434,595.0,180.758,0.253902,0.297997,0.297997,0.297997,-0.58999
221435,596.0,181.036,2.200485,2.217977,2.217977,1.91998,-12.39127
221436,597.0,180.637,4.570239,4.587623,4.587623,2.369646,-14.20584
221437,598.0,180.566,6.605201,6.605583,6.605583,2.01796,-25.11003
221438,599.0,180.267,8.127913,8.13341,8.13341,1.527827,-19.96423
221439,600.0,180.204,9.65853,9.658735,9.658735,1.525325,-28.91648
221440,601.0,180.473,10.542232,10.545664,10.545664,0.886929,-18.63642
221441,602.0,179.905,11.516681,11.530679,11.530679,0.985015,-14.67124
221442,603.0,179.289,12.440844,12.456085,12.456085,0.925406,-14.79471
221443,604.0,179.503,15.296114,15.297611,15.297611,2.841526,-79.58091
221444,605.0,179.366,15.13278,15.133401,15.133401,-0.16421,0.90285
221445,606.0,177.902,16.025692,16.092424,16.092424,0.959023,-2.57628
221446,607.0,177.572,16.171753,16.175119,16.175119,0.082695,-1.05419
221447,608.0,177.242,16.402423,16.405742,16.405742,0.230623,-2.58824
221448,609.0,178.071,16.386546,16.407502,16.407502,0.00176,-12.40261
221449,610.0,176.502,16.633355,16.707192,16.707192,0.29969,3.00248
221450,611.0,176.348,16.845528,16.846232,16.846232,0.13904,-3.17188
221451,612.0,175.648,17.020099,17.034487,17.034487,0.188255,-0.94398
221452,613.0,174.94,17.127577,17.142204,17.142204,0.107717,-0.27956
221453,614.0,174.631,17.174248,17.177028,17.177028,0.034824,-1.75007
221454,615.0,173.907,17.294764,17.309912,17.309912,0.132884,-0.61265
221455,616.0,174.063,17.457173,17.45787,17.45787,0.147958,-5.61361
221456,617.0,173.423,17.538421,17.550094,17.550094,0.092224,-0.94238
221457,618.0,172.847,17.6197,17.629113,17.629113,0.079019,-1.24335
221458,619.0,172.409,17.701011,17.706429,17.706429,0.077316,-2.04221
221459,620.0,171.539,17.722455,17.743796,17.743796,0.037367,0.57817
221500,621.0,171.191,17.910979,17.91436,17.91436,0.170564,-3.65167
221501,622.0,170.268,18.104283,18.127796,18.127796,0.213436,-1.29069
221502,623.0,170.031,18.223452,18.224993,18.224993,0.097197,-3.89291
221503,624.0,168.517,18.568112,18.629734,18.629734,0.404741,-0.72052
221504,625.0,167.853,19.042589,19.054162,19.054162,0.424428,-6.00693
221505,626.0,167.092,19.3824,19.397334,19.397334,0.343172,-5.14519
221506,627.0,166.738,19.720914,19.72409,19.72409,0.326756,-7.59059
221507,628.0,166.17,19.889238,19.897347,19.897347,0.173257,-5.06915
221508,629.0,165.193,19.809288,19.833367,19.833367,-0.06398,-0.28918
221509,630.0,163.486,19.805544,19.878969,19.878969,0.045602,2.33581
221510,631.0,163.549,19.55166,19.551761,19.551761,-0.327208,-2.66233
221511,632.0,162.949,19.636288,19.645453,19.645453,0.093692,-3.71356
221512,633.0,162.011,19.555454,19.577937,19.577937,-0.067516,-0.14178
221513,634.0,160.904,19.673087,19.704208,19.704208,0.126271,-1.45941
221514,635.0,160.859,19.773385,19.773436,19.773436,0.069228,-6.55215
221515,636.0,159.29,19.695911,19.758306,19.758306,-0.01513,2.4111
221516,637.0,159.221,19.519124,19.519246,19.519246,-0.23906,-2.85579
221517,638.0,158.243,19.280027,19.304816,19.304816,-0.21443,1.92642
221518,639.0,157.646,19.080973,19.09031,19.09031,-0.214506,0.15312
221519,640.0,156.914,19.221194,19.235128,19.235128,0.144818,-3.01357
221520,641.0,156.409,19.223414,19.230046,19.230046,-0.005082,-2.65399
221521,642.0,155.826,19.066261,19.075172,19.075172,-0.154874,-0.51616
221522,643.0,154.533,18.548749,18.593761,18.593761,-0.481411,7.03178
221523,644.0,153.852,18.783885,18.796226,18.796226,0.202465,-3.3026
221524,645.0,153.421,19.169519,19.174364,19.174364,0.378138,-6.93098
221525,646.0,152.66,19.447477,19.462361,19.462361,0.287997,-4.65824
221526,647.0,152.192,19.580148,19.58574,19.58574,0.123379,-4.64359
221527,648.0,151.754,19.665935,19.670812,19.670812,0.085072,-4.50943
221528,649.0,150.681,19.518465,19.547936,19.547936,-0.122876,1.19152
221529,650.0,149.88,19.435159,19.451658,19.451658,-0.096278,-0.40885
221530,651.0,150.02,19.427969,19.428473,19.428473,-0.023185,-6.11361
221531,652.0,149.051,19.315628,19.339919,19.339919,-0.088554,0.53067
221532,653.0,148.369,19.511223,19.523139,19.523139,0.18322,-4.05923
221533,654.0,148.253,20.264186,20.264518,20.264518,0.741379,-44.35811
221534,655.0,148.076,21.9385,21.939214,21.939214,1.674696,-86.97948
221535,656.0,148.163,22.329131,22.329301,22.329301,0.390087,-18.7221
221536,657.0,148.091,21.963984,21.964102,21.964102,-0.365199,-4.37318
221537,658.0,148.099,21.469256,21.469258,21.469258,-0.494844,-2.67399
221538,659.0,149.413,20.498257,20.54033,20.54033,-0.928928,-3.72611
221539,660.0,148.913,20.349035,20.355177,20.355177,-0.185153,-2.1414
221540,661.0,149.059,20.328072,20.328596,20.328596,-0.026581,-7.25425
221541,662.0,149.199,20.328081,20.328564,20.328564,-3.2e-05,-7.51301
221542,663.0,149.775,20.333568,20.341725,20.341725,0.013161,-10.65534
221543,664.0,149.267,20.214651,20.221033,20.221033,-0.120692,-2.63646
221544,665.0,150.287,20.482778,20.508159,20.508159,0.287126,-28.81936
221545,666.0,151.178,20.910504,20.929479,20.929479,0.42132,-32.13045
221546,667.0,151.746,21.520826,21.528321,21.528321,0.598842,-34.2099
221547,668.0,152.184,21.604381,21.60882,21.60882,0.080499,-11.79982
221548,669.0,152.483,21.503315,21.505394,21.505394,-0.103426,-8.78364
221549,670.0,152.575,21.386213,21.386411,21.386411,-0.118983,-7.34798
221550,671.0,153.469,21.386222,21.4049,21.4049,0.018489,-17.2978
221551,672.0,153.659,21.454123,21.454965,21.454965,0.050065,-9.91114
221552,673.0,154.597,21.386239,21.4068,21.4068,-0.048165,-15.49959
221553,674.0,155.242,21.355005,21.364744,21.364744,-0.042056,-11.12311
221554,675.0,154.758,21.355013,21.360497,21.360497,-0.004247,-5.59103
221555,676.0,155.033,21.187325,21.189109,21.189109,-0.171388,-7.44997
221556,677.0,155.826,21.286576,21.301342,21.301342,0.112233,-19.03882
221557,678.0,156.14,21.01967,21.022015,21.022015,-0.279327,-6.21627
221558,679.0,156.193,20.951496,20.951563,20.951563,-0.070452,-7.10624
221559,680.0,156.579,20.8348,20.838375,20.838375,-0.113188,-8.23312
221600,681.0,156.647,20.584223,20.584335,20.584335,-0.25404,-4.66282
221601,682.0,156.914,20.602544,20.604274,20.604274,0.019939,-8.7759
221602,683.0,156.563,20.53809,20.541089,20.541089,-0.063185,-4.50807
221603,684.0,156.349,20.50074,20.501857,20.501857,-0.039232,-5.44416
221604,685.0,156.486,20.065167,20.065634,20.065634,-0.436223,-2.44183
221605,686.0,156.055,19.499385,19.504147,19.504147,-0.561487,2.4573
221606,687.0,155.672,19.194285,19.198106,19.198106,-0.306041,-0.14945
221607,688.0,156.293,18.943557,18.953733,18.953733,-0.244373,-5.82375
221608,689.0,156.555,18.591768,18.593614,18.593614,-0.360119,-2.39188
221609,690.0,156.317,18.006779,18.008351,18.008351,-0.585263,2.98204
221610,691.0,156.478,17.738458,17.739189,17.739189,-0.269162,-1.93207
221611,692.0,157.184,17.960474,17.974345,17.974345,0.235156,-18.62875
221612,693.0,157.984,18.108444,18.126107,18.126107,0.151762,-17.71428
221613,694.0,158.5,18.240183,18.247481,18.247481,0.121374,-11.77519
221614,695.0,159.435,18.156549,18.180608,18.180608,-0.066873,-12.96638
221615,696.0,159.189,18.056155,18.05783,18.05783,-0.122778,-1.5101
221616,697.0,159.612,17.905694,17.91069,17.91069,-0.14714,-4.65423
221617,698.0,161.557,17.872525,17.978047,17.978047,0.067357,-35.16473
221618,699.0,162.418,18.123858,18.144298,18.144298,0.166251,-19.28953
221619,700.0,163.348,18.558561,18.581848,18.581848,0.43755,-30.02451
221620,701.0,163.142,18.878107,18.879231,18.879231,0.297383,-6.88362
221621,702.0,163.863,19.019217,19.032878,19.032878,0.153647,-17.17531
221622,703.0,164.424,18.977742,18.986032,18.986032,-0.046846,-7.56085
221623,704.0,165.776,19.187722,19.235295,19.235295,0.249263,-31.88589
221624,705.0,166.062,19.210594,19.212723,19.212723,-0.022572,-6.6294
221625,706.0,166.638,19.340754,19.34933,19.34933,0.136607,-14.29614
221626,707.0,167.047,19.234092,19.23844,19.23844,-0.11089,-6.39567
221627,708.0,167.623,18.879648,18.888433,18.888433,-0.350007,-4.44422
221628,709.0,168.038,18.77359,18.778176,18.778176,-0.110257,-5.90702
221629,710.0,168.601,18.419403,18.428005,18.428005,-0.350171,-3.92156
221630,711.0,169.801,18.104523,18.144248,18.144248,-0.283757,-10.53742
221631,712.0,170.152,17.710623,17.714101,17.714101,-0.430147,-1.37831
221632,713.0,170.083,17.571467,17.571602,17.571602,-0.142499,-1.76099
221633,714.0,170.007,17.437993,17.438158,17.438158,-0.133444,-1.67764
221634,715.0,170.268,17.60561,17.607545,17.607545,0.169387,-8.27994
221635,716.0,170.353,17.660053,17.660257,17.660257,0.052712,-4.51769
221636,717.0,170.083,17.59869,17.600761,17.600761,-0.059496,-1.51497
221637,718.0,170.337,17.52538,17.527221,17.527221,-0.07354,-4.07294
221638,719.0,169.785,17.514445,17.523142,17.523142,-0.004079,-0.4684
221639,720.0,169.793,17.410327,17.410329,17.410329,-0.112813,-2.2871
221640,721.0,168.799,17.588515,17.61658,17.61658,0.206251,-0.22839
221641,722.0,168.038,17.579025,17.595489,17.595489,-0.021091,0.71932
221642,723.0,167.354,17.224437,17.238013,17.238013,-0.357476,3.80583
221643,724.0,166.923,16.950408,16.955887,16.955887,-0.282126,2.01654
221644,725.0,166.062,17.0175,17.039267,17.039267,0.08338,0.8633
221645,726.0,164.979,17.02077,17.05519,17.05519,0.015923,2.63774
221646,727.0,164.564,16.927053,16.93214,16.93214,-0.12305,0.50297
221647,728.0,163.272,16.842785,16.892266,16.892266,-0.039874,4.41453
221648,729.0,162.793,16.588884,16.595798,16.595798,-0.296468,2.70053
221649,730.0,162.41,16.250351,16.254864,16.254864,-0.340934,2.85454
221650,731.0,161.657,16.334605,16.351952,16.351952,0.097088,0.87935
221651,732.0,160.859,16.165717,16.185402,16.185402,-0.16655,3.57902
221652,733.0,160.859,16.250351,16.250351,16.250351,0.064949,-2.71376
221653,734.0,159.913,16.504251,16.53134,16.53134,0.280989,0.08099
221654,735.0,159.406,17.014958,17.02251,17.02251,0.49117,-4.72321
221655,736.0,159.12,17.125586,17.127974,17.127974,0.105464,-2.46993
221656,737.0,158.476,17.35701,17.368953,17.368953,0.240979,-2.10994
221657,738.0,157.831,17.438025,17.449949,17.449949,0.080996,-0.69784
221658,739.0,157.255,17.62842,17.637828,17.637828,0.187879,-2.28488
221659,740.0,156.515,17.775512,17.790909,17.790909,0.153081,-1.26672
221700,741.0,156.24,18.047606,18.049701,18.049701,0.258792,-5.05478
221701,742.0,155.387,18.58871,18.608271,18.608271,0.55857,-5.71964
221702,743.0,154.935,18.94669,18.952081,18.952081,0.34381,-6.15612
221703,744.0,154.734,18.946674,18.947741,18.947741,-0.00434,-3.92504
221704,745.0,153.252,18.831228,18.889454,18.889454,-0.058287,3.45632
221705,746.0,153.099,18.596385,18.597014,18.597014,-0.29244,-0.88111
221706,747.0,152.731,18.495569,18.49923,18.49923,-0.097784,-1.58587
221707,748.0,152.208,18.344968,18.352422,18.352422,-0.146808,-0.12233
221708,749.0,152.023,17.941534,17.942487,17.942487,-0.409935,1.06173
221709,750.0,150.287,17.208505,17.295847,17.295847,-0.64664,12.00432
221710,751.0,149.513,17.034481,17.052056,17.052056,-0.243791,3.39439
221711,752.0,148.961,16.667265,16.676403,16.676403,-0.375653,3.73187
221712,753.0,147.817,16.298961,16.339059,16.339059,-0.337344,6.77785
221713,754.0,146.947,15.990311,16.01396,16.01396,-0.325099,5.46991
221714,755.0,145.666,15.509465,15.562277,15.562277,-0.451683,9.0252
221715,756.0,145.351,14.573824,14.577228,14.577228,-0.985049,8.6821
221716,757.0,144.593,14.129181,14.149499,14.149499,-0.427729,6.87308
221717,758.0,143.832,13.57473,13.596044,13.596044,-0.553455,8.07237
221718,759.0,142.72,12.767971,12.816303,12.816303,-0.779741,11.75302
221719,760.0,141.554,12.04537,12.101673,12.101673,-0.71463,11.71792
221720,761.0,141.203,12.135429,12.140504,12.140504,0.038831,2.48635
221721,762.0,140.503,11.063142,11.085266,11.085266,-1.055238,10.72761
221722,763.0,139.689,10.382185,10.414046,10.414046,-0.67122,8.70722
221723,764.0,139.689,9.870447,9.870447,9.870447,-0.543599,3.46656
221724,765.0,139.131,9.635843,9.651986,9.651986,-0.218461,4.63287
221725,766.0,138.761,10.279112,10.285769,10.285769,0.633783,-8.87478
221726,767.0,138.003,10.640824,10.667788,10.667788,0.382019,2.48937
221727,768.0,137.435,10.573485,10.58873,10.58873,-0.079058,4.1197
221728,769.0,137.43,10.827709,10.82771,10.82771,0.23898,-8.478
221729,770.0,137.926,11.292528,11.303416,11.303416,0.475706,-15.12747
221731,772.0,137.29,28.506636,28.513729,14.256865,1.476724,-39.76738
221732,773.0,137.152,12.45642,12.457184,12.457184,-1.799681,13.50745
221733,774.0,137.192,11.902672,11.90274,11.90274,-0.554444,4.19137
221734,775.0,137.076,10.674713,10.675343,10.675343,-1.227397,8.34595
221735,776.0,137.374,10.050753,10.05517,10.05517,-0.620173,2.38476
221736,777.0,138.217,10.455406,10.489336,10.489336,0.434166,-20.16276
221737,778.0,137.903,8.784807,8.790417,8.790417,-1.698919,10.14535
221738,779.0,137.966,9.032202,9.032422,9.032422,0.242005,-2.63872
221739,780.0,138.978,9.450058,9.504091,9.504091,0.471669,-23.44734
221740,781.0,139.039,9.947895,9.948082,9.948082,0.443991,-6.26802
221741,782.0,139.139,10.832006,10.832467,10.832467,0.884385,-15.91766
221742,783.0,138.732,10.691054,10.698798,10.698798,-0.133669,3.60323
221743,784.0,140.035,9.76402,9.850579,9.850579,-0.848219,-5.24455
221744,785.0,139.937,9.291824,9.292341,9.292341,-0.558238,3.81788
221745,786.0,140.788,8.827825,8.868748,8.868748,-0.423593,-5.93657
221746,787.0,140.941,8.658183,8.659534,8.659534,-0.209214,0.60242
221747,788.0,141.264,8.355132,8.361373,8.361373,-0.298161,0.03804
221748,789.0,141.401,8.367117,8.368238,8.368238,0.006865,-0.35614
221749,790.0,142.26,9.07707,9.117625,9.117625,0.749387,-25.13782
221750,791.0,142.384,10.06198,10.062744,10.062744,0.945119,-16.55257
221751,792.0,143.211,11.657834,11.68713,11.68713,1.624386,-45.43775
221752,793.0,143.932,12.993532,13.01352,13.01352,1.32639,-40.40796
221753,794.0,144.07,15.965452,15.966049,15.966049,2.952529,-85.15237
221754,795.0,145.306,14.273207,14.326623,14.326623,-1.639426,5.59743
221756,797.0,146.205,33.859317,33.87125,16.935625,1.304501,-45.83307
221757,798.0,147.233,16.674278,16.705937,16.705937,-0.229688,-9.07696
221758,799.0,147.917,16.005144,16.019753,16.019753,-0.686184,0.37415
221759,800.0,147.679,14.883177,14.88508,14.88508,-1.134673,9.39373
221800,801.0,148.123,13.819689,13.826819,13.826819,-1.058261,5.37616
221801,802.0,147.233,13.053725,13.084029,13.084029,-0.74279,10.26847
221802,803.0,147.732,12.737312,12.747083,12.747083,-0.336946,0.22196
221803,804.0,148.329,13.013337,13.027024,13.027024,0.279941,-13.58281
221804,805.0,148.406,13.663436,13.663653,13.663653,0.636629,-13.66791
221806,807.0,148.406,29.944508,29.944508,14.972254,0.6543,-26.15496
221807,808.0,149.452,14.371263,14.409279,14.409279,-0.562975,-1.73693
221808,809.0,149.452,13.62329,13.62329,13.62329,-0.785989,5.74882
221810,811.0,150.802,25.100706,25.136984,12.568492,-0.527399,0.65298
221811,812.0,150.263,12.599399,12.610923,12.610923,0.042431,3.18251
221812,813.0,149.843,10.827537,10.83568,10.83568,-1.775243,13.27263
221813,814.0,149.796,10.276326,10.276433,10.276433,-0.559247,3.9709
221814,815.0,150.158,10.079528,10.086026,10.086026,-0.190407,-0.27204
221815,816.0,150.012,9.803765,9.804852,9.804852,-0.281174,2.82513
221816,817.0,150.174,10.177802,10.179091,10.179091,0.374239,-6.86464
221817,818.0,150.665,10.591483,10.602858,10.602858,0.423767,-13.75684
221818,819.0,150.71,11.063703,11.063795,11.063795,0.460937,-6.73306
221819,820.0,150.964,11.339485,11.342329,11.342329,0.278534,-6.80367
221820,821.0,151.423,11.517632,11.526775,11.526775,0.184446,-8.48648
221821,822.0,151.608,11.241479,11.243001,11.243001,-0.283774,1.49796
221822,823.0,151.632,11.103466,11.103492,11.103492,-0.139509,1.44554
221823,824.0,152.015,10.925901,10.932611,10.932611,-0.170881,-0.30114
221824,825.0,151.669,10.925904,10.931381,10.931381,-0.00123,2.54935
221825,826.0,153.03,10.985749,11.069734,11.069734,0.138353,-23.63013
221826,827.0,152.93,11.398548,11.398986,11.398986,0.329252,-9.16019
221827,828.0,153.204,11.8118,11.814977,11.814977,0.415991,-10.11144
221828,829.0,152.692,12.599461,12.609859,12.609859,0.794882,-14.1129
221829,830.0,153.389,13.387407,13.405539,13.405539,0.79568,-28.1573
221830,831.0,153.743,15.257315,15.261422,15.261422,1.855883,-54.64708
221831,832.0,153.421,14.411442,14.415039,14.415039,-0.846383,7.68142
221832,833.0,153.989,14.843572,14.854436,14.854436,0.439397,-18.85539
221833,834.0,153.574,15.355479,15.361086,15.361086,0.50665,-15.78373
221834,835.0,154.512,15.453808,15.482249,15.482249,0.121163,-17.25763
221835,836.0,154.38,15.552311,15.552871,15.552871,0.070622,-1.40764
221836,837.0,154.396,15.276916,15.276924,15.276924,-0.275947,0.90776
221837,838.0,155.471,14.843602,14.882477,14.882477,-0.394447,-5.43663
221838,839.0,155.025,14.430167,14.437058,14.437058,-0.445419,5.21385
221839,840.0,155.004,14.017076,14.017092,14.017092,-0.419966,2.98871
221840,841.0,155.173,13.840955,13.841987,13.841987,-0.175105,0.24655
221841,842.0,155.503,13.406616,13.410676,13.410676,-0.431311,1.49911
221842,843.0,155.68,13.682086,13.683231,13.683231,0.272555,-6.45999
221843,844.0,155.434,12.762243,12.764614,12.764614,-0.918617,8.14367
221844,845.0,155.21,12.596113,12.598104,12.598104,-0.16651,2.94362
221845,846.0,155.133,12.564615,12.564851,12.564851,-0.033253,1.28262
221846,847.0,154.441,13.030671,13.049032,13.049032,0.484181,0.61393
221847,848.0,155.125,13.256911,13.274545,13.274545,0.225513,-14.0104
221848,849.0,156.462,13.403003,13.469523,13.469523,0.194978,-24.98845
221849,850.0,156.425,13.894818,13.894867,13.894867,0.425344,-16.82457
221850,851.0,156.631,15.440081,15.441455,15.441455,1.546588,-44.0596
221851,852.0,155.902,13.755189,13.774493,13.774493,-1.666962,16.08802
221852,853.0,156.523,13.662749,13.676855,13.676855,-0.097638,-5.1753
221853,854.0,156.946,13.662756,13.669302,13.669302,-0.007553,-3.88827
221854,855.0,156.248,13.755208,13.772907,13.772907,0.103605,2.79985
221855,856.0,156.608,13.710143,13.714869,13.714869,-0.058038,-1.5494
221856,857.0,156.563,13.662775,13.662849,13.662849,-0.05202,0.57877
221857,858.0,156.777,13.662781,13.664457,13.664457,0.001608,-1.1841
221858,859.0,155.971,13.755234,13.778828,13.778828,0.114371,3.28577
221859,860.0,156.848,13.662794,13.690912,13.690912,-0.087916,-9.96098
221900,861.0,156.409,13.662801,13.669852,13.669852,-0.02106,2.42657
221901,862.0,156.692,13.755253,13.758164,13.758164,0.088312,-3.81513
221902,863.0,156.571,13.662814,13.663349,13.663349,-0.094815,1.29438
221903,864.0,155.995,13.66282,13.674956,13.674956,0.011607,2.90603
221904,865.0,156.003,13.755272,13.755275,13.755275,0.080319,-0.74191
221905,866.0,157.03,13.662833,13.701377,13.701377,-0.053898,-13.46764
221906,867.0,157.276,13.66284,13.665054,13.665054,-0.036323,-1.07452
221907,868.0,156.764,13.755292,13.764817,13.764817,0.099763,1.85236
221908,869.0,157.332,13.662852,13.674654,13.674654,-0.090163,-4.41951
221909,870.0,157.546,13.662859,13.664535,13.664535,-0.010119,-1.09795
221910,871.0,157.284,13.662865,13.665377,13.665377,0.000842,1.33398
221911,872.0,156.993,13.755317,13.758395,13.758395,0.093018,0.74031
221912,873.0,157.163,13.662878,13.663936,13.663936,-0.094459,-0.245
221913,874.0,158.077,13.662885,13.693422,13.693422,0.029486,-13.52641
221914,875.0,157.868,13.755336,13.756924,13.756924,0.063502,0.52697
221915,876.0,158.145,13.662898,13.665705,13.665705,-0.091219,-0.83492
221916,877.0,157.892,13.662904,13.665246,13.665246,-0.000459,1.29609
221917,878.0,158.391,13.710288,13.719366,13.719366,0.05412,-6.78216
221918,879.0,157.839,13.755362,13.766433,13.766433,0.047067,2.45271
221919,880.0,157.723,13.662924,13.663416,13.663416,-0.103017,1.3282
222243,1084.0,161.972,1385.331242,1385.337758,6.790871,-0.033689,0.24877
222244,1085.0,160.904,9.821021,9.878921,9.878921,3.08805,-39.70865
222246,1087.0,161.411,18.25443,18.26147,9.130735,-0.374093,0.98925
222247,1088.0,161.049,7.776835,7.785256,7.785256,-1.345479,7.88727
222248,1089.0,160.598,10.934752,10.944049,10.944049,3.158793,-58.47059
222249,1090.0,161.327,8.660159,8.690788,8.690788,-2.253261,7.12876
222251,1092.0,162.127,26.543779,26.555832,13.277916,2.293564,-58.64862
222252,1093.0,161.512,15.318396,15.330737,15.330737,2.052821,-55.03544
222254,1095.0,162.378,36.028425,36.038831,18.019416,1.34434,-49.98754
222255,1096.0,162.672,17.091842,17.09437,17.09437,-0.925046,3.98452
222256,1097.0,163.771,16.331438,16.368374,16.368374,-0.725996,-1.66439
222257,1098.0,163.916,16.723466,16.724094,16.724094,0.35572,-11.12409
222258,1099.0,164.455,15.873892,15.883041,15.883041,-0.841053,2.53633
222259,1100.0,164.979,16.035851,16.04441,16.04441,0.161369,-11.44867
222300,1101.0,167.069,16.26945,16.403143,16.403143,0.358733,-45.36879
222301,1102.0,167.861,16.455688,16.474737,16.474737,0.071594,-13.85697
222302,1103.0,168.461,16.100074,16.11125,16.11125,-0.363487,-2.03253
222303,1104.0,169.254,16.085356,16.104891,16.104891,-0.006359,-11.38223
222304,1105.0,169.885,15.86928,15.88182,15.88182,-0.223071,-3.23138
222305,1106.0,170.984,16.367025,16.403881,16.403881,0.522061,-32.63057
222306,1107.0,171.722,16.203563,16.220361,16.220361,-0.18352,-5.26039
222307,1108.0,172.422,16.207966,16.223075,16.223075,0.002714,-10.05217
222308,1109.0,172.678,16.338718,16.340723,16.340723,0.117648,-5.62614
222309,1110.0,172.847,16.023917,16.024808,16.024808,-0.315915,-0.10481
222310,1111.0,173.331,16.710823,16.717831,16.717831,0.693023,-27.33683
222311,1112.0,173.468,15.777194,15.777788,15.777788,-0.940043,5.54564
222312,1113.0,173.616,15.881313,15.882003,15.882003,0.104215,-3.47921
222313,1114.0,174.2,16.372141,16.382553,16.382553,0.50055,-22.8241
222314,1115.0,174.409,16.661589,16.6629,16.6629,0.280347,-9.92117
222315,1116.0,174.47,16.897045,16.897155,16.897155,0.234255,-6.12177
222316,1117.0,175.001,16.260563,16.269231,16.269231,-0.627924,0.52996
222317,1118.0,174.562,15.90465,15.910708,15.910708,-0.358523,3.55465
222318,1119.0,174.517,15.943674,15.943738,15.943738,0.03303,-1.90896
222319,1120.0,174.623,16.147333,16.147681,16.147681,0.203943,-5.35415
222320,1121.0,174.961,16.271197,16.274707,16.274707,0.127026,-7.31289
222321,1122.0,175.033,15.683731,15.683896,15.683896,-0.590811,2.9769
222322,1123.0,175.733,15.488591,15.504401,15.504401,-0.179495,-4.62005
222323,1124.0,175.886,15.340206,15.340969,15.340969,-0.163432,-0.79071
222324,1125.0,176.687,15.212386,15.23346,15.23346,-0.107509,-8.37278
222325,1126.0,177.009,15.051331,15.054775,15.054775,-0.178685,-1.34498
222326,1127.0,177.21,15.021009,15.022353,15.022353,-0.032422,-1.86514
222327,1128.0,177.532,14.420246,14.423841,14.423841,-0.598512,2.35319
222328,1129.0,177.781,13.55824,13.560526,13.560526,-0.863315,5.01327
222329,1130.0,177.725,12.751784,12.751907,12.751907,-0.808619,6.38608
222330,1131.0,177.749,11.928033,11.928057,11.928057,-0.82385,6.01526
222331,1132.0,178.103,11.052685,11.058352,11.058352,-0.869705,4.03885
222332,1133.0,177.894,11.582003,11.583888,11.583888,0.525536,-11.53369
222333,1134.0,178.232,8.917656,8.92406,8.92406,-2.659828,11.45518
222334,1135.0,178.803,7.319246,7.341485,7.341485,-1.582575,3.52993
222335,1136.0,178.589,5.952625,5.956471,5.956471,-1.385014,5.72369
222336,1137.0,178.872,4.846403,4.854658,4.854658,-1.101813,1.43649
222337,1138.0,178.618,4.054703,4.062651,4.062651,-0.792007,3.05468
222338,1139.0,178.687,3.450068,3.450758,3.450758,-0.611893,0.70163
222339,1140.0,178.65,2.761837,2.762084,2.762084,-0.688674,1.09102
222340,1141.0,178.795,0.94326,0.95434,0.95434,-1.807744,-0.11135
222341,1142.0,178.803,0.559037,0.559094,0.559094,-0.395246,-0.229
222342,1143.0,179.305,1.213761,1.313476,1.313476,0.754382,-10.7005
222343,1144.0,178.795,1.34807,1.441317,1.441317,0.127841,2.35804
222344,1145.0,179.096,0.755017,0.812804,0.812804,-0.628513,-4.55092
222345,1146.0,178.119,0.337597,1.033683,1.033683,0.220879,4.76734
222346,1147.0,178.304,0.111195,0.215846,0.215846,-0.817837,-0.2379
222347,1148.0,178.602,0.139759,0.329145,0.329145,0.113299,-0.344
222348,1149.0,178.88,0.084666,0.290607,0.290607,-0.038538,-0.32095
222349,1150.0,179.334,0.0,0.454,0.0,-0.290607,-0.35
222350,1151.0,178.911,0.111195,0.437371,0.437371,0.437371,-0.81253
222351,1152.0,179.474,0.405154,0.693627,0.693627,0.256256,-10.47808
222352,1153.0,179.842,2.430926,2.458623,2.458623,1.764996,-14.06889
222353,1154.0,179.411,4.986156,5.004749,5.004749,2.546126,-17.14967
222354,1155.0,180.011,7.363656,7.38806,7.38806,2.383311,-40.67831
222355,1156.0,180.444,9.09245,9.102754,9.102754,1.714694,-33.4611
222356,1157.0,180.452,10.358312,10.358315,10.358315,1.255561,-20.69289
222357,1158.0,180.312,11.183066,11.183943,11.183943,0.825628,-18.26315
222358,1159.0,181.076,11.968356,11.992716,11.992716,0.808773,-27.37933
222359,1160.0,181.028,12.454343,12.454435,12.454435,0.461719,-14.42271
222400,1161.0,181.467,12.756004,12.763556,12.763556,0.309121,-11.25971
222401,1162.0,181.744,12.969476,12.972434,12.972434,0.208878,-6.19941
222402,1163.0,181.667,13.571764,13.571982,13.571982,0.599548,-19.68265
222403,1164.0,182.206,15.668507,15.677776,15.677776,2.105794,-66.59648
222404,1165.0,183.639,14.698637,14.768325,14.768325,-0.909451,-1.19854
222405,1166.0,183.639,15.172077,15.172077,15.172077,0.403752,-19.83187
222406,1167.0,183.887,15.65345,15.655414,15.655414,0.483337,-15.3879
222407,1168.0,184.217,14.698665,14.702369,14.702369,-0.953045,4.98974
222408,1169.0,184.434,14.602947,14.60456,14.60456,-0.097809,-1.10931
222409,1170.0,184.894,15.127735,15.134727,15.134727,0.530167,-19.76168
222410,1171.0,185.689,15.815455,15.835424,15.835424,0.700697,-31.5584
222411,1172.0,185.758,15.567562,15.567715,15.567715,-0.267709,0.35015
222412,1173.0,186.167,15.25707,15.262551,15.262551,-0.305164,-0.91919
222413,1174.0,187.084,14.86386,14.892119,14.892119,-0.370432,-3.28277
222414,1175.0,187.298,15.008988,15.010514,15.010514,0.118395,-4.04708
222415,1176.0,187.668,14.882484,14.887082,14.887082,-0.123432,-1.92117
222416,1177.0,188.545,15.940498,15.964605,15.964605,1.077523,-44.11867
222417,1178.0,189.063,15.589379,15.597983,15.597983,-0.366622,-1.21241
222418,1179.0,189.341,16.010549,16.012962,16.012962,0.414979,-14.41222
222419,1180.0,189.734,15.721311,15.726223,15.726223,-0.286739,-1.31654
222420,1181.0,191.074,16.04745,16.103299,16.103299,0.377076,-32.26446
222421,1182.0,190.82,16.24889,16.250875,16.250875,0.147576,-2.09823
222422,1183.0,191.608,15.898739,15.918256,15.918256,-0.332619,-3.152
222423,1184.0,192.755,15.53566,15.577944,15.577944,-0.340312,-8.03196
222424,1185.0,193.449,15.553715,15.56919,15.56919,-0.008754,-9.33295
222425,1186.0,193.595,15.444024,15.444714,15.444714,-0.124476,-1.15847
222426,1187.0,193.872,15.197372,15.199896,15.199896,-0.244818,-0.67403
222427,1188.0,194.668,15.101085,15.12205,15.12205,-0.077846,-9.07643
222428,1189.0,195.4,14.758202,14.776344,14.776344,-0.345706,-1.98382
222429,1190.0,195.754,13.743244,13.747802,13.747802,-1.028542,5.63932
222430,1191.0,196.573,13.194749,13.220143,13.220143,-0.527659,-0.31905
222431,1192.0,196.248,12.443251,12.447495,12.447495,-0.772648,7.60857
222432,1193.0,197.088,11.569989,11.600442,11.600442,-0.847053,1.65948
222433,1194.0,197.104,12.022732,12.022742,12.022742,0.4223,-5.64936
222434,1195.0,197.498,10.088536,10.096227,10.096227,-1.926515,8.99388
222435,1196.0,197.297,9.251158,9.253342,9.253342,-0.842885,5.76206
222436,1197.0,197.875,8.647292,8.666588,8.666588,-0.586754,0.12045
222437,1198.0,197.727,7.937002,7.938382,7.938382,-0.728206,4.24725
222438,1199.0,198.129,7.079303,7.090708,7.090708,-0.847674,1.37816
222439,1200.0,197.852,5.902397,5.908893,5.908893,-1.181815,5.37005
222440,1201.0,197.667,4.65316,4.656836,4.656836,-1.252057,4.14884
222441,1202.0,197.915,3.29503,3.30435,3.30435,-1.352486,1.01303
222442,1203.0,198.631,1.957392,2.084236,2.084236,-1.220114,-7.89675
222443,1204.0,198.237,1.032489,1.105111,1.105111,-0.979125,2.40023
222444,1205.0,198.306,0.279526,0.287916,0.287916,-0.817195,-0.20057
222445,1206.0,198.169,0.22239,0.261202,0.261202,-0.026714,-0.32556
222446,1207.0,197.939,0.111195,0.255469,0.255469,-0.005733,-0.32898
222447,1208.0,198.293,0.111195,0.371053,0.371053,0.115584,-0.34369
222448,1209.0,198.253,0.237963,0.241302,0.241302,-0.129751,-0.31404
222449,1210.0,198.261,0.581193,0.581248,0.581248,0.339946,-0.6946
222450,1211.0,198.346,0.688326,0.693554,0.693554,0.112306,-1.81457
222451,1212.0,198.531,0.796573,0.817774,0.817774,0.12422,-3.59892
222452,1213.0,199.117,0.452767,0.740537,0.740537,-0.077237,-10.44872
222453,1214.0,199.263,0.611254,0.628449,0.628449,-0.112088,-2.64616
222454,1215.0,199.117,2.263837,2.26854,2.26854,1.640091,-5.09955
222455,1216.0,198.816,4.403049,4.413325,4.413325,2.144785,-13.35066
222456,1217.0,199.411,5.870731,5.900806,5.900806,1.487481,-25.11197
222457,1218.0,198.679,6.933942,6.972473,6.972473,1.071667,0.09696
222458,1219.0,199.125,7.531713,7.544907,7.544907,0.572434,-13.85025
222459,1220.0,199.849,8.259074,8.290747,8.290747,0.74584,-21.88671
222500,1221.0,199.95,10.054821,10.055329,10.055329,1.764582,-31.04479
222502,1223.0,201.239,28.649491,28.678474,14.339237,2.141954,-63.79094
222503,1224.0,201.416,13.273629,13.274809,13.274809,-1.064428,6.88541
222504,1225.0,201.749,13.509755,13.513858,13.513858,0.239049,-8.2833
222505,1226.0,202.69,14.090101,14.121489,14.121489,0.607631,-28.93968
222506,1227.0,202.774,14.949089,14.949325,14.949325,0.827836,-20.89237
222507,1228.0,203.3,15.750458,15.759239,15.759239,0.809914,-29.77232
222508,1229.0,204.008,16.346162,16.361487,16.361487,0.602248,-28.01363
222509,1230.0,203.361,16.474387,16.487087,16.487087,0.1256,-0.07296
222510,1231.0,204.526,16.422368,16.463639,16.463639,-0.023448,-17.64897
222511,1232.0,203.947,16.455518,16.465701,16.465701,0.002062,0.68476
222512,1233.0,204.78,16.793304,16.813951,16.813951,0.34825,-23.22104
222513,1234.0,205.639,16.857569,16.87944,16.87944,0.065489,-15.12285
222514,1235.0,205.699,16.483354,16.483463,16.483463,-0.395977,0.82491
222515,1236.0,206.008,16.958736,16.961551,16.961551,0.478088,-18.07415
222516,1237.0,206.64,16.974588,16.98635,16.98635,0.024799,-9.91162
222517,1238.0,206.804,17.231187,17.231968,17.231968,0.245618,-8.62906
222518,1239.0,207.398,16.953766,16.964168,16.964168,-0.2678,-3.53654
222519,1240.0,207.089,16.683857,16.686718,16.686718,-0.27745,1.55408
222520,1241.0,208.046,16.521521,16.549215,16.549215,-0.137503,-10.58194
222521,1242.0,207.676,16.67644,16.680544,16.680544,0.131329,-1.78848
222522,1243.0,208.772,16.835839,16.871476,16.871476,0.190932,-23.15338
222523,1244.0,208.994,16.855439,16.856901,16.856901,-0.014575,-3.77767
222524,1245.0,209.483,16.874532,16.881616,16.881616,0.024715,-7.31387
222525,1246.0,210.062,17.158855,17.168621,17.168621,0.287005,-17.21879
222526,1247.0,210.733,16.974721,16.987978,16.987978,-0.180643,-4.76085
222527,1248.0,211.111,16.974734,16.978942,16.978942,-0.009036,-4.77381
222528,1249.0,211.119,16.8948,16.894802,16.894802,-0.08414,-2.05314
222529,1250.0,211.637,16.597397,16.605479,16.605479,-0.289323,-2.63904
222530,1251.0,211.946,16.558333,16.561215,16.561215,-0.044264,-3.68367
222531,1252.0,212.03,16.360724,16.36094,16.36094,-0.200275,-0.93434
222532,1253.0,213.159,16.933157,16.970753,16.970753,0.609813,-36.68522
222533,1254.0,213.042,17.191224,17.191622,17.191622,0.220869,-4.50394
222534,1255.0,214.054,17.257865,17.287512,17.287512,0.09589,-19.05208
222535,1256.0,214.038,17.208572,17.208579,17.208579,-0.078933,-2.2802
222536,1257.0,214.704,16.978461,16.991518,16.991518,-0.217061,-4.40502
222537,1258.0,215.592,16.720805,16.744368,16.744368,-0.24715,-6.08609
222538,1259.0,215.801,16.619304,16.620618,16.620618,-0.12375,-2.50145
222539,1260.0,216.488,16.390409,16.4048,16.4048,-0.215818,-4.01817
222540,1261.0,217.764,16.30154,16.351404,16.351404,-0.053396,-18.68747
222541,1262.0,218.158,16.452834,16.457551,16.457551,0.106147,-7.82567
222542,1263.0,218.929,15.78081,15.799633,15.799633,-0.657918,-0.21233
222543,1264.0,219.17,15.933435,15.935257,15.935257,0.135624,-5.61644
222544,1265.0,219.809,15.494787,15.507958,15.507958,-0.427299,-1.28613
222545,1266.0,220.375,15.478124,15.488469,15.488469,-0.019489,-6.73379
222546,1267.0,220.523,15.394431,15.395142,15.395142,-0.093327,-1.38961
222547,1268.0,221.265,14.636789,14.655584,14.655584,-0.739558,1.14136
222548,1269.0,221.944,14.123761,14.140073,14.140073,-0.515511,-0.04493
222549,1270.0,223.614,13.631583,13.733497,13.733497,-0.406576,-16.13366
222550,1271.0,223.437,12.941447,12.942657,12.942657,-0.79084,6.86703
222551,1272.0,223.353,12.390041,12.390325,12.390325,-0.552332,4.87444
222552,1273.0,224.071,12.880091,12.900088,12.900088,0.509763,-21.00774
222553,1274.0,224.357,11.36426,11.367858,11.367858,-1.53223,8.63716
222554,1275.0,224.528,11.364266,11.365553,11.365553,-0.002305,-0.11615
222555,1276.0,225.749,11.791434,11.854483,11.854483,0.48893,-28.49971
222556,1277.0,225.902,12.266769,12.267723,12.267723,0.41324,-8.116
222557,1278.0,226.235,12.604131,12.608529,12.608529,0.340806,-9.98477
222558,1279.0,226.716,12.880135,12.889113,12.889113,0.280584,-11.44561
222559,1280.0,227.792,12.819036,12.864115,12.864115,-0.024998,-14.87484
222600,1281.0,228.217,13.311391,13.318174,13.318174,0.454059,-14.96049
222601,1282.0,229.113,13.547555,13.577152,13.577152,0.258978,-18.814
222602,1283.0,229.694,13.627187,13.639567,13.639567,0.062415,-8.42148
222603,1284.0,229.948,13.329827,13.332247,13.332247,-0.30732,1.04079
222604,1285.0,230.011,12.914284,12.914437,12.914437,-0.41781,3.01225
222605,1286.0,230.822,12.639969,12.66596,12.66596,-0.248477,-5.01424
222606,1287.0,231.544,12.732932,12.753385,12.753385,0.087425,-11.16544
222607,1288.0,231.681,13.277405,13.278112,13.278112,0.524727,-11.50359
222608,1289.0,232.651,15.873592,15.903202,15.903202,2.62509,-90.15523
222609,1290.0,233.121,15.512663,15.519781,15.519781,-0.383421,-0.76882
222610,1291.0,234.577,15.851798,15.918525,15.918525,0.398744,-34.74781
222611,1292.0,234.807,15.851809,15.853478,15.853478,-0.065047,-2.44502
222612,1293.0,235.351,16.006681,16.015923,16.015923,0.162445,-11.8311
222613,1294.0,237.069,16.161845,16.2529,16.2529,0.236977,-35.03696
222614,1295.0,236.884,16.621676,16.622706,16.622706,0.369806,-19.11859
222615,1296.0,239.106,16.668858,16.816305,16.816305,0.193599,-43.17897
222616,1297.0,239.5,16.621702,16.626371,16.626371,-0.189934,-2.89315
222617,1298.0,240.454,16.621715,16.64907,16.64907,0.022699,-15.38703
222618,1299.0,241.244,16.421303,16.440295,16.440295,-0.208775,-5.4818
222619,1300.0,242.491,16.468307,16.515452,16.515452,0.075157,-22.08346
222620,1301.0,243.474,16.39172,16.421169,16.421169,-0.094283,-12.30664
222621,1302.0,243.59,16.374969,16.37538,16.37538,-0.045789,-2.47946
222622,1303.0,244.737,16.297943,16.338255,16.338255,-0.037125,-16.88121
222623,1304.0,245.038,16.251993,16.25478,16.25478,-0.083475,-3.01534
222624,1305.0,245.907,15.790074,15.813968,15.813968,-0.440812,-2.58721
222625,1306.0,246.373,14.742734,14.750097,14.750097,-1.063871,5.13461
222626,1307.0,247.107,13.869524,13.888933,13.888933,-0.861164,2.3586
222627,1308.0,247.892,13.861024,13.883235,13.883235,-0.005698,-10.43611
222628,1309.0,249.3,14.624567,14.692189,14.692189,0.808954,-43.41389
222629,1310.0,250.117,14.699654,14.72234,14.72234,0.030151,-12.23911
222630,1311.0,250.006,14.245907,14.246339,14.246339,-0.476001,3.77255
222631,1312.0,250.442,14.674089,14.680565,14.680565,0.434226,-16.1912
222632,1313.0,251.604,14.634408,14.680468,14.680468,-9.7e-05,-17.54084
222633,1314.0,252.41,14.652345,14.674496,14.674496,-0.005972,-11.06503
222634,1315.0,253.163,15.392731,15.411139,15.411139,0.736643,-31.11038
222635,1316.0,254.001,15.076882,15.100153,15.100153,-0.310986,-3.45997
222636,1317.0,254.891,14.720621,14.747501,14.747501,-0.352652,-3.33361
222637,1318.0,256.767,14.331633,14.453895,14.453895,-0.293606,-22.45632
222638,1319.0,257.42,14.031336,14.046523,14.046523,-0.407372,-0.68469
222639,1320.0,258.258,13.25321,13.279677,13.279677,-0.766846,1.26602
222640,1321.0,258.654,12.216037,12.222454,12.222454,-1.057223,5.70269
222641,1322.0,259.864,12.558636,12.616792,12.616792,0.394338,-26.7814
222642,1323.0,260.353,10.29411,10.305718,10.305718,-2.311074,10.86774
222643,1324.0,260.903,9.101716,9.118318,9.118318,-1.1874,3.40972
222644,1325.0,261.043,7.928941,7.930177,7.930177,-1.188141,4.68502
222645,1326.0,261.772,6.913802,6.95213,6.95213,-0.978047,0.06183
222646,1327.0,261.479,5.845952,5.85329,5.85329,-1.09884,5.15226
222647,1328.0,261.851,4.783334,4.797777,4.797777,-1.055513,0.80804
222648,1329.0,262.224,3.168147,3.190029,3.190029,-1.607748,0.69847
222649,1330.0,262.588,1.487774,1.531655,1.531655,-1.658374,-1.80517
222650,1331.0,262.364,0.374118,0.436051,0.436051,-1.095604,-0.05834
222651,1332.0,262.728,0.793938,0.873404,0.873404,0.437353,-7.26796
222652,1333.0,262.581,0.943392,0.954776,0.954776,0.081372,0.46003
222653,1334.0,262.821,0.680203,0.721301,0.721301,-0.233475,-4.11233
222654,1335.0,262.356,0.337638,0.574652,0.574652,-0.146649,2.19592
222655,1336.0,262.332,0.084684,0.088019,0.088019,-0.486633,-0.31998
222656,1337.0,262.464,0.0,0.132,0.0,-0.088019,-0.35
222657,1338.0,262.75,0.111195,0.306856,0.306856,0.306856,-0.60204
222658,1339.0,262.665,0.0,0.085,0.0,-0.306856,-0.35
222659,1340.0,262.517,0.0,0.148,0.0,0.0,-0.35
222700,1341.0,262.898,0.084684,0.390298,0.390298,0.390298,-0.7295
222701,1342.0,262.425,0.0,0.473,0.0,-0.390298,-0.35
222702,1343.0,262.456,0.337638,0.339058,0.339058,0.339058,-0.64824
222703,1344.0,262.488,0.478269,0.479339,0.479339,0.140281,-0.34821
222704,1345.0,262.573,0.27954,0.292178,0.292178,-0.187161,-0.29743
222705,1346.0,262.216,0.202607,0.410486,0.410486,0.118308,-0.34362
222706,1347.0,262.805,0.0,0.589,0.0,-0.410486,-0.35
222707,1348.0,263.27,0.13977,0.485552,0.485552,0.485552,-0.90581
222708,1349.0,262.728,0.084684,0.548576,0.548576,0.063024,2.53642
222709,1350.0,262.308,0.084684,0.428452,0.428452,-0.120124,-0.28836
222710,1351.0,262.261,0.0,0.047,0.0,-0.428452,-0.35
222711,1352.0,262.16,0.0,0.101,0.0,0.0,-0.35
222712,1353.0,262.797,0.111195,0.646632,0.646632,0.646632,-12.23873
222713,1354.0,262.425,0.0,0.372,0.0,-0.646632,-0.35
222714,1355.0,262.348,0.0,0.077,0.0,0.0,-0.35
222715,1356.0,262.649,0.0,0.301,0.0,0.0,-0.35
222716,1357.0,262.906,0.0,0.257,0.0,0.0,-0.35
222717,1358.0,262.525,0.405215,0.556202,0.556202,0.556202,1.53912
222718,1359.0,262.813,0.405215,0.497135,0.497135,-0.059067,-0.29481
222719,1360.0,262.736,0.741098,0.745087,0.745087,0.247952,0.01617
222720,1361.0,262.673,2.360957,2.361797,2.361797,1.61671,-6.77486
222721,1362.0,263.03,4.042251,4.057985,4.057985,1.696188,-18.02319
222722,1363.0,263.495,5.324132,5.344399,5.344399,1.286414,-19.53941
222723,1364.0,262.853,5.996182,6.030453,6.030453,0.686054,1.32358
222724,1365.0,264.28,5.862729,6.033898,6.033898,0.003445,-23.99443
222725,1366.0,264.311,5.188573,5.188666,5.188666,-0.845232,2.2786
222726,1367.0,263.714,4.514618,4.553919,4.553919,-0.634747,4.7325
222727,1368.0,263.899,3.639848,3.644546,3.644546,-0.909373,0.75289
222728,1369.0,264.203,3.039119,3.054285,3.054285,-0.590261,-1.65611
222729,1370.0,264.731,2.899028,2.946718,2.946718,-0.107567,-8.34942
222730,1371.0,264.768,3.369755,3.369959,3.369959,0.423241,-2.67038
222731,1372.0,264.832,4.063581,4.064085,4.064085,0.694126,-5.47316
222732,1373.0,264.908,5.138507,5.139069,5.139069,1.074984,-10.25578
222733,1374.0,264.7,5.94061,5.944251,5.944251,0.805182,-7.00594
222734,1375.0,264.723,6.402183,6.402225,6.402225,0.457974,-4.22505
222735,1376.0,264.568,6.805701,6.807466,6.807466,0.405241,-4.56186
222736,1377.0,264.628,7.279714,7.279961,7.279961,0.472495,-5.5039
222737,1378.0,264.435,7.615751,7.618196,7.618196,0.338235,-0.0478
222738,1379.0,264.351,8.152117,8.152549,8.152549,0.534353,-9.18495
222739,1380.0,264.768,8.893222,8.902993,8.902993,0.750444,-17.10914
222740,1381.0,264.195,9.510124,9.52737,9.52737,0.624377,0.35867
222741,1382.0,264.356,9.718684,9.720018,9.720018,0.192648,-3.54167
222742,1383.0,263.846,9.25329,9.267333,9.267333,-0.452685,5.45437
222743,1384.0,263.622,8.326873,8.329885,8.329885,-0.937448,5.78211
222744,1385.0,263.434,7.438919,7.441294,7.441294,-0.888591,4.85267
222745,1386.0,263.45,6.839212,6.839231,6.839231,-0.602063,2.37147
222746,1387.0,263.859,6.457297,6.470237,6.470237,-0.368994,-1.42964
222747,1388.0,263.907,6.363971,6.364152,6.364152,-0.106085,0.30281
222748,1389.0,264.087,6.418925,6.421448,6.421448,0.057296,-2.36635
222749,1390.0,264.668,6.24737,6.274328,6.274328,-0.14712,-7.19546
222750,1391.0,264.568,6.477319,6.478091,6.478091,0.203763,0.02159
222751,1392.0,264.475,7.232193,7.232791,7.232791,0.7547,-10.69151
222752,1393.0,265.381,7.675908,7.729191,7.729191,0.4964,-21.07771
222753,1394.0,265.638,7.753627,7.757885,7.757885,0.028694,-3.01177
222754,1395.0,266.375,7.101366,7.139508,7.139508,-0.618377,-3.35756
222755,1396.0,266.679,6.615938,6.622918,6.622918,-0.51659,0.45461
222756,1397.0,266.811,6.400332,6.401693,6.401693,-0.221225,0.26181
222757,1398.0,267.059,6.131385,6.136399,6.136399,-0.265294,-0.2624
222758,1399.0,267.456,6.28875,6.301269,6.301269,0.16487,-7.47061
222759,1400.0,267.852,6.953585,6.964852,6.964852,0.663583,-13.71332
222800,1401.0,269.126,8.019346,8.119913,8.119913,1.155061,-37.49333
222801,1402.0,270.05,9.231802,9.277928,9.277928,1.158015,-33.3097
222802,1403.0,270.492,10.676129,10.685275,10.685275,1.407347,-31.93559
222803,1404.0,271.649,12.023938,12.079476,12.079476,1.394201,-47.19795
222804,1405.0,272.294,12.804054,12.82029,12.82029,0.740814,-24.98414
222805,1406.0,273.187,12.6298,12.661331,12.661331,-0.158959,-8.52607
222806,1407.0,273.142,11.938095,11.93818,11.93818,-0.723151,5.73559
222807,1408.0,274.508,10.795988,10.882063,10.882063,-1.056117,-0.3208
222808,1409.0,275.1,9.454033,9.47255,9.47255,-1.409513,4.58837
222809,1410.0,276.17,7.989476,8.060808,8.060808,-1.411742,0.84252
222810,1411.0,276.181,6.595864,6.595873,6.595873,-1.464935,5.35775
222811,1412.0,276.801,5.613619,5.647753,5.647753,-0.94812,-0.26711
222812,1413.0,277.087,5.265425,5.273187,5.273187,-0.374566,-0.37447
222813,1414.0,277.446,5.329732,5.341809,5.341809,0.068622,-5.88502
222814,1415.0,277.539,5.402315,5.403115,5.403115,0.061306,-1.08152
222815,1416.0,277.259,5.15226,5.159862,5.159862,-0.243253,2.23312
222816,1417.0,277.531,4.694283,4.702156,4.702156,-0.457706,-0.23973
222817,1418.0,277.314,3.76595,3.772197,3.772197,-0.929959,2.99045
222818,1419.0,277.346,2.538117,2.538319,2.538319,-1.233878,1.37013
222819,1420.0,276.926,1.35058,1.414379,1.414379,-1.12394,2.83542
222820,1421.0,276.77,0.67529,0.693075,0.693075,-0.721304,0.79761
222821,1422.0,277.119,0.67529,0.760143,0.760143,0.067068,-6.43322
222822,1423.0,276.979,1.64564,1.651584,1.651584,0.891441,-0.27175
222823,1424.0,277.05,3.514278,3.514995,3.514995,1.863411,-12.50129
222824,1425.0,276.91,5.578073,5.57983,5.57983,2.064835,-20.28141
222825,1426.0,277.042,7.418697,7.419871,7.419871,1.840041,-25.2091
222826,1427.0,276.949,9.426737,9.427195,9.427195,2.007324,-35.8663
222827,1428.0,276.566,10.849268,10.856026,10.856026,1.428831,-25.15127
222828,1429.0,276.397,11.825183,11.826391,11.826391,0.970365,-22.09667
222829,1430.0,275.993,12.438794,12.445353,12.445353,0.618962,-11.61536
222830,1431.0,275.184,12.773656,12.799248,12.799248,0.353895,2.34243
222831,1432.0,274.104,12.551309,12.597689,12.597689,-0.201559,7.69652
222832,1433.0,273.599,12.467136,12.47736,12.47736,-0.120329,4.1713
222833,1434.0,273.094,12.551651,12.561806,12.561806,0.084446,2.74406
222834,1435.0,273.11,12.327627,12.327637,12.327637,-0.234169,2.25011
222835,1436.0,273.274,12.522547,12.523621,12.523621,0.195984,-3.63912
222836,1437.0,272.738,12.804319,12.815533,12.815533,0.291912,1.3158
222837,1438.0,273.041,13.035259,13.03878,13.03878,0.223247,-7.05371
222838,1439.0,273.747,13.165218,13.184134,13.184134,0.145354,-12.44456
222839,1440.0,273.575,13.10872,13.109848,13.109848,-0.074286,1.74998
222840,1441.0,273.927,12.941054,12.945841,12.945841,-0.164007,-0.29578
222841,1442.0,275.48,12.551381,12.647093,12.647093,-0.298748,-17.04173
222842,1443.0,276.606,12.551711,12.602116,12.602116,-0.044977,-15.2636
222843,1444.0,276.838,12.412149,12.414317,12.414317,-0.187799,0.76241
222844,1445.0,277.119,12.133031,12.136284,12.136284,-0.278033,1.21721
222845,1446.0,277.983,12.133037,12.163761,12.163761,0.027477,-12.15304
222846,1447.0,279.148,12.243672,12.298973,12.298973,0.135212,-19.92522
222847,1448.0,279.256,12.386818,12.387289,12.387289,0.088316,-0.41136
222848,1449.0,280.789,12.363063,12.457745,12.457745,0.070456,-25.06859
222849,1450.0,281.005,12.224056,12.225965,12.225965,-0.23178,1.22108
222850,1451.0,281.814,11.983494,12.010771,12.010771,-0.215194,-5.86863
222851,1452.0,282.406,11.792143,11.806994,11.806994,-0.203777,-2.52781
222852,1453.0,283.534,11.765212,11.819162,11.819162,0.012168,-16.64698
222853,1454.0,282.638,11.617158,11.65166,11.65166,-0.167502,6.59171
222854,1455.0,283.183,11.544029,11.556886,11.556886,-0.094774,-4.18328
222855,1456.0,282.974,11.544035,11.545927,11.545927,-0.010959,1.96753
222856,1457.0,283.534,11.744895,11.758238,11.758238,0.212311,-10.85188
222857,1458.0,283.867,12.082546,12.087134,12.087134,0.328896,-9.30279
222858,1459.0,283.098,12.356222,12.380128,12.380128,0.292994,2.85934
222859,1460.0,282.334,12.493161,12.5165,12.5165,0.136372,3.78944
222900,1461.0,282.165,12.091918,12.093098,12.093098,-0.423402,4.55547
222901,1462.0,281.233,11.480216,11.517985,11.517985,-0.575113,9.27779
222902,1463.0,280.865,10.667988,10.674333,10.674333,-0.843652,7.46793
222903,1464.0,281.061,10.066041,10.067949,10.067949,-0.606384,2.85179
222904,1465.0,280.128,9.582413,9.627727,9.627727,-0.440222,7.75371
222905,1466.0,280.26,9.253666,9.254607,9.254607,-0.37312,1.66373
222906,1467.0,280.205,9.180561,9.180726,9.180726,-0.073881,1.14897
222907,1468.0,279.623,8.979748,8.998589,8.998589,-0.182137,4.42715
222908,1469.0,279.475,8.979752,8.980972,8.980972,-0.017617,1.33683
222909,1470.0,278.815,8.916029,8.940424,8.940424,-0.040548,4.14527
222910,1471.0,278.939,8.916033,8.916896,8.916896,-0.023528,-0.07885
222911,1472.0,278.643,8.916037,8.920949,8.920949,0.004053,2.00669
222912,1473.0,278.831,8.842937,8.844935,8.844935,-0.076014,-0.17607
222913,1474.0,278.183,8.864591,8.888244,8.888244,0.043309,3.67365
222914,1475.0,278.775,8.589489,8.609865,8.609865,-0.278379,-3.90514
222915,1476.0,278.683,8.740745,8.741229,8.741229,0.131364,0.31055
222916,1477.0,278.027,9.111694,9.135278,9.135278,0.394049,2.01435
222917,1478.0,277.903,9.845869,9.846649,9.846649,0.711371,-13.9254
222918,1479.0,277.042,10.304838,10.340745,10.340745,0.494096,2.43143
222919,1480.0,276.955,10.82761,10.827959,10.827959,0.487214,-11.87469
222920,1481.0,276.941,11.553859,11.553868,11.553868,0.725909,-19.13038
222921,1482.0,276.902,12.292636,12.292698,12.292698,0.73883,-20.40367
222922,1483.0,276.566,13.242119,13.246381,13.246381,0.953683,-22.76177
222923,1484.0,276.654,13.780327,13.780608,13.780608,0.534227,-11.50046
222924,1485.0,276.722,13.579788,13.579958,13.579958,-0.20065,1.11717
222925,1486.0,276.138,12.040339,12.054494,12.054494,-1.525464,13.90797
222926,1487.0,276.21,9.492162,9.492435,9.492435,-2.562059,13.23925
222927,1488.0,276.397,6.596098,6.598748,6.598748,-2.893687,9.5051
222928,1489.0,277.097,3.684754,3.750655,3.750655,-2.848093,2.00828
222929,1490.0,276.413,1.367269,1.528817,1.528817,-2.221838,5.21098
222930,1491.0,276.545,0.139775,0.192253,0.192253,-1.336564,-0.19648
222931,1492.0,276.778,0.812759,0.845498,0.845498,0.653245,-5.25875
222932,1493.0,276.482,1.031947,1.07356,1.07356,0.228062,1.1662
222933,1494.0,276.506,0.753213,0.753596,0.753596,-0.319964,-0.2872
222934,1495.0,276.429,0.405244,0.412495,0.412495,-0.341101,-0.2416
222935,1496.0,276.566,0.139775,0.19572,0.19572,-0.216775,-0.31167
222936,1497.0,276.574,0.084693,0.08507,0.08507,-0.11065,-0.3382
222937,1498.0,277.126,0.0,0.552,0.0,-0.08507,-0.35
222938,1499.0,276.566,0.475441,0.734605,0.734605,0.734605,2.37439
222939,1500.0,276.926,0.753213,0.834824,0.834824,0.100219,-6.66762
222940,1501.0,277.042,1.171459,1.177189,1.177189,0.342365,-2.82351
222941,1502.0,276.638,1.288112,1.349981,1.349981,0.172792,1.76471
222942,1503.0,276.389,0.950883,0.982944,0.982944,-0.367037,1.23678
222943,1504.0,276.902,0.559102,0.758791,0.758791,-0.224153,-8.94411
222944,1505.0,277.034,0.0,0.132,0.0,-0.758791,-0.35
222945,1506.0,276.894,0.202622,0.246284,0.246284,0.246284,-0.5253
222946,1507.0,276.466,0.277345,0.510004,0.510004,0.26372,1.8777
222947,1508.0,275.853,0.084693,0.618823,0.618823,0.108819,2.89921
222948,1509.0,276.838,0.237971,1.013339,1.013339,0.394516,-18.28336
222949,1510.0,276.786,0.475441,0.478277,0.478277,-0.535062,-0.17438
222950,1511.0,276.413,0.337658,0.503132,0.503132,0.024855,1.65243
222951,1512.0,276.677,0.277345,0.382905,0.382905,-0.120227,-0.29489
222952,1513.0,276.698,0.254078,0.254945,0.254945,-0.12796,-0.31225
222953,1514.0,277.103,0.111195,0.419987,0.419987,0.165042,-0.58723
222954,1515.0,276.358,0.139775,0.757999,0.757999,0.338012,3.50552
222955,1516.0,276.358,0.0,0.0,0.0,-0.757999,-0.35
222956,1517.0,276.365,0.0,0.007,0.0,0.0,-0.35
222957,1518.0,276.862,0.0,0.497,0.0,0.0,-0.35
222958,1519.0,277.158,1.078147,1.118042,1.118042,1.118042,-7.56599
222959,1520.0,277.943,2.300554,2.430797,2.430797,1.312755,-19.39945
223000,1521.0,277.499,3.665221,3.692016,3.692016,1.261219,-0.21192
223001,1522.0,277.499,5.091532,5.091532,5.091532,1.399516,-14.66276
223002,1523.0,278.347,6.083172,6.141994,6.141994,1.050462,-25.31863
223003,1524.0,277.991,6.419201,6.429065,6.429065,0.287071,1.08542
223004,1525.0,278.704,7.00077,7.036985,7.036985,0.60792,-18.69265
223005,1526.0,278.347,7.64212,7.650454,7.650454,0.613469,-0.31777
223006,1527.0,279.079,8.09104,8.124084,8.124084,0.47363,-17.86736
223007,1528.0,279.592,8.263415,8.279324,8.279324,0.15524,-9.28799
223008,1529.0,280.477,8.350491,8.397257,8.397257,0.117933,-15.31231
223009,1530.0,280.96,8.05596,8.070426,8.070426,-0.326831,-1.7357
223010,1531.0,280.905,7.676155,7.676352,7.676352,-0.394074,2.24443
223011,1532.0,281.262,7.111714,7.120668,7.120668,-0.555684,0.51296
223012,1533.0,281.51,6.228126,6.233062,6.233062,-0.887606,1.84825
223013,1534.0,281.325,5.113831,5.117177,5.117177,-1.115885,4.1253
223014,1535.0,282.081,3.767348,3.842453,3.842453,-1.274724,-3.85412
223015,1536.0,281.769,2.284355,2.305563,2.305563,-1.53689,3.38868
223016,1537.0,281.621,1.086662,1.096694,1.096694,-1.208869,1.23194
223017,1538.0,282.039,0.139776,0.440751,0.440751,-0.655943,-0.15949
223018,1539.0,281.917,0.475444,0.490847,0.490847,0.050096,-0.32434
223019,1540.0,281.978,0.748254,0.750736,0.750736,0.259889,-1.58544
223020,1541.0,281.698,0.512236,0.583769,0.583769,-0.166967,1.22701
223021,1542.0,281.138,0.279552,0.625899,0.625899,0.04213,2.642
223022,1543.0,281.69,0.111195,0.563088,0.563088,-0.062811,-9.93216
223023,1544.0,281.666,0.0,0.024,0.0,-0.563088,-0.35
223024,1545.0,281.785,0.0,0.119,0.0,0.0,-0.35
223025,1546.0,281.862,0.0,0.077,0.0,0.0,-0.35
223026,1547.0,281.901,0.0,0.039,0.0,0.0,-0.35
223027,1548.0,281.933,0.0,0.032,0.0,0.0,-0.35
223028,1549.0,281.946,0.0,0.013,0.0,0.0,-0.35
223029,1550.0,282.134,0.084694,0.206197,0.206197,0.206197,-0.48181
223030,1551.0,282.438,0.0,0.304,0.0,-0.206197,-0.35
223031,1552.0,281.994,0.0,0.444,0.0,0.0,-0.35
223032,1553.0,281.954,0.0,0.04,0.0,0.0,-0.35
223033,1554.0,282.374,1.069015,1.148562,1.148562,1.148562,-9.88354
223034,1555.0,282.297,2.42269,2.423914,2.423914,1.275352,-5.2283
223035,1556.0,282.25,3.780368,3.78066,3.78066,1.356746,-9.8289
223036,1557.0,282.694,4.862812,4.88304,4.88304,1.10238,-16.6087
223037,1558.0,283.563,6.116307,6.177732,6.177732,1.294692,-28.47717
223038,1559.0,283.214,6.99962,7.008315,7.008315,0.830583,-6.72652
223039,1560.0,283.727,8.74245,8.757488,8.757488,1.749173,-34.49449
223040,1561.0,284.092,10.645291,10.651547,10.651547,1.894059,-39.87749
223041,1562.0,284.911,11.898856,11.927008,11.927008,1.275461,-38.37127
223042,1563.0,285.212,12.41042,12.414069,12.414069,0.487061,-12.54634
223043,1564.0,284.903,12.787276,12.791009,12.791009,0.37694,-0.44987
223044,1565.0,284.824,12.69947,12.699716,12.699716,-0.091293,1.60894
223045,1566.0,285.051,12.848168,12.850174,12.850174,0.150458,-3.89129
223046,1567.0,285.415,12.97733,12.982434,12.982434,0.13226,-5.96394
223047,1568.0,285.619,12.73508,12.736714,12.736714,-0.24572,1.15325
223048,1569.0,284.691,12.781471,12.815115,12.815115,0.078401,4.85785
223049,1570.0,282.99,12.735874,12.848965,12.848965,0.03385,9.22527
223050,1571.0,280.4,12.920934,13.17796,13.17796,0.328995,11.61515
223051,1572.0,279.941,13.573017,13.580775,13.580775,0.402815,-0.5118
223052,1573.0,277.507,14.039561,14.248987,14.248987,0.668212,7.25984
223053,1574.0,275.906,14.412229,14.500881,14.500881,0.251894,5.82964
223054,1575.0,274.944,14.506724,14.538586,14.538586,0.037705,4.09773
223055,1576.0,272.994,14.184353,14.317764,14.317764,-0.220822,11.47911
223056,1577.0,271.353,13.533297,13.632425,13.632425,-0.685339,13.66628
223057,1578.0,269.799,12.231177,12.329501,12.329501,-1.302924,17.63024
223058,1579.0,268.457,10.834179,10.916977,10.916977,-1.412524,16.09506
223059,1580.0,266.586,9.298392,9.484763,9.484763,-1.432214,17.71881
223100,1581.0,265.482,8.185823,8.259934,8.259934,-1.224829,11.66267
223101,1582.0,265.125,7.673751,7.68205,7.68205,-0.577884,4.60076
223102,1583.0,264.988,7.902235,7.903423,7.903423,0.221373,0.13205
223103,1584.0,264.66,8.598788,8.605042,8.605042,0.701619,-8.06474
223104,1585.0,264.768,9.52892,9.529532,9.529532,0.92449,-15.22868
223105,1586.0,264.916,10.561057,10.562094,10.562094,1.032562,-19.29692
223106,1587.0,265.352,11.690226,11.698354,11.698354,1.13626,-28.20825
223107,1588.0,265.257,12.735595,12.73595,12.73595,1.037596,-27.43052
223108,1589.0,266.438,13.539723,13.591132,13.591132,0.855182,-38.54685
223109,1590.0,267.043,13.778755,13.79203,13.79203,0.200898,-12.37187
223110,1591.0,268.145,13.77976,13.823755,13.823755,0.031725,-16.98288
223111,1592.0,269.871,13.750287,13.858191,13.858191,0.034436,-28.13775
223112,1593.0,270.087,13.723742,13.725442,13.725442,-0.132749,-0.24952
223113,1594.0,274.212,13.639252,14.249379,14.249379,0.523937,-83.48332
223114,1595.0,275.93,13.389814,13.499579,13.499579,-0.7498,-8.71427
223115,1596.0,277.647,12.723143,12.838475,12.838475,-0.661104,-11.47807
223116,1597.0,279.7,11.765843,11.943612,11.943612,-0.894863,-13.4075
223117,1598.0,280.921,10.991444,11.059054,11.059054,-0.884558,-0.69372
223118,1599.0,283.074,10.725051,10.939018,10.939018,-0.120036,-32.60897
223119,1600.0,284.327,10.719597,10.792579,10.792579,-0.146439,-16.21864
223120,1601.0,285.447,10.822545,10.880344,10.880344,0.087765,-18.40599
223121,1602.0,286.396,10.851645,10.893062,10.893062,0.012718,-13.88887
223122,1603.0,286.892,10.829852,10.841204,10.841204,-0.051858,-4.60512
223123,1604.0,287.812,10.255417,10.296601,10.296601,-0.544603,-3.2398
223124,1605.0,287.376,10.241897,10.251173,10.251173,-0.045428,3.17641
223125,1606.0,286.9,10.92756,10.937922,10.937922,0.686749,-9.06465
223126,1607.0,286.871,12.125189,12.125223,12.125223,1.187301,-29.99579
223127,1608.0,285.875,12.605777,12.645064,12.645064,0.519841,2.32073
223128,1609.0,284.979,13.277533,13.307731,13.307731,0.662667,0.17485
223129,1610.0,284.039,13.130834,13.164437,13.164437,-0.143294,6.26078
223130,1611.0,283.51,13.130834,13.141486,13.141486,-0.022951,3.25257
223131,1612.0,282.654,15.470941,15.494604,15.494604,2.353118,-60.03213
223132,1613.0,281.922,14.333406,14.352085,14.352085,-1.142519,12.14557
223133,1614.0,280.773,14.244166,14.290432,14.290432,-0.061653,6.04283
223134,1615.0,281.558,15.258526,15.278705,15.278705,0.988273,-38.40806
223135,1616.0,282.802,14.351355,14.40517,14.40517,-0.873535,-0.37994
223136,1617.0,282.506,16.155513,16.158224,16.158224,1.753054,-56.40888
223137,1618.0,282.755,14.728714,14.730818,14.730818,-1.427406,9.16454
223138,1619.0,283.494,13.760855,13.780684,13.780684,-0.950134,3.01634
223139,1620.0,284.763,13.313023,13.373367,13.373367,-0.407317,-9.16825
223140,1621.0,285.355,13.116615,13.129968,13.129968,-0.243399,-1.16059
223141,1622.0,286.467,12.468128,12.517618,12.517618,-0.61235,-2.15648
223142,1623.0,287.92,12.494067,12.578272,12.578272,0.060654,-23.4683
223143,1624.0,287.857,11.378629,11.378804,11.378804,-1.199468,8.45079
223144,1625.0,288.753,9.717237,9.758459,9.758459,-1.620345,4.34188
223145,1626.0,288.465,8.258798,8.263818,8.263818,-1.494641,8.55724
223146,1627.0,289.12,6.842379,6.873658,6.873658,-1.39016,1.92768
223147,1628.0,289.493,6.424871,6.435689,6.435689,-0.437969,-0.25259
223148,1629.0,289.701,7.284998,7.287967,7.287967,0.852278,-13.14217
223149,1630.0,291.001,8.834196,8.929335,8.929335,1.641368,-47.1976
223150,1631.0,291.585,9.798977,9.816364,9.816364,0.887029,-23.3749
223151,1632.0,291.789,9.798975,9.801098,9.801098,-0.015266,-0.61484
223152,1633.0,291.865,8.977379,8.977701,8.977701,-0.823397,4.0469
223153,1634.0,291.818,8.31935,8.319483,8.319483,-0.658218,3.59069
223154,1635.0,291.509,8.049719,8.055648,8.055648,-0.263835,3.14179
223155,1636.0,290.557,7.711048,7.769592,7.769592,-0.286056,6.55816
223156,1637.0,289.548,7.115798,7.186979,7.186979,-0.582613,7.85564
223157,1638.0,289.765,6.183212,6.187019,6.187019,-0.99996,2.35955
223158,1639.0,289.189,5.600245,5.629789,5.629789,-0.55723,4.85208
223159,1640.0,289.408,5.449334,5.453733,5.453733,-0.176056,-0.96577
223200,1641.0,289.033,5.966525,5.978298,5.978298,0.524565,0.44768
223201,1642.0,288.084,6.989003,7.053138,7.053138,1.07484,1.1917
223202,1643.0,287.492,7.736658,7.759274,7.759274,0.706136,0.5115
223203,1644.0,286.404,8.327516,8.398289,8.398289,0.639015,3.26017
223204,1645.0,286.031,8.826483,8.834361,8.834361,0.436072,0.34933
223205,1646.0,285.408,9.087582,9.108912,9.108912,0.274551,2.42835
223206,1647.0,284.691,9.249186,9.276936,9.276936,0.168024,3.45139
223207,1648.0,283.138,9.06374,9.195825,9.195825,-0.081111,9.09595
223208,1649.0,281.938,8.640266,8.723199,8.723199,-0.472626,8.99512
223209,1650.0,280.469,7.877237,8.013041,8.013041,-0.710158,11.18036
223210,1651.0,279.436,6.692341,6.771596,6.771596,-1.241445,10.21117
223211,1652.0,278.667,5.422035,5.476296,5.476296,-1.2953,7.98605
223212,1653.0,278.199,3.559199,3.589836,3.589836,-1.88646,6.05677
223213,1654.0,277.991,1.915779,1.927038,1.927038,-1.662798,2.62635
223214,1655.0,277.85,1.367335,1.374586,1.374586,-0.552452,0.91237
223215,1656.0,278.704,2.087482,2.255415,2.255415,0.880829,-18.4933
223216,1657.0,278.131,3.895508,3.937424,3.937424,1.682009,-3.24106
223217,1658.0,277.771,5.44921,5.461088,5.461088,1.523664,-10.55011
223218,1659.0,278.051,6.685124,6.690985,6.690985,1.229897,-18.27324
223219,1660.0,278.284,7.397773,7.401441,7.401441,0.710456,-11.82211
223220,1661.0,278.263,8.025079,8.025107,8.025107,0.623666,-11.42937
223221,1662.0,278.199,8.368481,8.368726,8.368726,0.343619,-6.94076
223222,1663.0,278.347,8.436788,8.438086,8.438086,0.06936,-1.48497
223223,1664.0,278.783,8.02374,8.035577,8.035577,-0.402509,-0.19671
223224,1665.0,278.712,6.999683,7.000043,7.000043,-1.035534,4.53206
223225,1666.0,278.456,5.911379,5.916919,5.916919,-1.083124,4.95047
223226,1667.0,277.75,4.741432,4.793706,4.793706,-1.123213,6.67142
223227,1668.0,278.035,3.235488,3.248016,3.248016,-1.54569,1.10962
223228,1669.0,278.704,2.090563,2.194997,2.194997,-1.053019,-7.45147
223229,1670.0,278.892,1.895126,1.904428,1.904428,-0.290569,-2.17485
223230,1671.0,278.915,2.49634,2.496446,2.496446,0.592018,-2.75939
223231,1672.0,278.043,3.289893,3.403495,3.403495,0.907049,2.86784
223232,1673.0,278.051,4.287349,4.287356,4.287356,0.883861,-6.16599
223233,1674.0,276.949,4.998679,5.11871,5.11871,0.831354,3.60347
223234,1675.0,277.235,5.256256,5.264031,5.264031,0.145321,-5.33428
223235,1676.0,276.418,5.336252,5.398432,5.398432,0.134401,4.02418
223236,1677.0,276.87,5.43917,5.457919,5.457919,0.059487,-7.42362
223237,1678.0,277.01,5.798276,5.799966,5.799966,0.342047,-4.78069
223238,1679.0,275.673,6.079307,6.224592,6.224592,0.424626,5.81563
223239,1680.0,275.805,6.484272,6.485615,6.485615,0.261023,-3.89048
223240,1681.0,275.517,7.24166,7.247385,7.247385,0.76177,-7.34833
223241,1682.0,275.021,7.805309,7.821052,7.821052,0.573667,0.54546
223242,1683.0,275.464,8.138275,8.150324,8.150324,0.329272,-10.62288
223243,1684.0,275.626,8.132196,8.13381,8.13381,-0.016514,-0.5443
223244,1685.0,275.829,7.708726,7.711398,7.711398,-0.422412,1.01109
223245,1686.0,276.809,7.207433,7.273754,7.273754,-0.437644,-9.85189
223246,1687.0,278.347,6.461352,6.641875,6.641875,-0.631879,-18.13567
223247,1688.0,278.675,5.25626,5.266484,5.266484,-1.375391,2.2557
223248,1689.0,279.328,3.76815,3.824312,3.824312,-1.442172,-0.91482
223249,1690.0,279.505,2.358396,2.365028,2.365028,-1.459284,0.76221
