133335.592,0,353.125959249071,0.0,0.0,0,0,-0.35
133337.729,2.13700000000244,352.792416354794,7.912531,7.919558,3.705923,1.734171,-10.10313
133339.988,4.39600000000064,353.19276238675,14.233912,14.239541,6.303471,1.149866,-14.62672
133342.157,6.56500000000233,353.757049545198,25.059341,25.065694,11.556337,2.421792,-51.10038
133344.306,8.71399999999994,353.292609438976,30.212941,30.216511,14.060731,1.165376,-32.51053
133346.490,10.898000000001,352.030225626346,33.789459,33.813032,15.482158,0.650837,-17.12865
133348.631,13.0390000000043,350.61703005487,35.446558,35.474717,16.569228,0.507739,-3.48548
133350.831,15.2390000000014,349.489686884329,34.970943,34.989109,15.904141,-0.302312,3.39926
133353.041,17.4490000000005,348.34961224265,35.135116,35.153608,15.90661,0.001117,0.84854
133355.224,19.6320000000051,347.486941361546,34.376616,34.387438,15.752377,-0.070652,0.95876
133357.373,21.7810000000027,347.579435491055,33.484971,33.485099,15.581712,-0.079416,-1.11079
133359.540,23.948000000004,348.115264011743,33.95829,33.962517,15.672597,0.04194,-3.26387
133401.702,26.1100000000006,348.14643472639,34.568645,34.568659,15.989204,0.146442,-3.22909
133403.866,28.2740000000049,348.217224791806,33.590271,33.590346,15.522341,-0.215741,0.11767
133406.006,30.4140000000043,347.920681449817,32.401561,32.402918,15.14155,-0.17794,0.98672
133408.173,32.5810000000056,347.380697487247,33.009531,33.013947,15.234862,0.04306,-0.29591
133410.316,34.724000000002,346.3626380044,33.652207,33.667603,15.710501,0.22195,-1.03355
133412.486,36.8940000000002,344.905506267646,34.763328,34.793853,16.034034,0.149094,0.28259
133414.677,39.0850000000064,343.787604017648,35.061237,35.079054,16.010522,-0.010731,0.82563
133416.825,41.2330000000002,341.941720592936,34.49126,34.540618,16.080362,0.032514,2.21366
133419.017,43.4250000000029,341.059764443319,35.450456,35.461426,16.177658,0.044387,-0.36461
133421.182,45.5900000000038,340.682832513052,35.442511,35.444515,16.371601,0.089581,-2.13604
133423.357,47.7650000000067,340.226809724793,34.806582,34.809569,16.0044,-0.168828,0.60904
133425.549,49.9570000000022,339.315413518661,34.196133,34.208276,15.605965,-0.181768,2.11293
133427.660,52.0680000000066,338.62781297053,32.401706,32.409001,15.35244,-0.120097,1.33404
133430.320,54.7280000000028,338.081485742711,39.847334,39.851079,14.981609,-0.13941,1.14544
133432.841,57.2490000000034,337.900947977836,37.6391,37.639533,14.930398,-0.020314,-0.46036
133435.459,59.8670000000056,337.896239537786,35.646516,35.646517,13.615935,-0.502087,3.62966
133437.993,62.4010000000053,337.402984952702,30.468577,30.472569,12.025481,-0.627646,5.97002
133440.551,64.9590000000026,335.611557439763,26.918678,26.978222,10.546607,-0.578137,7.55425
133443.119,67.5270000000019,335.121993495935,28.471597,28.475806,11.088709,0.211099,0.47934
133445.701,70.109000000004,334.451043528698,36.328345,36.33454,14.072246,1.155514,-31.53956
133448.866,73.2740000000049,335.565375565312,51.314993,51.327091,16.21709,0.677676,-23.37783
133451.424,75.8320000000022,335.406424326206,43.994483,43.994771,17.198894,0.383817,-23.11196
133454.041,78.4490000000005,333.0903633212,44.91546,44.975134,17.18576,-0.005019,1.59369
133457.206,81.6140000000014,331.502952997306,56.041305,56.063783,17.713676,0.166798,-2.58049
133459.791,84.1990000000005,331.359178957884,43.923265,43.9235,16.991683,-0.279301,-0.05735
133502.333,86.7410000000018,330.996612587595,41.71317,41.714746,16.410207,-0.228747,0.44017
133504.879,89.2870000000039,329.674804409475,40.766781,40.788204,16.020504,-0.153065,2.07702
133507.473,91.8810000000012,328.819168474883,39.620837,39.630075,15.277593,-0.286396,2.76611
133510.002,94.4100000000035,328.366157305317,37.646592,37.649318,14.887037,-0.154431,1.19759
133512.590,96.9979999999996,328.151057732479,35.167833,35.16849,13.589061,-0.501536,4.06145
133515.154,99.5620000000054,327.546355427447,33.592564,33.598007,13.103747,-0.18928,2.86985
133517.688,102.096000000005,327.837874651939,33.654287,33.65555,13.28159,0.070183,-0.88918
133520.267,104.675000000003,328.819104447014,34.616039,34.629943,13.427663,0.056639,-4.55049
133522.830,107.238000000005,328.292970133831,37.175231,37.178954,14.50603,0.420744,-14.99182
133525.386,109.794000000002,327.21166267703,39.539796,39.554579,15.475187,0.379169,-2.36391
133527.946,112.354000000007,326.059578384327,39.544296,39.561075,15.453545,-0.008454,0.98578
133530.487,114.895000000004,324.778984853305,40.255836,40.2762,15.850531,0.156232,-0.46874
133533.124,117.532000000007,322.944284027923,40.840832,40.882021,15.503231,-0.131703,3.24152
133535.329,119.737000000001,322.8940342374,37.057324,37.057358,16.806058,0.590851,-28.99413
133537.550,121.958000000006,322.854400670887,37.419095,37.419116,16.847868,0.018825,-2.80206
133539.903,124.311000000002,322.486882169785,36.278623,36.280485,15.41882,-0.60733,4.3936
133542.251,126.659,322.649161723354,32.188096,32.188505,13.708903,-0.728244,4.87045
133544.606,129.014000000003,322.394284084771,28.98335,28.984471,12.307631,-0.59502,5.24918
133546.950,131.358,321.977566740903,27.515878,27.519033,11.740202,-0.242077,3.25963
133549.276,133.684000000001,321.793809842376,22.937198,22.937934,9.861536,-0.807681,5.21924
133551.614,136.022000000004,321.76348166945,18.084326,18.084352,7.734967,-0.909568,4.13676
133553.963,138.371000000006,321.707713292281,17.32414,17.32423,7.375151,-0.153178,1.01429
133556.317,140.725000000006,321.514134293848,24.275496,24.276268,10.312773,1.247928,-25.20125
133558.662,143.07,321.196486432261,29.857412,29.859102,12.733092,1.032119,-26.3187
133600.989,145.397000000004,320.863385744063,34.412218,34.41383,14.788926,0.88347,-28.97062
133603.358,147.766000000003,320.737073858506,37.948446,37.948656,16.01885,0.519174,-24.1236
133605.622,150.030000000006,320.566959608982,38.686978,38.687352,17.088053,0.472263,-25.29675
133607.877,152.285000000003,320.103664205117,38.389288,38.392083,17.025314,-0.027822,-1.58068
133610.173,154.581000000006,319.313651081513,39.688231,39.696093,17.289239,0.11495,-2.43698
133612.405,156.813000000002,318.242153140395,40.752144,40.766228,18.264439,0.436918,-5.97276
133614.626,159.034,317.515468335488,38.592135,38.598976,17.379098,-0.398623,2.12272
133616.856,161.264000000003,317.064690646359,37.225539,37.228268,16.694291,-0.307088,1.20704
133619.083,163.491000000002,315.578981484123,37.720833,37.750081,16.951091,0.115312,-0.38807
133621.320,165.728000000003,314.288830902999,37.159702,37.182092,16.621409,-0.147377,1.80917
133623.632,168.040000000001,314.414095199738,37.971678,37.971884,16.423825,-0.08546,-1.84822
133625.887,170.295000000006,314.701235476325,37.258065,37.259171,16.522914,0.043942,-3.45765
133628.126,172.534,314.335011803411,35.157511,35.159418,15.703179,-0.366117,2.26218
133630.380,174.788,314.663977292515,33.49693,33.498546,14.861822,-0.373273,1.25036
133632.662,177.07,314.828771483638,32.347679,32.348098,14.175328,-0.30083,1.48074
133634.984,179.392,314.114181129218,32.722181,32.729983,14.0956,-0.034336,1.51095
133637.277,181.685000000005,312.338524275633,30.08838,30.140729,13.144671,-0.41471,7.23445
133639.616,184.024000000005,310.891464431984,26.493261,26.532751,11.34363,-0.770005,8.63838
133641.939,186.347000000002,310.054681056427,24.928105,24.942145,10.737041,-0.261123,4.05364
133644.252,188.660000000003,308.812012740774,21.310372,21.346573,9.228955,-0.652004,6.49803
133646.606,191.014000000003,308.342113797869,8.802563,8.815097,3.744731,-2.329747,5.63261
133648.924,193.332000000002,308.231641578675,2.106546,2.109441,0.910026,-1.22291,0.56186
133653.676,198.084000000003,307.621334486303,20.534279,20.543347,4.323095,0.718238,-4.82802
133656.009,200.417000000001,307.463627248662,18.267238,18.267919,7.830227,1.503271,-22.51865
133658.345,202.753000000004,307.667269553345,20.504659,20.505671,8.778112,0.405773,-5.58286
133700.692,205.100000000006,307.790626038364,24.202296,24.20261,10.312148,0.653616,-10.03383
133703.074,207.482000000004,307.308495353888,26.903864,26.908184,11.296467,0.413232,-8.87236
133705.407,209.815000000002,306.94131990613,18.908893,18.912458,8.106497,-1.367325,7.08358
133707.739,212.147000000004,306.857123603005,9.66196,9.662327,4.143365,-1.699456,3.91863
133709.305,213.713000000003,306.835967742533,1.644146,1.644282,1.049988,-1.975337,0.90591
133720.750,225.158000000003,306.483361423579,13.73743,13.741955,1.200695,0.013168,-0.10343
133723.068,227.476000000002,306.356753940439,16.811435,16.811911,7.252766,2.610902,-35.35208
133725.425,229.833000000006,306.262443982605,20.480178,20.480395,8.689179,0.609424,-11.74436
133727.793,232.201000000001,306.211384517198,23.199558,23.199615,9.797135,0.467887,-11.23654
133730.153,234.561000000002,306.261562622971,23.518691,23.518745,9.96557,0.071371,0.095
133732.473,236.881000000001,306.247559662701,23.569142,23.569147,10.159115,0.083425,0.18926
133735.171,239.579000000005,306.454145648921,30.474284,30.474985,11.295398,0.421158,-6.47057
133737.492,241.900000000001,306.60595207353,26.010124,26.010567,11.206621,-0.038249,0.63316
133739.733,244.141000000003,306.525292632216,25.327365,25.327493,11.301871,0.042503,0.69185
133741.930,246.338000000003,306.510969205537,26.214,26.214004,11.931727,0.286689,-10.37969
133744.158,248.566000000006,306.485631078152,24.940496,24.940509,11.194124,-0.331061,2.77502
133747.355,251.763000000006,306.766418746356,26.883121,26.884587,8.409317,-0.871069,3.83835
133749.931,254.339,306.956047012083,10.942484,10.944127,4.248497,-1.615225,3.25999
133752.486,256.894,306.994053406988,2.160617,2.160951,0.845774,-1.33179,0.23773
133803.691,268.099000000002,307.213075571096,14.169357,14.17105,1.264708,0.037388,-0.44358
133805.802,270.210000000006,307.147098949513,19.401413,19.401525,9.19068,3.754605,-64.31477
133807.939,272.347000000002,306.926990278382,23.523812,23.524841,11.008349,0.85057,-18.87734
133810.107,274.515000000007,306.93028176263,26.555847,26.555847,12.249007,0.572259,-8.7952
133812.308,276.716,307.288801751796,28.926517,28.928739,13.143452,0.406381,-8.84438
133814.540,278.948000000004,307.499919310861,31.594008,31.594714,14.155338,0.453354,-9.86652
133816.794,281.202000000005,307.706608799724,32.82711,32.827761,14.564224,0.181405,-3.20623
133819.057,283.465000000004,308.130475504945,32.290885,32.293667,14.27029,-0.129887,-0.47181
133821.341,285.749000000003,308.405479380418,32.742255,32.74341,14.335994,0.028767,-1.37705
133823.627,288.035000000003,308.172466456722,32.435475,32.436311,14.189113,-0.064252,0.59644
133825.862,290.270000000004,307.292891141355,32.005196,32.01728,14.325405,0.060981,1.06714
133828.113,292.521000000001,305.987855355921,33.259383,33.284977,14.786751,0.204952,0.53499
133830.356,294.764000000003,305.077405243301,34.929506,34.94137,15.577963,0.352747,-2.34283
133832.634,297.042000000001,304.804251096324,36.052529,36.053563,15.82685,0.109257,-2.0524
133834.902,299.310000000005,304.854012975743,36.250433,36.250467,15.983451,0.069048,-2.60147
133837.120,301.528000000006,304.753074841988,34.693744,34.693891,15.641971,-0.153959,-0.07593
133839.347,303.755000000005,304.145313896489,34.036144,34.04157,15.285842,-0.159914,1.43669
133841.576,305.984000000004,303.041396949326,34.367652,34.385377,15.426369,0.063045,0.65991
133843.777,308.185000000005,301.043353579588,32.700158,32.761143,14.884663,-0.246118,5.72846
133845.973,310.381000000001,301.127703109727,31.581169,31.581282,14.381276,-0.229229,0.98961
133848.208,312.616000000002,300.914490582843,32.139335,32.140043,14.380332,-0.000422,-0.06158
133850.457,314.865000000005,299.995661344679,31.71264,31.725948,14.106691,-0.121672,2.68496
133852.723,317.131000000001,297.842876627461,24.404588,24.499355,10.811719,-1.454092,14.01114
133854.974,319.382000000005,297.913844228304,16.166631,16.166787,7.182047,-1.612471,6.26451
133857.232,321.640000000007,298.754115290805,8.017182,8.061095,3.570016,-1.599659,1.03218
133857.984,322.392,298.828735574777,0.45274,0.458848,0.610171,-3.935964,0.45734
133941.682,366.090000000004,300.116964245951,10.349761,10.429625,0.238675,-0.008501,-0.33024
133943.941,368.349000000002,299.377684870724,16.150904,16.167815,7.157067,3.062591,-35.87041
133946.201,370.609000000004,297.40132435484,21.43179,21.522723,9.523329,1.047019,-0.21039
133948.429,372.837,296.393076230985,26.406192,26.425434,11.860608,1.049048,-18.65224
133950.687,375.095000000001,293.42149552511,32.559851,32.69517,14.479703,1.159918,-14.59252
133952.923,377.331000000006,294.340134541644,37.297933,37.309244,16.685708,0.986585,-34.4013
133955.152,379.560000000005,293.9047970179,39.939189,39.941561,17.919049,0.553316,-28.17918
133957.432,381.840000000004,294.44681645218,41.495859,41.499398,18.20149,0.123878,-6.77286
133959.689,384.097000000002,293.660039547609,42.90751,42.914723,19.014055,0.36002,-6.92694
134001.951,386.359000000004,293.770454886163,42.822646,42.822789,18.931383,-0.036548,-4.89267
134004.183,388.591,291.93079093374,42.748853,42.788419,19.170439,0.107104,-2.08565
134006.388,390.796000000002,290.472381077547,42.27881,42.303957,19.185468,0.006816,-1.93076
134008.609,393.017,289.598822643598,43.080335,43.08919,19.400806,0.096955,-4.52468
134010.834,395.242000000006,289.216965565665,43.402545,43.404225,19.507517,0.04796,-5.31114
134013.061,397.469000000005,289.25927722023,43.450676,43.450697,19.510865,0.001503,-5.82788
134015.291,399.699000000001,289.266716368121,43.119471,43.119471,19.336086,-0.078376,-4.70778
134017.487,401.895000000004,289.427310939668,42.186917,42.187223,19.210939,-0.056989,-5.14221
134019.722,404.130000000005,289.264532307851,42.407913,42.408225,18.974598,-0.105745,-3.61
134021.946,406.354000000007,286.913407781456,42.648029,42.712786,19.20539,0.103773,-0.88023
134024.230,408.638000000006,284.288709265641,43.973792,44.052053,19.287239,0.035836,0.19236
134026.549,410.957000000002,281.906786087832,45.852806,45.914632,19.799324,0.220821,-3.0425
134028.836,413.244000000006,280.500985586337,45.779732,45.801312,20.026809,0.099469,-4.22088
134031.123,415.531000000003,279.692248034944,46.21211,46.219186,20.209526,0.079894,-5.62056
134033.413,417.821000000004,280.325068013697,44.665444,44.669927,19.506518,-0.30699,-3.96345
134035.676,420.084000000003,290.223964130144,43.698879,44.806028,19.799394,0.129419,-80.84842
134037.928,422.336000000003,297.651165223463,43.460856,44.090921,19.578562,-0.09806,-53.82173
134040.195,424.603000000003,300.757705465349,43.57981,43.690393,19.272339,-0.135079,-18.59903
134042.406,426.814000000006,304.856603796124,41.341746,41.544445,18.789889,-0.218204,-24.10643
134044.679,429.087,305.339693254716,43.513123,43.515805,19.144657,0.156079,-8.21195
134046.964,431.372000000003,311.064525573291,42.628957,43.011646,18.823477,-0.14056,-38.1551
134049.224,433.632000000005,314.025895099013,41.865146,41.969753,18.570687,-0.111854,-18.06272
134051.478,435.886000000006,317.679913874669,41.231098,41.392697,18.364107,-0.09165,-24.09724
134053.722,438.130000000005,322.625718439572,40.423562,40.724996,18.148394,-0.096129,-34.08655
134055.997,440.405000000006,325.597935379148,40.729029,40.837335,17.950477,-0.086996,-18.56202
134058.290,442.698000000004,326.822906738104,40.981747,41.000051,17.880528,-0.030505,-6.79682
134100.556,444.964,328.195927459546,40.593452,40.616666,17.924389,0.019356,-9.67459
134102.842,447.25,323.486014750964,41.143044,41.411754,18.115378,0.083547,5.87821
134105.120,449.528000000006,322.223876592122,42.601429,42.620122,18.709448,0.260786,-4.45096
134107.385,451.793000000005,315.902160816799,44.279945,44.728935,19.747874,0.458466,3.73115
134109.674,454.082000000002,315.054364785287,46.890215,46.897879,20.48837,0.323502,-8.57502
134111.931,456.339,313.076220843208,46.864917,46.906646,20.782741,0.130426,-4.2495
134114.222,458.630000000005,308.918083990833,48.079815,48.259287,21.064726,0.123084,0.32127
134116.504,460.912000000004,304.153862040635,49.384109,49.613385,21.741186,0.296433,-1.26719
134118.790,463.198000000004,301.769347920928,50.109782,50.166485,21.945094,0.089199,-4.62917
134121.080,465.488000000005,302.686110686715,49.864305,49.872732,21.778485,-0.072755,-10.03207
134123.340,467.748,305.203974165186,49.819535,49.88312,22.072177,0.129952,-25.84684
134125.610,470.018000000004,308.004504165268,48.938161,49.018227,21.593933,-0.21068,-14.32574
134127.885,472.293000000005,309.076371846997,48.801827,48.813596,21.456526,-0.060399,-10.09119
134130.178,474.586000000003,309.837170148766,46.151743,46.158013,20.129967,-0.578526,-2.04462
134132.473,476.881000000001,313.054789270265,43.533933,43.652679,19.020775,-0.483308,-7.5412
134134.789,479.197,314.861763797528,43.812527,43.849774,18.933409,-0.037723,-11.4221
134137.106,481.514000000003,317.72254771393,44.187876,44.280385,19.111085,0.076684,-23.40035
134139.424,483.832000000002,319.908913997605,44.891734,44.944944,19.389536,0.120126,-20.00932
134141.768,486.175999999999,322.18129047042,45.085077,45.142307,19.258663,-0.055833,-14.30113
134144.087,488.495000000003,324.539560765674,44.461521,44.524019,19.199663,-0.025442,-16.14682
134146.354,490.762000000002,328.499643593509,43.423359,43.603559,19.234036,0.015162,-30.36531
134148.637,493.045000000006,333.500304703824,42.491491,42.784734,18.740575,-0.216146,-30.07823
134150.953,495.361000000004,336.52310338649,43.2748,43.380245,18.730676,-0.004274,-21.64764
134153.280,497.688000000002,336.208931550869,42.439328,42.440491,18.238286,-0.211599,-1.4489
134155.591,499.999000000003,335.696121894617,43.308588,43.311623,18.741507,0.21775,-5.79874
134157.910,502.318000000007,334.492884647345,43.797272,43.813797,18.893401,0.0655,-2.91688
134200.237,504.645000000004,335.369750673363,44.16767,44.176373,18.98426,0.039046,-7.43477
134202.552,506.960000000006,334.38517681785,43.679776,43.690871,18.872946,-0.048084,-2.23985
134204.839,509.247000000003,333.829463719192,42.880313,42.883914,18.751165,-0.053249,-2.99842
134207.153,511.561000000002,336.543326169416,40.388861,40.479935,17.49349,-0.543507,-4.4533
134209.476,513.884000000005,339.987305196901,40.229388,40.376536,17.381204,-0.048337,-22.63376
134211.797,516.205000000002,341.553167248667,39.041716,39.073105,16.834599,-0.235504,-4.12626
134214.139,518.547000000006,345.159662158181,38.363695,38.532842,16.452964,-0.162953,-19.88294
134216.403,520.811000000002,346.902508834503,37.155369,37.196222,16.429427,-0.010396,-10.85417
134218.684,523.092000000004,347.111543124206,34.959888,34.960513,15.326836,-0.483381,2.13735
134220.974,525.382000000005,345.977711348632,35.051835,35.070169,15.314484,-0.005394,1.31295
134223.301,527.709000000003,348.686222968997,35.71898,35.821524,15.393865,0.034113,-18.55228
134225.581,529.989000000001,353.686884388237,36.813521,37.151608,16.294565,0.395044,-47.56892
134227.820,532.228000000003,357.263141841551,37.48647,37.656673,16.818523,0.234014,-32.8989
134230.111,534.519,358.474621359438,40.044525,40.062846,17.487056,0.291808,-16.59441
134232.365,536.773000000001,354.032822458909,42.116106,42.349687,18.788681,0.577473,-0.33294
134234.654,539.062000000005,351.613112228937,43.41348,43.480861,18.995571,0.090384,-0.48803
134236.908,541.316000000006,348.196961209059,43.596612,43.730249,19.401175,0.179949,0.46583
134239.199,543.607000000004,348.47706259962,45.020135,45.021007,19.651247,0.109154,-7.67636
134242.114,546.522000000004,342.884658238661,57.557994,57.829038,19.838435,0.064215,3.19693
134244.223,548.631000000001,330.899405013669,41.810661,43.49457,20.623314,0.372157,18.40099
134246.423,550.831000000006,331.155243908778,38.120727,38.121585,17.327993,-1.497873,9.98051
134248.679,553.087,326.308168483537,39.717519,40.012191,17.7359,0.18081,5.85469
134250.973,555.381000000001,322.695975611981,43.002945,43.154388,18.811852,0.469029,-1.34471
134253.256,557.664000000004,323.932759550368,44.35549,44.37273,19.43615,0.273455,-18.33775
134255.516,559.924000000006,324.498234957885,43.916707,43.920347,19.433782,-0.001048,-6.91659
134257.756,562.164000000004,326.90036415089,46.208185,46.27058,20.656509,0.54586,-39.12062
134300.002,564.410000000003,328.533105998721,48.238856,48.26648,21.489973,0.371088,-27.76351
134302.211,566.619000000006,327.338621754304,49.945959,49.96024,22.616677,0.510052,-13.36032
134304.461,568.869000000006,326.918932453072,52.705977,52.707648,23.425621,0.359531,-14.82471
134306.696,571.104000000007,325.97848958188,52.535727,52.544144,23.509684,0.037612,-9.72895
134308.947,573.355000000003,322.524465591647,52.653474,52.766643,23.441423,-0.030325,-2.9593
134311.176,575.584000000003,321.327325243424,52.909329,52.92287,23.742876,0.135241,-10.73801
134313.355,577.763000000006,321.413242871282,51.75427,51.754342,23.751419,0.003921,-12.10163
134315.542,579.950000000004,318.022427542399,52.192491,52.302521,23.91519,0.074884,-4.97836
134317.712,582.120000000003,317.222173692426,53.09795,53.10398,24.47188,0.256539,-14.46381
134319.906,584.314000000006,317.173834146841,53.792164,53.792186,24.51786,0.020957,-13.28569
134322.110,586.518000000004,316.631633289092,55.560917,55.563563,25.210328,0.314187,-17.25958
134324.303,588.711000000003,313.680484993496,55.273957,55.352684,25.240622,0.013814,-7.54768
134326.484,590.892,312.984108194481,54.099779,54.104261,24.807089,-0.198777,-9.33522
134328.701,593.109000000004,312.464122977421,54.527862,54.530342,24.596455,-0.095009,-10.79396
134330.929,595.337,311.456083040361,53.461455,53.470958,23.999532,-0.267919,-6.47292
134333.197,597.605000000003,310.419371935598,54.149408,54.159331,23.879776,-0.052802,-8.99921
134335.475,599.883000000002,308.601062277196,54.030615,54.061202,23.731871,-0.064928,-6.82721
134337.703,602.111000000004,307.338279583859,52.927519,52.942581,23.762379,0.013693,-9.07682
134339.940,604.348000000005,306.188029444159,53.652043,53.664372,23.989437,0.101501,-10.84731
134342.250,606.658000000003,306.985699494138,53.534417,53.540359,23.177645,-0.351425,-8.3874
134344.540,608.948000000004,307.146924517113,57.532077,57.532303,25.123276,0.849621,-43.08767
134346.806,611.214,307.470874495338,54.835684,54.836641,24.199753,-0.407556,-8.08683
134349.120,613.528000000006,302.94880385068,55.266729,55.451424,23.96345,-0.102119,-0.69382
134351.441,615.849000000002,298.616456291908,55.536311,55.705036,24.000446,0.01594,-2.71623
134353.790,618.198000000004,298.907916850637,55.734333,55.735096,23.727159,-0.116342,-10.98031
134356.131,620.539000000004,299.308852421964,55.271709,55.273163,23.61092,-0.049654,-11.88169
134358.478,622.886000000006,297.701760372219,55.362233,55.385553,23.598446,-0.005315,-7.95176
134400.828,625.236000000004,298.583359991335,55.172057,55.1791,23.480468,-0.050203,-12.73058
134403.175,627.583000000006,297.462200061144,54.358675,54.370236,23.165844,-0.134054,-6.75288
134405.526,629.934000000001,298.461761599168,53.9231,53.932364,22.94018,-0.095986,-11.58878
134407.844,632.252,294.740369783136,52.483518,52.615287,22.698571,-0.104232,-0.53109
134410.107,634.515000000007,295.164928440739,50.077895,50.079695,22.129781,-0.251343,-7.32341
134412.331,636.739000000001,293.853689483071,48.375783,48.39355,21.75969,-0.166408,-3.75516
134414.588,638.996000000006,295.811686751106,49.05457,49.093631,21.751719,-0.003532,-16.00921
134416.847,641.255000000005,297.949289869763,51.520264,51.56459,22.82629,0.475684,-37.76856
134419.118,643.526000000005,299.118017585996,51.709645,51.722851,22.775364,-0.022424,-12.69851
134421.483,645.891000000003,300.451184325485,53.919575,53.936054,22.805943,0.01293,-13.43072
134423.808,648.216,299.074373626458,56.42482,56.441615,24.275963,0.632267,-47.78783
134426.157,650.565000000002,297.7496697074,57.979066,57.994197,24.688888,0.175788,-12.78108
134428.501,652.909,295.986135161803,58.61249,58.639015,25.016644,0.139828,-11.91874
134430.857,655.265000000007,292.727355159169,59.43255,59.521825,25.263933,0.104961,-8.61206
134433.257,657.665000000001,289.231956745925,59.892798,59.994708,24.997795,-0.110891,-4.87587
134435.607,660.015000000007,285.164846199432,58.918855,59.059063,25.131516,0.056903,-5.91316
134437.956,662.364000000001,286.548927661035,56.689446,56.706339,24.14063,-0.421833,-10.14009
134440.277,664.685000000005,286.598595944103,56.328879,56.328901,24.269238,0.055411,-13.52447
134442.606,667.014000000003,286.632200096848,55.90092,55.90093,24.002117,-0.114693,-10.86224
134444.939,669.347000000002,286.009786263167,56.106962,56.110415,24.050756,0.020848,-11.20648
134447.267,671.675000000003,285.9971617193,55.569758,55.569759,23.870171,-0.077571,-11.01958
134449.606,674.014000000003,286.155510330737,54.961455,54.961683,23.497941,-0.159141,-9.78985
134451.955,676.363000000005,286.630108062061,54.751199,54.753256,23.309177,-0.080359,-11.1803
134454.303,678.711000000003,283.68168941008,55.124896,55.203689,23.510941,0.08593,-5.96884
134456.654,681.062000000005,275.025727000727,55.028338,55.70497,23.69416,0.077932,6.48596
134459.003,683.411,270.535578600859,54.584952,54.76932,23.316015,-0.160981,0.83971
134501.320,685.728000000003,275.23607138256,54.19768,54.401132,23.479125,0.070397,-40.80346
134503.673,688.081000000006,276.892950422982,54.668174,54.693276,23.244061,-0.0999,-13.45509
134505.987,690.395000000004,273.424319463465,53.796386,53.908094,23.296497,0.02266,-3.55912
134508.314,692.722000000002,270.387619062634,53.77005,53.855732,23.143847,-0.065599,-3.23974
134510.633,695.041000000005,266.472376843828,53.64141,53.784105,23.192801,0.02111,-2.38418
134512.923,697.331000000006,262.643152976663,52.901076,53.039483,23.161346,-0.013736,-1.98827
134515.172,699.580000000002,257.209695033957,52.185129,52.467229,23.329137,0.074607,0.53177
134517.461,701.869000000006,255.625150127428,52.873364,52.897102,23.109262,-0.096057,-6.00541
134519.762,704.170000000006,256.806269980011,53.274314,53.287406,23.158368,0.021341,-13.81648
134522.125,706.533000000003,259.671881088753,54.739554,54.81451,23.196999,0.016348,-23.9752
134524.474,708.882000000005,256.077388515742,54.391165,54.509808,23.205538,0.003635,-3.01135
134526.827,711.235000000001,256.453515954154,53.289238,53.290566,22.647924,-0.23698,-8.05869
134529.174,713.582000000002,254.592609674424,53.853509,53.885651,22.959374,0.132701,-8.04541
134531.527,715.935000000005,249.983938622786,52.386202,52.588535,22.349568,-0.259161,3.67605
134533.871,718.279000000002,249.206615808945,50.844244,50.850185,21.693765,-0.279779,-3.6945
134536.160,720.568000000007,249.354291895576,48.431977,48.432202,21.158673,-0.233767,-5.59603
134538.421,722.829000000005,248.750409267706,48.470978,48.47474,21.439513,0.124211,-8.30972
134540.706,725.114000000001,246.162914585247,49.25304,49.32096,21.584665,0.063524,-3.31566
134542.973,727.381000000001,241.364160750105,48.870509,49.105546,21.661026,0.033684,2.05217
134545.252,729.660000000003,242.287934877576,48.807991,48.816732,21.420242,-0.105653,-9.16943
134547.540,731.948000000004,242.436883860831,49.503208,49.503432,21.636116,0.094351,-9.99327
134549.723,734.131000000001,241.157135667207,48.706851,48.72366,22.319588,0.313088,-10.2341
134551.880,736.288,240.72591030928,46.394032,46.396036,21.509521,-0.375553,-3.04629
134554.138,738.546000000002,239.591148148365,48.726647,48.739858,21.585411,0.033609,-6.25813
134556.403,740.811000000002,239.052158535634,52.039969,52.04276,22.976936,0.61436,-47.80446
134558.596,743.004000000001,235.041654735674,49.533895,49.695984,22.661188,-0.14398,1.1817
134600.791,745.199000000001,233.767541235944,48.791323,48.807956,22.235971,-0.193721,-4.12963
134603.027,747.435000000005,233.155595807442,49.662936,49.666706,22.212302,-0.010585,-7.86052
134605.229,749.637000000002,232.564879920387,49.68587,49.689382,22.565568,0.16043,-10.47346
134607.449,751.857000000004,232.350173375497,48.825004,48.825476,21.993458,-0.257707,-5.56893
134609.706,754.114000000001,232.06026487934,48.754798,48.75566,21.601976,-0.173452,-5.85382
134611.993,756.401000000005,231.864461033032,50.39297,50.39335,22.034696,0.189209,-10.91941
134614.253,758.661,231.506249222888,50.314662,50.315937,22.263689,0.101324,-9.86292
134616.517,760.925000000003,230.384299022094,50.452699,50.465173,22.290271,0.011741,-7.08352
134618.778,763.186000000002,225.744238598138,50.106129,50.320516,22.255867,-0.015216,1.40998
134621.060,765.468000000001,224.409146889469,50.341953,50.359653,22.068209,-0.082234,-5.17938
134623.379,767.787000000004,224.34227436237,51.186776,51.18682,22.072799,0.001979,-9.07653
134625.671,770.079000000005,224.014154280999,51.21448,51.215531,22.345345,0.118912,-10.27771
134627.982,772.390000000007,222.085484246323,51.356581,51.392783,22.238331,-0.046306,-4.5483
134630.277,774.685000000005,220.882416267314,52.246215,52.260064,22.77127,0.232217,-10.33885
134632.562,776.970000000001,219.703281886262,52.331909,52.345192,22.90818,0.059917,-8.51163
134634.879,779.287000000004,216.23600769043,53.166426,53.279366,22.994979,0.037462,-3.25954
134637.173,781.581000000006,216.23600769043,51.693665,51.693665,22.534292,-0.200823,-7.48968
134639.425,783.833000000006,216.23600769043,50.908681,50.908681,22.605986,0.031836,-10.38881
134641.684,786.092000000004,216.23600769043,49.569964,49.569964,21.943322,-0.293344,-5.58738
134643.945,788.353000000003,219.323464708806,49.59789,49.693894,21.978723,0.015657,-25.61541
134646.178,790.586000000003,220.19612460168,50.434322,50.441872,22.589284,0.273426,-19.41494
134648.459,792.867000000006,221.213430295006,50.939806,50.949964,22.336678,-0.110744,-10.6091
134650.627,795.035000000003,222.077850923944,48.320783,48.328514,22.29175,-0.020723,-11.36489
134652.946,797.354000000007,223.171644830814,50.098015,50.109954,21.608432,-0.294661,-7.59888
134655.268,799.675999999999,224.278130056842,49.293524,49.305941,21.234255,-0.161144,-8.65799
134657.527,801.935000000005,225.250897162298,47.713214,47.723129,21.125777,-0.04802,-9.54688
134659.752,804.160000000003,226.473876226427,46.996527,47.012437,21.129185,0.001532,-10.72964
134702.042,806.450000000004,227.668400219352,48.490705,48.505416,21.181404,0.022803,-10.89639
134704.330,808.738000000005,228.733682330714,49.513642,49.525101,21.645586,0.202877,-16.82647
134706.654,811.062000000005,229.890750697945,49.980609,49.994001,21.512048,-0.05746,-10.3273
134708.876,813.284,233.00796982433,49.106607,49.205445,22.144665,0.284706,-37.0609
134711.056,815.464,240.641788297389,46.577528,47.198954,21.650896,-0.2265,-53.46659
134713.241,817.649000000005,241.616369349879,46.99088,47.000986,21.510749,-0.064141,-9.98073
134715.440,819.848000000005,241.793675752854,48.814663,48.814985,22.19872,0.312856,-15.06396
134717.673,822.081000000006,242.765809231711,49.534402,49.543941,22.187166,-0.005174,-11.5881
134720.028,824.436000000002,243.262575125387,50.405724,50.408172,21.404744,-0.332239,-5.55474
134722.343,826.751000000004,240.936557177159,49.963818,50.017931,21.606018,0.086943,-4.28112
134724.684,829.092000000004,237.325399473413,50.165935,50.295741,21.484725,-0.051812,0.29074
134728.329,832.737000000001,237.511673848855,79.60858,79.608798,21.840548,0.097619,-10.26469
134730.434,834.842000000004,237.57185110491,45.020779,45.020819,21.387563,-0.215195,-5.91224
134732.663,837.071000000004,237.615955618593,45.549486,45.549507,20.434952,-0.427371,-2.35713
134735.492,839.900000000001,237.618257355589,58.293583,58.293583,20.60572,0.060363,-7.79343
134737.723,842.131000000001,237.536069308496,45.373733,45.373808,20.337879,-0.120054,-5.27881
134739.923,844.331000000006,237.048209430241,43.104189,43.10695,19.594068,-0.338096,-1.12982
134742.087,846.495000000003,236.359976550889,43.038662,43.044165,19.891019,0.137223,-5.97914
134744.292,848.700000000004,235.648626856327,40.221165,40.227455,18.243744,-0.747063,4.73111
134746.555,850.963000000003,235.344285089469,40.498767,40.49991,17.896558,-0.153418,-1.65271
134748.833,853.241000000002,234.407678993266,40.791133,40.801884,17.911275,0.00646,-1.74705
134751.120,855.528000000006,232.624131686353,37.804393,37.846442,16.54851,-0.595875,6.8882
134753.329,857.737000000001,231.794009897288,36.185714,36.195235,16.385349,-0.073862,0.33571
134755.639,860.047000000006,230.262260671584,36.647165,36.679163,15.878425,-0.219448,3.51357
134757.985,862.393000000004,228.956208137148,35.046437,35.070764,14.949175,-0.3961,5.05002
134800.250,864.658000000003,227.538206970228,34.076364,34.105855,15.057773,0.047946,1.79008
134802.540,866.948000000004,226.715610727592,33.410414,33.420539,14.594122,-0.202468,2.72362
134804.856,869.264000000003,226.89324764575,36.327741,36.328175,15.685741,0.471338,-11.85613
134807.143,871.550999999999,229.65556165923,38.810587,38.908765,17.013015,0.580356,-36.7433
134809.490,873.898000000001,238.046246290694,42.914508,43.727093,18.631058,0.689409,-84.4602
134811.868,876.276000000005,243.631700208973,45.229771,45.573342,19.164568,0.224352,-48.00602
134814.201,878.609000000004,248.443005253157,46.392356,46.641177,19.991932,0.354635,-48.5033
134816.577,880.985000000001,250.119050209277,48.291118,48.320195,20.336782,0.145139,-17.54221
134818.952,883.360000000001,251.607920096316,49.037157,49.059754,20.656739,0.134719,-16.08438
134821.240,885.648000000001,254.095237119833,48.813991,48.877321,21.362465,0.308447,-31.46354
134823.552,887.960000000006,257.08451340993,50.037287,50.126499,21.681012,0.13778,-28.86987
134825.818,890.226000000002,256.592775604039,50.613898,50.616286,22.337284,0.289617,-11.91449
134828.077,892.485000000001,260.227971319767,50.105239,50.236935,22.238572,-0.043697,-27.76136
134830.372,894.780000000006,264.772050017501,50.791067,50.993932,22.219578,-0.008276,-35.66095
134832.682,897.090000000004,264.762089807802,51.1163,51.116301,22.128269,-0.039528,-8.80669
134835.012,899.420000000006,264.938635213279,51.690308,51.690609,22.184811,0.024267,-10.06044
134837.317,901.725000000006,265.101730270998,51.091147,51.091407,22.16547,-0.008391,-9.62018
134839.586,903.994000000006,265.611580648321,48.465111,48.467793,21.360861,-0.35461,-5.32185
134841.863,906.271000000001,265.498204500907,47.393434,47.39357,20.81404,-0.24015,-4.49731
134843.973,908.381000000001,263.584701669657,44.214505,44.255892,20.974356,0.075979,-3.75194
134846.084,910.492000000006,263.273298001828,41.800569,41.801729,19.801861,-0.555422,0.5423
134848.247,912.655000000006,262.878700075406,44.871613,44.873348,20.745884,0.436442,-33.4925
134850.423,914.831000000006,260.706500383307,45.022229,45.0746,20.71443,-0.014455,-1.91128
134852.652,917.060000000005,258.783391463249,46.021064,46.061227,20.664525,-0.022389,-2.46327
134854.847,919.255000000005,257.178713754218,47.001282,47.028667,21.425361,0.346622,-8.40378
134857.045,921.453000000001,256.592758053144,45.860118,45.863861,20.866179,-0.254405,-3.27138
134859.277,923.685000000005,256.4631456481,47.046721,47.0469,21.07836,0.095063,-8.54176
134901.504,925.912000000004,250.845266108557,46.277111,46.61686,20.932582,-0.065459,6.31413
134903.790,928.198000000004,250.411347138875,47.040125,47.042126,20.578358,-0.154954,-4.40667
134905.954,930.362000000001,250.270523897851,45.987574,45.987789,21.251289,0.310966,-32.51569
134908.182,932.590000000004,249.908641355938,46.637861,46.639265,20.933243,-0.14275,-5.14002
134910.391,934.799000000006,249.932069171632,46.973909,46.973915,21.264787,0.150088,-9.792
134912.608,937.016000000003,250.065780130659,47.608216,47.608404,21.474246,0.094479,-9.73043
134914.867,939.275000000001,250.057861304586,48.754289,48.75429,21.582244,0.047808,-9.02215
134917.097,941.505000000005,250.140053376967,47.778304,47.778375,21.42528,-0.070387,-7.65711
134919.303,943.711000000003,250.224471057858,47.900598,47.900673,21.713814,0.130795,-10.39202
134921.584,945.992000000006,250.323701822232,47.382529,47.382633,20.772746,-0.412568,-3.0255
134923.842,948.25,245.154174447922,48.137689,48.414472,21.441307,0.296085,0.27954
134926.107,950.515000000007,244.536234907023,47.846577,47.850567,21.126078,-0.139174,-4.85645
134928.389,952.797000000006,235.768543586739,48.093328,48.885996,21.422435,0.129867,10.30574
134930.654,955.062000000005,233.335544360455,47.466267,47.528581,20.983921,-0.193604,0.12105
134932.906,957.314000000006,231.656178695761,47.898457,47.927888,21.282366,0.132524,-5.67012
134935.676,960.084000000003,229.403033374709,59.511367,59.554004,21.49964,0.078438,-5.0223
134937.790,962.198000000004,230.650210206871,44.099966,44.117598,20.869252,-0.298197,-7.25361
134939.989,964.397000000004,231.930148627918,46.231195,46.24891,21.031792,0.073915,-13.35476
134942.225,966.633000000002,234.932236176146,48.035465,48.129185,21.52468,0.220433,-32.75365
134944.501,968.909,240.740087862095,46.789004,47.148086,20.715328,-0.355603,-31.73254
134946.760,971.168000000005,244.12486553122,46.838331,46.960473,20.788169,0.032245,-27.67835
134949.000,973.408000000003,245.741277282387,45.016661,45.045671,20.109675,-0.302899,-6.99633
134951.246,975.654000000002,248.24179071971,45.082554,45.151847,20.103226,-0.002871,-19.15754
134953.487,977.895000000004,251.503277237166,45.073569,45.191414,20.165736,0.027894,-26.30852
134955.733,980.141000000003,253.980605207117,44.472948,44.541893,19.831653,-0.148746,-13.62921
134957.993,982.401000000005,257.428827120552,45.280328,45.411434,20.093555,0.115886,-30.65478
135000.266,984.674000000006,260.198092072917,44.52239,44.608431,19.625354,-0.205984,-13.56727
135002.426,986.834000000003,264.16261419669,42.232861,42.418534,19.63821,0.005952,-31.83532
135004.752,989.160000000003,263.179595705192,42.608384,42.619722,18.323182,-0.56536,3.42072
135007.028,991.436000000002,256.797931082912,41.427895,41.916537,18.416756,0.041113,9.82651
135009.296,993.704000000005,258.882705502937,40.207411,40.261424,17.75195,-0.293124,-5.6881
135011.526,995.934000000001,265.126517941604,37.457407,37.974235,17.028805,-0.32428,-37.16024
135013.777,998.185000000005,269.076627688607,36.178242,36.393249,16.167592,-0.382591,-17.23331
135015.974,1000.38200000001,272.314611091589,34.439112,34.590996,15.74465,-0.192509,-17.75857
135018.227,1002.635,274.437077904661,33.622107,33.689033,14.952966,-0.351391,-4.13892
135020.501,1004.909,275.268650351332,31.690781,31.70169,13.940937,-0.445044,1.15302
135022.805,1007.213,276.215106238888,28.514922,28.530625,12.383084,-0.676151,3.05938
135025.109,1009.517,276.901312332477,21.513518,21.524459,9.342213,-1.319822,5.51238
135027.414,1011.822,277.540556606764,14.487753,14.501849,6.291475,-1.323531,3.163
135029.704,1014.112,277.884569499523,8.559002,8.565912,3.740573,-1.113931,1.38318
135031.209,1015.61700000001,277.988260011862,2.531219,2.533342,1.683283,-1.36697,0.64678
135049.259,1033.667,278.578754289732,15.677791,15.688907,0.869192,-0.045102,-0.62464
135051.543,1035.951,278.821370072606,18.30835,18.309957,8.016619,3.129346,-44.68048
135053.802,1038.21000000001,279.308599899435,21.924757,21.93017,9.707911,0.748691,-14.09107
135056.094,1040.502,279.50086873512,24.817989,24.818734,10.828418,0.488877,-7.76875
135058.413,1042.821,279.46893274895,28.539254,28.539272,12.306715,0.637472,-18.46343
135100.760,1045.16800000001,279.828778133727,30.061775,30.063928,12.809514,0.214231,-3.94824
135103.108,1047.516,279.712652728259,32.176528,32.176737,13.703892,0.380911,-14.97013
135105.458,1049.866,279.696334048994,30.835694,30.835699,13.121574,-0.247795,2.07653
135107.746,1052.154,278.954038773873,24.982897,24.993922,10.923917,-0.960514,7.98179
135110.066,1054.474,278.128733869839,19.063433,19.081289,8.224694,-1.163458,7.32587
135112.383,1056.791,276.133303807096,14.499738,14.636398,6.316961,-0.823363,7.44319
135114.682,1059.09,274.972266872221,9.315721,9.387793,4.083425,-0.971525,4.72494
135116.237,1060.645,274.708467284578,2.964278,2.975993,1.913822,-1.395243,2.10611
135131.605,1076.01300000001,273.623145461692,17.781846,17.814936,1.159223,-0.049102,0.1397
135133.923,1078.33100000001,272.834785425568,19.748439,19.764169,8.526388,3.178242,-45.39901
135136.153,1080.561,271.848099608293,21.471742,21.4944,9.638744,0.498814,0.29592
135138.410,1082.81800000001,270.501399695788,23.195113,23.234175,10.294273,0.290443,2.14934
135140.673,1085.08100000001,269.342803216664,24.074159,24.102023,10.650474,0.157402,2.45224
135142.955,1087.363,268.170837606347,23.34918,23.378574,10.244774,-0.177783,4.26827
135145.276,1089.684,267.207248905476,19.866261,19.889616,8.569417,-0.721826,5.87498
135147.616,1092.024,266.455681686827,13.74922,13.769746,5.884507,-1.147397,5.40904
135149.909,1094.317,265.626090645613,9.484296,9.520509,4.151988,-0.755569,3.54217
135152.261,1096.669,265.226680029376,4.410316,4.428365,1.882808,-0.964787,1.65047
135210.878,1115.286,264.258676948475,14.215031,14.247952,0.765319,-0.060025,0.00567
135213.223,1117.631,263.453873276231,23.879821,23.893379,10.189074,4.018659,-70.76811
135215.473,1119.881,264.928470651201,28.454327,28.49251,12.663338,1.099673,-32.70646
135217.675,1122.08300000001,266.7271842364,27.411204,27.470156,12.475093,-0.085488,-8.69705
135219.907,1124.315,267.829054728798,27.411236,27.433373,12.290938,-0.082507,-3.08593
135222.188,1126.59600000001,269.568695069968,28.834111,28.886542,12.663981,0.163544,-13.39676
135224.477,1128.885,271.871002930615,29.861092,29.949715,13.084192,0.183578,-18.35232
135226.712,1131.12,273.115503420648,30.071971,30.097711,13.466537,0.171072,-10.40441
135229.052,1133.46000000001,274.577094674611,31.803945,31.837512,13.605774,0.059503,-8.96188
135231.343,1135.751,278.091725744991,31.968847,32.161465,14.038178,0.18874,-28.33299
135233.633,1138.041,279.404752165659,31.971666,31.998617,13.973195,-0.028377,-6.0187
135235.842,1140.25,280.515746104169,31.183019,31.202804,14.125307,0.06886,-7.2799
135238.087,1142.495,281.025291849584,31.118933,31.123104,13.863298,-0.116708,-0.50776
135240.375,1144.783,279.718553448148,32.221804,32.24829,14.094532,0.101064,1.87267
135242.642,1147.05,277.998346322596,32.887064,32.932023,14.526697,0.190633,1.81327
135244.924,1149.332,275.819789172274,33.431277,33.502185,14.681063,0.067645,3.65994
135247.172,1151.58,262.533505342341,33.283472,35.837338,15.941877,0.56086,24.22152
135249.437,1153.845,250.683286479776,33.51068,35.544245,15.692823,-0.109958,26.57905
135251.701,1156.109,242.184152892844,36.338522,37.319211,16.48375,0.349349,14.15997
135253.956,1158.364,244.136456615386,36.332128,36.384544,16.135053,-0.154633,-8.21794
135256.182,1160.59,247.902760049433,38.071115,38.256958,17.186414,0.47231,-42.18779
135258.474,1162.88200000001,258.520360617937,40.401821,41.773682,18.225865,0.453513,-94.59024
135302.959,1167.36700000001,280.491140017099,75.811196,78.930682,17.598814,-0.139811,-79.74372
135305.190,1169.59800000001,280.697506760693,36.487495,36.488078,16.355033,-0.557499,2.12285
135307.384,1171.792,281.505223939803,33.701319,33.710997,15.365085,-0.451207,0.41351
135309.657,1174.065,283.012999263013,32.466423,32.501415,14.298907,-0.469062,-0.39415
135311.960,1176.368,283.55630448013,31.414021,31.418718,13.642518,-0.285015,0.806
135314.160,1178.56800000001,284.996366035621,30.097773,30.132204,13.696456,0.024517,-8.66848
135316.333,1180.741,286.239397646912,25.782808,25.812755,11.878856,-0.836447,3.14144
135318.629,1183.037,286.582146477045,23.326553,23.329071,10.160745,-0.748306,3.874
135320.972,1185.38,286.448717523491,19.627564,19.628017,8.377301,-0.76118,4.08593
135323.254,1187.662,286.577448450142,20.245667,20.246077,8.872076,0.216816,-2.07741
135325.513,1189.921,285.937209748002,20.993053,21.002814,9.297394,0.188277,1.05092
135327.799,1192.207,285.124389719156,20.584565,20.600607,9.011639,-0.125002,2.92382
135330.153,1194.561,284.520760837665,28.454749,28.461151,12.090549,1.307948,-28.19684
135332.437,1196.845,283.801315110101,27.453584,27.463009,12.024085,-0.0291,2.77224
135335.846,1200.254,283.455528523305,40.640958,40.642429,11.922097,-0.029917,1.56683
135338.158,1202.56600000001,283.206601311044,36.124923,36.125781,15.625338,1.601748,-52.36609
135340.334,1204.74200000001,281.730973104831,28.539841,28.577964,13.133255,-1.145259,11.84101
135342.556,1206.964,278.99422841382,28.581607,28.712333,12.921842,-0.095145,7.51486
135344.768,1209.176,260.867846857299,29.897398,34.963125,15.806114,1.30392,30.05603
135346.989,1211.397,248.619542703254,32.726529,34.943478,15.733218,-0.032821,27.37626
135349.223,1213.631,247.095647767585,33.257746,33.292641,14.902704,-0.371761,5.53813
135356.027,1220.435,281.311653336429,94.854721,100.83726,14.820291,-0.012112,-84.83297
135358.334,1222.74200000001,281.955088019116,26.606998,26.614777,11.536531,-1.42339,8.07106
135400.634,1225.042,282.772921069932,26.445763,26.458405,11.503655,-0.014294,-2.46579
135402.947,1227.355,283.71399087732,26.157551,26.174474,11.316245,-0.081025,-2.10781
135405.237,1229.645,284.539194976334,21.925731,21.941254,9.581334,-0.757603,2.51777
135407.547,1231.955,285.064937480791,20.905331,20.911941,9.052788,-0.228808,0.38862
135409.805,1234.213,285.156763044215,21.896786,21.896979,9.69751,0.285528,-2.98301
135412.067,1236.47500000001,285.012023955693,21.925498,21.925976,9.693181,-0.001914,0.89464
135414.356,1238.764,284.756224210149,21.620876,21.622389,9.446216,-0.107892,1.64608
135416.612,1241.02,284.470079921123,21.38894,21.390853,9.481761,0.015756,1.10758
135418.855,1243.26300000001,284.273989039102,21.027899,21.028813,9.375307,-0.047461,1.20528
135421.139,1245.54700000001,284.091085640059,18.503328,18.504232,8.101678,-0.557631,3.18767
135423.477,1247.885,283.864037117806,12.500268,12.50233,5.347446,-1.178029,3.94934
135425.795,1250.203,283.619812691598,7.958815,7.962562,3.4351,-0.824998,1.98206
135428.152,1252.56,283.454362424362,3.703156,3.70685,1.572698,-0.790158,0.80082
135428.909,1253.317,283.439864425032,0.253886,0.254299,0.33593,-1.633775,-0.03181
135515.874,1300.28200000001,282.82035664395,11.937291,11.953355,0.254516,-0.001734,-0.32984
135518.196,1302.60400000001,281.897435071504,15.901546,15.928306,6.859736,2.844625,-30.23749
135520.485,1304.893,281.045249143471,16.524173,16.546133,7.228542,0.161121,1.59774
135522.799,1307.207,280.045139726468,17.580994,17.609417,7.609947,0.164825,1.90231
135525.118,1309.52600000001,278.908339214618,19.49414,19.527258,8.420551,0.349549,1.39456
135527.439,1311.847,277.315695601594,22.516896,22.57315,9.725614,0.562285,1.22672
135529.758,1314.166,275.077064214094,24.596411,24.698075,10.650313,0.398749,3.45043
135532.078,1316.486,263.820890448999,26.692682,28.968962,12.486621,0.791512,20.74897
135534.438,1318.84600000001,253.000821242217,28.780413,30.747131,13.028445,0.229586,22.69989
135536.745,1321.15300000001,251.071632476286,29.235548,29.29913,12.7001,-0.142326,5.89327
135539.013,1323.421,253.572605615291,29.024508,29.132061,12.844824,0.063811,-17.16236
135543.583,1327.991,274.577471443222,55.289586,59.145099,12.942035,0.021272,-77.48201
135545.868,1330.27600000001,275.355937511952,26.133768,26.14536,11.442171,-0.656396,2.99682
135548.133,1332.541,274.357519441554,24.716728,24.736885,10.921362,-0.229938,4.34394
135550.425,1334.83300000001,274.13565672427,21.770168,21.771298,9.498821,-0.620655,4.16798
135552.735,1337.143,274.136077880859,17.238668,17.238668,7.462627,-0.881469,3.79658
135555.027,1339.435,274.136077880859,13.72765,13.72765,5.989376,-0.64278,2.19985
135557.345,1341.753,274.136077880859,13.802423,13.802423,5.954453,-0.015066,0.19675
135559.643,1344.051,274.136096381835,11.310331,11.310331,4.921815,-0.449364,1.23005
135601.831,1346.239,274.136150732814,8.108038,8.108038,3.705685,-0.555818,1.04326
135604.163,1348.571,274.135556804016,4.025701,4.025701,1.726287,-0.848798,0.56652
135620.325,1364.733,274.091732383162,15.572871,15.572932,0.963552,-0.047193,-0.23612
135622.675,1367.08300000001,274.014969088986,12.185689,12.18593,5.185502,1.796574,-17.86893
135625.047,1369.455,273.693847387031,11.045077,11.049744,4.658408,-0.222215,1.28725
135627.434,1371.842,273.384068776337,10.830294,10.834724,4.539055,-0.050001,0.81766
135629.778,1374.186,273.16161972423,13.099542,13.10143,5.589347,0.448077,-4.72507
135632.106,1376.514,272.958547026196,13.892252,13.893737,5.9681,0.162695,0.08904
135634.455,1378.863,272.858391925268,13.048047,13.048431,5.554888,-0.17591,0.8537
135636.700,1381.108,272.747027744277,12.704419,12.704907,5.659201,0.046465,0.24022
135638.926,1383.334,272.727135923158,14.685043,14.685057,6.59706,0.42132,-7.04859
135641.157,1385.565,273.077944949942,18.513722,18.517046,8.299886,0.763257,-11.94834
135643.414,1387.822,273.378479451707,17.219559,17.222181,7.630563,-0.296554,0.82546
135645.683,1390.091,273.704522013031,14.333227,14.336935,6.318614,-0.578206,1.37732
135647.906,1392.31400000001,273.905324090116,15.269615,15.270935,6.869516,0.247819,-2.99986
135650.188,1394.59600000001,273.978998994575,20.466582,20.466715,8.968762,0.919915,-12.92668
135652.418,1396.826,273.877862358309,26.084104,26.0843,11.696996,1.223423,-29.05601
135654.677,1399.08500000001,273.935530213265,31.218314,31.218367,13.819552,0.9396,-20.28437
135656.996,1401.404,274.109179397115,33.305604,33.306057,14.36225,0.234022,-4.12023
135659.254,1403.662,275.879866950715,32.227056,32.275664,14.293917,-0.030263,-9.7548
135701.513,1405.921,276.230926344839,30.641017,30.643028,13.564864,-0.322733,1.5394
135703.800,1408.20800000001,276.730264356665,28.849518,28.853839,12.616458,-0.414694,2.26036
135706.090,1410.498,276.891084464615,26.606777,26.607263,11.618892,-0.435618,3.13013
135708.379,1412.787,276.801990809111,22.67701,22.677185,9.907027,-0.747866,4.72097
135710.673,1415.08100000001,276.400805650738,9.024215,9.033129,3.937719,-2.602139,6.32961
135712.175,1416.58300000001,276.330991903629,1.621515,1.623017,1.08057,-1.90223,1.07045
135725.640,1430.048,275.969552068153,12.144121,12.149499,0.902302,-0.013239,-0.13287
135727.893,1432.301,276.112270710413,13.083825,13.084603,5.807636,2.177245,-22.43482
135730.224,1434.63200000001,276.638077847411,14.736945,14.746322,6.326178,0.222455,-5.02439
135732.618,1437.02600000001,277.371110198426,16.681171,16.697269,6.974632,0.270866,-7.08396
135734.974,1439.38200000001,278.255344449745,17.667162,17.689276,7.508182,0.226464,-7.77395
135737.267,1441.675,278.936129337809,16.672312,16.686206,7.27702,-0.100812,-2.1284
135739.547,1443.955,279.391530085257,14.407905,14.4151,6.322412,-0.418688,0.55006
135741.834,1446.24200000001,279.495656934968,7.116978,7.11774,3.112261,-1.403652,1.98408
135801.347,1465.755,279.099808758517,12.533249,12.539498,0.642623,-0.126564,-0.15057
135803.724,1468.13200000001,278.472863596495,14.411391,14.425022,6.068583,2.282692,-22.20268
135806.027,1470.435,277.949186599535,13.880984,13.890858,6.031636,-0.016043,1.39419
135808.333,1472.741,277.451023083385,14.542412,14.550942,6.310036,0.120729,0.90506
135810.595,1475.003,276.862800799999,15.922948,15.933809,7.044124,0.324531,0.3969
135812.908,1477.31600000001,276.095999388012,16.639526,16.657185,7.20155,0.068061,1.74099
135815.237,1479.645,275.183920864967,16.693308,16.718207,7.178277,-0.009993,2.351
135817.545,1481.953,273.953197528179,18.027888,18.069848,7.829224,0.282039,1.94554
