122754,0,295.99,0.0,0.0,0,0,-0.35
122756,2.0,295.206,17.589685,17.607148,8.803574,4.401787,-73.29814
122757,3.0,295.132,7.843919,7.844268,7.844268,-0.959306,5.35541
122758,4.0,293.951,7.500641,7.593048,7.593048,-0.25122,8.4444
122759,5.0,293.948,7.130879,7.13088,7.13088,-0.462168,2.33395
122800,6.0,293.164,7.262909,7.305102,7.305102,0.174222,4.19674
122801,7.0,293.775,7.500639,7.525484,7.525484,0.220382,-13.13264
122802,8.0,293.303,7.765638,7.779969,7.779969,0.254485,2.01298
122803,9.0,292.868,7.949602,7.961495,7.961495,0.181526,2.13852
122804,10.0,292.782,7.73838,7.738858,7.738858,-0.222637,1.95785
122805,11.0,292.561,7.448893,7.45217,7.45217,-0.286688,2.95643
122806,12.0,292.038,7.130875,7.150028,7.150028,-0.302142,4.69733
122807,13.0,291.623,6.338759,6.352329,6.352329,-0.797699,5.7033
122808,14.0,291.033,5.282298,5.315146,5.315146,-1.037183,6.87639
122809,15.0,290.674,3.911304,3.927745,3.927745,-1.387401,5.34829
122810,16.0,290.634,3.093333,3.093592,3.093592,-0.834153,1.69743
122811,17.0,290.134,2.444811,2.495416,2.495416,-0.598176,3.68083
122812,18.0,289.966,1.770007,1.777962,1.777962,-0.717454,1.54758
122813,19.0,289.923,1.162338,1.163133,1.163133,-0.614829,0.42912
122814,20.0,289.602,0.45276,0.555007,0.555007,-0.608126,1.77433
122815,21.0,289.457,0.139738,0.201374,0.201374,-0.353633,-0.28996
122816,22.0,289.875,0.139738,0.440739,0.440739,0.239365,-0.69096
122817,23.0,288.957,0.237949,0.948337,0.948337,0.507598,4.80806
122818,24.0,289.196,0.111195,0.263601,0.263601,-0.684736,-0.21945
122819,25.0,288.743,0.139738,0.474063,0.474063,0.210462,-0.68933
122820,26.0,288.941,0.139738,0.242344,0.242344,-0.231719,-0.29533
122821,27.0,288.626,0.111195,0.33405,0.33405,0.091706,-0.33897
122822,28.0,288.048,0.139738,0.594652,0.594652,0.260602,2.98557
122823,29.0,288.004,0.111195,0.119584,0.119584,-0.475068,-0.3057
122824,30.0,287.331,0.084631,0.6783,0.6783,0.558716,3.41438
122825,31.0,287.305,0.111195,0.114194,0.114194,-0.564106,-0.30165
122826,32.0,286.997,0.139738,0.338217,0.338217,0.224023,-0.60125
122827,33.0,286.994,0.111195,0.111235,0.111235,-0.226982,-0.32522
122828,34.0,286.757,0.084631,0.251657,0.251657,0.140422,-0.34899
122829,35.0,286.154,0.111195,0.613167,0.613167,0.36151,3.09349
122830,36.0,286.27,0.111195,0.160687,0.160687,-0.45248,-0.29264
122831,37.0,285.799,0.111195,0.483948,0.483948,0.323261,-0.80565
122832,38.0,285.608,0.084631,0.20891,0.20891,-0.275038,-0.29749
122833,39.0,285.812,0.111195,0.232337,0.232337,0.023427,-0.33288
122834,40.0,285.78,0.0,0.032,0.0,-0.232337,-0.35
122835,41.0,285.73,0.111195,0.121919,0.121919,0.121919,-0.34817
122836,42.0,285.244,0.139738,0.50569,0.50569,0.383771,2.41717
122837,43.0,285.284,0.084631,0.093607,0.093607,-0.412083,-0.31883
122838,44.0,285.814,0.925082,1.066151,1.066151,0.972544,-12.51465
122839,45.0,285.776,2.588544,2.588823,2.588823,1.522672,-8.26753
122840,46.0,286.145,4.045128,4.061923,4.061923,1.4731,-18.32233
122841,47.0,286.045,4.59638,4.597468,4.597468,0.535545,-4.73966
122842,48.0,285.722,4.834253,4.845032,4.845032,0.247564,1.2718
122843,49.0,285.819,4.912355,4.913313,4.913313,0.068281,-1.39106
122844,50.0,286.05,5.150038,5.155216,5.155216,0.241903,-5.761
122845,51.0,286.291,5.150038,5.155674,5.155674,0.000458,-3.46633
122846,52.0,286.218,4.912354,4.912897,4.912897,-0.242777,1.2429
122847,53.0,286.667,4.569028,4.591036,4.591036,-0.321861,-4.78391
122848,54.0,286.013,4.569027,4.615596,4.615596,0.02456,3.82804
122849,55.0,285.884,4.358513,4.360421,4.360421,-0.255175,1.46604
122850,56.0,285.797,3.988063,3.989012,3.989012,-0.371409,1.40355
122851,57.0,285.771,3.435431,3.435529,3.435529,-0.553483,1.24378
122852,58.0,285.7,2.826389,2.82728,2.82728,-0.608249,1.34111
122853,59.0,286.032,2.173076,2.198291,2.198291,-0.628989,-3.4454
122854,60.0,286.216,1.459935,1.471484,1.471484,-0.726807,-1.38629
122855,61.0,285.981,1.162952,1.186458,1.186458,-0.285026,1.3281
122856,62.0,286.026,0.698687,0.700134,0.700134,-0.486324,-0.34869
122857,63.0,286.361,0.419212,0.536623,0.536623,-0.163511,-6.59274
122858,64.0,286.795,0.25389,0.502808,0.502808,-0.033815,-8.68776
122859,65.0,286.731,0.25389,0.261832,0.261832,-0.240976,-0.2895
122900,66.0,287.162,0.25389,0.500221,0.500221,0.238389,-8.90229
122901,67.0,286.816,0.16926,0.385182,0.385182,-0.115039,-0.28986
122902,68.0,287.241,0.16926,0.457465,0.457465,0.072283,-0.32959
122903,69.0,286.795,0.16926,0.477038,0.477038,0.019573,-0.31374
122904,70.0,287.462,0.25389,0.713687,0.713687,0.236649,-13.57157
122905,71.0,287.172,0.16926,0.335781,0.335781,-0.377906,-0.24503
122906,72.0,287.101,0.16926,0.183548,0.183548,-0.152233,-0.31728
122907,73.0,287.023,0.08463,0.115092,0.115092,-0.068456,-0.33523
122908,74.0,286.964,0.16926,0.179248,0.179248,0.064156,-0.34114
122909,75.0,286.596,0.08463,0.377606,0.377606,0.198358,-0.61112
122910,76.0,286.952,0.16926,0.394189,0.394189,0.016583,-0.31935
122911,77.0,286.357,0.08463,0.600989,0.600989,0.2068,3.10368
122912,78.0,287.033,0.581168,0.891478,0.891478,0.290489,-13.87589
122913,79.0,286.369,1.743505,1.865665,1.865665,0.974187,2.61078
122914,80.0,286.615,3.618358,3.626711,3.626711,1.761046,-16.85696
122915,81.0,286.609,5.206497,5.2065,5.2065,1.579789,-18.32946
122916,82.0,286.385,5.968758,5.97296,5.97296,0.76646,-7.03033
122917,83.0,286.583,5.918146,5.921457,5.921457,-0.051503,-1.72948
122918,84.0,286.477,5.336987,5.338039,5.338039,-0.583418,2.62424
122919,85.0,286.136,4.305604,4.319087,4.319087,-1.018952,4.65769
122920,86.0,286.725,3.593529,3.64148,3.64148,-0.677607,-5.86698
122921,87.0,286.101,3.937454,3.986593,3.986593,0.345113,2.83844
122922,88.0,286.463,4.411978,4.426804,4.426804,0.440211,-9.98848
122923,89.0,287.287,5.297423,5.361126,5.361126,0.934322,-24.85727
122924,90.0,287.125,6.507937,6.509953,6.509953,1.148827,-14.25687
122925,91.0,288.529,7.681317,7.808575,7.808575,1.298622,-45.55323
122926,92.0,288.422,10.992153,10.992674,10.992674,3.184099,-72.51199
122927,93.0,289.551,12.227627,12.279638,12.279638,1.286964,-49.24801
122928,94.0,290.572,14.048887,14.085939,14.085939,1.806301,-66.62867
122929,95.0,290.883,16.098377,16.101381,16.101381,2.015442,-67.13806
122930,96.0,292.193,17.366441,17.415779,17.415779,1.314398,-67.9864
122931,97.0,292.475,17.384589,17.386876,17.386876,-0.028903,-4.12509
122932,98.0,292.725,16.997286,16.999124,16.999124,-0.387752,0.06017
122933,99.0,292.518,16.660224,16.66151,16.66151,-0.337614,2.46811
122934,100.0,292.473,16.219172,16.219234,16.219234,-0.442276,2.83975
122935,101.0,293.004,15.544535,15.553602,15.553602,-0.665632,1.93123
122936,102.0,293.027,14.701548,14.701566,14.701566,-0.852036,6.85289
122937,103.0,293.162,14.337324,14.337959,14.337959,-0.363607,2.10676
122938,104.0,294.007,14.429892,14.454612,14.454612,0.116653,-15.6963
122939,105.0,294.768,14.870123,14.889583,14.889583,0.434971,-23.71707
122940,106.0,295.333,15.673107,15.683288,15.683288,0.793705,-31.99343
122941,107.0,296.611,16.973247,17.021293,17.021293,1.338005,-67.00955
122942,108.0,297.371,17.826806,17.842999,17.842999,0.821706,-40.85616
122943,109.0,298.302,18.293256,18.316932,18.316932,0.473933,-32.39998
122944,110.0,298.993,18.252662,18.265737,18.265737,-0.051195,-8.4286
122945,111.0,299.359,18.261808,18.265475,18.265475,-0.000262,-5.80868
122946,112.0,300.165,18.275179,18.292944,18.292944,0.027469,-13.57272
122947,113.0,300.581,18.713143,18.717766,18.717766,0.424822,-20.96806
122948,114.0,301.058,19.145075,19.151016,19.151016,0.43325,-23.00975
122949,115.0,302.131,19.938618,19.967469,19.967469,0.816453,-51.03166
122950,116.0,302.819,20.607234,20.618715,20.618715,0.651246,-37.97327
122951,117.0,303.499,20.988762,20.999774,20.999774,0.381059,-27.1106
122952,118.0,303.907,20.840159,20.844152,20.844152,-0.155622,-7.14428
122953,119.0,304.045,20.489951,20.490416,20.490416,-0.353736,-2.7357
122954,120.0,304.868,20.086167,20.10302,20.10302,-0.387396,-5.93703
122955,121.0,305.566,19.905507,19.917741,19.917741,-0.185279,-7.42238
122956,122.0,306.867,20.226898,20.268695,20.268695,0.350954,-37.23754
122957,123.0,307.933,21.170714,21.197535,21.197535,0.92884,-58.15896
122958,124.0,306.755,21.590058,21.622171,21.622171,0.424636,-6.30163
122959,125.0,307.677,21.232644,21.252652,21.252652,-0.369519,-7.93319
123000,126.0,308.092,20.528288,20.532483,20.532483,-0.720169,0.081
123001,127.0,308.13,19.738636,19.738673,19.738673,-0.79381,3.77678
123002,128.0,307.773,18.944723,18.948086,18.948086,-0.790587,6.58495
123003,129.0,308.101,18.219231,18.222183,18.222183,-0.725903,2.32964
123004,130.0,308.522,17.46187,17.466944,17.466944,-0.755239,2.53647
123005,131.0,308.607,16.667463,16.667679,16.667679,-0.799265,5.33732
123006,132.0,308.848,16.189017,16.190811,16.190811,-0.476868,1.5184
123007,133.0,309.074,16.083389,16.084977,16.084977,-0.105834,-1.88519
123008,134.0,309.135,16.083389,16.083505,16.083505,-0.001472,-1.91965
123009,135.0,309.627,16.166091,16.173576,16.173576,0.090071,-8.69206
123010,136.0,311.409,16.506458,16.60237,16.60237,0.428794,-45.46237
123011,137.0,311.331,17.095868,17.096046,17.096046,0.493676,-29.16845
123012,138.0,311.106,17.520074,17.521519,17.521519,0.425473,-25.25442
123013,139.0,312.432,17.942163,17.991095,17.991095,0.469576,-39.58855
123014,140.0,312.445,18.196053,18.196057,18.196057,0.204962,-5.89903
123015,141.0,312.458,18.449942,18.449946,18.449946,0.253889,-6.73749
123016,142.0,312.925,18.364976,18.370912,18.370912,-0.079034,-5.65127
123017,143.0,313.268,18.534572,18.537745,18.537745,0.166833,-9.75669
123018,144.0,314.702,18.704823,18.759711,18.759711,0.221966,-33.39564
123019,145.0,315.1,18.706476,18.71071,18.71071,-0.049001,-5.93516
123020,146.0,315.937,18.703833,18.722552,18.722552,0.011842,-13.77447
123021,147.0,317.379,18.365314,18.421839,18.421839,-0.300713,-14.01958
123022,148.0,318.25,18.197075,18.217908,18.217908,-0.203931,-6.50181
123023,149.0,318.386,18.02954,18.030053,18.030053,-0.187855,-2.20803
123024,150.0,319.711,18.116547,18.164936,18.164936,0.134883,-27.62674
123025,151.0,319.802,18.114159,18.114387,18.114387,-0.050549,-3.5046
123026,152.0,321.0,17.947338,17.987277,17.987277,-0.12711,-15.59753
123027,153.0,321.207,17.606462,17.607679,17.607679,-0.379598,-0.22983
123028,154.0,321.795,17.352615,17.362575,17.362575,-0.245104,-3.65806
123029,155.0,322.796,17.012338,17.041761,17.041761,-0.320814,-5.07314
123030,156.0,323.715,16.841622,16.866677,16.866677,-0.175084,-8.44426
123031,157.0,323.851,16.67273,16.673285,16.673285,-0.193392,-0.97891
123032,158.0,324.297,16.334213,16.340301,16.340301,-0.332984,-1.16944
123033,159.0,324.822,15.741416,15.750168,15.750168,-0.590133,1.17104
123034,160.0,325.133,15.402891,15.40603,15.40603,-0.344138,0.32511
123035,161.0,325.855,15.319873,15.336877,15.336877,-0.069153,-7.97326
123036,162.0,325.495,15.40931,15.413515,15.413515,0.076638,0.37828
123037,163.0,325.524,15.48792,15.487947,15.487947,0.074432,-1.93665
123038,164.0,325.884,15.572549,15.57671,15.57671,0.088763,-5.81098
123039,165.0,325.806,15.318662,15.318861,15.318861,-0.257849,1.86167
123040,166.0,325.411,15.826437,15.831365,15.831365,0.512504,-19.68456
123041,167.0,326.266,16.672359,16.694268,16.694268,0.862903,-41.87717
123042,168.0,329.427,17.434394,17.718635,17.718635,1.024367,-94.94835
123043,169.0,331.994,17.688283,17.87358,17.87358,0.154945,-52.55874
123044,170.0,332.676,17.772913,17.785993,17.785993,-0.087587,-6.86669
123045,171.0,333.979,18.026802,18.073832,18.073832,0.287839,-32.6798
123046,172.0,334.363,17.942172,17.946281,17.946281,-0.127551,-4.22585
123047,173.0,335.29,17.688284,17.712558,17.712558,-0.233723,-6.48725
123048,174.0,336.295,17.434395,17.463338,17.463338,-0.24922,-7.51591
123049,175.0,338.627,17.180147,17.337695,17.337695,-0.125643,-37.87925
123050,176.0,339.444,17.011248,17.030856,17.030856,-0.306839,-4.10043
123051,177.0,340.078,17.010884,17.022695,17.022695,-0.008161,-8.5331
123052,178.0,339.967,16.927714,16.928078,16.928078,-0.094617,-0.74112
123053,179.0,341.815,16.932097,17.032645,17.032645,0.104567,-36.21121
123054,180.0,343.108,16.944143,16.993405,16.993405,-0.03924,-20.4064
123055,181.0,344.16,16.601143,16.634442,16.634442,-0.358963,-4.95841
123056,182.0,344.393,15.58208,15.583821,15.583821,-1.050621,7.22566
123057,183.0,344.685,14.219797,14.222795,14.222795,-1.361026,9.68689
123058,184.0,344.762,12.612024,12.612259,12.612259,-1.610536,12.50478
123059,185.0,346.069,11.342774,11.417827,11.417827,-1.194432,1.46127
123100,186.0,346.044,10.410243,10.410273,10.410273,-1.007554,7.19889
123101,187.0,347.327,9.986492,10.068571,10.068571,-0.341702,-14.93783
123102,188.0,347.445,9.478705,9.479439,9.479439,-0.589132,3.30208
123103,189.0,347.972,9.309442,9.324347,9.324347,-0.155092,-4.46092
123104,190.0,348.404,9.056231,9.066529,9.066529,-0.257818,-0.93613
123105,191.0,348.592,8.970917,8.972886,8.972886,-0.093643,-0.00393
123106,192.0,350.331,8.886981,9.055526,9.055526,0.08264,-32.77473
123107,193.0,350.21,8.802357,8.803188,8.803188,-0.252338,2.59929
123108,194.0,350.982,8.804463,8.838244,8.838244,0.035056,-13.01613
123109,195.0,351.231,8.633107,8.636698,8.636698,-0.201546,0.12932
123110,196.0,351.678,8.212246,8.224403,8.224403,-0.412295,-0.09996
123111,197.0,352.032,7.701447,7.709578,7.709578,-0.514825,0.72091
123112,198.0,351.855,7.025277,7.027506,7.027506,-0.682072,4.22875
123113,199.0,351.734,6.179084,6.180269,6.180269,-0.847237,4.06691
123114,200.0,351.715,5.162508,5.162543,5.162543,-1.017726,3.37121
123115,201.0,351.665,4.400827,4.401111,4.401111,-0.761432,2.34125
123116,202.0,351.57,3.894627,3.895785,3.895785,-0.505326,1.73103
123117,203.0,351.48,3.308104,3.309328,3.309328,-0.586457,1.62887
123118,204.0,351.477,2.792833,2.792834,2.792834,-0.516494,0.77571
123119,205.0,351.102,1.949693,1.985429,1.985429,-0.807405,2.9701
123120,206.0,350.968,1.105812,1.113901,1.113901,-0.871528,1.10844
123121,207.0,351.154,0.277176,0.3338,0.3338,-0.780101,-0.16572
123122,208.0,350.885,0.202519,0.336712,0.336712,0.002912,-0.32108
123123,209.0,351.379,0.169263,0.522193,0.522193,0.185481,-10.08776
123124,210.0,351.25,0.202519,0.240115,0.240115,-0.282078,-0.28864
123125,211.0,351.493,0.169263,0.29614,0.29614,0.056025,-0.33393
123126,212.0,351.033,0.169263,0.490153,0.490153,0.194013,-0.68472
123127,213.0,350.951,0.202519,0.218491,0.218491,-0.271662,-0.29552
123128,214.0,351.223,0.084631,0.284862,0.284862,0.066371,-0.3363
123129,215.0,351.971,0.169263,0.766912,0.766912,0.48205,-15.54779
123130,216.0,351.627,0.202519,0.399187,0.399187,-0.367725,-0.22763
123131,217.0,351.301,0.202519,0.383784,0.383784,-0.015403,-0.31285
123132,218.0,351.612,0.139738,0.340951,0.340951,-0.042833,-0.31143
123133,219.0,351.287,0.169263,0.366435,0.366435,0.025484,-0.32345
123134,220.0,351.165,0.139738,0.185501,0.185501,-0.180934,-0.31377
123135,221.0,350.68,0.111195,0.497583,0.497583,0.312082,-0.80736
123136,222.0,351.356,0.846313,1.083153,1.083153,0.58557,-14.57005
123137,223.0,351.591,2.369676,2.3813,2.3813,1.298147,-10.4383
123138,224.0,351.159,3.893039,3.916934,3.916934,1.535634,-5.10365
123139,225.0,351.211,5.416402,5.416651,5.416651,1.499717,-15.91535
123140,226.0,351.366,6.187083,6.189024,6.189024,0.772373,-10.96235
123141,227.0,350.857,7.279139,7.296914,7.296914,1.10789,-8.96911
123142,228.0,351.072,8.039971,8.042846,8.042846,0.745932,-13.82628
123143,229.0,350.146,8.209987,8.262043,8.262043,0.219197,4.82685
123144,230.0,348.943,7.279139,7.377877,7.377877,-0.884166,11.29345
123145,231.0,349.657,5.671386,5.716154,5.716154,-1.661723,1.67651
123146,232.0,348.859,4.656048,4.723938,4.723938,-0.992216,7.53786
123147,233.0,348.601,3.893039,3.901578,3.901578,-0.82236,3.42171
123148,234.0,348.387,3.215988,3.223101,3.223101,-0.678477,2.49138
123149,235.0,348.058,2.287748,2.311284,2.311284,-0.911817,3.03129
123150,236.0,348.301,1.358658,1.380218,1.380218,-0.931066,-2.14041
123151,237.0,347.61,0.507788,0.857513,0.857513,-0.522705,4.02774
123152,238.0,348.04,0.202519,0.475304,0.475304,-0.382209,-0.20019
123153,239.0,348.188,0.084631,0.170489,0.170489,-0.304815,-0.30412
123154,240.0,348.16,0.084631,0.089143,0.089143,-0.081346,-0.33787
123155,241.0,348.535,0.084631,0.384431,0.384431,0.295288,-0.69041
123156,242.0,348.36,0.169263,0.243464,0.243464,-0.140967,-0.30824
123157,243.0,348.671,0.084631,0.32231,0.32231,0.078846,-0.33689
123158,244.0,348.461,0.084631,0.226412,0.226412,-0.095898,-0.31724
123159,245.0,348.41,0.202519,0.208842,0.208842,-0.01757,-0.32952
123200,246.0,348.266,0.139738,0.200656,0.200656,-0.008186,-0.33144
123201,247.0,348.91,0.084631,0.649537,0.649537,0.448881,-13.38449
123202,248.0,348.386,0.139738,0.542312,0.542312,-0.107225,2.79247
123203,249.0,348.61,0.139738,0.264013,0.264013,-0.278299,-0.28312
123204,250.0,348.899,0.202519,0.352895,0.352895,0.088882,-0.33775
123205,251.0,348.721,0.084631,0.197095,0.197095,-0.1558,-0.31445
123206,252.0,348.741,0.084631,0.086962,0.086962,-0.110133,-0.33668
123207,253.0,348.925,0.139738,0.231047,0.231047,0.144085,-0.34958
123208,254.0,348.663,0.084631,0.27533,0.27533,0.044283,-0.33313
123209,255.0,348.754,0.084631,0.124272,0.124272,-0.151058,-0.32794
123210,256.0,348.846,0.084631,0.125006,0.125006,0.000734,-0.3391
123211,257.0,348.929,0.084631,0.118539,0.118539,-0.006467,-0.33916
123212,258.0,348.947,0.139738,0.140893,0.140893,0.022354,-0.33953
123213,259.0,349.023,0.084631,0.113747,0.113747,-0.027146,-0.3382
123214,260.0,349.019,0.084631,0.084726,0.084726,-0.029021,-0.34111
123215,261.0,348.63,0.202519,0.43856,0.43856,0.353834,-0.78974
123216,262.0,349.155,0.084631,0.531778,0.531778,0.093218,-10.59889
123217,263.0,348.853,0.084631,0.313634,0.313634,-0.218144,-0.28179
123218,264.0,349.037,0.139738,0.231047,0.231047,-0.082587,-0.3184
123219,265.0,349.033,0.139738,0.139795,0.139795,-0.091252,-0.33016
123220,266.0,348.573,0.202519,0.502607,0.502607,0.362812,2.27203
123221,267.0,348.876,0.139738,0.33367,0.33367,-0.168937,-0.2872
123222,268.0,348.566,0.139738,0.340039,0.340039,0.006369,-0.32149
123223,269.0,348.996,0.202519,0.475304,0.475304,0.135265,-0.34661
123224,270.0,348.802,0.139738,0.239087,0.239087,-0.236217,-0.29543
123225,271.0,348.738,0.139738,0.153697,0.153697,-0.08539,-0.32872
123226,272.0,348.758,0.139738,0.141162,0.141162,-0.012535,-0.33658
123227,273.0,349.061,0.139738,0.33367,0.33367,0.192508,-0.57682
123228,274.0,349.018,0.139738,0.146205,0.146205,-0.187465,-0.32087
123229,275.0,348.78,0.169263,0.292051,0.292051,0.145846,-0.34977
123230,276.0,348.586,0.139738,0.239087,0.239087,-0.052964,-0.32151
123231,277.0,348.841,0.084631,0.268677,0.268677,0.02959,-0.33119
123232,278.0,348.468,0.139738,0.398316,0.398316,0.129639,-0.34583
123233,279.0,348.858,0.0,0.39,0.0,-0.398316,-0.35
123234,280.0,348.203,0.084631,0.660445,0.660445,0.660445,3.27363
123235,281.0,348.664,0.139738,0.481713,0.481713,-0.178732,-0.25652
123236,282.0,348.558,0.084631,0.135641,0.135641,-0.346072,-0.31017
123237,283.0,348.901,0.0,0.343,0.0,-0.135641,-0.35
123238,284.0,349.426,0.111195,0.536646,0.536646,0.536646,-11.07455
123239,285.0,348.918,0.0,0.508,0.0,-0.536646,-0.35
123240,286.0,348.922,0.0,0.004,0.0,0.0,-0.35
123241,287.0,348.919,0.139738,0.13977,0.13977,0.13977,-0.34939
123242,288.0,349.09,0.084631,0.190797,0.190797,0.051027,-0.33908
123243,289.0,349.102,0.930944,0.931022,0.931022,0.740225,-1.68995
123244,290.0,349.341,2.454308,2.465917,2.465917,1.534895,-11.87889
123245,291.0,349.229,4.146934,4.148446,4.148446,1.682529,-13.39303
123246,292.0,349.265,5.417545,5.417664,5.417664,1.269218,-13.10494
123247,293.0,348.794,6.178085,6.196013,6.196013,0.778349,0.12439
123248,294.0,348.682,7.024398,7.025291,7.025291,0.829278,-12.13302
123249,295.0,348.734,7.78608,7.786254,7.786254,0.760963,-10.58842
123250,296.0,348.966,8.293868,8.297112,8.297112,0.510858,-10.52411
123251,297.0,348.922,8.970918,8.971026,8.971026,0.673914,-14.75613
123252,298.0,349.038,9.225482,9.226212,9.226212,0.255186,-4.04547
123253,299.0,348.625,9.7326,9.741359,9.741359,0.515147,0.12972
123254,300.0,347.588,10.240992,10.293361,10.293361,0.552002,3.4636
123255,301.0,348.388,10.664124,10.694089,10.694089,0.400728,-20.58393
123256,302.0,347.678,10.664124,10.687733,10.687733,-0.006356,5.03995
123257,303.0,346.964,10.410244,10.4347,10.4347,-0.253033,6.55412
123258,304.0,347.251,10.410244,10.414199,10.414199,-0.020501,-1.6611
123259,305.0,346.942,12.110446,12.114387,12.114387,1.700188,-40.35417
123300,306.0,346.271,10.757373,10.77828,10.77828,-1.336107,13.36
123301,307.0,346.038,10.419146,10.421751,10.421751,-0.356529,4.3831
123302,308.0,345.288,9.573672,9.603005,9.603005,-0.818746,9.74574
123303,309.0,345.079,8.973672,8.976105,8.976105,-0.6269,5.165
123304,310.0,344.501,8.633106,8.652434,8.652434,-0.323671,5.59247
123305,311.0,344.649,8.296846,8.298166,8.298166,-0.354268,1.38759
123306,312.0,344.301,7.704656,7.712511,7.712511,-0.585655,5.14737
123307,313.0,343.874,7.704656,7.716479,7.716479,0.003968,2.90196
123308,314.0,343.121,7.532183,7.569728,7.569728,-0.146751,5.46699
123309,315.0,343.93,7.702248,7.744618,7.744618,0.17489,-16.32043
123310,316.0,343.085,7.873849,7.919061,7.919061,0.174443,4.56488
123311,317.0,343.006,8.03997,8.040358,8.040358,0.121297,0.34871
123312,318.0,342.624,8.293864,8.302656,8.302656,0.262298,1.43689
123313,319.0,342.434,8.209986,8.212184,8.212184,-0.090472,2.04242
123314,320.0,341.487,8.124601,8.179606,8.179606,-0.032578,6.17557
123315,321.0,341.477,7.870707,7.870714,7.870714,-0.308892,1.95186
123316,322.0,341.042,7.616814,7.629225,7.629225,-0.241489,4.05277
123317,323.0,340.945,6.686794,6.687498,6.687498,-0.941727,4.61706
123318,324.0,340.462,5.248316,5.270494,5.270494,-1.417004,7.41076
123319,325.0,340.878,3.73041,3.753534,3.753534,-1.51696,0.95067
123320,326.0,340.837,2.464361,2.464702,2.464702,-1.288832,1.99979
123321,327.0,340.946,1.288801,1.293402,1.293402,-1.1713,0.02911
123322,328.0,341.007,0.253894,0.261119,0.261119,-1.032283,-0.16665
123323,329.0,340.596,0.084631,0.419623,0.419623,0.158504,-0.60672
123324,330.0,340.562,0.277176,0.279253,0.279253,-0.14037,-0.30219
123325,331.0,340.758,0.169263,0.258971,0.258971,-0.020282,-0.32418
123326,332.0,340.772,0.169263,0.169841,0.169841,-0.08913,-0.32611
123327,333.0,340.966,0.169263,0.25746,0.25746,0.087619,-0.34087
123328,334.0,340.816,0.084631,0.172228,0.172228,-0.085232,-0.32617
123329,335.0,340.639,0.169263,0.244906,0.244906,0.072678,-0.33914
123330,336.0,340.645,0.084631,0.084844,0.084844,-0.160062,-0.33448
123331,337.0,340.413,0.169263,0.287183,0.287183,0.202339,-0.55087
123332,338.0,340.931,0.084631,0.524868,0.524868,0.237685,-10.61395
123333,339.0,340.409,0.084631,0.528816,0.528816,0.003948,2.74374
123334,340.0,340.819,0.139738,0.433159,0.433159,-0.095657,-0.28737
123335,341.0,340.785,0.139738,0.143815,0.143815,-0.289344,-0.31263
123336,342.0,341.2,0.084631,0.423542,0.423542,0.279727,-0.71186
123337,343.0,340.228,0.111195,0.97834,0.97834,0.554798,5.08953
123338,344.0,339.47,0.084631,0.76271,0.76271,-0.21563,4.24176
123339,345.0,340.105,0.139738,0.650194,0.650194,-0.112516,-12.47777
123340,346.0,340.325,0.111195,0.246504,0.246504,-0.40369,-0.26916
123341,347.0,340.455,0.084631,0.155121,0.155121,-0.091383,-0.32797
123342,348.0,340.879,0.111195,0.438338,0.438338,0.283217,-0.72757
123343,349.0,340.451,0.084631,0.436287,0.436287,-0.002051,-0.31123
123344,350.0,340.472,0.0,0.021,0.0,-0.436287,-0.35
123345,351.0,340.677,0.084631,0.221782,0.221782,0.221782,-0.51375
123346,352.0,340.405,0.0,0.272,0.0,-0.221782,-0.35
123347,353.0,340.537,0.0,0.132,0.0,0.0,-0.35
123348,354.0,340.432,0.139738,0.174791,0.174791,0.174791,-0.46261
123349,355.0,340.832,0.0,0.4,0.0,-0.174791,-0.35
123350,356.0,340.508,0.0,0.324,0.0,0.0,-0.35
123351,357.0,340.704,0.084631,0.213491,0.213491,0.213491,-0.50408
123352,358.0,340.905,0.111195,0.229707,0.229707,0.016216,-0.33209
123353,359.0,340.792,0.139738,0.17971,0.17971,-0.049997,-0.32891
123354,360.0,340.901,0.0,0.109,0.0,-0.17971,-0.35
123355,361.0,340.457,0.0,0.444,0.0,0.0,-0.35
123356,362.0,340.622,0.084631,0.185439,0.185439,0.185439,-0.47343
123357,363.0,341.053,0.0,0.431,0.0,-0.185439,-0.35
123358,364.0,340.829,0.0,0.224,0.0,0.0,-0.35
123359,365.0,340.505,0.111195,0.34255,0.34255,0.34255,-0.68571
123400,366.0,341.071,0.0,0.566,0.0,-0.34255,-0.35
123401,367.0,340.918,0.139738,0.207209,0.207209,0.207209,-0.49694
123402,368.0,340.601,0.111195,0.335936,0.335936,0.128727,-0.34631
123403,369.0,340.834,0.139738,0.271691,0.271691,-0.064245,-0.3158
123404,370.0,341.265,0.169263,0.463045,0.463045,0.191354,-0.66374
123405,371.0,341.216,0.761681,0.763256,0.763256,0.300211,-0.13328
123406,372.0,340.735,1.891535,1.951734,1.951734,1.188478,1.25084
123407,373.0,341.322,3.317433,3.368966,3.368966,1.417232,-20.40805
123408,374.0,340.573,4.59168,4.652368,4.652368,1.283402,0.89926
123409,375.0,340.805,5.511136,5.516017,5.516017,0.863649,-12.6901
123410,376.0,340.835,6.094464,6.094538,6.094538,0.578521,-6.03365
123411,377.0,340.653,6.855131,6.857546,6.857546,0.763008,-9.50408
123412,378.0,339.933,7.197092,7.233017,7.233017,0.375471,2.95455
123413,379.0,340.232,7.455017,7.46101,7.46101,0.227993,-7.12161
123414,380.0,340.206,7.974742,7.974784,7.974784,0.513774,-10.7597
123415,381.0,339.85,8.742514,8.749759,8.749759,0.774975,-9.99944
123416,382.0,339.917,8.988126,8.988376,8.988376,0.238617,-2.77695
123417,383.0,339.561,9.066463,9.073449,9.073449,0.085073,2.22776
123418,384.0,339.293,9.224809,9.228701,9.228701,0.155252,1.34251
123419,385.0,339.093,9.56398,9.566071,9.566071,0.33737,-0.07389
123420,386.0,338.225,9.738311,9.776918,9.776918,0.210847,4.55294
123421,387.0,338.68,9.987109,9.997468,9.997468,0.22055,-10.01636
123422,388.0,337.223,10.496633,10.597271,10.597271,0.599803,5.56374
123423,389.0,336.931,10.919698,10.923601,10.923601,0.32633,0.47513
123424,390.0,336.52,11.17188,11.179437,11.179437,0.255836,1.63253
123425,391.0,336.346,11.679643,11.680939,11.680939,0.501502,-13.2681
123426,392.0,335.069,11.848376,11.916994,11.916994,0.236055,6.84744
123427,393.0,334.667,12.018153,12.024875,12.024875,0.107881,2.73868
123428,394.0,334.233,11.679114,11.687175,11.687175,-0.3377,5.90738
123429,395.0,333.745,11.510389,11.520729,11.520729,-0.166446,4.98543
123430,396.0,333.652,11.595016,11.595389,11.595389,0.07466,1.0346
123431,397.0,333.188,11.258154,11.267712,11.267712,-0.327677,5.85805
123432,398.0,332.527,11.002625,11.022463,11.022463,-0.245249,6.37838
123433,399.0,332.218,10.919697,10.924068,10.924068,-0.098395,3.33678
123434,400.0,331.983,10.748744,10.751313,10.751313,-0.172755,3.34199
123435,401.0,331.824,10.748169,10.749345,10.749345,-0.001968,1.80465
123436,402.0,331.613,10.833371,10.835425,10.835425,0.08608,1.5546
123437,403.0,330.622,11.002062,11.046604,11.046604,0.211179,5.31162
123438,404.0,331.461,10.917431,10.949622,10.949622,-0.096982,-10.50567
123439,405.0,330.264,10.917998,10.983418,10.983418,0.033796,7.67199
123440,406.0,330.187,10.917431,10.917703,10.917703,-0.065715,1.76806
123441,407.0,329.965,11.087252,11.089474,11.089474,0.171771,1.08245
123442,408.0,330.084,14.050548,14.051052,14.051052,2.961578,-81.28345
123443,409.0,330.226,10.837935,10.838866,10.838866,-3.212186,20.7765
123444,410.0,329.454,10.917998,10.945257,10.945257,0.106391,4.71127
123445,411.0,330.146,10.663537,10.685967,10.685967,-0.25929,-4.34581
123446,412.0,329.334,10.837935,10.868311,10.868311,0.182344,4.44557
123447,413.0,329.524,10.847059,10.848723,10.848723,-0.019588,-0.1033
123448,414.0,329.364,10.945145,10.946314,10.946314,0.097591,1.19447
123449,415.0,328.962,11.037969,11.045287,11.045287,0.098973,2.60953
123450,416.0,330.126,11.384662,11.444013,11.444013,0.398726,-27.85959
123451,417.0,330.698,11.721916,11.735864,11.735864,0.291851,-13.78843
123452,418.0,330.626,12.16393,12.164143,12.164143,0.428279,-14.28219
123453,419.0,331.319,12.332348,12.351804,12.351804,0.187661,-13.71425
123454,420.0,331.088,12.574698,12.576819,12.576819,0.225015,0.54576
123455,421.0,332.235,12.649719,12.701614,12.701614,0.124795,-21.18922
123456,422.0,333.304,12.55699,12.60241,12.60241,-0.099204,-13.97544
123457,423.0,333.918,12.490405,12.505487,12.505487,-0.096923,-5.11154
123458,424.0,335.539,12.649724,12.753163,12.753163,0.247676,-33.64874
123459,425.0,335.322,12.659008,12.660868,12.660868,-0.092295,2.79876
123500,426.0,336.313,12.65901,12.697741,12.697741,0.036873,-15.89206
123501,427.0,337.146,13.427589,13.453403,13.453403,0.755662,-32.28292
123502,428.0,338.137,13.401322,13.437914,13.437914,-0.015489,-14.62222
123503,429.0,338.621,12.83775,12.84687,12.84687,-0.591044,2.42625
123504,430.0,339.337,12.343892,12.36464,12.36464,-0.48223,0.361
123505,431.0,339.76,12.143607,12.150972,12.150972,-0.213668,0.17635
123506,432.0,340.001,11.966149,11.968576,11.968576,-0.182396,0.96539
123507,433.0,340.117,12.042852,12.043411,12.043411,0.074835,-0.06008
123508,434.0,340.636,12.134953,12.146047,12.146047,0.102636,-8.14235
123509,435.0,340.372,12.134955,12.137826,12.137826,-0.008221,2.70885
123510,436.0,340.0,12.227959,12.233617,12.233617,0.095791,2.53467
123511,437.0,340.36,12.227961,12.233259,12.233259,-0.000358,-2.52303
123512,438.0,340.004,12.321849,12.32699,12.32699,0.093731,2.40351
123513,439.0,340.554,12.481025,12.493137,12.493137,0.166147,-10.43457
123514,440.0,339.424,12.73412,12.784159,12.784159,0.291022,5.15215
123515,441.0,339.422,13.156013,13.156013,13.156013,0.371854,-16.39418
123516,442.0,339.066,13.324793,13.329548,13.329548,0.173535,1.1517
123517,443.0,339.064,13.586635,13.586635,13.586635,0.257087,-14.24294
123518,444.0,338.652,13.417948,13.424272,13.424272,-0.162363,4.0954
123519,445.0,338.32,13.15602,13.160209,13.160209,-0.264063,4.5593
123520,446.0,337.451,12.827662,12.857063,12.857063,-0.303146,8.1224
123521,447.0,336.936,12.5654,12.575949,12.575949,-0.281114,5.99405
123522,448.0,335.793,12.079781,12.133736,12.133736,-0.442213,10.97971
123523,449.0,335.635,11.216116,11.217229,11.217229,-0.916507,7.98461
123524,450.0,334.552,10.093245,10.151181,10.151181,-1.066048,13.53567
123525,451.0,333.277,8.548524,8.643083,8.643083,-1.508098,15.75481
123526,452.0,332.361,6.531801,6.595717,6.595717,-2.047366,13.67967
123527,453.0,331.652,4.200277,4.259696,4.259696,-2.336021,10.10491
123528,454.0,331.492,2.625144,2.630016,2.630016,-1.62968,3.3705
123529,455.0,332.2,3.597748,3.66675,3.66675,1.036734,-20.74013
123530,456.0,332.435,6.447366,6.451648,6.451648,2.784898,-38.82094
123531,457.0,331.955,8.71777,8.730974,8.730974,2.279326,-33.81172
123532,458.0,332.443,10.431053,10.442461,10.442461,1.711487,-41.78235
123533,459.0,333.102,12.416616,12.434092,12.434092,1.991631,-57.97123
123534,460.0,334.368,14.038848,14.095815,14.095815,1.661723,-67.40819
123535,461.0,335.556,15.097647,15.144316,15.144316,1.048501,-50.98027
123536,462.0,335.852,15.417414,15.420255,15.420255,0.275939,-10.26975
123537,463.0,336.549,15.582158,15.597739,15.597739,0.177484,-15.20819
123538,464.0,337.493,15.57581,15.60439,15.60439,0.006651,-14.72681
123539,465.0,337.411,15.240203,15.240424,15.240424,-0.363966,2.89673
123540,466.0,337.102,15.000026,15.003208,15.003208,-0.237216,3.22306
123541,467.0,336.375,14.786254,14.804115,14.804115,-0.199093,5.45074
123542,468.0,335.308,14.558263,14.597312,14.597312,-0.206803,7.63145
123543,469.0,334.889,14.343265,14.349384,14.349384,-0.247928,4.34528
123544,470.0,334.779,14.14197,14.142398,14.142398,-0.206986,2.30918
123545,471.0,332.825,13.967672,14.103687,14.103687,-0.038711,11.68757
123546,472.0,332.537,13.870527,13.873517,13.873517,-0.23017,3.68809
123547,473.0,332.135,13.795447,13.801303,13.801303,-0.072214,3.09359
123548,474.0,330.952,13.954701,14.004756,14.004756,0.203453,5.23046
123549,475.0,330.126,14.216974,14.240949,14.240949,0.236193,2.67799
123550,476.0,329.581,14.333456,14.343814,14.343814,0.102865,2.08909
123551,477.0,329.13,14.636898,14.643844,14.643844,0.30003,-0.41249
123552,478.0,328.564,14.753308,14.764161,14.764161,0.120317,1.72862
123553,479.0,327.791,15.035829,15.055686,15.055686,0.291525,1.16168
123554,480.0,326.529,15.244713,15.296859,15.296859,0.241173,4.24605
123555,481.0,326.332,15.458435,15.459691,15.459691,0.162832,-1.40635
123556,482.0,325.631,15.62901,15.644723,15.644723,0.185032,1.16165
123557,483.0,324.976,15.801326,15.814896,15.814896,0.170173,0.8727
123558,484.0,323.873,15.949681,15.987775,15.987775,0.172879,3.29953
123559,485.0,322.809,17.333439,17.366064,17.366064,1.378289,-41.40992
123600,486.0,321.363,16.081647,16.146526,16.146526,-1.219538,18.53464
123601,487.0,321.045,16.403914,16.406996,16.406996,0.26047,-2.54993
123602,488.0,319.182,15.975276,16.083539,16.083539,-0.323457,12.399
123603,489.0,318.237,15.889476,15.917552,15.917552,-0.165987,5.65562
123604,490.0,318.096,15.589961,15.590599,15.590599,-0.326953,2.69435
123605,491.0,316.978,15.741518,15.78117,15.78117,0.190571,3.41761
123606,492.0,316.24,15.742756,15.760044,15.760044,-0.021126,3.20468
123607,493.0,316.049,15.793248,15.794403,15.794403,0.034359,-0.53995
123608,494.0,316.354,15.738987,15.741942,15.741942,-0.052461,-2.57823
123609,495.0,315.757,15.504702,15.516192,15.516192,-0.22575,4.46907
123610,496.0,315.433,15.36322,15.366636,15.366636,-0.149556,2.27795
123611,497.0,315.393,15.291809,15.291861,15.291861,-0.074775,-0.00871
123612,498.0,314.921,15.065861,15.073253,15.073253,-0.218608,3.9661
123613,499.0,314.095,14.994438,15.017172,15.017172,-0.056081,4.61639
123614,500.0,314.086,14.840755,14.840757,14.840757,-0.176415,1.03587
123615,501.0,313.918,14.672429,14.673391,14.673391,-0.167366,1.99204
123616,502.0,313.698,14.54434,14.546003,14.546003,-0.127388,2.02963
123617,503.0,313.712,14.562328,14.562335,14.562335,0.016332,-0.59355
123618,504.0,314.236,14.609636,14.61903,14.61903,0.056695,-7.71503
123619,505.0,314.422,14.745121,14.746294,14.746294,0.127264,-3.20123
123620,506.0,314.085,14.768923,14.772767,14.772767,0.026473,1.21074
123621,507.0,312.893,14.671904,14.720245,14.720245,-0.052522,6.9363
123622,508.0,311.147,14.693309,14.796684,14.796684,0.076439,8.98161
123623,509.0,310.125,14.870298,14.905377,14.905377,0.108693,4.38059
123624,510.0,309.691,14.985354,14.991638,14.991638,0.086261,1.07565
123625,511.0,308.528,14.771201,14.816915,14.816915,-0.174723,7.77645
123626,512.0,307.421,14.860885,14.902059,14.902059,0.085144,5.08889
123627,513.0,305.693,13.821671,13.92927,13.92927,-0.972789,18.22898
123628,514.0,304.453,12.536919,12.598093,12.598093,-1.331177,18.09737
123629,515.0,302.419,10.837328,11.026551,11.026551,-1.571542,23.10594
123630,516.0,301.643,9.210806,9.243437,9.243437,-1.783114,14.9777
123631,517.0,300.254,8.031591,8.150814,8.150814,-1.092623,13.89709
123632,518.0,300.391,7.829296,7.830494,7.830494,-0.32032,1.13458
123633,519.0,299.639,7.500613,7.538216,7.538216,-0.292278,6.10804
123634,520.0,299.561,7.382363,7.382775,7.382775,-0.155441,1.52389
123635,521.0,299.868,7.221256,7.227779,7.227779,-0.154996,-1.72784
123636,522.0,299.367,7.575713,7.592261,7.592261,0.364482,1.68977
123637,523.0,300.08,7.949188,7.9811,7.9811,0.388839,-17.83183
123638,524.0,299.743,8.403606,8.410361,8.410361,0.429261,0.3363
123639,525.0,299.814,8.86066,8.860945,8.860945,0.450584,-6.61067
123640,526.0,299.563,11.545895,11.548623,11.548623,2.687678,-62.07386
123641,527.0,299.642,8.988117,8.988464,8.988464,-2.560159,13.83545
123642,528.0,299.328,10.775233,10.779807,10.779807,1.791343,-36.9277
123643,529.0,298.668,10.774041,10.794237,10.794237,0.01443,4.63375
123644,530.0,298.644,11.240726,11.240752,11.240752,0.446515,-14.28169
123645,531.0,298.246,11.211535,11.218597,11.218597,-0.022155,3.41537
123646,532.0,297.879,11.415281,11.421178,11.421178,0.202581,1.74378
123647,533.0,297.865,11.739428,11.739436,11.739436,0.318258,-12.20336
123648,534.0,297.914,12.064363,12.064463,12.064463,0.325027,-4.2567
123649,535.0,297.255,11.626975,11.645636,11.645636,-0.418827,7.76973
123650,536.0,297.062,11.048067,11.049753,11.049753,-0.595883,5.96153
123651,537.0,297.244,10.500114,10.501691,10.501691,-0.548062,3.18804
123652,538.0,297.175,10.090707,10.090943,10.090943,-0.410748,3.63033
123653,539.0,296.596,10.009847,10.026579,10.026579,-0.064364,4.51558
123654,540.0,294.96,9.053407,9.200036,9.200036,-0.826543,14.7089
123655,541.0,297.019,8.260001,8.51276,8.51276,-0.687276,-26.10042
123656,542.0,296.253,7.529268,7.568133,7.568133,-0.944627,9.13803
123657,543.0,295.126,6.460542,6.558105,6.558105,-1.010028,10.81196
123658,544.0,294.232,5.068741,5.146977,5.146977,-1.411128,9.67606
123659,545.0,294.1,3.643547,3.645937,3.645937,-1.50104,4.00908
123700,546.0,293.759,2.461701,2.485207,2.485207,-1.16073,3.57998
123701,547.0,293.933,1.372181,1.383169,1.383169,-1.102038,-0.33698
123702,548.0,294.54,0.405026,0.729723,0.729723,-0.653446,-11.09677
123703,549.0,293.922,1.213437,1.361747,1.361747,0.632024,2.86676
123704,550.0,293.987,1.687554,1.688805,1.688805,0.327058,-2.23048
123705,551.0,293.619,1.024276,1.088377,1.088377,-0.600428,2.2839
123706,552.0,294.25,0.084628,0.63665,0.63665,-0.451727,-11.97412
123707,553.0,294.189,0.602738,0.605817,0.605817,-0.030833,0.0705
123708,554.0,294.191,0.538817,0.538821,0.538821,-0.066996,-0.29295
123709,555.0,294.121,0.475895,0.481016,0.481016,-0.057805,-0.29128
123710,556.0,294.25,1.637446,1.64252,1.64252,1.161504,-6.21325
123711,557.0,293.913,1.828745,1.859537,1.859537,0.217017,1.54224
123712,558.0,294.082,1.014966,1.02894,1.02894,-0.830597,-1.65363
210704,31150.0,359.329,1161.763324,1163.594084,0.038036,-3.2e-05,-0.34667
210707,31153.0,360.888,35.231983,35.266459,11.755486,3.905817,-97.78147
210708,31154.0,361.678,11.620633,11.647455,11.647455,-0.108031,-8.75285
210709,31155.0,361.694,11.206738,11.206749,11.206749,-0.440706,3.78549
210710,31156.0,361.953,10.776364,10.779476,10.779476,-0.427273,2.09677
210711,31157.0,361.937,10.86931,10.869322,10.869322,0.089846,0.39421
210712,31158.0,361.122,10.026071,10.059141,10.059141,-0.810181,10.36484
210713,31159.0,359.244,8.718647,8.918615,8.918615,-1.140526,17.60982
210714,31160.0,359.018,7.483767,7.487179,7.487179,-1.431436,8.09786
210715,31161.0,358.623,7.111438,7.122399,7.122399,-0.36478,4.20643
210716,31162.0,358.321,7.206868,7.213193,7.213193,0.090794,1.73763
210717,31163.0,356.863,8.138819,8.268382,8.268382,1.055189,3.81863
210718,31164.0,355.737,9.095812,9.165243,9.165243,0.896861,2.30339
210719,31165.0,354.33,9.635885,9.738066,9.738066,0.572823,5.60097
210720,31166.0,354.085,10.154068,10.157024,10.157024,0.418958,-0.33406
210721,31167.0,352.678,10.46465,10.558814,10.558814,0.40179,6.52352
210722,31168.0,352.068,10.57199,10.589574,10.589574,0.03076,4.20554
210723,31169.0,351.118,10.121923,10.166407,10.166407,-0.423167,8.87947
210724,31170.0,349.798,8.788068,8.886649,8.886649,-1.279758,15.06157
210725,31171.0,349.078,7.240047,7.275759,7.275759,-1.61089,11.55414
210726,31172.0,347.899,5.893939,6.010703,6.010703,-1.265056,11.63657
210727,31173.0,346.779,4.115083,4.264775,4.264775,-1.745928,11.01457
210728,31174.0,346.776,2.842296,2.842298,2.842298,-1.422477,2.32855
210729,31175.0,346.834,3.44652,3.447008,3.447008,0.60471,-4.61477
210730,31176.0,346.631,4.789226,4.793526,4.793526,1.346518,-10.77378
210731,31177.0,346.777,6.239116,6.240824,6.240824,1.447298,-19.27497
210732,31178.0,347.379,7.712011,7.735471,7.735471,1.494647,-32.68716
210733,31179.0,347.165,8.506888,8.50958,8.50958,0.774109,-12.2893
210734,31180.0,346.78,9.359328,9.367243,9.367243,0.857663,-12.23082
210735,31181.0,348.309,10.203088,10.317018,10.317018,0.949775,-46.13092
210736,31182.0,348.155,10.508959,10.510087,10.510087,0.193069,0.51561
210737,31183.0,347.91,11.092247,11.094953,11.094953,0.584866,-12.79554
210738,31184.0,348.046,11.140291,11.141121,11.141121,0.046168,-0.1725
210739,31185.0,348.171,11.433956,11.434639,11.434639,0.293518,-5.0557
210740,31186.0,347.915,11.56755,11.570382,11.570382,0.135743,1.56195
210741,31187.0,348.15,11.485837,11.488241,11.488241,-0.082141,0.17685
210742,31188.0,348.955,11.375399,11.403847,11.403847,-0.084394,-9.78063
210743,31189.0,349.604,11.183619,11.202434,11.202434,-0.201413,-4.24493
210744,31190.0,349.339,11.183615,11.186754,11.186754,-0.01568,2.58778
210745,31191.0,349.206,11.130417,11.131212,11.131212,-0.055542,2.07111
210746,31192.0,348.729,10.883474,10.893922,10.893922,-0.23729,5.21144
210747,31193.0,348.165,10.693039,10.707903,10.707903,-0.186019,5.33593
210748,31194.0,347.89,10.940346,10.943802,10.943802,0.235899,0.96409
210749,31195.0,347.165,10.500344,10.525344,10.525344,-0.418458,7.68306
210750,31196.0,347.335,9.899219,9.900678,9.900678,-0.624666,3.4184
210751,31197.0,346.799,9.684219,9.699041,9.699041,-0.201637,4.99365
210752,31198.0,346.537,9.246815,9.250526,9.250526,-0.448515,4.6335
210753,31199.0,346.461,8.972148,8.97247,8.97247,-0.278056,2.52294
210754,31200.0,346.029,7.548334,7.560685,7.560685,-1.411785,9.28445
210755,31201.0,345.94,5.825063,5.825743,5.825743,-1.734942,6.74063
210756,31202.0,345.639,3.096975,3.111568,3.111568,-2.714175,6.71494
210757,31203.0,345.854,1.455788,1.471579,1.471579,-1.639989,-0.03927
210758,31204.0,345.664,1.914239,1.923645,1.923645,0.452066,0.41201
210759,31205.0,345.439,3.263625,3.271372,3.271372,1.347727,-5.74487
210800,31206.0,345.79,5.674489,5.685334,5.685334,2.413962,-32.89552
210801,31207.0,345.401,6.660766,6.672116,6.672116,0.986782,-8.07165
210802,31208.0,346.0,8.245875,8.267603,8.267603,1.595487,-35.65641
210803,31209.0,346.973,10.447361,10.492573,10.492573,2.22497,-62.23139
210804,31210.0,346.12,11.64743,11.678623,11.678623,1.18605,-15.93174
210805,31211.0,345.798,12.068711,12.073005,12.073005,0.394382,0.1852
210806,31212.0,347.151,12.658713,12.730814,12.730814,0.657809,-38.82511
210807,31213.0,346.257,12.911637,12.94255,12.94255,0.211736,4.2675
210808,31214.0,346.71,12.837439,12.845429,12.845429,-0.097121,-1.91312
210809,31215.0,346.277,12.837437,12.844737,12.844737,-0.000692,3.26741
210810,31216.0,346.154,12.658705,12.659302,12.659302,-0.185435,2.95193
210811,31217.0,346.018,12.396345,12.397091,12.397091,-0.262211,3.70523
210812,31218.0,345.64,12.134643,12.140529,12.140529,-0.256562,5.16802
210813,31219.0,345.771,11.95137,11.952088,11.952088,-0.188441,1.64579
210814,31220.0,345.052,11.528907,11.551305,11.551305,-0.400783,7.95398
210815,31221.0,344.226,10.926237,10.957414,10.957414,-0.593891,9.5956
210816,31222.0,344.394,9.396484,9.397986,9.397986,-1.559428,8.39847
210817,31223.0,344.303,6.60483,6.605457,6.605457,-2.792529,11.8047
210818,31224.0,343.903,3.471582,3.494551,3.494551,-3.110906,8.77365
210819,31225.0,344.237,1.861844,1.891566,1.891566,-1.602985,-0.32831
210820,31226.0,343.873,2.964112,2.986378,2.986378,1.094812,0.09682
210821,31227.0,343.463,5.350166,5.365852,5.365852,2.379474,-19.54515
210822,31228.0,342.937,7.038299,7.057926,7.057926,1.692074,-16.25927
210823,31229.0,342.793,8.489185,8.490406,8.490406,1.43248,-24.81138
210824,31230.0,342.723,10.008516,10.00876,10.00876,1.518354,-33.07056
210825,31231.0,341.856,11.367002,11.400019,11.400019,1.391259,-19.51389
210826,31232.0,341.673,12.211445,12.212816,12.212816,0.812797,-21.60417
210827,31233.0,340.736,12.458376,12.493563,12.493563,0.280747,4.30953
210828,31234.0,340.289,12.380361,12.388428,12.388428,-0.105135,4.36651
210829,31235.0,338.003,11.890281,12.108038,12.108038,-0.28039,16.49448
210830,31236.0,336.856,11.366996,11.424719,11.424719,-0.683319,12.3234
210831,31237.0,337.029,11.037702,11.039057,11.039057,-0.385662,2.43542
210832,31238.0,337.09,10.261844,10.262025,10.262025,-0.777032,5.17624
210833,31239.0,337.712,9.839631,9.859271,9.859271,-0.402754,-1.00676
210834,31240.0,339.002,9.50192,9.589087,9.589087,-0.270184,-17.01807
210835,31241.0,338.879,9.066239,9.067073,9.067073,-0.522014,4.14346
210836,31242.0,338.459,8.48116,8.491553,8.491553,-0.57552,5.89014
210837,31243.0,338.943,7.793026,7.808042,7.808042,-0.683511,0.78864
210838,31244.0,338.55,6.943154,6.954268,6.954268,-0.853774,6.16274
210839,31245.0,338.071,5.42083,5.441952,5.441952,-1.512316,7.85909
210840,31246.0,337.638,3.386992,3.414558,3.414558,-2.027394,6.60801
210841,31247.0,337.603,1.358625,1.359075,1.359075,-2.055483,1.63713
210842,31248.0,337.006,0.169258,0.62053,0.62053,-0.738545,3.4639
210843,31249.0,337.156,0.084629,0.172227,0.172227,-0.448303,-0.28894
210844,31250.0,336.538,0.084629,0.623768,0.623768,0.451541,3.14631
210845,31251.0,336.255,0.592404,0.65653,0.65653,0.032762,1.34757
210846,31252.0,335.807,2.034141,2.082891,2.082891,1.426361,0.68217
210847,31253.0,335.428,3.822894,3.841635,3.841635,1.758744,-7.60332
210848,31254.0,335.838,5.613126,5.62808,5.62808,1.786445,-26.73046
210849,31255.0,335.314,7.403764,7.422284,7.422284,1.794204,-19.19888
210850,31256.0,335.918,8.846269,8.866865,8.866865,1.444581,-34.71623
210851,31257.0,335.755,9.699485,9.700855,9.700855,0.83399,-16.86788
210852,31258.0,336.243,10.278688,10.290266,10.290266,0.589411,-18.23624
210853,31259.0,337.638,11.113703,11.200911,11.200911,0.910645,-43.81618
210854,31260.0,339.194,12.042512,12.142621,12.142621,0.94171,-48.88754
210855,31261.0,339.807,12.725493,12.740248,12.740248,0.597627,-22.77565
210856,31262.0,339.836,13.400951,13.400982,13.400982,0.660734,-13.8681
210857,31263.0,342.459,13.992101,14.235836,14.235836,0.834854,-70.98334
210858,31264.0,342.954,14.252858,14.261451,14.261451,0.025615,-6.16047
210859,31265.0,342.701,14.168437,14.170696,14.170696,-0.090755,2.14725
210900,31266.0,343.014,13.999605,14.003104,14.003104,-0.167592,-0.4129
210901,31267.0,342.72,13.65428,13.657445,13.657445,-0.345659,4.77227
210902,31268.0,343.126,13.400941,13.40709,13.40709,-0.250355,0.02904
210903,31269.0,342.803,12.986853,12.990869,12.990869,-0.416221,5.75566
210904,31270.0,342.662,12.565007,12.565798,12.565798,-0.425071,4.89017
210905,31271.0,342.603,12.565005,12.565144,12.565144,-0.000654,1.23659
210906,31272.0,342.965,12.464784,12.47004,12.47004,-0.095104,-0.47047
210907,31273.0,342.571,12.035818,12.042265,12.042265,-0.427775,6.52229
210908,31274.0,342.209,12.211401,12.216765,12.216765,0.1745,1.91315
210909,31275.0,342.154,11.873592,11.873719,11.873719,-0.343046,3.80219
210910,31276.0,341.813,11.275404,11.280559,11.280559,-0.59316,6.92699
210911,31277.0,341.932,9.573407,9.574146,9.574146,-1.706413,9.71187
210912,31278.0,340.993,7.532795,7.591095,7.591095,-1.983051,14.85661
210913,31279.0,340.75,4.486711,4.493287,4.493287,-3.097808,9.76939
210914,31280.0,341.177,2.284981,2.324536,2.324536,-2.168751,0.36389
210915,31281.0,341.48,0.356311,0.467724,0.467724,-1.856812,0.20804
210916,31282.0,340.843,0.084629,0.642597,0.642597,0.174873,3.35971
210917,31283.0,341.608,0.909662,1.188574,1.188574,0.545977,-16.31525
210918,31284.0,341.509,2.700112,2.701927,2.701927,1.513353,-7.39924
210919,31285.0,340.9,5.218261,5.253678,5.253678,2.551751,-16.87564
210920,31286.0,340.997,7.227199,7.22785,7.22785,1.974172,-28.4028
210921,31287.0,340.462,7.959889,7.977848,7.977848,0.749998,0.02229
210922,31288.0,340.71,7.400644,7.404798,7.404798,-0.57305,1.46526
210923,31289.0,340.783,6.935901,6.936286,6.936286,-0.468512,1.83894
210924,31290.0,340.142,7.276485,7.304663,7.304663,0.368377,2.51676
210925,31291.0,340.23,8.151597,8.152072,8.152072,0.847409,-13.10315
210926,31292.0,340.021,9.389144,9.391469,9.391469,1.239397,-22.91399
210927,31293.0,339.943,10.312835,10.31313,10.31313,0.921661,-21.68289
210928,31294.0,340.274,11.027502,11.032468,11.032468,0.719338,-18.49384
210929,31295.0,340.148,11.41321,11.413906,11.413906,0.381438,-11.0424
210930,31296.0,340.165,11.765584,11.765597,11.765597,0.351691,-4.30292
210931,31297.0,339.883,11.83071,11.83407,11.83407,0.068473,2.21353
210932,31298.0,339.518,10.357685,10.364115,10.364115,-1.469955,12.00288
210933,31299.0,338.478,8.985601,9.045586,9.045586,-1.318529,13.77868
210934,31300.0,337.521,6.341953,6.413752,6.413752,-2.631834,15.90801
210935,31301.0,337.879,3.233131,3.252891,3.252891,-3.160861,3.97292
210936,31302.0,338.289,1.274286,1.33862,1.33862,-1.914271,-2.87496
210937,31303.0,338.472,2.309186,2.316426,2.316426,0.977806,-7.78388
210938,31304.0,339.126,4.655702,4.701413,4.701413,2.384987,-34.16647
210939,31305.0,339.244,7.213237,7.214202,7.214202,2.512789,-36.54249
210940,31306.0,338.902,8.48379,8.490681,8.490681,1.276479,-18.2749
210941,31307.0,338.812,10.090217,10.090618,10.090618,1.599937,-34.61672
210942,31308.0,338.666,11.294761,11.295704,11.295704,1.205086,-29.10934
210943,31309.0,338.214,11.478894,11.48779,11.48779,0.192086,2.31394
210944,31310.0,338.06,11.562504,11.56353,11.56353,0.07574,1.37907
210945,31311.0,338.113,11.061055,11.061182,11.061182,-0.502348,3.9134
210946,31312.0,337.983,10.776185,10.776969,10.776969,-0.284213,3.45051
210947,31313.0,337.538,10.257742,10.26739,10.26739,-0.509579,6.4999
210948,31314.0,336.494,8.283897,8.349425,8.349425,-1.917965,16.13971
210949,31315.0,336.261,5.54114,5.546036,5.546036,-2.803389,10.79011
210950,31316.0,336.188,3.66609,3.666817,3.666817,-1.879219,4.51069
210951,31317.0,337.877,1.875054,2.523598,2.523598,-1.143219,-26.97883
210952,31318.0,337.963,2.309181,2.310782,2.310782,-0.212816,-0.36466
210953,31319.0,338.275,4.3024,4.313698,4.313698,2.002916,-22.43552
210954,31320.0,338.011,6.568689,6.573992,6.573992,2.260294,-27.04728
210955,31321.0,338.048,8.002059,8.002144,8.002144,1.428152,-21.21301
210956,31322.0,337.533,9.374039,9.388175,9.388175,1.386031,-19.65207
210957,31323.0,338.486,11.32971,11.36972,11.36972,1.981545,-59.71539
210958,31324.0,338.316,12.415808,12.416971,12.416971,1.047251,-28.28886
210959,31325.0,338.638,13.018239,13.02222,13.02222,0.605249,-17.62748
211000,31326.0,338.847,13.537099,13.538712,13.538712,0.516492,-13.69416
211001,31327.0,339.224,13.603889,13.609112,13.609112,0.0704,-4.92611
211002,31328.0,339.798,13.740762,13.752746,13.752746,0.143634,-10.85017
211003,31329.0,339.573,13.908607,13.910427,13.910427,0.157681,0.08834
211004,31330.0,339.919,14.206206,14.210418,14.210418,0.299991,-11.02564
211005,31331.0,339.118,14.223163,14.2457,14.2457,0.035282,4.23127
211006,31332.0,338.536,14.40796,14.41971,14.41971,0.17401,1.63539
211007,31333.0,338.203,14.509804,14.513624,14.513624,0.093914,0.79634
211008,31334.0,337.931,14.742089,14.744598,14.744598,0.230974,-0.94465
211009,31335.0,337.702,14.992817,14.994565,14.994565,0.249967,-1.58784
211010,31336.0,337.991,15.243648,15.246388,15.246388,0.251823,-9.2622
211011,31337.0,337.083,15.511726,15.538279,15.538279,0.291891,1.47986
211012,31338.0,336.589,15.613124,15.620937,15.620937,0.082658,0.92586
211013,31339.0,335.467,15.52964,15.570119,15.570119,-0.050818,5.87508
211014,31340.0,334.377,15.094015,15.133321,15.133321,-0.436798,9.50074
211015,31341.0,333.697,14.05597,14.072409,14.072409,-1.060912,12.8314
211016,31342.0,332.127,13.035733,13.129937,13.129937,-0.942472,17.10605
211017,31343.0,330.948,12.03475,12.092364,12.092364,-1.037573,15.48571
211018,31344.0,330.34,10.560133,10.577621,10.577621,-1.514743,13.92529
211019,31345.0,329.339,8.2158,8.276555,8.276555,-2.301066,17.68346
211020,31346.0,328.624,6.193798,6.23493,6.23493,-2.041625,12.00338
211021,31347.0,328.269,3.866237,3.882501,3.882501,-2.352429,7.51366
211022,31348.0,328.059,2.217323,2.227245,2.227245,-1.655256,3.26881
211023,31349.0,329.399,2.202666,2.578243,2.578243,0.350998,-27.69495
211024,31350.0,329.464,4.068169,4.068688,4.068688,1.490445,-12.51362
211025,31351.0,330.152,6.894605,6.928847,6.928847,2.860159,-51.22911
211026,31352.0,330.335,9.304916,9.306716,9.306716,2.377869,-44.89461
211027,31353.0,330.216,10.892945,10.893595,10.893595,1.586879,-36.76604
211028,31354.0,330.995,12.702214,12.726079,12.726079,1.832484,-57.46229
211029,31355.0,330.759,14.255267,14.25722,14.25722,1.531141,-47.41969
211030,31356.0,330.206,15.236689,15.246721,15.246721,0.989501,-29.43147
211031,31357.0,329.084,15.478735,15.519347,15.519347,0.272626,2.92715
211032,31358.0,328.658,15.430133,15.436013,15.436013,-0.083334,2.21441
211033,31359.0,326.802,15.184225,15.297236,15.297236,-0.138777,11.17503
211034,31360.0,326.535,15.171722,15.174071,15.174071,-0.123165,1.84048
211035,31361.0,326.139,14.939498,14.944746,14.944746,-0.229325,3.69823
211036,31362.0,325.988,14.91647,14.917234,14.917234,-0.027512,0.49221
211037,31363.0,325.888,14.817596,14.817934,14.817934,-0.0993,0.90074
211038,31364.0,326.083,14.795346,14.796631,14.796631,-0.021303,-1.49459
211039,31365.0,325.562,14.564182,14.573498,14.573498,-0.223133,4.59949
211040,31366.0,325.326,14.012527,14.014514,14.014514,-0.558984,6.05369
211041,31367.0,325.158,13.219162,13.22023,13.22023,-0.794284,7.74909
211042,31368.0,323.352,12.458154,12.588377,12.588377,-0.631853,16.15853
211043,31369.0,323.089,11.797519,11.80045,11.80045,-0.787927,8.11508
211044,31370.0,321.006,10.672793,10.874162,10.874162,-0.926288,19.04627
211045,31371.0,320.722,8.985718,8.990205,8.990205,-1.883957,12.33879
211046,31372.0,320.508,6.858497,6.861835,6.861835,-2.12837,10.26639
211047,31373.0,319.672,5.061411,5.129988,5.129988,-1.731847,10.30068
211048,31374.0,319.279,3.484243,3.506337,3.506337,-1.623651,5.65116
211049,31375.0,319.546,2.029935,2.047419,2.047419,-1.458918,0.05018
211050,31376.0,319.057,0.905519,1.029119,1.029119,-1.0183,3.22018
211051,31377.0,319.477,0.111195,0.43447,0.43447,-0.594649,-0.15811
211052,31378.0,319.768,0.0,0.291,0.0,-0.43447,-0.35
211053,31379.0,319.462,0.111195,0.325577,0.325577,0.325577,-0.65802
211054,31380.0,319.888,0.111195,0.440273,0.440273,0.114696,-0.34147
211055,31381.0,319.098,0.0,0.79,0.0,-0.440273,-0.35
211056,31382.0,318.871,0.111195,0.252771,0.252771,0.252771,-0.5523
211057,31383.0,319.432,0.0,0.561,0.0,-0.252771,-0.35
211058,31384.0,319.464,0.111195,0.115708,0.115708,0.115708,-0.34783
211059,31385.0,320.062,0.111195,0.60825,0.60825,0.492542,-12.5097
211100,31386.0,319.645,0.0,0.417,0.0,-0.60825,-0.35
211101,31387.0,320.159,0.111195,0.52589,0.52589,0.52589,-10.83891
211102,31388.0,320.009,0.111195,0.18672,0.18672,-0.33917,-0.29594
211103,31389.0,320.609,0.084631,0.605939,0.605939,0.419219,-12.45846
211104,31390.0,320.216,0.111195,0.408428,0.408428,-0.197511,-0.26618
211105,31391.0,319.736,0.0,0.48,0.0,-0.408428,-0.35
211106,31392.0,319.753,0.0,0.017,0.0,0.0,-0.35
211107,31393.0,320.417,0.0,0.664,0.0,0.0,-0.35
211108,31394.0,319.787,0.111195,0.639738,0.639738,0.639738,3.14183
211109,31395.0,320.929,0.0,1.142,0.0,-0.639738,-0.35
211110,31396.0,320.04,0.084631,0.893019,0.893019,0.893019,4.44563
211111,31397.0,319.039,0.139738,1.010707,1.010707,0.117688,5.51408
211112,31398.0,319.207,0.44478,0.47545,0.47545,-0.535257,-0.15682
211113,31399.0,319.484,1.004326,1.041826,1.041826,0.566376,-6.66104
211114,31400.0,319.573,2.238345,2.240113,2.240113,1.198287,-6.80092
211115,31401.0,319.268,3.252299,3.266569,3.266569,1.026456,-0.27108
211116,31402.0,318.932,3.362579,3.379325,3.379325,0.112756,1.68999
211117,31403.0,318.421,2.800409,2.84665,2.84665,-0.532675,3.79156
211118,31404.0,318.581,2.017548,2.023882,2.023882,-0.822768,-0.11398
211119,31405.0,318.449,1.45541,1.461384,1.461384,-0.562498,1.03901
211120,31406.0,318.586,1.004326,1.013627,1.013627,-0.447757,-1.83199
211121,31407.0,319.193,1.45541,1.576917,1.576917,0.56329,-13.57644
211122,31408.0,319.047,2.029935,2.035179,2.035179,0.458262,0.12758
211123,31409.0,318.417,3.131808,3.194545,3.194545,1.159366,1.41145
211124,31410.0,317.743,3.472919,3.537717,3.537717,0.343172,3.18321
211125,31411.0,317.388,3.36258,3.381267,3.381267,-0.15645,2.34292
211126,31412.0,317.391,2.702019,2.70202,2.70202,-0.679247,0.96616
211127,31413.0,317.631,2.017548,2.031772,2.031772,-0.670248,-1.73188
211128,31414.0,317.861,2.114398,2.126871,2.126871,0.095099,-4.63655
211129,31415.0,317.335,3.724448,3.761408,3.761408,1.634537,-3.47415
211130,31416.0,317.345,5.625709,5.625718,5.625718,1.86431,-19.7467
211131,31417.0,317.345,7.678409,7.678409,7.678409,2.052691,-34.48538
211132,31418.0,316.637,9.520368,9.546657,9.546657,1.868248,-25.59478
211133,31419.0,316.637,11.43011,11.43011,11.43011,1.883453,-47.89682
211134,31420.0,316.787,13.796713,13.797529,13.797529,2.367419,-63.94137
211135,31421.0,316.182,15.911095,15.922593,15.922593,2.125064,-67.21828
211136,31422.0,316.247,17.857576,17.857694,17.857694,1.935101,-67.03882
211137,31423.0,316.352,19.298846,19.299132,19.299132,1.441438,-54.83492
211138,31424.0,316.446,20.229658,20.229877,20.229877,0.930745,-36.97899
211139,31425.0,317.623,20.98859,21.021566,21.021566,0.791689,-54.17825
211140,31426.0,316.734,21.242484,21.261078,21.261078,0.239512,-5.07679
211141,31427.0,315.025,21.497528,21.565352,21.565352,0.304274,-1.56659
211142,31428.0,312.874,21.585591,21.6925,21.6925,0.127148,3.10855
211143,31429.0,312.307,22.008659,22.015961,22.015961,0.323461,-9.18166
211144,31430.0,312.254,21.836033,21.836097,21.836097,-0.179864,-5.359
211145,31431.0,309.106,22.174541,22.396878,22.396878,0.560781,2.12393
211146,31432.0,309.076,22.428421,22.428441,22.428441,0.031563,-9.07476
211147,31433.0,308.323,22.514421,22.527009,22.527009,0.098568,-5.89219
211148,31434.0,307.419,22.429798,22.448008,22.448008,-0.079001,-2.5203
211149,31435.0,306.069,22.93753,22.977223,22.977223,0.529215,-8.97043
211150,31436.0,305.228,22.8548,22.870268,22.870268,-0.106955,-3.09185
211151,31437.0,304.555,22.768283,22.778227,22.778227,-0.092041,-4.14785
211152,31438.0,304.045,22.851552,22.857242,22.857242,0.079015,-7.53722
211153,31439.0,303.679,22.852904,22.855834,22.855834,-0.001408,-7.28168
211154,31440.0,303.547,22.685566,22.68595,22.68595,-0.169884,-6.12816
211155,31441.0,303.55,22.518805,22.518805,22.518805,-0.167145,-6.73164
211156,31442.0,303.051,22.349593,22.355163,22.355163,-0.163642,-3.63122
211157,31443.0,302.573,22.175921,22.181072,22.181072,-0.174091,-3.38901
211158,31444.0,302.718,22.005273,22.00575,22.00575,-0.175322,-6.78671
211159,31445.0,302.438,21.922055,21.923843,21.923843,-0.081907,-5.41974
211200,31446.0,301.763,21.841961,21.852389,21.852389,-0.071454,-3.15434
211201,31447.0,300.416,22.195979,22.236814,22.236814,0.384425,-5.77906
211202,31448.0,300.748,21.991592,21.994098,21.994098,-0.242716,-6.98101
211203,31449.0,299.572,21.423573,21.455825,21.455825,-0.538273,6.25312
211204,31450.0,299.645,20.74635,20.746478,20.746478,-0.709347,1.76803
211205,31451.0,298.726,20.54101,20.561558,20.561558,-0.18492,1.29798
211206,31452.0,297.706,20.356037,20.381576,20.381576,-0.179982,2.03315
211207,31453.0,297.387,19.272882,19.275521,19.275521,-1.106055,9.76842
211208,31454.0,297.052,18.579014,18.582034,18.582034,-0.693487,5.61528
211209,31455.0,296.717,18.231145,18.234222,18.234222,-0.347812,2.09166
211210,31456.0,296.8,18.045115,18.045306,18.045306,-0.188916,-1.89792
211211,31457.0,297.086,18.100423,18.102682,18.102682,0.057376,-5.79119
211212,31458.0,296.719,17.860303,17.864073,17.864073,-0.238609,1.42515
211213,31459.0,296.802,18.026441,18.026632,18.026632,0.162559,-5.65266
211214,31460.0,296.646,17.878812,17.879492,17.879492,-0.14714,-0.79436
211215,31461.0,296.413,17.933691,17.935204,17.935204,0.055712,-2.5629
211216,31462.0,295.071,17.952538,18.002628,18.002628,0.067424,3.71683
211217,31463.0,294.42,18.062382,18.07411,18.07411,0.071482,-0.43945
211218,31464.0,294.013,18.100308,18.104884,18.104884,0.030774,-1.45904
211219,31465.0,293.684,18.190144,18.193119,18.193119,0.088235,-2.63097
211220,31466.0,292.595,19.357655,19.388262,19.388262,1.195143,-44.30272
211221,31467.0,291.698,18.718547,18.740027,18.740027,-0.648235,8.28614
211222,31468.0,290.906,17.955282,17.972741,17.972741,-0.767286,9.46871
211223,31469.0,290.146,18.075411,18.091382,18.091382,0.118641,-0.32885
211224,31470.0,289.698,18.229294,18.234798,18.234798,0.143416,-2.58049
211225,31471.0,289.213,18.482714,18.489076,18.489076,0.254278,-3.8775
211226,31472.0,288.024,18.229289,18.268024,18.268024,-0.221052,5.67332
211227,31473.0,288.019,17.729805,17.729806,17.729806,-0.538218,2.59215
211228,31474.0,287.853,16.870974,16.871791,16.871791,-0.858015,7.30417
211229,31475.0,286.25,16.28686,16.365556,16.365556,-0.506235,12.47224
211230,31476.0,283.816,15.51949,15.709199,15.709199,-0.656357,19.09563
211231,31477.0,284.155,14.836844,14.840717,14.840717,-0.868482,5.12064
211232,31478.0,283.605,14.402465,14.412963,14.412963,-0.427754,6.6218
211233,31479.0,283.262,14.064318,14.0685,14.0685,-0.344463,4.86643
211234,31480.0,282.815,13.974918,13.982065,13.982065,-0.086435,3.36648
211235,31481.0,281.409,12.87568,12.952219,12.952219,-1.029846,16.82846
211236,31482.0,280.995,11.269434,11.277036,11.277036,-1.675183,14.61811
211237,31483.0,280.399,9.399785,9.418661,9.418661,-1.858375,14.56034
211238,31484.0,279.787,6.778565,6.806136,6.806136,-2.612525,14.47577
211239,31485.0,280.127,4.23731,4.250929,4.250929,-2.555207,4.5202
211240,31486.0,279.845,2.879547,2.893323,2.893323,-1.357606,3.89425
211241,31487.0,279.783,2.043244,2.044185,2.044185,-0.849138,1.22645
211242,31488.0,279.915,1.44299,1.449015,1.449015,-0.59517,-0.78657
211243,31489.0,280.082,0.875026,0.89082,0.89082,-0.558195,-2.3705
211244,31490.0,279.673,0.602751,0.728416,0.728416,-0.162404,2.173
211245,31491.0,279.855,0.507776,0.539408,0.539408,-0.189008,-3.55991
211246,31492.0,279.776,0.356312,0.364965,0.364965,-0.174443,-0.28011
211247,31493.0,280.159,0.202516,0.433246,0.433246,0.068281,-0.32964
211248,31494.0,279.908,0.0,0.251,0.0,-0.433246,-0.35
211249,31495.0,280.01,0.277171,0.295343,0.295343,0.295343,-0.61154
211250,31496.0,280.451,0.338518,0.555945,0.555945,0.260602,-9.13345
211251,31497.0,280.323,0.277171,0.305299,0.305299,-0.250646,-0.27769
211252,31498.0,280.597,0.356312,0.449482,0.449482,0.144183,-0.34919
211253,31499.0,279.819,0.356312,0.855712,0.855712,0.40623,4.0619
211254,31500.0,279.896,0.338518,0.347164,0.347164,-0.508548,-0.21447
211255,31501.0,280.457,0.277171,0.625735,0.625735,0.278571,-11.52748
211256,31502.0,279.571,0.356312,0.954963,0.954963,0.329228,4.72117
211257,31503.0,279.457,0.277171,0.299699,0.299699,-0.655264,-0.20683
211258,31504.0,279.918,0.253888,0.526289,0.526289,0.22659,-9.48354
211259,31505.0,279.437,0.356312,0.598598,0.598598,0.072309,2.4859
211300,31506.0,279.482,0.277171,0.2808,0.2808,-0.317798,-0.27227
211301,31507.0,280.045,0.405033,0.693556,0.693556,0.412756,-11.77075
211302,31508.0,279.688,1.692588,1.729827,1.729827,1.036271,0.82047
211303,31509.0,279.968,3.582154,3.593081,3.593081,1.863254,-18.15166
211304,31510.0,279.604,5.518861,5.530852,5.530852,1.937771,-16.40541
211305,31511.0,279.815,6.887368,6.8906,6.8906,1.359748,-20.97067
211306,31512.0,278.73,7.983087,8.056482,8.056482,1.165882,1.21566
211307,31513.0,278.64,8.667215,8.667682,8.667682,0.6112,-12.21895
211308,31514.0,278.105,9.08873,9.104463,9.104463,0.436781,1.37086
211309,31515.0,277.812,9.604398,9.608867,9.608867,0.504404,-7.78331
211310,31516.0,278.117,8.871411,8.876653,8.876653,-0.732214,2.66984
211311,31517.0,278.147,8.451767,8.45182,8.45182,-0.424833,2.48579
211312,31518.0,278.003,8.116313,8.11759,8.11759,-0.33423,2.93517
211313,31519.0,277.735,7.740499,7.745137,7.745137,-0.372453,3.71339
211314,31520.0,277.852,7.898749,7.899616,7.899616,0.154479,-2.39781
211315,31521.0,277.385,7.561495,7.575902,7.575902,-0.323714,4.59688
211316,31522.0,277.22,7.552496,7.554298,7.554298,-0.021604,1.46754
211317,31523.0,277.297,7.805716,7.806096,7.806096,0.251798,-3.14421
211318,31524.0,277.145,8.058979,8.060412,8.060412,0.254316,0.1388
211319,31525.0,276.955,8.058979,8.061218,8.061218,0.000806,1.57735
211320,31526.0,276.874,8.131252,8.131656,8.131656,0.070438,0.61285
211321,31527.0,277.353,8.227841,8.241772,8.241772,0.110116,-8.72813
211322,31528.0,277.303,8.312278,8.312429,8.312429,0.070657,0.44705
211323,31529.0,276.712,8.481165,8.501731,8.501731,0.189302,3.0236
211324,31530.0,276.81,8.582917,8.583477,8.583477,0.081746,-0.68227
211325,31531.0,275.899,8.920091,8.96649,8.96649,0.383013,3.87022
211326,31532.0,276.04,9.173036,9.174119,9.174119,0.207629,-3.65665
211327,31533.0,276.641,9.396472,9.415672,9.415672,0.241553,-13.30913
211328,31534.0,275.675,9.628488,9.676824,9.676824,0.261152,4.83455
211329,31535.0,275.797,9.927625,9.928374,9.928374,0.25155,-4.09464
211330,31536.0,275.891,10.213879,10.214311,10.214311,0.285937,-4.24317
211331,31537.0,275.615,10.441767,10.445414,10.445414,0.231103,0.99089
211332,31538.0,276.226,10.494334,10.512106,10.512106,0.066692,-9.79212
211333,31539.0,276.193,10.213895,10.213948,10.213948,-0.298158,2.78524
211334,31540.0,275.797,9.912126,9.920033,9.920033,-0.293915,4.78261
211335,31541.0,276.024,9.434111,9.436842,9.436842,-0.483191,2.0507
211336,31542.0,275.417,8.933066,8.953665,8.953665,-0.483177,6.71311
211337,31543.0,275.288,8.178814,8.179832,8.179832,-0.773833,5.00894
211338,31544.0,274.879,6.927241,6.939305,6.939305,-1.240527,7.84512
211339,31545.0,274.36,4.931355,4.958591,4.958591,-1.980714,8.98952
211340,31546.0,274.868,2.626742,2.675414,2.675414,-2.283177,0.55833
211341,31547.0,275.408,2.20269,2.267916,2.267916,-0.407498,-8.42499
211342,31548.0,275.1,3.512591,3.526068,3.526068,1.258152,-4.25209
211343,31549.0,275.672,5.226162,5.257371,5.257371,1.731303,-28.13794
211344,31550.0,275.575,6.885594,6.886277,6.886277,1.628906,-23.16236
211345,31551.0,275.698,7.806175,7.807144,7.807144,0.920867,-14.50026
211346,31552.0,274.954,8.423364,8.456157,8.456157,0.649013,1.60185
211347,31553.0,275.523,9.359142,9.376422,9.376422,0.920265,-25.41619
211348,31554.0,274.737,9.576236,9.608438,9.608438,0.232016,3.95042
211349,31555.0,275.082,9.930466,9.936457,9.936457,0.328019,-9.99279
211350,31556.0,275.412,10.088248,10.093644,10.093644,0.157187,-6.26962
211351,31557.0,275.4,10.223654,10.223661,10.223661,0.130017,0.05975
211352,31558.0,275.526,10.537783,10.538536,10.538536,0.314875,-5.49411
211353,31559.0,275.478,10.881118,10.881224,10.881224,0.342688,-11.02778
211354,31560.0,275.635,10.907746,10.908876,10.908876,0.027652,-0.20489
211355,31561.0,275.703,10.643444,10.643661,10.643661,-0.265215,2.13145
211356,31562.0,275.438,10.617506,10.620812,10.620812,-0.022849,2.53648
211357,31563.0,276.023,10.986855,11.002419,11.002419,0.381607,-16.01031
211358,31564.0,276.07,11.385999,11.386096,11.386096,0.383677,-5.56911
211359,31565.0,276.133,11.599021,11.599192,11.599192,0.213096,-1.9621
211400,31566.0,276.264,11.812387,11.813114,11.813114,0.213922,-3.27969
211401,31567.0,275.745,11.173349,11.185396,11.185396,-0.627718,8.14929
211402,31568.0,274.442,9.429861,9.519458,9.519458,-1.665938,17.72527
211403,31569.0,274.741,6.761597,6.768204,6.768204,-2.751254,9.65083
211404,31570.0,274.662,3.593538,3.594406,3.594406,-3.173798,7.22809
211405,31571.0,275.614,1.800104,2.03634,2.03634,-1.558066,-12.0839
211406,31572.0,275.129,2.617442,2.661997,2.661997,0.625657,1.72836
211407,31573.0,275.058,4.463637,4.464202,4.464202,1.802205,-16.43663
211408,31574.0,275.122,5.811697,5.812049,5.812049,1.347847,-15.42602
211409,31575.0,275.562,6.999154,7.012971,7.012971,1.200922,-23.52095
211410,31576.0,275.42,8.241339,8.242562,8.242562,1.229591,-20.68572
211411,31577.0,275.124,9.325843,9.330539,9.330539,1.087977,-18.2026
211412,31578.0,274.552,9.587069,9.604118,9.604118,0.273579,2.46291
211413,31579.0,274.693,9.640713,9.641744,9.641744,0.037626,-0.34734
211414,31580.0,274.797,9.745947,9.746502,9.746502,0.104758,-0.87925
211415,31581.0,274.564,9.481381,9.484243,9.484243,-0.262259,3.51039
211416,31582.0,273.952,9.243689,9.263927,9.263927,-0.220316,5.42606
211417,31583.0,274.715,8.878749,8.911473,8.911473,-0.352454,-5.89507
211418,31584.0,274.114,8.68949,8.710248,8.710248,-0.201225,5.11212
211419,31585.0,273.634,7.870826,7.885449,7.885449,-0.824799,7.1242
211420,31586.0,274.014,6.155497,6.167215,6.167215,-1.718234,4.33129
211421,31587.0,274.024,3.830829,3.830842,3.830842,-2.336373,5.26804
211422,31588.0,273.719,2.218544,2.239411,2.239411,-1.591431,3.75166
211423,31589.0,274.191,2.799665,2.839174,2.839174,0.599763,-12.17055
211424,31590.0,273.818,4.543105,4.558391,4.558391,1.719217,-10.12269
211425,31591.0,273.49,5.890664,5.899788,5.899788,1.341397,-11.63731
211426,31592.0,273.42,7.289999,7.290335,7.290335,1.390547,-21.69624
211427,31593.0,273.501,7.87083,7.871247,7.871247,0.580912,-8.41136
211428,31594.0,273.567,8.451708,8.451966,8.451966,0.580719,-8.53172
211429,31595.0,273.442,8.834601,8.835486,8.835486,0.38352,-7.78974
211430,31596.0,273.443,8.596663,8.596663,8.596663,-0.238823,1.75952
211431,31597.0,273.43,8.451711,8.451721,8.451721,-0.144942,1.32864
211432,31598.0,273.307,8.451712,8.452607,8.452607,0.000886,1.23744
211433,31599.0,273.166,8.187294,8.188508,8.188508,-0.264099,2.59927
211434,31600.0,273.168,8.19432,8.19432,8.19432,0.005812,0.44906
211435,31601.0,273.054,8.487985,8.488751,8.488751,0.294431,-0.29374
211436,31602.0,273.422,8.865758,8.873392,8.873392,0.384641,-11.27397
211437,31603.0,273.001,8.939781,8.949689,8.949689,0.076297,2.64422
211438,31604.0,272.986,8.72152,8.721533,8.721533,-0.228156,1.83247
211439,31605.0,272.745,8.367382,8.370852,8.370852,-0.350681,3.6677
211440,31606.0,272.627,8.184228,8.185079,8.185079,-0.185773,2.08229
211441,31607.0,272.85,7.876143,7.879299,7.879299,-0.30578,0.58003
211442,31608.0,272.661,6.960759,6.963325,6.963325,-0.915974,5.23544
211443,31609.0,272.081,5.364658,5.39592,5.39592,-1.567405,8.57983
211444,31610.0,272.272,2.893868,2.900165,2.900165,-2.495755,3.10308
211445,31611.0,271.967,1.676886,1.704398,1.704398,-1.195767,2.79503
211446,31612.0,272.737,2.906471,3.006738,3.006738,1.30234,-22.39658
211447,31613.0,272.393,4.988788,5.000634,5.000634,1.993896,-15.1149
211448,31614.0,272.465,7.047043,7.04741,7.04741,2.046776,-28.29438
211449,31615.0,271.816,8.506001,8.530724,8.530724,1.483314,-15.90317
211450,31616.0,272.428,9.316624,9.336703,9.336703,0.805979,-24.07105
211451,31617.0,272.437,9.961602,9.961606,9.961606,0.624903,-9.31831
211452,31618.0,272.338,10.091309,10.091795,10.091795,0.130189,0.55657
211453,31619.0,271.515,9.786515,9.821059,9.821059,-0.270736,7.10864
211454,31620.0,271.586,9.41049,9.410758,9.410758,-0.410301,2.54218
211455,31621.0,270.79,8.629224,8.66586,8.66586,-0.744898,9.04449
211456,31622.0,270.706,7.07006,7.070559,7.070559,-1.595301,7.55314
211457,31623.0,270.598,4.20362,4.205007,4.205007,-2.865552,7.83916
211458,31624.0,270.721,1.940297,1.944191,1.944191,-2.260816,1.72038
211459,31625.0,270.804,1.837708,1.839582,1.839582,-0.104609,-1.04799
211500,31626.0,271.215,3.197491,3.223797,3.223797,1.384215,-16.37426
211501,31627.0,271.839,4.324015,4.368808,4.368808,1.145011,-21.26202
211502,31628.0,272.147,4.985036,4.994541,4.994541,0.625733,-11.08746
211503,31629.0,271.97,4.64787,4.651239,4.651239,-0.343302,2.064
211504,31630.0,272.028,3.977937,3.97836,3.97836,-0.672879,1.26736
211505,31631.0,271.189,2.628281,2.758946,2.758946,-1.219414,6.79922
211506,31632.0,271.992,1.01258,1.292334,1.292334,-1.466612,-11.93884
211507,31633.0,271.814,0.13974,0.226299,0.226299,-1.066035,-0.18655
211508,31634.0,271.596,0.202525,0.297557,0.297557,0.071258,-0.33655
211509,31635.0,271.745,0.27948,0.316718,0.316718,0.019161,-0.32586
211510,31636.0,271.496,0.337527,0.419434,0.419434,0.102716,-0.33889
211511,31637.0,271.951,0.374073,0.58903,0.58903,0.169596,-9.30852
211512,31638.0,271.577,0.374073,0.528968,0.528968,-0.060062,1.89956
211513,31639.0,271.64,0.344154,0.349873,0.349873,-0.179095,-0.28204
211514,31640.0,271.458,0.374073,0.415999,0.415999,0.066126,-0.32992
211515,31641.0,271.724,0.344154,0.434969,0.434969,0.01897,-0.31679
211516,31642.0,271.528,0.344154,0.396053,0.396053,-0.038916,-0.30611
211517,31643.0,271.65,0.333585,0.355194,0.355194,-0.040859,-0.31023
211518,31644.0,271.382,0.344154,0.436195,0.436195,0.081001,-0.3328
211519,31645.0,271.028,0.344154,0.493718,0.493718,0.057523,-0.32363
211520,31646.0,271.333,0.374073,0.482655,0.482655,-0.011063,-0.30451
211521,31647.0,271.172,0.675053,0.693987,0.693987,0.211332,0.56384
211522,31648.0,271.201,0.875075,0.875556,0.875556,0.181569,-0.97911
211523,31649.0,271.059,1.585945,1.592289,1.592289,0.716733,-0.05973
211524,31650.0,270.876,2.562507,2.569033,2.569033,0.976744,-2.54799
211525,31651.0,271.142,3.311459,3.322125,3.322125,0.753092,-9.57307
211526,31652.0,270.837,3.675407,3.688041,3.688041,0.365916,0.96201
211527,31653.0,270.566,3.824401,3.83399,3.83399,0.145949,1.24788
211528,31654.0,270.512,3.573059,3.573467,3.573467,-0.260523,0.84273
211529,31655.0,270.511,3.336864,3.336864,3.336864,-0.236603,0.42638
211530,31656.0,270.493,2.812786,2.812843,2.812843,-0.524021,0.88397
211531,31657.0,269.878,2.978269,3.041104,3.041104,0.228261,3.10112
211532,31658.0,270.377,3.34583,3.382836,3.382836,0.341732,-11.43452
211533,31659.0,269.843,3.878271,3.914861,3.914861,0.532025,1.88492
211534,31660.0,270.474,4.688278,4.730551,4.730551,0.81569,-18.98761
211535,31661.0,270.566,4.991022,4.99187,4.99187,0.261319,-3.2044
211536,31662.0,270.687,4.862953,4.864459,4.864459,-0.127411,-0.23617
211537,31663.0,269.584,4.7479,4.874337,4.874337,0.009878,6.51571
211538,31664.0,268.17,4.235756,4.465538,4.465538,-0.408799,9.40579
211539,31665.0,268.168,3.917782,3.917782,3.917782,-0.547756,1.29575
211540,31666.0,267.946,3.682022,3.688709,3.688709,-0.229073,1.78381
211541,31667.0,268.509,3.641923,3.685183,3.685183,-0.003526,-10.25411
211542,31668.0,268.56,3.446564,3.446942,3.446942,-0.238241,0.15204
211543,31669.0,268.975,3.26789,3.294136,3.294136,-0.152806,-6.49315
211544,31670.0,268.658,3.308193,3.323346,3.323346,0.02921,1.74281
211545,31671.0,268.71,3.169942,3.170368,3.170368,-0.152978,-0.08019
211546,31672.0,268.504,3.031827,3.038817,3.038817,-0.131551,1.36349
211547,31673.0,268.578,3.021025,3.021931,3.021931,-0.016886,-0.79028
211548,31674.0,268.482,2.509436,2.511271,2.511271,-0.51066,1.19762
211549,31675.0,268.118,1.906297,1.940738,1.940738,-0.570533,2.60669
