213941,0,321.49,0.0,0.0,0,0,-0.35
213942,1.0,320.267,0.111195,1.228045,1.228045,1.228045,5.57924
213943,2.0,318.705,0.084623,1.564291,1.564291,0.336246,8.00063
213944,3.0,317.626,0.111195,1.084714,1.084714,-0.479577,5.90951
213945,4.0,316.349,0.084623,1.279801,1.279801,0.195087,6.5771
213946,5.0,315.785,0.0,0.564,0.0,-1.279801,-0.35
213947,6.0,314.448,0.111195,1.341616,1.341616,1.341616,6.04786
213948,7.0,313.662,0.0,0.786,0.0,-1.341616,-0.35
213949,8.0,312.366,0.0,1.296,0.0,0.0,-0.35
213950,9.0,310.863,0.0,1.503,0.0,0.0,-0.35
213951,10.0,310.164,0.111195,0.707789,0.707789,0.707789,3.23977
213952,11.0,309.12,0.0,1.044,0.0,-0.707789,-0.35
213953,12.0,308.328,0.0,0.792,0.0,0.0,-0.35
213954,13.0,307.084,0.0,1.244,0.0,0.0,-0.35
213955,14.0,306.272,0.111195,0.819578,0.819578,0.819578,3.77002
213956,15.0,305.485,0.0,0.787,0.0,-0.819578,-0.35
213957,16.0,304.709,0.0,0.776,0.0,0.0,-0.35
213958,17.0,303.973,0.0,0.736,0.0,0.0,-0.35
213959,18.0,303.27,0.0,0.703,0.0,0.0,-0.35
214000,19.0,302.591,0.139733,0.693229,0.693229,0.693229,3.14089
214001,20.0,301.88,0.0,0.711,0.0,-0.693229,-0.35
214002,21.0,301.057,0.0,0.823,0.0,0.0,-0.35
214003,22.0,300.242,0.0,0.815,0.0,0.0,-0.35
214004,23.0,300.003,0.111195,0.263601,0.263601,0.263601,-0.55224
214005,24.0,299.546,0.169246,0.487333,0.487333,0.223732,-0.68764
214006,25.0,298.66,0.437482,0.988123,0.988123,0.50079,4.28552
214007,26.0,297.693,0.853505,1.28979,1.28979,0.301667,4.81067
214008,27.0,297.413,0.957051,0.997169,0.997169,-0.292621,1.42009
214009,28.0,297.155,1.021546,1.053623,1.053623,0.056454,1.10963
214010,29.0,296.761,1.372111,1.427559,1.427559,0.373936,1.61826
214011,30.0,296.282,2.244706,2.295244,2.295244,0.867685,1.34407
214012,31.0,295.377,3.450045,3.566768,3.566768,1.271524,2.36225
214013,32.0,295.453,4.738514,4.739124,4.739124,1.172356,-10.75766
214014,33.0,294.746,5.860815,5.903304,5.903304,1.16418,0.20192
214015,34.0,294.615,6.87945,6.880697,6.880697,0.977393,-12.58335
214016,35.0,293.541,8.031904,8.103392,8.103392,1.222695,0.74982
214017,36.0,293.236,8.666569,8.671934,8.671934,0.568542,-6.71751
214018,37.0,293.138,9.150098,9.150623,9.150623,0.478689,-9.67812
214019,38.0,293.006,9.741801,9.742695,9.742695,0.592072,-11.89892
214020,39.0,293.089,10.664813,10.665136,10.665136,0.922441,-16.63735
214021,40.0,292.412,11.59388,11.613629,11.613629,0.948493,-12.5856
214022,41.0,293.068,12.190273,12.207911,12.207911,0.594282,-21.59388
214023,42.0,291.734,12.541958,12.612703,12.612703,0.404792,5.1172
214024,43.0,290.739,12.463907,12.503559,12.503559,-0.109144,6.92635
214025,44.0,291.134,12.463908,12.470166,12.470166,-0.033393,-2.52859
214026,45.0,293.532,12.463909,12.692496,12.692496,0.22233,-45.31924
214027,46.0,289.826,12.379454,12.92228,12.92228,0.229784,19.05215
214028,47.0,286.853,12.379455,12.731443,12.731443,-0.190837,18.16982
214029,48.0,284.795,12.367465,12.537526,12.537526,-0.193917,13.29445
214030,49.0,282.467,12.372964,12.590068,12.590068,0.052542,13.01803
214031,50.0,283.208,12.379459,12.401616,12.401616,-0.188452,-5.26754
214032,51.0,282.259,12.20397,12.240812,12.240812,-0.160804,7.15525
214033,52.0,280.355,12.295007,12.441559,12.441559,0.200747,9.77013
214034,53.0,279.13,12.379462,12.439924,12.439924,-0.001635,7.469
214035,54.0,277.963,12.034984,12.091432,12.091432,-0.348492,9.67009
214036,55.0,277.299,11.021213,11.041197,11.041197,-1.050235,10.8393
214037,56.0,275.912,10.000991,10.096711,10.096711,-0.944486,13.50601
214038,57.0,274.969,8.47399,8.526298,8.526298,-1.570413,13.03055
214039,58.0,274.291,6.609026,6.643712,6.643712,-1.882586,10.88746
214040,59.0,273.748,4.828641,4.859076,4.859076,-1.784636,7.84467
214041,60.0,273.614,2.625672,2.629089,2.629089,-2.229987,3.8561
214042,61.0,273.381,1.523216,1.540933,1.540933,-1.088156,1.97837
214043,62.0,273.233,1.021547,1.032212,1.032212,-0.508721,0.8331
214044,63.0,272.924,0.686056,0.752432,0.752432,-0.27978,1.5129
214045,64.0,272.742,0.356288,0.400082,0.400082,-0.35235,-0.23895
214046,65.0,272.855,0.139733,0.179706,0.179706,-0.220376,-0.3133
214047,66.0,272.747,0.084623,0.137204,0.137204,-0.042502,-0.33554
214048,67.0,272.772,0.139733,0.141952,0.141952,0.004748,-0.33877
214049,68.0,272.879,0.881973,0.88844,0.88844,0.746488,-3.30463
214050,69.0,272.883,1.350004,1.35001,1.35001,0.46157,-1.21471
214051,70.0,273.17,1.117866,1.15412,1.15412,-0.19589,-4.86823
214052,71.0,273.568,0.790027,0.884616,0.884616,-0.269504,-6.95354
214053,72.0,273.305,1.496252,1.51919,1.51919,0.634574,0.67272
214054,73.0,274.208,2.444774,2.60621,2.60621,1.08702,-21.4603
214055,74.0,274.248,2.842286,2.842567,2.842567,0.236357,-1.54367
214056,75.0,274.29,3.673334,3.673574,3.673574,0.831007,-5.78394
214057,76.0,275.031,4.781382,4.83846,4.83846,1.164886,-23.06083
214058,77.0,275.781,5.337356,5.389794,5.389794,0.551334,-18.0731
214059,78.0,275.449,6.005122,6.014293,6.014293,0.624499,-0.09933
214100,79.0,276.883,6.227491,6.390462,6.390462,0.376169,-29.212
214101,80.0,276.642,6.808708,6.812972,6.812972,0.42251,-0.02614
214102,81.0,275.811,6.614853,6.666847,6.666847,-0.146125,5.31544
214103,82.0,275.814,6.186157,6.186158,6.186158,-0.480689,1.83113
214104,83.0,276.455,5.637134,5.673461,5.673461,-0.512697,-5.00052
214105,84.0,276.381,6.043604,6.044057,6.044057,0.370596,-4.96226
214106,85.0,275.575,4.889555,4.955541,4.955541,-1.088516,7.46616
214107,86.0,275.646,3.407144,3.407884,3.407884,-1.547657,2.47884
214108,87.0,276.26,2.325862,2.405542,2.405542,-1.002342,-6.42765
214109,88.0,276.949,1.088995,1.288655,1.288655,-1.116887,-9.93062
214110,89.0,276.195,1.623163,1.789741,1.789741,0.501086,3.40898
214111,90.0,276.978,0.84624,1.152914,1.152914,-0.636827,-13.00746
214112,91.0,276.17,1.122365,1.382956,1.382956,0.230042,3.9911
214113,92.0,276.637,1.039554,1.139632,1.139632,-0.243324,-8.07463
214114,93.0,276.451,1.230803,1.244778,1.244778,0.105146,0.69325
214115,94.0,276.426,0.607522,0.608036,0.608036,-0.636742,0.05115
214116,95.0,276.865,0.253872,0.507121,0.507121,-0.100915,-8.15853
214117,96.0,277.675,0.356292,0.884898,0.884898,0.377777,-15.57198
214118,97.0,278.235,0.277156,0.624832,0.624832,-0.260066,-10.13521
214119,98.0,278.955,0.277156,0.771502,0.771502,0.14667,-13.54122
214120,99.0,279.53,0.277156,0.63831,0.63831,-0.133192,-10.55104
214121,100.0,280.791,0.581165,1.388479,1.388479,0.750169,-25.01695
214122,101.0,280.714,1.077607,1.080355,1.080355,-0.308124,0.34323
214123,102.0,282.118,0.876028,1.654884,1.654884,0.574529,-27.39318
214124,103.0,282.559,0.950491,1.047814,1.047814,-0.60707,-6.95353
214125,104.0,283.946,0.812409,1.607413,1.607413,0.559599,-26.99919
214126,105.0,284.105,0.111195,0.194024,0.194024,-1.413389,-0.18176
214127,106.0,284.177,0.676992,0.68081,0.68081,0.486786,-2.10091
214128,107.0,284.025,0.0,0.152,0.0,-0.68081,-0.35
214129,108.0,283.592,0.676992,0.803621,0.803621,0.803621,1.7172
214949,608.0,284.657,29.112569,29.132042,0.058264,-0.001491,-0.34519
214951,610.0,284.446,18.605741,18.606938,9.303469,4.622603,-81.74792
214952,611.0,284.985,1.874963,1.950899,1.950899,-7.35257,4.84301
214953,612.0,283.756,0.279468,1.260374,1.260374,-0.690525,6.93617
214954,613.0,283.592,1.021557,1.034638,1.034638,-0.225736,0.75851
214955,614.0,284.244,0.202507,0.682725,0.682725,-0.351913,-11.65969
214956,615.0,285.132,0.405014,0.976002,0.976002,0.293277,-16.8862
214957,616.0,285.933,0.909616,1.212024,1.212024,0.236022,-15.22648
214958,617.0,286.326,0.344151,0.522388,0.522388,-0.689636,-6.73422
214959,618.0,287.773,0.419201,1.506499,1.506499,0.984111,-29.21569
215000,619.0,288.819,0.419201,1.126874,1.126874,-0.379625,-18.40579
215001,620.0,290.245,0.419201,1.48634,1.48634,0.359466,-27.06541
215002,621.0,290.988,0.437487,0.862232,0.862232,-0.624108,-12.72119
215003,622.0,291.697,0.337503,0.785232,0.785232,-0.077,-13.01162
215004,623.0,292.267,0.277156,0.63381,0.63381,-0.151422,-10.44021
215005,624.0,292.326,0.202507,0.210927,0.210927,-0.422883,-0.28319
215006,625.0,293.387,0.169248,1.074414,1.074414,0.863487,-21.22692
215007,626.0,293.512,0.139734,0.187485,0.187485,-0.886929,-0.24227
215008,627.0,293.952,0.139734,0.461655,0.461655,0.27417,-0.71334
215009,628.0,294.429,0.084624,0.484448,0.484448,0.022793,-0.31651
215010,629.0,295.652,0.139734,1.230957,1.230957,0.746509,-24.13532
215011,630.0,295.497,0.084624,0.176596,0.176596,-1.054361,-0.2321
215012,631.0,296.654,0.0,1.157,0.0,-0.176596,-0.35
215013,632.0,297.452,0.111195,0.80571,0.80571,0.80571,-15.96207
215014,633.0,298.283,0.084624,0.835298,0.835298,0.029588,-15.39224
215015,634.0,299.182,0.0,0.899,0.0,-0.835298,-0.35
215016,635.0,299.13,0.0,0.052,0.0,0.0,-0.35
215017,636.0,299.647,0.0,0.517,0.0,0.0,-0.35
215018,637.0,300.344,0.0,0.697,0.0,0.0,-0.35
215019,638.0,300.667,0.084624,0.333902,0.333902,0.333902,-0.65002
215020,639.0,300.759,0.111195,0.14432,0.14432,-0.189582,-0.323
215021,640.0,301.113,0.0,0.354,0.0,-0.14432,-0.35
215022,641.0,301.369,0.111195,0.279106,0.279106,0.279106,-0.57222
215023,642.0,301.434,0.084624,0.106706,0.106706,-0.1724,-0.33105
215024,643.0,301.903,0.0,0.469,0.0,-0.106706,-0.35
215025,644.0,302.154,0.0,0.251,0.0,0.0,-0.35
215026,645.0,302.104,0.084624,0.098292,0.098292,0.098292,-0.34733
215027,646.0,302.957,0.0,0.853,0.0,-0.098292,-0.35
215028,647.0,303.119,0.084624,0.182771,0.182771,0.182771,-0.46263
215029,648.0,303.348,0.0,0.229,0.0,-0.182771,-0.35
215030,649.0,304.018,0.111195,0.679164,0.679164,0.679164,-13.30073
215031,650.0,304.07,0.0,0.052,0.0,-0.679164,-0.35
215032,651.0,303.863,0.084624,0.22363,0.22363,0.22363,-0.50487
215033,652.0,304.112,0.169248,0.301075,0.301075,0.077445,-0.33833
215034,653.0,303.864,0.202507,0.320177,0.320177,0.019102,-0.32721
215035,654.0,304.638,0.084624,0.778612,0.778612,0.458435,-14.984
215036,655.0,304.27,0.202507,0.42004,0.42004,-0.358572,-0.23195
215037,656.0,304.895,0.139734,0.64043,0.64043,0.22039,-11.889
215038,657.0,305.005,0.139734,0.177836,0.177836,-0.462594,-0.28975
215039,658.0,304.95,0.437487,0.440931,0.440931,0.263095,-0.6879
215040,659.0,306.099,0.084624,1.152112,1.152112,0.711181,-22.61536
215041,660.0,305.607,0.139734,0.511458,0.511458,-0.640654,2.55577
215042,661.0,305.548,0.793421,0.795611,0.795611,0.284153,-0.08888
215043,662.0,306.324,0.76969,1.092977,1.092977,0.297366,-14.87415
215044,663.0,307.017,0.592368,0.911674,0.911674,-0.181303,-12.48777
215045,664.0,306.823,0.42312,0.465475,0.465475,-0.446199,-0.19652
215046,665.0,306.779,0.356292,0.358998,0.358998,-0.106477,-0.2994
215047,666.0,307.691,0.478004,1.029676,1.029676,0.670678,-18.06631
215048,667.0,306.826,0.632738,1.071719,1.071719,0.042043,4.42785
215049,668.0,307.23,0.632738,0.750715,0.750715,-0.321004,-7.09562
215050,669.0,307.126,0.679837,0.687746,0.687746,-0.062969,0.29725
215051,670.0,307.13,1.145261,1.145268,1.145268,0.457522,-1.08636
215052,671.0,307.8,1.397338,1.549662,1.549662,0.404394,-13.36853
215053,672.0,307.879,1.743495,1.745284,1.745284,0.195622,-1.95252
215054,673.0,307.788,2.003297,2.005363,2.005363,0.260079,0.02154
215055,674.0,307.898,2.119472,2.122325,2.122325,0.116962,-2.24048
215056,675.0,308.072,2.800406,2.805806,2.805806,0.683481,-6.33645
215057,676.0,308.324,3.463623,3.472778,3.472778,0.666972,-8.31561
215058,677.0,307.929,4.448602,4.466104,4.466104,0.993326,-0.28198
215059,678.0,308.196,4.566055,4.573855,4.573855,0.107751,-4.85222
215100,679.0,307.753,4.682438,4.703347,4.703347,0.129492,2.12815
215101,680.0,308.651,4.682438,4.76777,4.76777,0.064423,-16.00653
215102,681.0,309.046,4.179294,4.197919,4.197919,-0.569851,-1.92446
215103,682.0,308.818,4.86301,4.868352,4.868352,0.670433,-3.67085
215104,683.0,308.778,5.162266,5.162421,5.162421,0.294069,-3.94798
215105,684.0,308.931,4.068152,4.071028,4.071028,-1.091393,1.62886
215106,685.0,308.286,4.017303,4.068753,4.068753,-0.002275,3.51483
215107,686.0,308.221,4.20034,4.200843,4.200843,0.13209,0.05175
215108,687.0,308.301,1.771868,1.773673,1.773673,-2.42717,1.75195
215109,688.0,307.841,0.611194,0.764956,0.764956,-1.008717,2.6488
215110,689.0,308.038,1.222387,1.23816,1.23816,0.473204,-4.71249
215111,690.0,307.969,1.800078,1.8014,1.8014,0.56324,-1.47914
215112,691.0,308.18,2.95518,2.962703,2.962703,1.161303,-9.81341
215113,692.0,307.545,3.45872,3.516528,3.516528,0.553825,2.32392
215114,693.0,308.043,3.171542,3.210402,3.210402,-0.306126,-6.73823
215115,694.0,308.379,4.538723,4.551143,4.551143,1.340741,-16.59975
215116,695.0,309.682,5.488453,5.641004,5.641004,1.089861,-34.0565
215117,696.0,309.161,6.478292,6.499208,6.499208,0.858204,-0.0324
215118,697.0,310.051,7.319099,7.373012,7.373012,0.873804,-26.44041
215119,698.0,311.743,8.151174,8.324932,8.324932,0.95192,-43.54354
215120,699.0,313.202,9.088072,9.204441,9.204441,0.879509,-39.23868
215121,700.0,313.901,12.014303,12.03462,12.03462,2.830179,-72.42193
215122,701.0,314.557,11.333696,11.352665,11.352665,-0.681955,1.54656
215123,702.0,315.841,11.458701,11.530415,11.530415,0.17775,-23.68193
215124,703.0,316.419,10.944094,10.959347,10.959347,-0.571068,1.09091
215125,704.0,315.76,11.889425,11.907674,11.907674,0.948327,-13.57892
215126,705.0,316.699,10.540875,10.582616,10.582616,-1.325058,3.3847
215127,706.0,316.43,9.847087,9.85076,9.85076,-0.731856,6.08586
215128,707.0,315.871,9.409599,9.426189,9.426189,-0.424571,5.83022
215129,708.0,315.884,9.156185,9.156194,9.156194,-0.269995,1.82851
215130,709.0,316.15,8.826049,8.830056,8.830056,-0.326138,0.63618
215131,710.0,315.709,8.649437,8.660672,8.660672,-0.169384,3.68467
215132,711.0,315.99,8.329505,8.334243,8.334243,-0.326429,0.40724
215133,712.0,316.794,7.362203,7.405974,7.405974,-0.928269,-0.23981
215134,713.0,317.894,7.534732,7.614603,7.614603,0.208629,-21.13342
215135,714.0,317.656,6.858072,6.8622,6.8622,-0.752403,4.43079
215136,715.0,318.877,5.932997,6.057334,6.057334,-0.804866,-11.82747
215137,716.0,318.396,4.828636,4.852534,4.852534,-1.2048,5.93609
215138,717.0,317.939,3.386746,3.417441,3.417441,-1.435093,5.15221
215139,718.0,317.614,1.946329,1.973277,1.973277,-1.444164,3.16763
215140,719.0,317.112,0.676984,0.8428,0.8428,-1.130477,2.98478
215141,720.0,316.655,0.111195,0.470333,0.470333,-0.372467,-0.21419
215142,721.0,317.06,0.111195,0.419987,0.419987,-0.050346,-0.3039
215143,722.0,317.213,0.111195,0.189138,0.189138,-0.230849,-0.31027
215144,723.0,317.594,0.084623,0.390285,0.390285,0.201147,-0.60392
215145,724.0,316.902,0.139733,0.705967,0.705967,0.315682,3.35599
215146,725.0,316.955,0.169246,0.177351,0.177351,-0.528616,-0.28341
215147,726.0,317.093,0.139733,0.196391,0.196391,0.01904,-0.33602
215148,727.0,316.488,0.139733,0.620927,0.620927,0.424536,2.85215
215149,728.0,316.291,0.169246,0.259718,0.259718,-0.361209,-0.27663
215150,729.0,316.592,0.139733,0.331853,0.331853,0.072135,-0.33616
215151,730.0,316.075,0.084623,0.52388,0.52388,0.192027,2.45509
215152,731.0,316.058,0.139733,0.140764,0.140764,-0.383116,-0.30852
215153,732.0,316.14,0.169246,0.188064,0.188064,0.0473,-0.33956
215154,733.0,316.569,0.253869,0.498488,0.498488,0.310424,-0.77609
215155,734.0,316.489,0.356288,0.365159,0.365159,-0.133329,-0.29308
215156,735.0,316.275,0.676984,0.710003,0.710003,0.344844,0.73857
215157,736.0,317.174,1.611678,1.845456,1.845456,1.135453,-20.2249
215158,737.0,317.249,2.879331,2.880307,2.880307,1.034851,-6.48641
215159,738.0,319.181,4.236991,4.656686,4.656686,1.776379,-49.86297
215200,739.0,320.187,5.764026,5.851157,5.851157,1.194471,-30.11652
215201,740.0,320.663,6.609019,6.626138,6.626138,0.774981,-16.67963
215202,741.0,320.424,7.02723,7.031293,7.031293,0.405155,0.00228
215203,742.0,320.137,6.939978,6.94591,6.94591,-0.085383,2.16733
215204,743.0,320.017,6.26309,6.26424,6.26424,-0.68167,3.22969
215205,744.0,319.435,5.50499,5.535669,5.535669,-0.728571,5.54414
215206,745.0,319.624,4.570996,4.574901,4.574901,-0.960768,1.452
215207,746.0,319.772,4.148018,4.150658,4.150658,-0.424243,0.17291
215208,747.0,319.166,4.099778,4.144323,4.144323,-0.006335,3.31849
215209,748.0,319.474,4.211353,4.222601,4.222601,0.078278,-5.40827
215210,749.0,320.333,4.503585,4.584774,4.584774,0.362173,-17.87666
215211,750.0,321.267,5.050977,5.136606,5.136606,0.551832,-21.27025
215212,751.0,320.92,5.660996,5.671621,5.671621,0.535015,0.34933
215213,752.0,319.317,6.087266,6.294793,6.294793,0.623172,6.76414
215214,753.0,319.149,6.496564,6.498736,6.498736,0.203943,0.4061
215215,754.0,319.693,6.994742,7.015864,7.015864,0.517128,-14.97343
215216,755.0,319.487,7.438194,7.441046,7.441046,0.425182,-0.30848
215217,756.0,319.914,7.913984,7.925495,7.925495,0.484449,-12.88972
215218,757.0,320.42,8.250116,8.265618,8.265618,0.340123,-12.28619
215219,758.0,320.9,8.657968,8.671264,8.671264,0.405646,-12.96866
215220,759.0,321.106,9.031641,9.03399,9.03399,0.362726,-7.35181
215221,760.0,321.564,10.097723,10.108104,10.108104,1.074114,-25.66771
215222,761.0,321.495,9.993719,9.993957,9.993957,-0.114147,1.64228
215223,762.0,321.804,10.086792,10.091524,10.091524,0.097567,-4.50557
215224,763.0,321.493,9.983912,9.988754,9.988754,-0.10277,2.89725
215225,764.0,322.121,10.32467,10.343751,10.343751,0.354997,-15.25655
215226,765.0,321.756,10.287405,10.293878,10.293878,-0.049873,2.94698
215227,766.0,320.905,10.324666,10.359678,10.359678,0.0658,4.94099
215228,767.0,320.624,10.379828,10.383631,10.383631,0.023953,2.07777
215229,768.0,321.042,10.35517,10.363603,10.363603,-0.020028,-4.15376
215230,769.0,321.678,10.280208,10.299863,10.299863,-0.06374,-7.33846
215231,770.0,321.493,9.488049,9.489852,9.489852,-0.810011,5.84697
215232,771.0,321.07,9.251902,9.261567,9.261567,-0.228285,4.01925
215233,772.0,320.431,10.116218,10.13638,10.13638,0.874813,-8.56907
215234,773.0,319.761,9.824603,9.847422,9.847422,-0.288958,5.84641
215235,774.0,319.249,10.429385,10.441945,10.441945,0.594523,0.0336
215236,775.0,318.72,10.539648,10.552915,10.552915,0.11097,2.94019
215237,776.0,318.765,9.378627,9.378735,9.378735,-1.17418,6.42709
215238,777.0,317.571,8.899216,8.978957,8.978957,-0.399778,9.00695
215239,778.0,317.442,8.35506,8.356056,8.356056,-0.622901,4.02513
215240,779.0,316.611,7.450541,7.49674,7.49674,-0.859316,8.44198
215241,780.0,315.695,4.114212,4.214949,4.214949,-3.281791,12.68617
215242,781.0,315.168,2.003297,2.071455,2.071455,-2.143494,5.16066
215243,782.0,316.178,0.475234,1.11622,1.11622,-0.955235,-16.55666
215244,783.0,315.232,0.237945,0.975466,0.975466,-0.140754,4.96279
215245,784.0,315.013,0.337494,0.402322,0.402322,-0.573144,-0.18897
215246,785.0,315.435,0.885926,0.9813,0.9813,0.578978,-8.87301
215247,786.0,315.444,1.797139,1.797162,1.797162,0.815862,-2.75628
215248,787.0,314.947,2.172854,2.22897,2.22897,0.431808,2.00839
215249,788.0,314.682,2.24951,2.265065,2.265065,0.036095,1.23619
215250,789.0,315.359,1.701922,1.83163,1.83163,-0.433435,-10.76471
215251,790.0,315.259,0.555975,0.564896,0.564896,-1.266734,0.63892
215252,791.0,315.154,0.08462,0.134854,0.134854,-0.430042,-0.30675
215253,792.0,315.744,0.08462,0.596037,0.596037,0.461183,-11.50972
215254,793.0,315.808,0.08462,0.106097,0.106097,-0.48994,-0.31244
215255,794.0,315.507,0.111195,0.320882,0.320882,0.214785,-0.56693
215256,795.0,315.47,0.08462,0.092355,0.092355,-0.228527,-0.33072
215257,796.0,316.153,0.08462,0.688222,0.688222,0.595867,-13.44085
215258,797.0,316.024,0.111195,0.170309,0.170309,-0.517913,-0.28706
215259,798.0,315.823,0.0,0.201,0.0,-0.170309,-0.35
215300,799.0,316.109,0.139731,0.318309,0.318309,0.318309,-0.62674
215301,800.0,316.196,0.0,0.087,0.0,-0.318309,-0.35
215302,801.0,315.705,0.0,0.491,0.0,0.0,-0.35
215303,802.0,316.265,0.111195,0.570933,0.570933,0.570933,-11.06238
215304,803.0,315.869,0.0,0.396,0.0,-0.570933,-0.35
215305,804.0,315.589,0.111195,0.301271,0.301271,0.301271,-0.60234
215306,805.0,315.652,0.0,0.063,0.0,-0.301271,-0.35
215307,806.0,315.451,0.111195,0.229707,0.229707,0.229707,-0.51169
215308,807.0,315.202,0.0,0.249,0.0,-0.229707,-0.35
215309,808.0,315.197,0.08462,0.084768,0.084768,0.084768,-0.34706
215310,809.0,315.435,0.111195,0.262694,0.262694,0.177926,-0.50951
215311,810.0,314.99,0.0,0.445,0.0,-0.262694,-0.35
215312,811.0,315.101,0.111195,0.157116,0.157116,0.157116,-0.43929
215313,812.0,315.214,0.08462,0.141172,0.141172,-0.015944,-0.33721
215314,813.0,315.169,0.0,0.045,0.0,-0.141172,-0.35
215315,814.0,315.076,0.0,0.093,0.0,0.0,-0.35
215316,815.0,315.009,0.0,0.067,0.0,0.0,-0.35
215317,816.0,314.76,0.139731,0.285527,0.285527,0.285527,-0.58075
215318,817.0,314.34,0.0,0.42,0.0,-0.285527,-0.35
215319,818.0,315.14,0.0,0.8,0.0,0.0,-0.35
215320,819.0,314.54,0.08462,0.605938,0.605938,0.605938,2.76613
215321,820.0,313.936,0.111195,0.61415,0.61415,0.008212,2.98981
215322,821.0,314.332,0.0,0.396,0.0,-0.61415,-0.35
215323,822.0,314.702,0.08462,0.379553,0.379553,0.379553,-0.72341
215324,823.0,314.099,0.0,0.603,0.0,-0.379553,-0.35
215325,824.0,314.448,0.139731,0.375933,0.375933,0.375933,-0.71731
215326,825.0,313.525,0.111195,0.929674,0.929674,0.553741,4.47131
215327,826.0,313.818,0.08462,0.304975,0.304975,-0.624699,-0.2192
215328,827.0,314.376,0.08462,0.56438,0.56438,0.259405,-10.69217
215329,828.0,313.625,0.139731,0.763889,0.763889,0.199509,3.7215
215330,829.0,314.129,0.08462,0.511054,0.511054,-0.252835,-9.20265
215331,830.0,314.005,0.111195,0.166554,0.166554,-0.3445,-0.3045
215332,831.0,313.795,0.08462,0.226408,0.226408,0.059854,-0.33902
215333,832.0,314.057,0.16924,0.311907,0.311907,0.085499,-0.33931
215334,833.0,313.855,0.139731,0.245619,0.245619,-0.066288,-0.32087
215335,834.0,313.427,0.08462,0.436285,0.436285,0.190666,-0.62532
215336,835.0,313.413,0.08462,0.08577,0.08577,-0.350515,-0.32628
215337,836.0,313.666,0.08462,0.266776,0.266776,0.181006,-0.51352
215338,837.0,313.425,0.139731,0.278578,0.278578,0.011802,-0.32905
215339,838.0,313.316,0.893575,0.900199,0.900199,0.621621,0.00694
215340,839.0,313.945,1.743488,1.853481,1.853481,0.953282,-14.66196
215341,840.0,313.328,2.607393,2.679401,2.679401,0.82592,2.00585
215342,841.0,313.29,3.031929,3.032168,3.032168,0.352767,-2.50044
215343,842.0,312.738,2.79144,2.845495,2.845495,-0.186673,3.19054
215344,843.0,312.733,2.341218,2.341224,2.341224,-0.504271,0.52682
215345,844.0,312.836,2.452136,2.454298,2.454298,0.113074,-2.07278
215346,845.0,313.113,2.800404,2.81407,2.81407,0.359772,-6.53044
215347,846.0,312.637,2.811887,2.851891,2.851891,0.037821,2.42173
215348,847.0,312.78,3.12379,3.127062,3.127062,0.275171,-3.7008
215349,848.0,312.798,3.225763,3.225813,3.225813,0.098751,-0.36952
215350,849.0,312.887,3.559244,3.560356,3.560356,0.334543,-3.2017
215351,850.0,312.889,3.593496,3.593496,3.593496,0.03314,-0.12557
215352,851.0,313.234,3.722105,3.738059,3.738059,0.144563,-6.62411
215353,852.0,313.602,4.025463,4.042249,4.042249,0.30419,-8.24153
215354,853.0,313.931,5.032319,5.043062,5.043062,1.000813,-14.34743
215355,854.0,314.645,6.157203,6.198463,6.198463,1.155401,-24.97229
215356,855.0,315.631,7.499461,7.564001,7.564001,1.365538,-35.38793
215357,856.0,316.954,8.689011,8.789155,8.789155,1.225154,-41.90913
215358,857.0,318.206,9.962726,10.041087,10.041087,1.251932,-43.44566
215359,858.0,318.728,10.816055,10.828644,10.828644,0.787557,-22.16019
215400,859.0,318.929,11.573063,11.574809,11.574809,0.746165,-16.12004
215401,860.0,319.898,12.25804,12.29628,12.29628,0.721471,-30.36593
215402,861.0,320.606,12.93118,12.950548,12.950548,0.654268,-24.96628
215403,862.0,320.487,13.341435,13.341965,13.341965,0.391417,-13.80716
215404,863.0,321.423,13.762802,13.794594,13.794594,0.452629,-25.1865
215405,864.0,321.843,13.857351,13.863714,13.863714,0.06912,-5.87915
215406,865.0,321.281,14.02581,14.037065,14.037065,0.173351,1.47769
215407,866.0,321.221,14.025808,14.025936,14.025936,-0.011129,0.18807
215408,867.0,321.648,14.025805,14.032304,14.032304,0.006368,-4.43217
215409,868.0,322.255,14.110041,14.123091,14.123091,0.090787,-9.98466
215410,869.0,322.254,14.205165,14.205165,14.205165,0.082074,-0.99724
215411,870.0,323.455,14.278525,14.328945,14.328945,0.12378,-21.84826
215412,871.0,323.63,13.594222,13.595348,13.595348,-0.733597,4.65929
215413,872.0,322.004,12.246409,12.353882,12.353882,-1.241466,18.21122
215414,873.0,320.416,10.1932,10.316156,10.316156,-2.037726,21.01185
215415,874.0,319.128,8.834757,8.92815,8.92815,-1.388006,14.40439
215416,875.0,318.124,5.792658,5.879023,5.879023,-3.049127,15.59759
215417,876.0,318.051,2.980401,2.981295,2.981295,-2.897728,5.09632
215418,877.0,318.106,1.27415,1.275337,1.275337,-1.705958,0.66373
215419,878.0,318.222,0.356274,0.374683,0.374683,-0.900654,-0.13185
215420,879.0,317.768,0.279462,0.533118,0.533118,0.158435,2.1214
215421,880.0,317.86,0.084619,0.124998,0.124998,-0.40812,-0.31143
215422,881.0,317.776,0.169239,0.188938,0.188938,0.06394,-0.34126
215423,882.0,317.438,0.084619,0.348431,0.348431,0.159493,-0.54958
215424,883.0,317.705,0.169239,0.316118,0.316118,-0.032313,-0.31847
215425,884.0,317.314,0.084619,0.400052,0.400052,0.083934,-0.33594
215426,885.0,317.267,0.084619,0.096796,0.096796,-0.303256,-0.32577
215427,886.0,317.22,0.169239,0.175644,0.175644,0.078848,-0.34333
215428,887.0,317.33,0.084619,0.138782,0.138782,-0.036862,-0.33581
215429,888.0,317.386,0.084619,0.101471,0.101471,-0.037311,-0.3396
215430,889.0,316.972,0.538785,0.679474,0.679474,0.578003,1.74407
215431,890.0,317.472,0.955966,1.078828,1.078828,0.399354,-10.01871
215432,891.0,317.428,1.87486,1.875376,1.875376,0.796548,-2.85297
215433,892.0,318.03,3.653887,3.703146,3.703146,1.82777,-22.97586
215434,893.0,318.469,5.275769,5.294002,5.294002,1.590856,-22.58607
215435,894.0,318.688,6.465575,6.469283,6.469283,1.175281,-16.6348
215436,895.0,318.688,6.898211,6.898211,6.898211,0.428928,-7.95481
215437,896.0,318.616,7.31876,7.319114,7.319114,0.420903,-7.01428
215438,897.0,318.887,7.667505,7.672292,7.672292,0.353178,-8.01649
215439,898.0,319.743,8.508548,8.551498,8.551498,0.879206,-27.37852
215440,899.0,320.289,9.458318,9.474065,9.474065,0.922567,-23.60211
215441,900.0,319.933,9.530037,9.536684,9.536684,0.062619,2.18199
215442,901.0,319.118,8.676873,8.715065,8.715065,-0.821619,8.89335
215443,902.0,318.561,7.751554,7.77154,7.77154,-0.943525,7.47367
215444,903.0,318.113,7.23462,7.248478,7.248478,-0.523062,4.85441
215445,904.0,318.332,6.802327,6.805852,6.805852,-0.442626,0.73876
215446,905.0,318.642,6.898203,6.905165,6.905165,0.099313,-5.22984
215447,906.0,319.471,7.415412,7.461607,7.461607,0.556442,-21.01225
215448,907.0,320.379,7.823772,7.876286,7.876286,0.414679,-20.6506
215449,908.0,321.115,8.581899,8.613402,8.613402,0.737116,-22.97103
215450,909.0,321.684,9.163182,9.180831,9.180831,0.567429,-17.55181
215451,910.0,322.144,9.677926,9.688852,9.688852,0.508021,-14.80295
215452,911.0,322.353,10.073811,10.075979,10.075979,0.387127,-8.12674
215453,912.0,321.996,10.046771,10.053112,10.053112,-0.022867,2.71379
215454,913.0,322.364,10.456143,10.462617,10.462617,0.409505,-11.58258
215455,914.0,322.673,10.5304,10.534932,10.534932,0.072315,-3.88901
215456,915.0,323.58,11.309127,11.34544,11.34544,0.810508,-30.21325
215457,916.0,323.781,12.186553,12.188211,12.188211,0.842771,-18.89247
215458,917.0,324.1,12.498983,12.503053,12.503053,0.314842,-9.27643
215459,918.0,325.708,13.111251,13.209488,13.209488,0.706435,-43.11892
215500,919.0,325.651,13.425628,13.425749,13.425749,0.216261,-1.11921
215501,920.0,325.488,13.762729,13.763694,13.763694,0.337945,-12.53236
215502,921.0,325.296,14.089505,14.090813,14.090813,0.327119,-1.78693
215503,922.0,325.104,13.467602,13.468971,13.468971,-0.621842,5.8556
215504,923.0,324.653,13.234247,13.241929,13.241929,-0.227042,4.43064
215505,924.0,324.099,12.73716,12.749203,12.749203,-0.492726,7.11261
215506,925.0,323.884,12.180062,12.181959,12.181959,-0.567244,5.92996
215507,926.0,323.042,11.085649,11.11758,11.11758,-1.064379,11.9512
215508,927.0,321.885,9.410133,9.480994,9.480994,-1.636586,15.49466
215509,928.0,321.879,8.433454,8.433456,8.433456,-1.047538,5.38031
215510,929.0,321.469,6.968188,6.98024,6.98024,-1.453216,8.14829
215511,930.0,320.847,5.081846,5.11977,5.11977,-1.86047,8.77397
215512,931.0,320.263,3.126241,3.180321,3.180321,-1.939449,6.526
215513,932.0,320.191,1.425084,1.426902,1.426902,-1.753419,1.54983
215514,933.0,320.384,0.356271,0.405189,0.405189,-1.021713,-0.08683
215515,934.0,320.012,0.13973,0.397377,0.397377,-0.007812,-0.31577
215516,935.0,319.988,0.202498,0.203915,0.203915,-0.193462,-0.31141
215517,936.0,320.492,0.169237,0.531655,0.531655,0.32774,-9.76376
215518,937.0,320.465,0.084619,0.088822,0.088822,-0.442833,-0.32088
215519,938.0,319.278,0.13973,1.195196,1.195196,1.106374,5.48351
215520,939.0,319.479,0.084619,0.218086,0.218086,-0.97711,-0.21376
215521,940.0,319.822,0.084619,0.353284,0.353284,0.135198,-0.34765
215522,941.0,319.66,0.0,0.162,0.0,-0.353284,-0.35
215523,942.0,319.337,0.084619,0.3339,0.3339,0.3339,-0.65002
215524,943.0,319.553,0.13973,0.257256,0.257256,-0.076644,-0.31801
215525,944.0,319.55,0.0,0.003,0.0,-0.257256,-0.35
215526,945.0,319.515,0.0,0.035,0.0,0.0,-0.35
215527,946.0,319.377,0.0,0.138,0.0,0.0,-0.35
215528,947.0,319.976,0.0,0.599,0.0,0.0,-0.35
215529,948.0,319.988,0.0,0.012,0.0,0.0,-0.35
215530,949.0,319.773,0.084619,0.231053,0.231053,0.231053,-0.51322
215531,950.0,320.097,0.0,0.324,0.0,-0.231053,-0.35
215532,951.0,319.93,0.0,0.167,0.0,0.0,-0.35
215533,952.0,320.978,0.0,1.048,0.0,0.0,-0.35
215534,953.0,320.44,0.0,0.538,0.0,0.0,-0.35
215535,954.0,320.552,0.13973,0.179077,0.179077,0.179077,-0.45912
215536,955.0,320.907,0.0,0.355,0.0,-0.179077,-0.35
215537,956.0,320.456,0.084619,0.45887,0.45887,0.45887,-0.86944
215538,957.0,320.626,0.0,0.17,0.0,-0.45887,-0.35
215539,958.0,320.857,0.0,0.231,0.0,0.0,-0.35
215540,959.0,320.953,0.0,0.096,0.0,0.0,-0.35
215541,960.0,320.658,0.169237,0.340097,0.340097,0.340097,-0.65953
215542,961.0,320.497,0.831422,0.846867,0.846867,0.50677,0.35848
215543,962.0,321.206,2.017779,2.138718,2.138718,1.291851,-17.90776
215544,963.0,321.389,3.602828,3.607473,3.607473,1.468755,-12.58161
215545,964.0,321.656,5.101759,5.108741,5.108741,1.501268,-18.08863
215546,965.0,321.103,6.168864,6.1936,6.1936,1.084859,-4.60169
215547,966.0,321.191,6.445745,6.446346,6.446346,0.252746,-3.08478
215548,967.0,320.403,5.655759,5.71039,5.71039,-0.735956,6.77823
215549,968.0,320.271,4.34979,4.351792,4.351792,-1.358598,4.02417
215550,969.0,319.907,2.886802,2.90966,2.90966,-1.442132,4.20769
215551,970.0,319.736,1.312379,1.323473,1.323473,-1.586187,1.85717
215552,971.0,320.17,0.338473,0.550382,0.550382,-0.773091,-7.35588
215553,972.0,319.946,0.13973,0.264009,0.264009,-0.286373,-0.2864
215554,973.0,319.44,0.13973,0.524939,0.524939,0.26093,2.37501
215555,974.0,319.639,0.13973,0.243158,0.243158,-0.281781,-0.29204
215556,975.0,319.77,0.13973,0.191535,0.191535,-0.051623,-0.32884
215557,976.0,319.819,0.13973,0.148073,0.148073,-0.043462,-0.33432
215558,977.0,319.799,0.084618,0.08695,0.08695,-0.061123,-0.33994
215559,978.0,319.639,0.253855,0.300071,0.300071,0.213121,-0.55193
215600,979.0,319.118,0.423092,0.671154,0.671154,0.371083,2.40647
215601,980.0,319.225,0.43746,0.450355,0.450355,-0.220799,-0.25791
215602,981.0,319.042,0.084618,0.201617,0.201617,-0.248738,-0.30565
215603,982.0,319.538,0.0,0.496,0.0,-0.201617,-0.35
215604,983.0,319.614,0.111195,0.134686,0.134686,0.134686,-0.34907
215605,984.0,319.312,0.0,0.302,0.0,-0.134686,-0.35
215606,985.0,318.774,0.0,0.538,0.0,0.0,-0.35
215607,986.0,318.647,0.111195,0.1688,0.1688,0.1688,-0.44961
215608,987.0,318.776,0.0,0.129,0.0,-0.1688,-0.35
215609,988.0,318.53,0.111195,0.269964,0.269964,0.269964,-0.56033
215610,989.0,318.685,0.0,0.155,0.0,-0.269964,-0.35
215611,990.0,318.611,0.0,0.074,0.0,0.0,-0.35
215612,991.0,318.441,0.111195,0.203136,0.203136,0.203136,-0.4829
215613,992.0,318.586,0.0,0.145,0.0,-0.203136,-0.35
215614,993.0,318.458,0.111195,0.169553,0.169553,0.169553,-0.4503
215615,994.0,318.431,0.0,0.027,0.0,-0.169553,-0.35
215616,995.0,319.031,0.084618,0.605938,0.605938,0.605938,-11.86259
215617,996.0,318.84,0.13973,0.236655,0.236655,-0.369283,-0.28209
215618,997.0,319.423,0.0,0.583,0.0,-0.236655,-0.35
215619,998.0,319.145,0.084618,0.290593,0.290593,0.290593,-0.5876
215620,999.0,320.875,0.111195,1.73357,1.73357,1.442977,-36.24066
215621,1000.0,320.362,0.084618,0.519932,0.519932,-1.213638,2.83948
215622,1001.0,320.648,0.0,0.286,0.0,-0.519932,-0.35
215623,1002.0,320.493,0.111195,0.19076,0.19076,0.19076,-0.4704
215624,1003.0,320.396,0.084618,0.128722,0.128722,-0.062038,-0.33504
215625,1004.0,319.802,0.0,0.594,0.0,-0.128722,-0.35
215626,1005.0,320.376,0.111195,0.584671,0.584671,0.584671,-11.34476
215627,1006.0,320.201,0.084618,0.194384,0.194384,-0.390287,-0.29195
215628,1007.0,319.678,0.0,0.523,0.0,-0.194384,-0.35
215629,1008.0,320.136,0.13973,0.478841,0.478841,0.478841,-0.90991
215630,1009.0,319.813,0.0,0.323,0.0,-0.478841,-0.35
215631,1010.0,320.535,0.084618,0.726942,0.726942,0.726942,-14.36581
215632,1011.0,319.662,0.111195,0.880053,0.880053,0.153111,4.40586
215633,1012.0,319.821,0.084618,0.180115,0.180115,-0.699938,-0.26522
215634,1013.0,319.777,0.0,0.044,0.0,-0.180115,-0.35
215635,1014.0,319.993,0.111195,0.242941,0.242941,0.242941,-0.52701
215636,1015.0,319.793,0.084618,0.217164,0.217164,-0.025777,-0.32913
215637,1016.0,319.984,0.0,0.191,0.0,-0.217164,-0.35
215638,1017.0,319.666,0.0,0.318,0.0,0.0,-0.35
215639,1018.0,319.836,0.111195,0.203136,0.203136,0.203136,-0.4829
215640,1019.0,319.549,0.0,0.287,0.0,-0.203136,-0.35
215641,1020.0,319.88,0.084618,0.341645,0.341645,0.341645,-0.66192
215642,1021.0,320.143,0.0,0.263,0.0,-0.341645,-0.35
215643,1022.0,319.584,0.111195,0.569952,0.569952,0.569952,2.5632
215644,1023.0,319.728,0.0,0.144,0.0,-0.569952,-0.35
215645,1024.0,319.676,0.0,0.052,0.0,0.0,-0.35
215646,1025.0,319.538,0.111195,0.177224,0.177224,0.177224,-0.45737
215647,1026.0,319.481,0.0,0.057,0.0,-0.177224,-0.35
215648,1027.0,319.461,0.0,0.02,0.0,0.0,-0.35
215649,1028.0,318.987,0.13973,0.494167,0.494167,0.494167,-0.94198
215650,1029.0,319.342,0.0,0.355,0.0,-0.494167,-0.35
215651,1030.0,319.151,0.0,0.191,0.0,0.0,-0.35
215652,1031.0,319.319,0.0,0.168,0.0,0.0,-0.35
215653,1032.0,319.667,0.0,0.348,0.0,0.0,-0.35
215654,1033.0,319.467,0.084618,0.217164,0.217164,0.217164,-0.49777
215655,1034.0,319.157,0.43746,0.536163,0.536163,0.318999,1.28862
215656,1035.0,318.874,1.505705,1.532069,1.532069,0.995906,0.47067
215657,1036.0,319.29,3.20428,3.231171,3.231171,1.699102,-17.31936
215658,1037.0,320.008,4.503393,4.560271,4.560271,1.3291,-23.51988
215659,1038.0,320.069,5.321623,5.321972,5.321972,0.761701,-7.49248
215700,1039.0,319.523,5.715243,5.741264,5.741264,0.419292,1.78936
215701,1040.0,318.83,5.966384,6.006496,6.006496,0.265232,3.06926
215702,1041.0,319.164,6.410491,6.419186,6.419186,0.41269,-9.50621
215703,1042.0,318.934,7.233244,7.236899,7.236899,0.817713,-9.38834
215704,1043.0,319.345,8.154112,8.164464,8.164464,0.927565,-19.47837
215705,1044.0,319.585,9.102633,9.105797,9.105797,0.941333,-17.83424
215706,1045.0,319.996,10.051769,10.060168,10.060168,0.954371,-22.48165
215707,1046.0,319.669,10.592877,10.597923,10.597923,0.537755,-8.57774
215708,1047.0,317.125,10.185261,10.498165,10.498165,-0.099758,15.14899
215709,1048.0,318.377,9.811884,9.891439,9.891439,-0.606726,-8.82378
215710,1049.0,319.108,10.321025,10.34688,10.34688,0.455441,-19.0853
215711,1050.0,317.688,11.000557,11.091828,11.091828,0.744948,3.93186
215712,1051.0,318.111,11.815196,11.822766,11.822766,0.730938,-20.07207
215713,1052.0,317.504,14.138422,14.151446,14.151446,2.32868,-57.83583
215714,1053.0,317.185,13.446085,13.449869,13.449869,-0.701577,7.15007
215715,1054.0,315.851,13.390344,13.456629,13.456629,0.00676,7.38467
215716,1055.0,315.405,12.902824,12.91053,12.91053,-0.546099,6.85558
215717,1056.0,314.759,12.632926,12.649432,12.649432,-0.261098,6.01704
215718,1057.0,314.559,11.375081,11.376839,11.376839,-1.272593,9.95899
215719,1058.0,312.074,10.535221,10.824329,10.824329,-0.55251,17.61377
215720,1059.0,309.705,8.92988,9.238772,9.238772,-1.585557,21.58881
215721,1060.0,309.671,8.154077,8.154148,8.154148,-1.084624,5.50615
215722,1061.0,308.971,6.895311,6.930751,6.930751,-1.223397,8.7989
215723,1062.0,308.719,6.688328,6.693074,6.693074,-0.237677,2.50449
215724,1063.0,308.485,6.184049,6.188474,6.188474,-0.5046,3.20592
215725,1064.0,308.301,5.263237,5.266452,5.266452,-0.922022,3.8059
215726,1065.0,307.94,4.688083,4.701962,4.701962,-0.56449,3.49428
215727,1066.0,308.401,4.655109,4.67788,4.67788,-0.024082,-7.24358
215728,1067.0,307.827,5.027523,5.060185,5.060185,0.382305,2.13912
215729,1068.0,308.82,5.443182,5.533017,5.533017,0.472832,-21.81552
215730,1069.0,308.388,4.946975,4.965802,4.965802,-0.567215,3.99621
215731,1070.0,308.77,3.225763,3.248303,3.248303,-1.717499,0.93897
215732,1071.0,308.496,1.345028,1.372653,1.372653,-1.87565,2.68681
215733,1072.0,307.993,0.796549,0.942072,0.942072,-0.430581,2.69438
215734,1073.0,308.266,1.506175,1.530716,1.530716,0.588644,-6.61225
215735,1074.0,309.047,2.5606,2.677057,2.677057,1.146341,-19.64514
215736,1075.0,310.602,3.636263,3.954799,3.954799,1.277742,-37.15812
215737,1076.0,311.171,4.633863,4.668666,4.668666,0.713867,-15.66049
215738,1077.0,311.67,5.536017,5.558461,5.558461,0.889795,-17.10722
215739,1078.0,311.118,6.603558,6.626589,6.626589,1.068128,-5.43916
215740,1079.0,311.093,7.394786,7.394828,7.394828,0.768239,-12.76006
215741,1080.0,312.303,8.033345,8.12396,8.12396,0.729132,-31.05231
215742,1081.0,311.673,8.677721,8.70056,8.70056,0.5766,1.11702
215743,1082.0,311.722,8.906459,8.906594,8.906594,0.206034,-1.83396
215744,1083.0,311.859,9.016146,9.017187,9.017187,0.110593,-1.83628
215745,1084.0,310.4,10.287646,10.39059,10.39059,1.373403,0.70894
215746,1085.0,311.446,9.570626,9.627616,9.627616,-0.762974,-2.65273
215747,1086.0,312.456,9.300585,9.355265,9.355265,-0.272351,-11.06985
215748,1087.0,311.333,9.413729,9.480476,9.480476,0.125211,6.02812
215749,1088.0,311.103,9.733419,9.736136,9.736136,0.25566,0.46957
215750,1089.0,311.483,9.058376,9.066343,9.066343,-0.669793,1.81762
215751,1090.0,312.06,7.63784,7.659604,7.659604,-1.406739,3.1927
215752,1091.0,310.733,5.420917,5.580974,5.580974,-2.07863,13.81449
215753,1092.0,310.503,3.519366,3.526874,3.526874,-2.0541,5.22479
215754,1093.0,309.827,2.217044,2.317814,2.317814,-1.20906,5.08355
215755,1094.0,309.912,1.898033,1.899935,1.899935,-0.417879,-0.21569
215756,1095.0,310.074,2.494174,2.49943,2.49943,0.599495,-5.42121
215757,1096.0,310.392,3.47294,3.487469,3.487469,0.988039,-11.63019
215758,1097.0,310.329,3.559537,3.560095,3.560095,0.072626,0.14831
215759,1098.0,310.451,3.716967,3.718969,3.718969,0.158874,-2.63813
215800,1099.0,309.907,4.100182,4.136112,4.136112,0.417143,2.00652
215801,1100.0,310.611,4.00252,4.063962,4.063962,-0.07215,-11.54707
215802,1101.0,309.843,3.915068,3.989685,3.989685,-0.074277,4.33771
215803,1102.0,309.893,2.728588,2.729046,2.729046,-1.260639,1.51559
215804,1103.0,309.445,0.988735,1.085495,1.085495,-1.643551,3.1723
215805,1104.0,309.327,0.084615,0.145202,0.145202,-0.940293,-0.26226
215806,1105.0,309.075,0.084615,0.265826,0.265826,0.120624,-0.34608
215807,1106.0,309.527,0.169229,0.482641,0.482641,0.216815,-0.67816
215808,1107.0,309.243,0.084615,0.296337,0.296337,-0.186304,-0.29509
215809,1108.0,309.07,0.169229,0.242007,0.242007,-0.05433,-0.3229
215810,1109.0,308.865,0.423073,0.470124,0.470124,0.228117,-0.67957
215811,1110.0,308.729,0.437442,0.458095,0.458095,-0.012029,-0.30947
215812,1111.0,309.158,0.111195,0.443176,0.443176,-0.014919,-0.31008
215813,1112.0,309.133,0.909529,0.909873,0.909873,0.466697,-0.93553
215814,1113.0,309.67,1.740617,1.82157,1.82157,0.911697,-12.78695
215815,1114.0,309.864,2.530707,2.538132,2.538132,0.716562,-6.59478
215816,1115.0,309.84,2.728587,2.728692,2.728692,0.19056,-0.28163
215817,1116.0,309.899,3.013248,3.013826,3.013826,0.285134,-2.1925
215818,1117.0,309.082,2.16162,2.310864,2.310864,-0.702962,5.19703
215819,1118.0,309.448,1.66807,1.707751,1.707751,-0.603113,-4.66019
215820,1119.0,309.527,1.021446,1.024496,1.024496,-0.683255,-0.30773
215821,1120.0,310.152,0.084615,0.630702,0.630702,-0.393794,-11.16418
215822,1121.0,309.311,0.27713,0.885484,0.885484,0.254782,4.18139
215823,1122.0,309.374,0.111195,0.127802,0.127802,-0.757682,-0.28574
215824,1123.0,309.342,0.337482,0.338996,0.338996,0.211194,-0.57691
215825,1124.0,309.718,0.685989,0.782277,0.782277,0.443281,-7.67165
215826,1125.0,309.225,0.909529,1.034549,1.034549,0.252272,2.27706
215827,1126.0,308.977,0.74071,0.781124,0.781124,-0.253425,1.17577
215828,1127.0,308.734,0.512119,0.566846,0.566846,-0.214278,1.08844
215829,1128.0,308.9,0.452757,0.482229,0.482229,-0.084617,-0.28788
215830,1129.0,309.112,0.452757,0.499933,0.499933,0.017704,-0.31402
215831,1130.0,308.636,0.44478,0.651464,0.651464,0.151531,2.2431
215832,1131.0,308.817,0.333585,0.379526,0.379526,-0.271938,-0.26161
215833,1132.0,308.998,0.333585,0.379526,0.379526,0.0,-0.45434
215834,1133.0,309.502,0.22239,0.550884,0.550884,0.171358,-9.60933
215835,1134.0,309.345,0.344149,0.378269,0.378269,-0.172615,-0.28278
215836,1135.0,308.907,0.237943,0.498459,0.498459,0.12019,-0.34251
215837,1136.0,309.231,0.333585,0.465032,0.465032,-0.033427,-0.30332
215838,1137.0,309.64,0.344149,0.534527,0.534527,0.069495,-7.76627
215839,1138.0,309.454,0.139728,0.232637,0.232637,-0.30189,-0.29195
215840,1139.0,309.233,0.111195,0.247397,0.247397,0.01476,-0.3318
215841,1140.0,308.923,0.0,0.31,0.0,-0.247397,-0.35
215842,1141.0,309.223,0.139728,0.330944,0.330944,0.330944,-0.64554
215843,1142.0,309.185,0.084615,0.092756,0.092756,-0.238188,-0.33014
215844,1143.0,308.677,0.111195,0.520027,0.520027,0.427271,2.33815
215845,1144.0,309.007,0.084615,0.340675,0.340675,-0.179352,-0.28819
215846,1145.0,308.961,0.253844,0.257978,0.257978,-0.082697,-0.31705
215847,1146.0,307.922,0.139728,1.048353,1.048353,0.790375,4.93902
215848,1147.0,308.489,0.0,0.567,0.0,-1.048353,-0.35
215849,1148.0,308.544,0.084615,0.100919,0.100919,0.100919,-0.34741
215850,1149.0,308.641,0.0,0.097,0.0,-0.100919,-0.35
233004,6623.0,320.986,0.356256,12.350139,0.002256,0.0,-0.35062
233006,6625.0,320.569,3.765727,3.788745,1.894373,0.946058,-0.05329
233007,6626.0,321.079,0.713829,0.877298,0.877298,-1.017075,-7.78643
233008,6627.0,321.174,1.004325,1.008808,1.008808,0.13151,-2.06059
233009,6628.0,320.733,0.818711,0.92993,0.92993,-0.078878,2.17079
233010,6629.0,319.857,0.202492,0.899099,0.899099,-0.030831,4.51405
233011,6630.0,318.264,0.111195,1.596876,1.596876,0.697777,7.84544
233012,6631.0,317.605,0.748111,0.996971,0.996971,-0.599905,3.65617
233013,6632.0,316.004,0.253844,1.620999,1.620999,0.624028,7.94812
233014,6633.0,315.262,0.27713,0.792064,0.792064,-0.828935,4.12426
233015,6634.0,314.581,0.202492,0.710467,0.710467,-0.081597,3.45245
233016,6635.0,313.659,0.139728,0.932528,0.932528,0.222061,4.63708
233017,6636.0,312.842,0.452757,0.934065,0.934065,0.001537,4.17912
233018,6637.0,311.678,0.475886,1.257523,1.257523,0.323458,5.87202
233019,6638.0,310.867,0.333585,0.876926,0.876926,-0.380597,4.32797
233020,6639.0,309.864,0.344149,1.0604,1.0604,0.183474,5.09608
233021,6640.0,309.01,0.22239,0.882481,0.882481,-0.177919,4.46461
233022,6641.0,308.441,0.111195,0.579763,0.579763,-0.302718,2.89654
233023,6642.0,307.747,0.0,0.694,0.0,-0.579763,-0.35
233024,6643.0,306.707,0.139728,1.049345,1.049345,1.049345,4.79312
233025,6644.0,305.771,0.0,0.936,0.0,-1.049345,-0.35
233026,6645.0,304.481,0.139728,1.297545,1.297545,1.297545,5.85265
233027,6646.0,304.008,0.111195,0.485894,0.485894,-0.811651,-0.09112
233028,6647.0,303.802,0.139728,0.248918,0.248918,-0.236976,-0.29687
233029,6648.0,302.669,0.0,1.133,0.0,-0.248918,-0.35
233030,6649.0,301.979,0.111195,0.698902,0.698902,0.698902,3.19693
233031,6650.0,301.579,0.333585,0.520844,0.520844,-0.178058,1.92451
233032,6651.0,300.728,0.333585,0.914046,0.914046,0.393202,4.1639
233033,6652.0,300.875,0.337482,0.368107,0.368107,-0.545939,-0.20823
233034,6653.0,300.514,0.279456,0.456527,0.456527,0.08842,-0.33509
233035,6654.0,299.607,0.139728,0.9177,0.9177,0.461173,4.434
233036,6655.0,299.54,0.139728,0.154961,0.154961,-0.762739,-0.27165
233037,6656.0,299.328,0.202492,0.293167,0.293167,0.138206,-0.34854
233038,6657.0,298.193,0.22239,1.156582,1.156582,0.863415,5.37675
233039,6658.0,297.561,0.22239,0.669986,0.669986,-0.486596,3.33097
233040,6659.0,296.922,0.344149,0.725782,0.725782,0.055796,3.17005
233041,6660.0,296.4,0.688298,0.863851,0.863851,0.138069,2.49985
233042,6661.0,296.117,1.056439,1.093688,1.093688,0.229837,1.14258
233043,6662.0,295.778,1.674972,1.708934,1.708934,0.615246,1.05421
233044,6663.0,294.784,2.177872,2.393985,2.393985,0.685051,4.35498
233045,6664.0,294.605,3.169491,3.174542,3.174542,0.780557,-2.58869
233046,6665.0,294.86,3.925756,3.934029,3.934029,0.759487,-9.48754
233047,6666.0,294.368,5.101557,5.125226,5.125226,1.191197,-4.22186
233048,6667.0,295.038,6.089768,6.126514,6.126514,1.001288,-22.2714
233049,6668.0,295.377,6.643639,6.652282,6.652282,0.525768,-11.1013
233050,6669.0,295.583,7.474553,7.477391,7.477391,0.825109,-13.35943
233051,6670.0,296.02,8.107086,8.118856,8.118856,0.641465,-15.55412
233052,6671.0,295.327,8.624972,8.652767,8.652767,0.533911,1.6755
233053,6672.0,295.603,9.252909,9.257024,9.257024,0.604257,-12.86771
233054,6673.0,295.866,9.451607,9.455265,9.455265,0.198241,-5.59953
233055,6674.0,296.258,9.095258,9.103702,9.103702,-0.351563,0.16117
233056,6675.0,295.346,10.377913,10.417909,10.417909,1.314207,-12.70558
233057,6676.0,295.361,9.21513,9.215142,9.215142,-1.202767,6.61022
233058,6677.0,294.181,7.00082,7.099569,7.099569,-2.115573,15.06767
233059,6678.0,294.898,3.855182,3.92129,3.92129,-3.178279,2.99736
233100,6679.0,294.241,2.057957,2.160286,2.160286,-1.761004,5.52342
233101,6680.0,294.519,2.244481,2.261632,2.261632,0.101346,-5.24371
233102,6681.0,294.481,3.581522,3.581723,3.581723,1.320091,-9.49479
233103,6682.0,294.175,4.667685,4.677704,4.677704,1.095981,-5.6613
233104,6683.0,294.521,5.810555,5.820848,5.820848,1.143144,-17.40778
233105,6684.0,294.466,7.239506,7.239715,7.239715,1.418867,-20.72943
233106,6685.0,293.745,9.738847,9.7655,9.7655,2.525785,-36.41173
233107,6686.0,293.438,9.388742,9.393759,9.393759,-0.371741,4.16947
233108,6687.0,293.431,10.802772,10.802774,10.802774,1.409015,-32.32347
233109,6688.0,293.119,11.198018,11.202364,11.202364,0.39959,0.01273
233110,6689.0,293.063,11.31808,11.318219,11.318219,0.115855,0.39276
233111,6690.0,292.709,10.12657,10.132755,10.132755,-1.185464,9.25533
233112,6691.0,292.6,9.667529,9.668144,9.668144,-0.464611,3.68063
233113,6692.0,291.493,7.965201,8.041758,8.041758,-1.626386,13.69542
233114,6693.0,291.44,5.686681,5.686928,5.686928,-2.35483,7.87556
233115,6694.0,291.022,3.336104,3.362189,3.362189,-2.324739,6.55279
233116,6695.0,290.42,1.706823,1.809876,1.809876,-1.552313,4.64153
233117,6696.0,290.209,0.519716,0.560916,0.560916,-1.24896,1.23531
233118,6697.0,290.35,0.344149,0.371913,0.371913,-0.189003,-0.28052
233119,6698.0,290.43,0.237943,0.251031,0.251031,-0.120882,-0.31261
233120,6699.0,290.141,0.22239,0.364662,0.364662,0.113631,-0.3432
233121,6700.0,290.361,0.111195,0.246504,0.246504,-0.118158,-0.31366
233122,6701.0,290.215,0.139728,0.202089,0.202089,-0.044415,-0.32849
233123,6702.0,290.176,0.237943,0.241118,0.241118,0.039029,-0.33551
233124,6703.0,289.473,0.139728,0.716752,0.716752,0.475634,3.35125
233125,6704.0,289.686,0.139728,0.254741,0.254741,-0.462011,-0.26377
233126,6705.0,289.094,0.139728,0.608266,0.608266,0.353525,2.80724
233127,6706.0,289.464,0.111195,0.386347,0.386347,-0.221919,-0.27076
233128,6707.0,289.335,0.139728,0.19017,0.19017,-0.196177,-0.31372
233129,6708.0,289.706,0.0,0.371,0.0,-0.19017,-0.35
233130,6709.0,289.693,0.111195,0.111952,0.111952,0.111952,-0.34781
233131,6710.0,288.959,0.084614,0.738861,0.738861,0.626909,3.45409
233132,6711.0,289.401,0.111195,0.455772,0.455772,-0.283089,-0.24103
233133,6712.0,289.412,0.084614,0.085326,0.085326,-0.370446,-0.32546
233134,6713.0,289.667,0.0,0.255,0.0,-0.085326,-0.35
233135,6714.0,290.267,0.0,0.6,0.0,0.0,-0.35
233136,6715.0,290.128,0.0,0.139,0.0,0.0,-0.35
233137,6716.0,290.147,0.111195,0.112807,0.112807,0.112807,-0.34785
233138,6717.0,290.653,0.139728,0.524938,0.524938,0.412131,-9.88088
233139,6718.0,289.942,0.111195,0.719642,0.719642,0.194704,3.50666
233140,6719.0,291.795,0.0,1.853,0.0,-0.719642,-0.35
233141,6720.0,290.913,0.111195,0.888982,0.888982,0.888982,4.0914
233142,6721.0,291.214,0.111195,0.320882,0.320882,-0.5681,-0.22247
233143,6722.0,291.429,0.111195,0.242052,0.242052,-0.07883,-0.3196
233144,6723.0,290.826,0.0,0.603,0.0,-0.242052,-0.35
233145,6724.0,290.729,0.0,0.097,0.0,0.0,-0.35
233146,6725.0,291.083,0.084614,0.363972,0.363972,0.363972,-0.69749
233147,6726.0,290.859,0.169227,0.280738,0.280738,-0.083234,-0.31406
233148,6727.0,290.989,0.356253,0.379231,0.379231,0.098493,-0.33974
233149,6728.0,290.889,0.712505,0.719488,0.719488,0.340257,0.11795
233150,6729.0,291.206,0.712505,0.779841,0.779841,0.060353,-6.03153
233151,6730.0,290.871,0.602643,0.689495,0.689495,-0.090346,1.56711
233152,6731.0,290.507,0.679774,0.771096,0.771096,0.081601,1.6623
233153,6732.0,290.431,1.505628,1.507545,1.507545,0.736449,-1.44735
233154,6733.0,290.45,2.571874,2.571944,2.571944,1.064399,-5.09482
233155,6734.0,290.337,4.113554,4.115106,4.115106,1.543162,-11.31006
233156,6735.0,291.342,5.542545,5.632923,5.632923,1.517817,-33.08483
233157,6736.0,291.667,7.169922,7.177284,7.177284,1.544361,-24.82842
233158,6737.0,291.326,9.932479,9.938331,9.938331,2.761047,-48.6323
233159,6738.0,289.853,10.453373,10.556645,10.556645,0.618314,5.11085
233200,6739.0,289.384,10.566697,10.5771,10.5771,0.020455,3.14762
233201,6740.0,289.024,11.570378,11.575977,11.575977,0.998877,-19.398
233202,6741.0,288.658,12.207605,12.21309,12.21309,0.637113,-12.59874
233203,6742.0,288.072,12.7036,12.717108,12.717108,0.504018,0.25519
233204,6743.0,287.295,12.947468,12.970761,12.970761,0.253653,2.87894
233205,6744.0,287.295,12.617645,12.617645,12.617645,-0.353116,3.15559
233206,6745.0,287.945,12.93267,12.948994,12.948994,0.331349,-16.08675
233207,6746.0,287.717,13.009108,13.011106,13.011106,0.062112,1.24087
233208,6747.0,287.91,12.071591,12.073134,12.073134,-0.937972,6.21691
233209,6748.0,287.446,11.744991,11.754153,11.754153,-0.318981,5.4934
233210,6749.0,287.562,10.877047,10.877665,10.877665,-0.876488,5.41855
233211,6750.0,287.417,9.570407,9.571505,9.571505,-1.30616,8.31536
233212,6751.0,287.712,7.59466,7.600388,7.600388,-1.971117,7.06069
233213,6752.0,287.49,5.103195,5.108022,5.108022,-2.492366,8.37392
233214,6753.0,287.543,2.980272,2.980744,2.980744,-2.127278,3.13253
233215,6754.0,287.194,2.33357,2.359523,2.359523,-0.621221,2.56195
233216,6755.0,287.53,3.12606,3.144065,3.144065,0.784542,-10.23193
233217,6756.0,287.3,4.833717,4.839186,4.839186,1.695121,-12.85013
233218,6757.0,287.414,6.43917,6.440179,6.440179,1.600993,-19.77721
233219,6758.0,287.295,7.797448,7.798356,7.798356,1.358177,-20.35991
233220,6759.0,287.456,9.059009,9.060439,9.060439,1.262083,-21.75203
233221,6760.0,287.29,10.03702,10.038392,10.038392,0.977953,-18.96793
233222,6761.0,287.554,10.866447,10.869654,10.869654,0.831262,-18.35861
233223,6762.0,288.146,11.570276,11.585411,11.585411,0.715757,-22.63245
233224,6763.0,289.359,12.023773,12.084804,12.084804,0.499393,-29.50113
233225,6764.0,289.999,12.300267,12.316906,12.316906,0.232102,-13.10766
233226,6765.0,290.123,12.426751,12.42737,12.42737,0.110464,-0.89711
233227,6766.0,289.279,12.225231,12.254331,12.254331,-0.173039,6.65993
233228,6767.0,290.092,11.897454,11.925199,11.925199,-0.329132,-3.69123
233229,6768.0,289.962,10.866403,10.867181,10.867181,-1.058018,7.84898
233230,6769.0,290.461,9.180828,9.194378,9.194378,-1.672803,6.35695
233231,6770.0,290.71,6.917003,6.921483,6.921483,-2.272895,7.6551
233232,6771.0,290.722,4.17534,4.175357,4.175357,-2.746126,6.30919
233233,6772.0,290.397,2.241347,2.264787,2.264787,-1.91057,4.01298
233234,6773.0,290.544,1.987087,1.992517,1.992517,-0.27227,-1.47812
233235,6774.0,290.359,3.295384,3.300573,3.300573,1.308056,-5.95116
233236,6775.0,290.773,5.055964,5.072886,5.072886,1.772313,-23.26073
233237,6776.0,290.966,6.616525,6.61934,6.61934,1.546454,-21.02418
233238,6777.0,291.246,8.177482,8.182274,8.182274,1.562934,-26.81099
233239,6778.0,291.705,9.260758,9.272126,9.272126,1.089852,-24.6407
233240,6779.0,292.256,10.238488,10.253304,10.253304,0.981178,-25.81612
233241,6780.0,292.707,10.992835,11.002082,11.002082,0.748778,-20.23309
233242,6781.0,292.296,11.470778,11.478139,11.478139,0.476057,0.04368
233243,6782.0,292.896,11.926361,11.941444,11.941444,0.463305,-17.4446
233244,6783.0,293.283,12.150256,12.156418,12.156418,0.214974,-7.98754
233245,6784.0,293.223,12.181505,12.181653,12.181653,0.025235,1.07589
233246,6785.0,293.266,12.053784,12.053861,12.053861,-0.127792,1.60791
233247,6786.0,292.752,11.620798,11.63216,11.63216,-0.421701,6.38979
233248,6787.0,291.838,10.740174,10.778995,10.778995,-0.853165,10.83133
233249,6788.0,292.132,9.583089,9.587597,9.587597,-1.191398,5.32467
233250,6789.0,292.049,8.149418,8.149841,8.149841,-1.437756,7.36949
233251,6790.0,291.942,6.439073,6.439962,6.439962,-1.709879,6.92273
233252,6791.0,291.42,4.482659,4.51295,4.51295,-1.927012,7.71187
233253,6792.0,291.228,2.626366,2.633374,2.633374,-1.879576,3.66519
233254,6793.0,291.671,0.344148,0.56097,0.56097,-2.072404,-6.14124
233255,6794.0,291.268,0.613844,0.734312,0.734312,0.173342,1.83611
233256,6795.0,291.579,0.838356,0.894182,0.894182,0.15987,-6.06913
233257,6796.0,291.16,0.789994,0.894233,0.894233,5.1e-05,2.00715
233258,6797.0,291.093,0.748104,0.751098,0.751098,-0.143135,0.13643
233259,6798.0,290.878,0.613844,0.650407,0.650407,-0.100691,0.91157
233300,6799.0,291.305,0.650886,0.778448,0.778448,0.128041,-8.14564
233301,6800.0,290.823,0.611178,0.778372,0.778372,-7.6e-05,2.3411
233302,6801.0,290.935,0.558904,0.570015,0.570015,-0.208357,-2.02353
233303,6802.0,291.27,0.512114,0.611952,0.611952,0.041937,-6.36764
233304,6803.0,290.952,0.512114,0.602814,0.602814,-0.009138,1.43578
233305,6804.0,291.255,0.475884,0.564158,0.564158,-0.038656,-5.70582
233306,6805.0,291.455,0.374052,0.424164,0.424164,-0.139994,-0.28231
233307,6806.0,291.838,0.374052,0.535354,0.535354,0.11119,-7.33146
233308,6807.0,291.62,0.374052,0.432942,0.432942,-0.102412,-0.28995
233309,6808.0,292.167,0.374052,0.662664,0.662664,0.229722,-10.47442
233310,6809.0,292.155,0.374052,0.374245,0.374245,-0.288419,-0.25941
233311,6810.0,291.494,0.237942,0.702522,0.702522,0.328277,3.18242
233312,6811.0,292.299,0.374052,0.88766,0.88766,0.185138,-15.16218
233313,6812.0,291.747,0.237942,0.601099,0.601099,-0.286561,2.80381
233314,6813.0,291.382,0.139726,0.39083,0.39083,-0.210269,-0.27237
233315,6814.0,291.765,0.139726,0.407691,0.407691,0.016861,-0.32047
233316,6815.0,291.432,0.111195,0.351075,0.351075,-0.056616,-0.31024
233317,6816.0,291.453,0.139726,0.141295,0.141295,-0.20978,-0.32198
233318,6817.0,291.67,0.22239,0.310719,0.310719,0.169424,-0.53374
233319,6818.0,290.93,0.139726,0.753076,0.753076,0.442357,3.56023
233320,6819.0,291.306,0.139726,0.401123,0.401123,-0.351953,-0.23875
233321,6820.0,291.045,0.139726,0.296048,0.296048,-0.105075,-0.3085
233322,6821.0,291.347,0.22239,0.375048,0.375048,0.079,-0.33579
233323,6822.0,291.636,0.139726,0.321005,0.321005,-0.054043,-0.31411
233324,6823.0,291.853,0.111195,0.24383,0.24383,-0.077175,-0.31961
233325,6824.0,291.373,0.338445,0.58732,0.58732,0.34349,2.20241
233326,6825.0,291.561,1.108482,1.124311,1.124311,0.536991,-4.61246
233327,6826.0,291.432,2.290569,2.294199,2.294199,1.169888,-3.63659
233328,6827.0,291.148,3.094555,3.107559,3.107559,0.81336,0.05269
233329,6828.0,291.587,3.840015,3.865028,3.865028,0.757469,-12.76714
233330,6829.0,291.331,4.544133,4.551338,4.551338,0.68631,-0.30242
233331,6830.0,291.26,4.559777,4.56033,4.56033,0.008992,0.40285
233332,6831.0,291.469,5.323877,5.327977,5.327977,0.767647,-10.26969
233333,6832.0,291.466,3.924794,3.924795,3.924795,-1.403182,3.05738
233334,6833.0,291.667,3.583299,3.588932,3.588932,-0.335863,-0.7693
233335,6834.0,291.884,4.562132,4.567289,4.567289,0.978357,-11.36339
233336,6835.0,291.291,5.923018,5.952629,5.952629,1.38534,-6.64061
233337,6836.0,291.511,6.273305,6.277162,6.277162,0.324533,-6.32255
233338,6837.0,291.022,7.259297,7.275748,7.275748,0.998586,-7.17487
233339,6838.0,291.331,9.710889,9.715804,9.715804,2.440056,-47.10805
233340,6839.0,290.993,9.899603,9.905372,9.905372,0.189568,1.42033
233341,6840.0,291.03,9.786617,9.786687,9.786687,-0.118685,1.04957
233342,6841.0,291.183,8.899215,8.90053,8.90053,-0.886157,4.04339
233343,6842.0,291.132,7.931479,7.931643,7.931643,-0.968887,4.92948
233344,6843.0,291.052,9.788445,9.788772,9.788772,1.857129,-36.05159
233346,6845.0,290.999,26.919945,26.919997,13.459998,1.835613,-52.06439
233347,6846.0,291.192,14.130878,14.132195,14.132195,0.672197,-17.74398
233348,6847.0,291.306,8.603162,8.603918,8.603918,-5.528277,26.26728
233349,6848.0,291.124,8.47754,8.479493,8.479493,-0.124425,2.02287
233350,6849.0,291.006,8.350343,8.351176,8.351176,-0.128317,1.66818
233351,6850.0,291.246,8.121197,8.124743,8.124743,-0.226433,0.11738
233352,6851.0,291.336,8.454626,8.455105,8.455105,0.330362,-4.55493
233353,6852.0,290.755,8.010057,8.031101,8.031101,-0.424004,5.45177
233354,6853.0,290.804,7.339353,7.339516,7.339516,-0.691585,2.86909
233355,6854.0,290.522,8.124282,8.129175,8.129175,0.789659,-9.70662
233356,6855.0,290.448,8.693402,8.693717,8.693717,0.564542,-10.91704
233357,6856.0,290.674,7.310884,7.314376,7.314376,-1.379341,4.68709
233358,6857.0,290.822,9.349949,9.35112,9.35112,2.036744,-35.60783
233359,6858.0,290.595,10.787235,10.789623,10.789623,1.438503,-28.84622
233400,6859.0,289.797,10.020411,10.052136,10.052136,-0.737487,9.10965
233401,6860.0,290.188,8.817341,8.826007,8.826007,-1.226129,4.36766
233402,6861.0,290.361,8.461396,8.463165,8.463165,-0.362842,1.20592
233403,6862.0,289.272,5.32751,5.437673,5.437673,-3.025492,15.19874
233404,6863.0,289.578,6.025947,6.033712,6.033712,0.596039,-10.89274
233405,6864.0,289.483,6.808698,6.809361,6.809361,0.775649,-10.52185
233406,6865.0,289.061,3.657445,3.68171,3.68171,-3.127651,8.65799
233407,6866.0,288.942,5.029457,5.030864,5.030864,1.349154,-12.30045
233408,6867.0,288.943,6.565409,6.565409,6.565409,1.534545,-17.22317
233409,6868.0,288.733,8.22886,8.231539,8.231539,1.66613,-24.69162
233410,6869.0,289.276,9.124263,9.140406,9.140406,0.908867,-22.87669
233411,6870.0,289.66,6.565409,6.576629,6.576629,-2.563777,7.51065
233412,6871.0,288.947,6.241269,6.281864,6.281864,-0.294765,5.1202
233413,6872.0,288.556,7.563148,7.573248,7.573248,1.291384,-13.77621
233414,6873.0,289.442,6.494103,6.554263,6.554263,-1.018985,-2.15114
233415,6874.0,289.873,6.614832,6.628859,6.628859,0.074596,-7.18609
233416,6875.0,289.678,7.166593,7.169245,7.169245,0.540386,-6.18909
233417,6876.0,289.37,7.157098,7.163722,7.163722,-0.005523,1.99766
233418,6877.0,289.333,6.715009,6.715111,6.715111,-0.448611,2.12491
233419,6878.0,289.205,6.241269,6.242581,6.242581,-0.47253,2.5376
233420,6879.0,289.151,5.68103,5.681287,5.681287,-0.561294,2.21123
233421,6880.0,288.692,5.343388,5.363066,5.363066,-0.318221,3.5644
233422,6881.0,289.499,5.006632,5.071254,5.071254,-0.291812,-10.90568
233423,6882.0,290.116,5.348075,5.383549,5.383549,0.312295,-13.2284
233424,6883.0,289.628,5.693617,5.714492,5.714492,0.330943,1.75746
233425,6884.0,289.704,6.019409,6.019889,6.019889,0.305397,-3.39998
233426,6885.0,290.321,6.463165,6.492549,6.492549,0.47266,-15.44944
233427,6886.0,290.501,6.91275,6.915093,6.915093,0.422544,-7.02033
233428,6887.0,290.06,6.796069,6.810363,6.810363,-0.10473,3.05948
233429,6888.0,290.393,6.352212,6.360935,6.360935,-0.449428,-0.01384
233430,6889.0,290.908,5.68103,5.704326,5.704326,-0.656609,-1.11909
233431,6890.0,290.726,5.010205,5.01351,5.01351,-0.690816,2.99737
233432,6891.0,290.377,4.793344,4.806032,4.806032,-0.207478,2.51784
233433,6892.0,290.501,4.571536,4.573217,4.573217,-0.232815,-0.0445
233434,6893.0,290.591,4.349787,4.350718,4.350718,-0.222499,0.06671
233435,6894.0,290.675,4.460653,4.461444,4.461444,0.110726,-1.53601
233436,6895.0,291.291,4.910831,4.949315,4.949315,0.487871,-14.7186
233437,6896.0,291.766,5.12615,5.14811,5.14811,0.198795,-9.4736
233438,6897.0,291.136,5.570037,5.605552,5.605552,0.457442,2.14686
233439,6898.0,290.85,5.898794,5.905724,5.905724,0.300172,0.74103
233440,6899.0,290.979,6.343191,6.344503,6.344503,0.438779,-6.02681
233441,6900.0,291.094,6.791328,6.792301,6.792301,0.447798,-6.09626
233442,6901.0,291.334,6.676522,6.680834,6.680834,-0.111467,-1.35394
233443,6902.0,291.41,6.580111,6.58055,6.58055,-0.100284,0.18778
233444,6903.0,292.283,6.580111,6.63777,6.63777,0.05722,-15.06738
233445,6904.0,291.904,6.014055,6.025986,6.025986,-0.611784,4.29341
233446,6905.0,291.993,5.361442,5.362181,5.362181,-0.663805,1.60671
233447,6906.0,292.491,5.237107,5.260732,5.260732,-0.101449,-6.95069
233448,6907.0,291.897,5.693616,5.724517,5.724517,0.463785,1.91184
233449,6908.0,292.928,5.348075,5.446546,5.446546,-0.277971,-14.82567
233450,6909.0,291.889,5.68103,5.77526,5.77526,0.328714,4.76286
233451,6910.0,292.497,6.042553,6.073064,6.073064,0.297804,-13.07391
233452,6911.0,292.258,6.343191,6.347692,6.347692,0.274628,0.54561
233453,6912.0,292.229,6.783418,6.78348,6.78348,0.435788,-7.37852
233454,6913.0,291.762,7.339353,7.354195,7.354195,0.570715,0.53078
233455,6914.0,289.828,7.563148,7.806508,7.806508,0.452313,8.94741
233456,6915.0,289.432,7.351047,7.361705,7.361705,-0.444803,4.29624
233457,6916.0,289.512,5.513846,5.514427,5.514427,-1.847278,5.35289
233458,6917.0,288.984,5.015203,5.04292,5.04292,-0.471507,4.28293
233459,6918.0,288.541,5.243254,5.261935,5.261935,0.219015,1.87884
233500,6919.0,289.232,3.731332,3.794775,3.794775,-1.46716,-1.53869
233501,6920.0,288.949,3.574294,3.58548,3.58548,-0.209295,1.91041
233502,6921.0,288.647,2.588457,2.606015,2.606015,-0.979465,2.9305
233503,6922.0,288.496,3.131796,3.135434,3.135434,0.529419,-0.18778
233504,6923.0,288.993,0.51966,0.719066,0.719066,-2.416368,-6.0132
233505,6924.0,288.25,0.698608,1.019854,1.019854,0.300788,3.61316
233506,6925.0,288.326,0.558887,0.56403,0.56403,-0.455824,-1.1072
233507,6926.0,288.381,0.761436,0.763419,0.763419,0.199389,-1.43197
233508,6927.0,288.704,0.538725,0.628135,0.628135,-0.135284,-5.93667
233509,6928.0,288.366,0.42302,0.54147,0.54147,-0.086665,1.56279
233510,6929.0,288.822,1.667924,1.729135,1.729135,1.187665,-12.06257
233511,6930.0,288.739,1.797132,1.799048,1.799048,0.069913,0.1806
233512,6931.0,288.531,3.003455,3.010649,3.010649,1.211601,-4.19454
233513,6932.0,288.563,5.308376,5.308473,5.308473,2.297824,-22.17633
233514,6933.0,288.568,6.014055,6.014057,6.014057,0.705584,-6.59286
233515,6934.0,288.393,5.733703,5.736373,5.736373,-0.277684,1.98939
233516,6935.0,288.054,5.214749,5.225756,5.225756,-0.510617,3.43153
233517,6936.0,288.207,5.391396,5.393567,5.393567,0.167811,-3.27387
233518,6937.0,288.063,5.294199,5.296157,5.296157,-0.09741,1.1793
233519,6938.0,288.812,5.932069,5.979168,5.979168,0.683011,-19.93841
233520,6939.0,288.578,6.261385,6.265756,6.265756,0.286588,0.48091
233521,6940.0,288.919,8.997339,9.003798,9.003798,2.738042,-49.76069
233522,6941.0,288.445,10.178336,10.189367,10.189367,1.185569,-17.6188
233523,6942.0,288.833,9.780289,9.787982,9.787982,-0.401385,0.67411
233524,6943.0,288.918,9.803058,9.803427,9.803427,0.015445,0.06059
233525,6944.0,289.944,8.990888,9.04924,9.04924,-0.754187,-3.50118
233526,6945.0,289.519,9.489358,9.49887,9.49887,0.44963,0.51248
233527,6946.0,290.753,12.011734,12.074954,12.074954,2.576084,-76.71055
233529,6948.0,289.733,27.826214,27.844902,13.922451,0.923748,-21.74652
233530,6949.0,290.859,7.127854,7.216245,7.216245,-6.706206,21.05463
233531,6950.0,291.069,7.822292,7.82511,7.82511,0.608865,-10.67835
233532,6951.0,290.017,6.215963,6.304356,6.304356,-1.520754,11.26869
233533,6952.0,289.073,4.871106,4.961734,4.961734,-1.342622,8.92326
233534,6953.0,289.649,4.169511,4.209109,4.209109,-0.752625,-3.78854
233535,6954.0,289.279,4.046587,4.063467,4.063467,-0.145642,2.33907
233536,6955.0,289.212,4.357184,4.357699,4.357699,0.294232,-0.32718
233537,6956.0,289.522,5.294196,5.303264,5.303264,0.945565,-13.85507
233538,6957.0,289.893,6.354912,6.365733,6.365733,1.062469,-17.88631
233539,6958.0,289.959,7.079001,7.079309,7.079309,0.713576,-8.85066
233540,6959.0,289.874,6.933693,6.934214,6.934214,-0.145095,1.29472
233541,6960.0,289.445,8.455368,8.466244,8.466244,1.53203,-19.38078
233542,6961.0,289.359,8.136072,8.136527,8.136527,-0.329717,2.36419
233543,6962.0,288.703,7.605377,7.633616,7.633616,-0.502911,6.05701
233544,6963.0,288.704,7.718055,7.718055,7.718055,0.084439,-0.01015
233545,6964.0,288.59,7.317633,7.318521,7.318521,-0.399534,2.55963
233546,6965.0,288.733,6.712503,6.714027,6.714027,-0.604494,1.72491
233547,6966.0,288.806,7.033616,7.033995,7.033995,0.319968,-3.76366
233548,6967.0,288.19,7.406586,7.432158,7.432158,0.398163,2.03936
233549,6968.0,288.699,8.692662,8.707551,8.707551,1.275393,-27.65658
233550,6969.0,289.031,9.098522,9.104577,9.104577,0.397026,-10.26084
233551,6970.0,288.627,10.158181,10.166212,10.166212,1.061635,-16.48647
233552,6971.0,289.341,11.438062,11.460325,11.460325,1.294113,-37.1425
233553,6972.0,288.924,11.895715,11.903022,11.903022,0.442697,0.24842
233554,6973.0,289.231,12.148612,12.15249,12.15249,0.249468,-7.30199
233555,6974.0,289.358,12.073261,12.073929,12.073929,-0.078561,0.81093
233556,6975.0,289.146,13.509094,13.510758,13.510758,1.436829,-38.84835
233557,6976.0,289.631,12.518128,12.52752,12.52752,-0.983238,4.9315
233558,6977.0,289.228,10.729491,10.737056,10.737056,-1.790464,13.61221
233559,6978.0,289.218,10.221379,10.221384,10.221384,-0.515672,3.64638
233600,6979.0,289.085,8.834128,8.835129,8.835129,-1.386255,8.01738
233601,6980.0,289.278,7.541088,7.543557,7.543557,-1.291572,4.69979
233602,6981.0,289.348,6.471106,6.471484,6.471484,-1.072073,3.69763
233603,6982.0,289.086,4.386984,4.394801,4.394801,-2.076683,6.52278
233604,6983.0,288.963,3.249557,3.251884,3.251884,-1.142917,2.65721
233605,6984.0,289.398,0.562374,0.710978,0.710978,-2.540906,-4.75056
233606,6985.0,289.363,0.337447,0.339257,0.339257,-0.371721,-0.25218
233607,6986.0,289.697,0.419157,0.535955,0.535955,0.196698,-6.51921
233608,6987.0,289.638,0.139719,0.151665,0.151665,-0.38429,-0.30521
233609,6988.0,289.352,0.084599,0.29825,0.29825,0.146585,-0.3499
233610,6989.0,288.997,0.22239,0.418906,0.418906,0.120656,-0.34382
233611,6990.0,289.527,0.279438,0.599154,0.599154,0.180248,-10.09782
233612,6991.0,289.218,0.277088,0.415041,0.415041,-0.184113,-0.27359
233613,6992.0,288.957,0.374041,0.456101,0.456101,0.04106,-0.3231
233614,6993.0,289.441,0.277088,0.557704,0.557704,0.101603,-9.17053
233615,6994.0,289.353,0.202466,0.220763,0.220763,-0.336941,-0.29062
233616,6995.0,290.042,0.277088,0.74263,0.74263,0.521867,-13.4937
233617,6996.0,289.212,0.202466,0.854337,0.854337,0.111707,4.1912
233618,6997.0,289.448,0.475175,0.530554,0.530554,-0.323783,-4.20736
233619,6998.0,289.33,1.024192,1.030967,1.030967,0.500413,0.09102
233620,6999.0,289.881,1.593084,1.68568,1.68568,0.654713,-12.04101
233621,7000.0,289.492,1.234791,1.294616,1.294616,-0.391064,2.15794
233622,7001.0,289.494,0.562374,0.562378,0.562378,-0.732238,-0.08608
233623,7002.0,289.37,0.169198,0.209772,0.209772,-0.352606,-0.29175
233624,7003.0,290.085,0.277088,0.766813,0.766813,0.557041,-14.03735
233625,7004.0,289.46,0.279438,0.684624,0.684624,-0.082189,3.14413
233626,7005.0,289.784,0.202466,0.382058,0.382058,-0.302566,-0.25452
233627,7006.0,289.909,0.139719,0.187474,0.187474,-0.194584,-0.3144
233628,7007.0,289.802,0.169198,0.200193,0.200193,0.012719,-0.33504
233629,7008.0,289.118,0.169198,0.704616,0.704616,0.504423,3.23862
233630,7009.0,289.788,0.169198,0.691034,0.691034,-0.013582,-12.41842
233631,7010.0,289.232,0.139719,0.573286,0.573286,-0.117748,2.76513
233632,7011.0,289.687,0.66717,0.807552,0.807552,0.234266,-8.81782
233633,7012.0,289.696,1.937063,1.937084,1.937084,1.129532,-4.06506
233634,7013.0,289.61,3.549339,3.550381,3.550381,1.613297,-10.47307
233635,7014.0,289.777,4.568862,4.571913,4.571913,1.021532,-10.82295
233636,7015.0,289.611,5.871835,5.874181,5.874181,1.302268,-13.32377
233637,7016.0,289.588,6.65538,6.655419,6.655419,0.781238,-11.63352
233638,7017.0,289.739,7.632708,7.634202,7.634202,0.978783,-14.72628
233639,7018.0,289.934,8.611787,8.613994,8.613994,0.979792,-16.96216
233640,7019.0,290.152,9.592079,9.594555,9.594555,0.980561,-18.78605
233641,7020.0,290.731,10.248735,10.265077,10.265077,0.670522,-20.38927
233642,7021.0,290.116,10.486586,10.504604,10.504604,0.239527,2.65563
233643,7022.0,290.475,10.486584,10.492728,10.492728,-0.011876,-3.16641
233644,7023.0,290.652,10.486583,10.488077,10.488077,-0.004651,-0.23859
233645,7024.0,290.06,10.248729,10.265813,10.265813,-0.222264,5.16383
233646,7025.0,290.104,9.668097,9.668198,9.668198,-0.597615,3.56122
233647,7026.0,290.328,8.849653,8.852488,8.852488,-0.81571,3.2804
233648,7027.0,290.05,8.346081,8.35071,8.35071,-0.501778,4.27314
233649,7028.0,290.533,8.507047,8.520747,8.520747,0.170037,-9.21867
233650,7029.0,290.342,8.773947,8.776026,8.776026,0.255279,0.27609
233651,7030.0,290.206,9.279542,9.280539,9.280539,0.504513,-9.59997
233652,7031.0,290.726,9.859423,9.873127,9.873127,0.592588,-17.55453
233653,7032.0,290.732,10.811162,10.811164,10.811164,0.938037,-15.7245
233654,7033.0,291.15,11.391166,11.398832,11.398832,0.587668,-16.56075
233655,7034.0,291.716,11.97128,11.984653,11.984653,0.585821,-19.57908
233656,7035.0,291.428,12.046877,12.050319,12.050319,0.065666,2.11846
233657,7036.0,291.422,11.200141,11.200143,11.200143,-0.850176,6.12272
233658,7037.0,291.348,9.878094,9.878371,9.878371,-1.321772,8.27623
233659,7038.0,291.199,8.478805,8.480114,8.480114,-1.398257,7.84538
233700,7039.0,291.476,6.946749,6.95227,6.95227,-1.527844,4.66644
233701,7040.0,291.219,5.785546,5.791251,5.791251,-1.161019,5.29271
233702,7041.0,291.787,4.463442,4.499438,4.499438,-1.291813,0.16657
233703,7042.0,291.327,3.03714,3.071778,3.071778,-1.42766,4.85018
233704,7043.0,291.147,1.427619,1.438922,1.438922,-1.632856,2.05485
233705,7044.0,290.961,0.202461,0.27493,0.27493,-1.163992,-0.1497
233706,7045.0,290.972,0.237937,0.238191,0.238191,-0.036739,-0.32566
233707,7046.0,291.5,0.237937,0.579135,0.579135,0.340944,-10.23376
233708,7047.0,291.378,0.344144,0.365129,0.365129,-0.214006,-0.27672
233709,7048.0,291.715,0.237937,0.412532,0.412532,0.047403,-0.32712
233710,7049.0,292.366,0.344144,0.736367,0.736367,0.323835,-12.52071
233711,7050.0,292.682,0.237937,0.395563,0.395563,-0.340804,-0.24274
233712,7051.0,292.336,0.237937,0.419916,0.419916,0.024353,-0.32134
233713,7052.0,292.273,0.344144,0.349863,0.349863,-0.070053,-0.30777
233714,7053.0,292.009,0.22239,0.345186,0.345186,-0.004677,-0.32087
233715,7054.0,291.946,0.22239,0.231141,0.231141,-0.114045,-0.31645
233716,7055.0,292.361,0.111195,0.429639,0.429639,0.198498,-0.62741
233717,7056.0,292.707,0.111195,0.363429,0.363429,-0.06621,-0.30691
233718,7057.0,291.647,0.111195,1.065816,1.065816,0.702387,5.09937
233719,7058.0,292.471,0.0,0.824,0.0,-1.065816,-0.35
233720,7059.0,292.463,0.139717,0.139946,0.139946,0.139946,-0.34944
233721,7060.0,291.113,0.344144,1.393175,1.393175,1.253229,6.15297
233722,7061.0,291.356,0.237937,0.340092,0.340092,-1.053083,-0.12318
233723,7062.0,292.007,0.111195,0.660428,0.660428,0.320336,-12.49139
233724,7063.0,290.99,0.0,1.017,0.0,-0.660428,-0.35
233725,7064.0,290.981,0.111195,0.111559,0.111559,0.111559,-0.34779
233726,7065.0,291.114,0.111195,0.173359,0.173359,0.0618,-0.34178
233727,7066.0,291.748,0.0,0.634,0.0,-0.173359,-0.35
233728,7067.0,291.693,0.111195,0.124054,0.124054,0.124054,-0.34841
233729,7068.0,292.908,0.084596,1.217942,1.217942,1.093888,-24.76443
233730,7069.0,292.055,0.111195,0.860217,0.860217,-0.357725,4.54107
233731,7070.0,291.591,0.0,0.464,0.0,-0.860217,-0.35
233732,7071.0,290.83,0.139717,0.77372,0.77372,0.77372,3.52887
233733,7072.0,292.547,0.111195,1.720597,1.720597,0.946877,-34.37685
233734,7073.0,292.085,0.139717,0.482664,0.482664,-1.237933,0.02149
233735,7074.0,292.216,0.111195,0.171829,0.171829,-0.310835,-0.30627
233736,7075.0,294.176,0.111195,1.963152,1.963152,1.791323,-42.28641
233737,7076.0,292.325,0.139717,1.856266,1.856266,-0.106886,10.00276
233738,7077.0,290.37,0.084596,1.956829,1.956829,0.100563,10.35847
233739,7078.0,291.944,0.475873,1.644363,1.644363,-0.312466,-27.77548
233740,7079.0,293.741,1.399777,2.277846,2.277846,0.633483,-35.33792
233741,7080.0,289.161,3.064118,5.510465,5.510465,3.232619,15.19569
233742,7081.0,291.244,4.568847,5.02128,5.02128,-0.489185,-32.47722
233743,7082.0,292.875,6.10073,6.314988,6.314988,1.293708,-43.61673
233744,7083.0,294.153,7.632684,7.738937,7.738937,1.423949,-41.9627
233745,7084.0,291.477,8.821688,9.218631,9.218631,1.479694,7.54104
233746,7085.0,291.915,9.934434,9.944085,9.944085,0.725454,-18.56724
233747,7086.0,290.081,11.067221,11.218152,11.218152,1.274067,2.85697
233748,7087.0,292.473,11.885765,12.12407,12.12407,0.905918,-60.35198
233749,7088.0,292.316,12.280404,12.281407,12.281407,0.157337,0.64854
233750,7089.0,293.038,12.333899,12.355013,12.355013,0.073606,-10.97613
233751,7090.0,293.964,12.676973,12.710749,12.710749,0.355736,-21.52691
233752,7091.0,292.829,13.207905,13.256582,13.256582,0.545833,2.46006
233753,7092.0,294.405,12.806299,12.90291,12.90291,-0.353672,-16.50748
233754,7093.0,293.749,13.190472,13.206774,13.206774,0.303864,1.67131
233755,7094.0,295.218,13.978966,14.05594,14.05594,0.849166,-45.65218
233756,7095.0,295.088,14.292537,14.293128,14.293128,0.237188,-1.59294
233757,7096.0,294.98,14.321295,14.321702,14.321702,0.028574,-0.07761
233758,7097.0,296.6,14.530423,14.620451,14.620451,0.298749,-34.45745
233759,7098.0,298.832,13.893457,14.071601,14.071601,-0.54885,-22.9196
233800,7099.0,297.148,14.103669,14.203849,14.203849,0.132248,7.78313
233801,7100.0,297.2,13.442467,13.442568,13.442568,-0.761281,5.57661
233802,7101.0,297.707,13.917761,13.926993,13.926993,0.484425,-18.2976
233803,7102.0,298.043,13.363264,13.367488,13.367488,-0.559505,2.54684
233804,7103.0,298.096,13.655606,13.655709,13.655709,0.288221,-4.65592
233805,7104.0,298.007,13.578846,13.579137,13.579137,-0.076572,1.14641
233806,7105.0,298.775,13.207869,13.230179,13.230179,-0.348958,-1.67683
233807,7106.0,299.252,13.23628,13.244872,13.244872,0.014693,-5.3349
233808,7107.0,298.92,12.969998,12.974247,12.974247,-0.270625,4.22977
233809,7108.0,299.437,12.732133,12.742625,12.742625,-0.231622,-0.57102
233810,7109.0,299.579,13.390263,13.391016,13.391016,0.648391,-15.08534
233811,7110.0,299.789,13.312755,13.314411,13.314411,-0.076605,-0.32132
233812,7111.0,299.968,12.969989,12.971224,12.971224,-0.343187,1.96866
233813,7112.0,299.481,12.732123,12.741434,12.741434,-0.22979,4.88929
233814,7113.0,299.842,12.599212,12.604383,12.604383,-0.137051,-0.32095
233815,7114.0,299.408,11.305005,11.313333,11.313333,-1.29105,11.29681
233816,7115.0,299.715,9.905884,9.91064,9.91064,-1.402693,6.67279
233817,7116.0,299.85,8.506977,8.508049,8.508049,-1.402591,6.34269
233818,7117.0,299.739,7.450781,7.451608,7.451608,-1.056441,5.30714
233819,7118.0,299.897,6.528291,6.530203,6.530203,-0.921405,2.71221
233820,7119.0,300.045,5.885781,5.887641,5.887641,-0.642562,1.46064
233821,7120.0,300.225,5.59119,5.594087,5.594087,-0.293554,0.06773
233822,7121.0,300.1,5.737843,5.739205,5.739205,0.145118,0.3692
233823,7122.0,300.405,5.91903,5.926883,5.926883,0.187678,-6.27091
233824,7123.0,300.003,6.337788,6.350524,6.350524,0.423641,0.90811
233825,7124.0,300.747,6.665592,6.706985,6.706985,0.356461,-16.43572
233826,7125.0,300.614,7.043036,7.044292,7.044292,0.337307,-0.31136
233827,7126.0,300.895,7.489238,7.494508,7.494508,0.450216,-9.50618
233828,7127.0,300.902,8.104856,8.104859,8.104859,0.610351,-7.19325
233829,7128.0,301.542,8.424561,8.448835,8.448835,0.343976,-14.84612
233830,7129.0,301.974,8.576083,8.586957,8.586957,0.138122,-7.76757
233831,7130.0,301.814,8.050177,8.051767,8.051767,-0.53519,3.66148
233832,7131.0,301.594,6.295114,6.298957,6.298957,-1.75281,7.54055
233833,7132.0,301.341,3.803581,3.811986,3.811986,-2.486971,6.61769
233834,7133.0,301.662,1.622543,1.653991,1.653991,-2.157995,0.01952
233835,7134.0,301.275,1.021165,1.092038,1.092038,-0.561953,2.19
233836,7135.0,301.273,1.776412,1.776413,1.776413,0.684375,-3.07537
233837,7136.0,301.499,3.053388,3.06174,3.06174,1.285327,-10.98356
233838,7137.0,301.632,4.402285,4.404294,4.404294,1.342554,-12.57271
233839,7138.0,301.551,5.29649,5.297109,5.297109,0.892815,-9.23772
233840,7139.0,301.541,6.496059,6.496067,6.496067,1.198958,-16.65181
233841,7140.0,300.941,7.400899,7.425181,7.425181,0.929114,-0.23778
233842,7141.0,301.098,8.627248,8.628676,8.628676,1.203495,-19.8926
233843,7142.0,300.633,9.37268,9.384208,9.384208,0.755532,-8.11227
233844,7143.0,301.173,9.913584,9.92828,9.92828,0.544072,-17.05884
233845,7144.0,300.259,9.950457,9.992347,9.992347,0.064067,5.25894
