144033.218,0,384.294371578556,0.0,0.0,0,0,-0.35
144037.612,4.39400000000023,383.471225996968,63.36774,63.373086,14.422641,3.282349,-89.30236
144039.854,6.6359999999986,383.572652350573,32.385171,32.38533,14.444839,0.009901,-0.91433
144042.077,8.85899999999674,384.111690331623,32.301844,32.306342,14.532767,0.039554,-2.24598
144044.330,11.112000000001,386.081057957967,35.666423,35.720752,15.85475,0.586766,-29.44578
144046.623,13.4049999999988,387.956240528853,38.366727,38.412525,16.752082,0.391335,-23.93236
144048.887,15.6690000000017,386.37667897325,35.98593,36.02058,15.91015,-0.371878,4.99678
144051.262,18.0440000000017,382.882383860432,36.217182,36.385359,15.320151,-0.248421,8.43972
144053.602,20.3839999999982,379.016980724036,35.3432,35.553947,15.193994,-0.053913,7.89686
144055.870,22.6520000000019,371.510153721541,33.576835,34.40576,15.170088,-0.010541,16.25417
144058.204,24.9859999999971,368.104376664952,32.743107,32.919757,14.104437,-0.456577,10.74057
144100.525,27.3070000000007,365.742640868248,34.25021,34.33154,14.791702,0.296107,2.1234
144102.841,29.6229999999996,364.817703679956,36.321168,36.332944,15.687799,0.386916,-2.76995
144105.191,31.9729999999981,365.687855747703,37.592497,37.602566,16.001092,0.133316,-7.75412
144107.389,34.1710000000021,370.374866426437,36.532946,36.83238,16.757225,0.34401,-45.66705
144110.590,37.3719999999958,376.135907435097,51.099113,51.422844,16.064619,-0.216372,-22.89408
144113.168,39.9499999999971,381.655881120724,41.441092,41.807107,16.216876,0.05906,-36.93981
144115.703,42.4850000000006,384.950360242642,41.099639,41.231467,16.264879,0.018936,-20.97056
144118.292,45.0740000000005,385.842390301917,38.611127,38.62143,14.917508,-0.520421,1.37031
144120.849,47.6310000000012,384.111313912483,37.135798,37.176123,14.538961,-0.148043,4.02488
144123.980,50.7620000000024,382.648425418822,32.040906,32.074284,10.244102,-1.371721,10.58045
144127.229,54.0109999999986,381.634454306058,14.829691,14.864315,4.575043,-1.744863,5.92488
144128.526,55.3079999999973,381.526564807644,1.324504,1.328891,1.024588,-2.737436,1.665
144215.336,102.118000000002,380.434067948625,15.239189,15.278299,0.32639,-0.014916,-0.32174
144217.515,104.296999999999,379.821701494371,15.486363,15.498465,7.11265,3.114392,-37.24727
144219.733,106.514999999999,379.777906468733,16.240459,16.240518,7.322145,0.094452,0.02161
144221.848,108.629999999997,379.500217282208,14.172864,14.175584,6.702404,-0.293022,1.96168
144224.068,110.849999999999,379.296609255505,10.348663,10.350666,4.662462,-0.918893,2.80193
144224.789,111.570999999996,379.295017823238,0.139776,0.139785,0.193876,-6.197761,0.30716
144249.002,135.784,378.881809198169,10.281439,10.289739,0.424968,0.009544,-0.31875
144251.288,138.07,378.018039954417,17.632696,17.65384,7.72259,3.192311,-40.24801
144253.585,140.366999999998,377.499444896577,20.360003,20.366606,8.866611,0.49805,-7.01568
144255.903,142.684999999998,374.101316960732,22.328499,22.585596,9.74357,0.378326,6.27556
144258.209,144.991000000002,372.337447348735,29.399411,29.452277,12.772019,1.313291,-21.92718
144300.536,147.317999999999,372.089232473276,33.912644,33.913552,14.573937,0.774352,-26.2157
144302.845,149.627,372.390021411776,39.549358,39.550501,17.128844,1.106499,-34.26521
144305.230,152.012000000002,375.678736250723,39.399201,39.53622,16.577031,-0.231368,-15.07029
144307.571,154.353000000003,378.399319209146,37.690063,37.788126,16.141873,-0.185886,-12.5507
144309.897,156.678999999996,378.125659875958,35.811462,35.812508,15.396607,-0.320407,1.88337
144312.297,159.078999999998,378.400014845202,26.958793,26.960189,11.233412,-1.734665,10.56775
144314.679,161.460999999996,378.706540413998,15.925124,15.928074,6.686849,-1.908717,6.36688
144317.005,163.786999999997,379.091475651804,14.889697,14.894672,6.403556,-0.121794,-0.25579
144319.292,166.074000000001,379.361760710575,15.948712,15.951002,6.97464,0.249709,-3.53626
144321.661,168.442999999999,380.029455039864,18.818401,18.830242,7.948604,0.411129,-8.81621
144324.012,170.794000000002,381.157395189217,17.742594,17.778411,7.562063,-0.164416,-4.34121
144326.339,173.120999999999,381.830362045424,8.377761,8.404746,3.611838,-1.697561,1.70123
144410.072,216.853999999999,382.824659726713,12.927912,12.966092,0.296483,-0.075809,-0.31468
144412.363,219.144999999997,383.180234791044,17.959345,17.962865,7.840622,3.292946,-47.11905
144414.708,221.489999999998,383.27925976482,23.921655,23.92186,10.20122,1.006652,-16.27518
144417.087,223.868999999999,381.840076511076,28.19094,28.227652,11.865344,0.699506,-8.61908
144419.437,226.218999999997,378.233852108742,30.372178,30.585521,13.015115,0.489264,5.02595
144421.793,228.574999999997,376.756457750153,30.650985,30.68657,13.02486,0.004136,3.63716
144424.127,230.909,374.837844277335,30.93109,30.990538,13.277865,0.1084,3.75879
144426.486,233.267999999996,373.370811500913,29.95381,29.989713,12.712893,-0.239496,5.45389
144428.930,235.712,371.715748757468,31.597489,31.640805,12.94632,0.09551,3.3166
144431.262,238.044000000002,371.261460807805,32.166176,32.169384,13.794762,0.363826,-12.24675
144433.503,240.284999999996,371.323033371151,30.520577,30.52064,13.619206,-0.078338,0.41992
144435.827,242.608999999997,375.242286648155,30.931991,31.179298,13.416221,-0.087343,-24.08253
144438.189,244.970999999998,378.077298535292,32.469378,32.592911,13.798861,0.161998,-21.74607
144440.525,247.307000000001,379.153269738178,31.991942,32.010031,13.702924,-0.041069,-3.66378
144442.830,249.612000000001,378.182003818056,31.283043,31.298117,13.578359,-0.054041,2.62156
144445.159,251.940999999999,375.641509646343,31.60386,31.705805,13.613484,0.015082,5.60453
144447.476,254.258000000002,372.040584267599,27.680852,27.914086,12.047512,-0.675862,13.43234
144449.787,256.568999999996,370.109208525934,23.404527,23.484082,10.16187,-0.815942,9.424
144452.110,258.892,368.53591425882,19.216299,19.280596,8.299869,-0.80155,7.49624
144454.411,261.192999999999,367.433728971022,13.740469,13.784604,5.990701,-1.00355,5.87694
144456.708,263.489999999998,366.877162255348,6.563809,6.587363,2.867811,-1.359552,3.23188
144617.774,344.555999999997,365.664307246037,15.229917,15.278135,0.188465,-0.033051,-0.33186
144620.075,346.856999999996,364.985161372761,14.317934,14.334032,6.229479,2.625386,-26.29343
144622.380,349.161999999997,364.475859646691,19.730384,19.736956,8.562671,1.012231,-14.61812
144624.757,351.538999999997,364.003134264615,23.381047,23.385825,9.838378,0.536688,-9.43427
144627.098,353.879999999997,363.734890367092,24.679861,24.681319,10.543066,0.30102,-7.43956
144629.479,356.260999999999,363.504197939828,19.181849,19.183236,8.056798,-1.044212,5.36824
144631.809,358.591,363.397130539805,15.569171,15.569539,6.682205,-0.589954,2.56931
144634.115,360.896999999997,363.165804019213,21.761975,21.763205,9.437643,1.194899,-21.7738
144636.415,363.197,362.787684211267,25.399017,25.401832,11.044275,0.698536,-14.94225
144638.712,365.493999999999,361.908249164153,26.679864,26.694355,11.621399,0.251251,1.25855
144641.040,367.822,360.163146589944,29.442997,29.494668,12.669531,0.450229,1.47539
144643.341,370.123,359.700999739727,30.500646,30.504147,13.256909,0.255271,-0.52141
144645.640,372.421999999999,358.310992377153,32.844959,32.874359,14.299417,0.453462,-0.78533
144647.999,374.781000000003,356.34167846326,34.476431,34.53263,14.638673,0.143813,2.50184
144650.356,377.137999999999,354.64282620975,36.246084,36.285874,15.39494,0.32086,-0.22708
144652.695,379.476999999999,352.573269441115,37.241746,37.299205,15.946646,0.235873,0.77678
144654.984,381.765999999996,351.152084465831,36.872481,36.89986,16.120515,0.075958,0.5899
144657.256,384.038,349.233855525086,37.193805,37.243238,16.39227,0.11961,1.11312
144659.529,386.311000000002,346.38199861158,39.191422,39.295046,17.287746,0.393962,-0.21578
144701.926,388.707999999999,344.577951132107,40.560115,40.600215,16.937929,-0.14594,2.46869
144704.216,390.998,343.397883334355,39.743933,39.761449,17.363078,0.185655,-2.25214
144706.528,393.309999999998,340.960504063036,38.702088,38.778763,16.772821,-0.255301,5.18077
144708.827,395.608999999997,339.068539383017,38.159304,38.206177,16.618607,-0.067079,2.42774
144711.115,397.896999999997,336.860146810669,34.847772,34.917678,15.261223,-0.593262,8.64393
144713.395,400.176999999996,335.105850142497,27.461734,27.517711,12.069171,-1.400023,13.98675
144715.718,402.5,334.376655104993,19.765499,19.778946,8.514398,-1.530251,9.02281
144718.026,404.807999999997,333.907128905813,12.257351,12.26634,5.314705,-1.386349,5.0939
144720.321,407.103000000003,333.699427505013,5.285901,5.28998,2.305002,-1.311417,1.92228
144721.084,407.866000000002,333.699427505013,0.0,0.0,0.0,-3.020972,-0.35
144753.585,440.366999999998,333.164439669224,15.359477,15.368791,0.472871,0.014549,-0.31649
144755.968,442.75,332.704905129967,22.924229,22.928834,9.621836,3.839264,-66.30519
144758.341,445.123,331.652986970541,30.259646,30.277924,12.759344,1.322169,-27.75547
144800.752,447.534,329.426098461666,37.73211,37.797766,15.677215,1.210233,-27.45223
144803.086,449.868000000002,327.979131821052,41.438487,41.463742,17.765099,0.894552,-31.24785
144805.423,452.205000000002,327.064679880084,42.841611,42.851369,18.336059,0.244313,-4.63075
144807.801,454.582999999999,323.393608717234,43.099694,43.255755,18.189973,-0.061432,4.56428
144810.163,456.945,321.724471963068,42.504605,42.537366,18.009046,-0.076599,0.51871
144812.522,459.303999999996,320.663360549318,42.093623,42.106995,17.84951,-0.067629,-0.74443
144814.854,461.635999999999,319.736989346123,40.510011,40.520601,17.375901,-0.203091,0.72534
144817.181,463.962999999996,316.50089239913,38.915403,39.049724,16.781145,-0.255589,6.94166
144819.515,466.296999999999,315.953306898564,38.212089,38.216012,16.373613,-0.174607,0.51319
144821.900,468.682000000001,315.649608378623,37.755502,37.756724,15.830911,-0.227548,0.84799
144824.266,471.048000000003,314.255240785311,38.828816,38.853844,16.421743,0.249718,-1.39141
144826.655,473.436999999998,312.931380985129,45.625476,45.644679,19.106186,1.123668,-45.37079
144829.049,475.830999999998,310.149401053089,46.445265,46.528508,19.435467,0.137544,-0.92842
144831.418,478.199999999997,310.27630678208,43.030045,43.030233,18.16388,-0.536761,0.83536
144833.719,480.500999999997,309.808554069324,38.314529,38.317385,16.652492,-0.65684,4.39762
144836.015,482.796999999999,309.102248186492,40.784241,40.790357,17.765835,0.484905,-23.69063
144838.317,485.099000000002,309.966759786901,46.108332,46.116436,20.033204,0.984956,-41.65284
144840.670,487.451999999997,308.587385963463,46.602798,46.623207,19.814368,-0.093003,-2.00913
144843.033,489.815000000002,307.156229826007,44.790833,44.813691,18.964745,-0.359553,1.79908
144845.335,492.116999999998,304.028376135658,42.500634,42.615577,18.512414,-0.196495,4.57702
144847.662,494.443999999996,303.810561687513,39.191102,39.191707,16.842161,-0.717771,4.25168
144849.965,496.746999999996,302.938188849755,35.475343,35.486067,15.408627,-0.622464,5.73536
144852.231,499.012999999999,303.227439102715,24.515049,24.516755,10.819398,-2.025256,11.73921
144854.509,501.290999999997,302.623859042414,15.472793,15.484561,6.797437,-1.765567,8.03431
144856.830,503.612000000001,302.428865688702,6.186239,6.189311,2.666657,-1.779741,2.83831
144857.594,504.375999999997,302.433466614208,0.237964,0.238008,0.311529,-3.082628,0.18752
144912.030,518.811999999998,301.715990862047,15.144474,15.16146,1.050254,0.051172,-0.0355
144914.289,521.070999999996,299.808495567809,21.445905,21.530569,9.531018,3.754212,-52.71021
144916.563,523.345000000001,297.89785387174,25.899403,25.969783,11.420309,0.830823,0.11976
144918.772,525.553999999996,296.746767404654,30.54894,30.570619,13.839121,1.094981,-24.77407
144921.070,527.851999999999,296.614294094494,34.452184,34.452439,14.992358,0.501844,-21.00544
144923.438,530.220000000001,297.432524198646,35.77209,35.781446,15.110408,0.049852,-4.45851
144925.828,532.610000000001,295.365512003523,35.798846,35.85847,15.003544,-0.044713,3.85546
144928.217,534.998999999996,293.150960252936,35.392901,35.462116,14.843916,-0.066818,4.48133
144930.493,537.275000000001,291.147569279587,31.398717,31.462565,13.823622,-0.448284,7.78062
144932.724,539.506000000001,293.021014623069,28.624849,28.68609,12.857952,-0.432842,-1.12592
144934.914,541.695999999996,291.611285795564,26.285927,26.323702,12.019955,-0.382647,6.78533
144937.121,543.902999999998,291.349136609864,15.316646,15.318889,6.941046,-2.301273,9.4047
144939.376,546.157999999996,290.892497607615,5.809599,5.827517,2.584265,-1.932054,3.58447
144940.922,547.703999999998,290.769028301996,0.943283,0.951329,0.615349,-1.273555,0.53561
144947.282,554.063999999998,289.899037558954,17.168757,17.190785,2.702954,0.32824,0.10854
144949.673,556.455000000002,288.869171154142,27.481246,27.500536,11.501688,3.679939,-72.62164
144951.976,558.758000000002,287.655508492188,30.621263,30.645305,13.306689,0.783761,-15.44226
144954.276,561.057999999997,286.447997726773,37.495456,37.514895,16.310824,1.306146,-39.80377
144956.575,563.356999999996,286.056650668128,38.095228,38.097238,16.571221,0.113265,-2.54072
144958.883,565.665000000001,287.444357985029,38.958477,38.983184,16.890461,0.138319,-12.57828
145001.206,567.987999999998,286.190343421583,39.465445,39.485363,16.997574,0.04611,-0.44028
145003.504,570.286,283.80845931451,38.464198,38.537876,16.770181,-0.098953,3.69452
145005.806,572.587999999996,281.023822920301,36.394983,36.501356,15.856367,-0.396965,7.93809
145008.086,574.868000000002,278.690514911163,35.177426,35.254725,15.462599,-0.172705,5.37166
145010.409,577.190999999999,278.762694151118,35.994501,35.994573,15.494866,0.01389,-1.72374
145012.770,579.551999999996,278.182121467763,40.384579,40.388752,17.10663,0.682662,-28.95343
145015.149,581.930999999997,277.886163212641,40.645347,40.646425,17.085509,-0.008878,-2.20574
145017.535,584.317000000003,275.722288408087,42.035008,42.090668,17.640682,0.232679,-0.95667
145019.925,586.707000000002,271.91818746963,42.295387,42.466115,17.768249,0.053375,4.18151
145022.294,589.076000000001,270.987833249971,40.726478,40.737103,17.195907,-0.241596,1.22681
145024.655,591.436999999998,270.942551743071,39.098955,39.098981,16.560348,-0.269191,0.06368
145026.978,593.760000000002,272.404740366158,36.853466,36.882461,15.877082,-0.294131,-2.58581
145029.258,596.040000000001,271.37365687831,34.903047,34.918274,15.315032,-0.246513,3.09482
145031.666,598.447999999997,271.357103472212,33.991104,33.991108,14.115909,-0.497975,3.44117
145034.004,600.786,271.814122050472,34.701321,34.70433,14.843597,0.311244,-8.65372
145036.271,603.053,271.671696147848,32.18077,32.181085,14.19545,-0.285905,2.0892
145038.592,605.373999999996,267.052659895973,29.832415,30.187887,13.006414,-0.512295,14.38469
145040.951,607.733,266.515625884333,23.425562,23.431717,9.932902,-1.302888,8.69431
145043.260,610.042000000001,266.957978136832,13.75588,13.762991,5.960585,-1.720362,4.62653
145045.525,612.307000000001,266.912423388173,7.318051,7.318193,3.23099,-1.205119,2.09489
145046.308,613.089999999997,266.958777428335,0.419273,0.421827,0.538732,-3.438388,0.37169
145121.446,648.228000000003,266.55695020417,18.648789,18.653117,0.530853,-0.000224,-0.24825
145124.357,651.139000000003,265.715108402257,18.701339,18.720278,6.430875,2.026802,-20.50327
145126.504,653.286,265.211745298573,20.417006,20.42321,9.51244,1.435289,-23.71347
145128.739,655.521000000001,262.948629709621,25.441252,25.541711,11.428059,0.8571,0.86131
145130.983,657.764999999999,261.560896890762,24.147984,24.187826,10.778888,-0.289292,5.60467
145133.197,659.978999999999,261.074871940008,18.461805,18.468202,8.341554,-1.100874,6.45488
145135.343,662.125,261.04984491192,11.492805,11.492832,5.355467,-1.391466,4.13768
145137.500,664.281999999999,260.834630494903,10.196355,10.198627,4.728153,-0.290827,1.29609
145139.584,666.366000000002,260.862129006253,1.376642,1.376916,0.660708,-1.951749,0.32173
145142.394,669.175999999999,260.031744694639,16.614844,16.635582,5.920136,1.871683,-16.71778
145144.569,671.351000000002,257.914175209106,24.481244,24.572656,11.297773,2.472477,-37.12127
145146.876,673.657999999996,256.077575011373,23.75286,23.823759,10.326727,-0.420913,7.13244
145154.828,681.610000000001,281.788529103341,70.754063,75.280745,9.466894,-0.108128,-52.51113
145205.128,691.909999999996,294.896677627291,31.312302,33.945307,3.295661,-0.599149,-18.33264
145340.446,787.228000000003,232.259385864342,1850.748366,1851.80802,19.427684,0.169244,-3.88248
145342.847,789.629000000001,224.882614907395,44.820315,45.423313,18.918498,-0.212072,13.29269
145345.263,792.044999999998,223.136928551611,45.202028,45.235725,18.723396,-0.080754,-0.12746
145347.632,794.413999999997,221.297677303247,44.963614,45.001216,18.99587,0.115016,-2.14207
145350.016,796.798000000003,220.019680143028,44.511048,44.529392,18.678436,-0.133152,-0.53097
145352.406,799.188000000002,217.254839707039,44.885054,44.970128,18.815953,0.057538,0.65453
145354.767,801.548999999999,216.23600769043,43.5861,43.598006,18.465907,-0.148262,-0.69902
145357.128,803.909999999996,216.23600769043,43.62507,43.62507,18.47737,0.004855,-4.48414
145359.489,806.271000000001,216.23600769043,42.463942,42.463942,17.985575,-0.208299,-1.88267
145401.793,808.574999999997,216.23600769043,41.774358,41.774358,18.131232,0.063219,-4.65755
145404.124,810.906000000003,216.23600769043,42.010465,42.010465,18.022507,-0.046643,-3.47565
145406.481,813.262999999999,216.559202280413,42.507137,42.508365,18.034945,0.005277,-4.70794
145408.814,815.595999999998,220.030039046902,42.848263,42.988607,18.426321,0.167757,-30.33805
145411.177,817.959000000003,221.333258702225,46.429103,46.44739,19.656111,0.520436,-27.40303
145413.536,820.317999999999,222.818578110394,45.346258,45.370577,19.23297,-0.179373,-6.78653
145415.794,822.576000000001,223.961971214277,40.632277,40.648361,18.001931,-0.54519,-1.31359
145418.025,824.807000000001,224.991372115622,32.798022,32.814172,14.70828,-1.476312,8.38693
145420.342,827.123999999996,226.347141744813,19.982692,20.028632,8.644209,-2.617208,9.45287
145422.670,829.451999999997,227.642840343012,12.275823,12.344013,5.302411,-1.43548,1.24019
145424.982,831.764000000003,229.261737197006,14.346351,14.437403,6.244551,0.4075,-15.47259
145427.371,834.152999999998,234.294429351451,24.128497,24.647765,10.317189,1.704746,-65.72316
145429.720,836.502,242.873775762167,30.228823,31.422713,13.37706,1.302627,-92.0775
145432.058,838.839999999997,245.761496628286,36.20499,36.31997,15.534632,0.922828,-44.67413
145434.331,841.112999999998,249.41008485089,38.482915,38.655491,17.006375,0.647489,-45.88611
145436.639,843.421000000002,251.338007465157,38.365018,38.413429,16.6436,-0.157182,-7.67916
145438.972,845.754000000001,251.963512491388,39.595456,39.600397,16.974023,0.14163,-6.86119
145441.307,848.089,252.396395503407,38.841544,38.843956,16.635527,-0.144966,-2.17273
145443.654,850.436000000002,256.528155097285,41.285739,41.491971,17.678727,0.444482,-43.30476
145445.986,852.767999999996,257.686060427746,41.057761,41.074086,17.613244,-0.02808,-6.0073
145448.265,855.046999999999,257.887678271133,40.288862,40.289367,17.678529,0.028646,-4.28949
145450.584,857.366000000002,257.148081464876,39.525313,39.532232,17.047103,-0.272284,1.25319
145452.891,859.673000000003,264.614936715685,38.682328,39.396401,17.076897,0.012915,-55.28744
145455.131,861.913,265.788979899636,40.764357,40.78126,18.20592,0.504028,-24.18451
145457.486,864.267999999996,266.249274438653,44.307697,44.310088,18.815324,0.25877,-11.01094
145459.792,866.574000000001,266.428369646712,45.351663,45.352017,19.666963,0.369314,-13.7579
145502.158,868.940000000002,266.39653089425,50.111828,50.111838,21.179982,0.639484,-45.86149
145504.428,871.209999999999,266.581294197431,50.785608,50.785944,22.372663,0.52541,-23.77183
145506.746,873.527999999998,266.056873624822,51.943215,51.945862,22.409777,0.016011,-8.67737
145509.106,875.887999999999,263.506638060611,52.548703,52.610549,22.292605,-0.049649,-3.24007
145511.475,878.256999999998,263.130039498679,52.425844,52.427197,22.130518,-0.06842,-7.61054
145513.863,880.644999999997,262.262542378478,52.320751,52.327942,21.912873,-0.091141,-5.96066
145516.284,883.065999999999,259.303053770942,52.656998,52.740098,21.784427,-0.053055,-1.71961
145518.674,885.455999999998,257.549724530532,52.600906,52.630119,22.02097,0.098972,-6.40899
145521.123,887.904999999999,256.61921784424,52.31851,52.326784,21.366592,-0.267202,-3.10248
145523.518,890.299999999996,256.334391873543,52.081599,52.082378,21.746295,0.15854,-9.906
145525.912,892.693999999996,250.637715891282,51.512957,51.82699,21.648701,-0.040766,4.39669
145528.265,895.046999999999,250.388803298096,50.136434,50.137052,21.307714,-0.144916,-5.85539
145530.600,897.381999999998,250.244854749352,48.447564,48.447778,20.748513,-0.239487,-4.3079
145532.961,899.743000000002,250.114274411356,49.533779,49.533951,20.980072,0.098077,-8.41183
145535.353,902.135000000002,249.954435826131,49.917515,49.917771,20.868633,-0.046588,-6.57969
145537.688,904.470000000001,250.041205325462,48.830969,48.831046,20.912654,0.018853,-7.91501
145540.045,906.826999999997,250.097669794651,48.296696,48.296729,20.490763,-0.178995,-5.10467
145542.351,909.133000000002,250.103577225079,49.104539,49.104539,21.294249,0.348433,-13.79938
145544.673,911.455000000002,250.51170920651,48.586411,48.588125,20.925118,-0.158971,-6.67091
145547.036,913.817999999999,249.108715398542,49.485343,49.505228,20.95016,0.010598,-4.56808
145549.427,916.209000000003,244.786272957332,49.836061,50.02316,20.921439,-0.012012,2.08756
145551.790,918.572,243.511473212247,49.165764,49.182288,20.813495,-0.045681,-4.03761
145554.175,920.957000000002,234.431113905182,48.921794,49.75736,20.862625,0.0206,12.2848
145556.597,923.379000000001,232.419707885472,48.235762,48.277681,19.932982,-0.383833,2.23358
145559.018,925.799999999996,230.684523121536,48.123031,48.154304,19.890254,-0.017649,-2.20732
145601.742,928.523999999998,230.018316335082,56.981107,56.985001,20.919604,0.377882,-10.45704
145603.948,930.729999999996,230.837567222692,41.871452,41.879465,18.984345,-0.877271,1.91968
145606.249,933.031000000003,232.587950362637,43.477173,43.512394,18.91021,-0.032219,-11.17303
145608.577,935.358999999997,236.656378023081,44.110824,44.298046,19.02837,0.050756,-31.45873
145610.874,937.656000000003,242.59288559873,43.35864,43.763156,19.05231,0.010422,-44.83984
145613.207,939.989000000001,244.674921265639,42.638082,42.688885,18.29785,-0.323386,-5.75117
145615.565,942.347000000002,246.373724136275,42.38994,42.423966,17.991504,-0.129918,-6.84163
145617.896,944.678,249.393000298451,41.589894,41.699344,17.889037,-0.043958,-19.69821
145620.254,947.036,252.497206747934,41.085814,41.202915,17.47367,-0.176152,-15.73706
145622.630,949.411999999997,254.496168705744,41.076893,41.125503,17.308713,-0.069426,-10.65219
145624.989,951.771000000001,257.795141987608,40.8819,41.014789,17.386515,0.032981,-23.69527
145627.405,954.186999999998,259.217414161077,40.893235,40.917961,16.936242,-0.186371,-4.18549
145629.794,956.576000000001,265.143179784087,40.044278,40.480352,16.944476,0.003447,-41.61056
145632.162,958.943999999996,264.77898309711,38.512375,38.514097,16.264399,-0.287195,1.1648
145634.461,961.243000000002,263.138709437139,36.705285,36.741916,15.981695,-0.122968,2.91324
145636.788,963.57,257.879349438359,36.642404,37.017923,15.908003,-0.031668,10.30523
145639.116,965.898000000001,259.511387110817,36.439609,36.476138,15.668444,-0.102903,-6.68621
145641.446,968.228000000003,266.90726439228,36.320019,37.065386,15.907891,0.102767,-56.18622
145643.774,970.555999999997,269.988097774047,36.537104,36.666763,15.750328,-0.067682,-18.66685
145646.082,972.864000000001,273.242019955171,35.501794,35.650601,15.446534,-0.131627,-18.32937
145648.472,975.254000000001,274.836707496132,36.312365,36.347365,15.208102,-0.099762,-6.0808
145650.857,977.639000000003,275.821504572939,37.453609,37.466554,15.709247,0.210124,-10.45413
145653.193,979.974999999999,277.331621147914,34.946625,34.979238,14.973989,-0.314751,-1.88025
145655.521,982.303,278.580565554268,32.284291,32.30844,13.878196,-0.470701,0.49774
145657.849,984.631000000001,279.181158058116,31.385809,31.391555,13.484345,-0.16918,-0.04445
145700.181,986.962999999996,279.604822546925,31.477903,31.480754,13.499466,0.006484,-0.92006
145702.508,989.290000000001,279.722626409658,32.616163,32.616376,14.016492,0.222186,-3.12181
145704.854,991.635999999999,279.583427057926,32.607058,32.607355,13.899128,-0.050027,0.48715
145707.206,993.987999999998,279.651790973207,31.158027,31.158102,13.247492,-0.277056,2.05186
145709.530,996.311999999998,279.47917869263,30.729396,30.729881,13.22284,-0.010608,0.72341
145711.890,998.671999999999,278.574705139914,31.74477,31.757652,13.456632,0.099064,1.40363
145714.158,1000.94,275.974939974092,28.019375,28.139726,12.407287,-0.462674,9.82098
145716.459,1003.241,274.075032331561,19.889304,19.979841,8.683112,-1.618503,12.27216
145718.738,1005.52,273.481004965278,12.135312,12.149843,5.331217,-1.470774,5.64813
145721.091,1007.873,273.329404899205,4.053238,4.056072,1.723788,-1.533119,1.53579
145738.632,1025.414,272.695333336439,16.741459,16.753462,0.955103,-0.043822,-0.06298
145740.887,1027.669,271.782574381311,19.530219,19.551537,8.670305,3.421376,-49.1292
145743.188,1029.97,270.348316922436,24.66935,24.711008,10.739247,0.899149,-10.21308
145745.523,1032.305,268.941417778038,29.418961,29.452582,12.613526,0.802689,-12.66179
145747.823,1034.605,267.528601640683,29.768272,29.80178,12.957295,0.149465,2.61036
145750.156,1036.938,265.577346203875,30.172507,30.235535,12.959938,0.001133,4.79955
145752.509,1039.291,263.700326411422,30.871457,30.928467,13.14427,0.078339,3.94025
145754.816,1041.598,264.60716762885,31.296701,31.309836,13.571667,0.185261,-7.94389
145757.182,1043.964,266.695789947444,33.816736,33.881174,14.320023,0.316296,-20.41607
145759.567,1046.349,268.178701044836,34.259155,34.291234,14.377876,0.024257,-8.3307
145801.918,1048.7,270.04639496506,29.470451,29.529574,12.560431,-0.773052,1.68457
145804.250,1051.032,271.66370911597,19.93979,20.005273,8.57859,-1.707479,4.61588
145806.547,1053.329,272.267896093747,12.066306,12.081423,5.259653,-1.444901,2.76815
145808.070,1054.852,272.387331934497,2.610663,2.613393,1.715951,-2.326791,1.50767
145839.016,1085.798,272.863286589773,15.969792,15.976883,0.516283,-0.038766,-0.4485
145841.284,1088.066,273.619240662861,19.448039,19.462726,8.581449,3.55607,-58.41207
145843.582,1090.364,275.389346601444,25.406578,25.468166,11.082753,1.08847,-31.92086
145845.862,1092.644,278.30694162044,27.76535,27.91822,12.244833,0.509684,-29.94683
145848.154,1094.936,279.32230381225,30.059092,30.076236,13.122267,0.382825,-13.21302
145850.489,1097.271,280.589455808814,31.167212,31.192961,13.35887,0.101329,-8.43967
145852.788,1099.57,280.98418025284,31.558151,31.560619,13.727977,0.160551,-3.5339
145855.092,1101.874,279.564863816421,32.488592,32.51958,14.114401,0.167719,1.61433
145857.414,1104.196,278.017391526401,32.956096,32.992407,14.208616,0.040575,2.76638
145859.743,1106.525,275.516345881722,33.957289,34.049268,14.619694,0.176504,3.52039
145902.042,1108.824,259.636546830715,34.737861,38.195379,16.61391,0.867428,26.03083
145904.370,1111.152,248.571352784699,34.666018,36.389165,15.631085,-0.422176,26.87277
145906.728,1113.51,242.361354849076,35.5322,36.070782,15.297193,-0.1416,13.68394
145909.060,1115.842,244.684411579015,35.562335,35.63813,15.282217,-0.006422,-14.44524
145911.397,1118.179,248.279177037501,35.394732,35.57681,15.223282,-0.025218,-23.45837
145913.757,1120.539,257.801339715528,34.958623,36.232263,15.352654,0.054819,-69.69146
145916.091,1122.873,270.360905509735,34.004403,36.249719,15.531156,0.076479,-94.10392
145918.474,1125.256,280.357611553212,34.654346,36.067407,15.135295,-0.166119,-66.40803
145920.863,1127.645,280.811622858139,34.76485,34.767815,14.553292,-0.243618,0.22019
145923.254,1130.036,281.718000505058,36.18678,36.198129,15.139326,0.2451,-10.36746
145925.589,1132.371,283.037334166319,35.228597,35.253294,15.09777,-0.017797,-6.48183
145927.957,1134.739,283.640668214417,33.222843,33.228321,14.03223,-0.449975,1.74763
145930.338,1137.12,284.975086403647,32.710145,32.737353,13.749413,-0.118781,-3.49847
145932.639,1139.421,286.34504188549,29.510209,29.541991,12.838762,-0.395763,0.09111
145934.943,1141.725,286.492516552633,24.310724,24.311172,10.551724,-0.992638,5.92705
145937.160,1143.942,286.228427818687,18.867588,18.869436,8.511248,-0.920377,5.22663
145939.428,1146.21,286.240074021635,17.799131,17.799135,7.847943,-0.292463,1.54336
145941.660,1148.442,285.41382706418,20.198243,20.215136,9.056961,0.541675,-0.20021
145943.902,1150.684,284.716739141317,21.808278,21.819416,9.732121,0.301142,0.62605
145946.138,1152.92,284.572962086687,25.421616,25.422022,11.36942,0.732245,-17.96001
145949.658,1156.44,284.091819326903,43.233298,43.235976,12.282948,0.259525,-0.1714
145951.884,1158.666,283.677901950984,27.532614,27.535725,12.370047,0.039128,1.48331
145954.186,1160.968,282.358389566561,29.494579,29.52408,12.825404,0.197809,2.1537
145956.462,1163.244,280.852783445272,28.592257,28.63187,12.579908,-0.107863,4.8408
145958.778,1165.56,267.649992514965,31.904847,34.528726,14.908777,1.005557,20.90977
150001.047,1167.829,250.012509710139,34.313788,38.581302,17.003659,0.923262,29.49711
150003.342,1170.124,246.564845113678,34.915566,35.08537,15.287743,-0.747676,12.71174
150010.244,1177.026,281.257228402582,101.026874,106.817558,15.47632,0.027322,-86.46223
150012.517,1179.299,281.904530091721,27.323079,27.330745,12.024085,-1.518801,9.2165
150014.725,1181.507,282.772392244434,27.533495,27.547169,12.476073,0.204705,-7.75336
150016.936,1183.718,283.71077675562,25.41312,25.430439,11.501782,-0.440656,1.28057
150019.177,1185.959,284.492502496275,21.886358,21.900314,9.772563,-0.771628,2.76762
150021.451,1188.233,284.973577101866,22.13038,22.135608,9.734216,-0.016863,-0.71463
150023.749,1190.531,285.048978693837,26.490751,26.490858,11.527789,0.780493,-13.21603
150026.106,1192.888,284.720731379438,28.840571,28.842439,12.236928,0.300865,-0.39682
150028.493,1195.275,284.350183578066,28.316482,28.318907,11.863807,-0.156314,2.65357
150030.888,1197.67,284.073314951307,27.792582,27.793961,11.604994,-0.108064,2.0877
150033.242,1200.024,283.418687994038,27.796902,27.804609,11.811644,0.087787,1.74521
150035.569,1202.351,281.947504786224,27.160229,27.200044,11.688889,-0.052752,4.46671
150037.930,1204.712,280.368109987207,27.81963,27.864427,11.80196,0.047891,4.04426
150040.273,1207.055,278.620642993459,28.801125,28.854088,12.315019,0.218975,3.26589
150042.535,1209.317,276.513101636404,29.57704,29.652032,13.108768,0.350906,2.757
150044.803,1211.585,272.009335031991,29.842274,30.180213,13.306972,0.087392,9.99112
150047.101,1213.883,254.62416232165,30.648982,35.236406,15.33351,0.88187,31.11731
150049.373,1216.155,251.32552283532,31.987688,32.157319,14.15375,-0.519261,11.15844
150051.677,1218.459,252.841077603931,32.482182,32.517519,14.113506,-0.017467,-7.80804
150056.275,1223.057,274.820129769327,63.71535,67.399737,14.65849,0.118526,-84.17422
150058.579,1225.361,275.180443306218,31.316023,31.318096,13.592924,-0.462485,2.55514
150100.878,1227.66,274.142680882006,28.342251,28.361243,12.336339,-0.546579,6.75408
150103.150,1229.932,274.136077880859,27.84922,27.849221,12.257579,-0.034665,1.07157
150105.443,1232.225,274.136077880859,26.219586,26.219586,11.434621,-0.3589,2.98034
150107.747,1234.529,274.135721380089,21.277306,21.277306,9.234942,-0.954722,5.21282
150110.016,1236.798,274.097718783024,14.138839,14.13889,6.231331,-1.32376,4.67297
150111.532,1238.314,274.086538186222,3.455163,3.455181,2.279143,-2.606984,3.04387
150136.531,1263.313,273.852908201935,18.292614,18.294106,0.731793,-0.061896,-0.21924
150138.830,1265.612,273.370424825806,19.095044,19.101139,8.308455,3.295634,-48.32574
150141.165,1267.947,272.948672909482,21.228291,21.23248,9.093139,0.336053,-0.2008
150143.526,1270.308,272.595817685198,25.00341,25.0059,10.591232,0.634516,-13.22223
150145.885,1272.667,272.868123792138,27.186578,27.187942,11.525198,0.395916,-6.70878
150148.217,1274.999,273.254092084794,21.230954,21.234462,9.105687,-1.037526,4.66613
150150.579,1277.361,273.54021838035,13.522544,13.52557,5.726321,-1.430722,3.87207
150152.935,1279.717,273.740360651362,18.737017,18.738086,7.953347,0.945257,-12.97439
150155.300,1282.082,273.848651884265,22.765694,22.765952,9.626195,0.707335,-10.36029
150157.659,1284.441,273.832345547592,21.810001,21.810007,9.245446,-0.161403,1.33658
150200.018,1286.8,273.929873497372,19.138314,19.138562,8.112998,-0.480054,2.23711
150202.316,1289.098,273.979219361293,13.022129,13.022222,5.666763,-1.064506,3.2346
150204.614,1291.396,274.020712255306,8.436285,8.436387,3.671187,-0.868397,1.55499
150205.371,1292.153,274.023987996504,0.437487,0.4375,0.577939,-4.086193,0.93438
150217.815,1304.597,274.08481326373,16.294395,16.294508,1.309427,0.058782,-0.31344
150220.143,1306.925,274.416833177113,19.862704,19.865479,8.533281,3.10303,-47.82174
150222.473,1309.255,276.025128128553,23.451798,23.506881,10.08879,0.6676,-21.38616
150224.838,1311.62,276.071884680044,24.85039,24.850434,10.507583,0.177079,-0.6395
150227.163,1313.945,276.58678504152,26.384632,26.389655,11.350389,0.362497,-7.85458
150229.521,1316.303,276.791751896508,27.068118,27.068894,11.479599,0.054796,0.00268
150231.793,1318.575,276.653284495818,26.971384,26.971739,11.871364,0.172432,0.07652
150234.095,1320.877,275.907540239077,27.344184,27.354352,11.882863,0.004995,2.51842
150236.394,1323.176,276.083930940223,25.755911,25.756515,11.203356,-0.295566,2.1224
150238.723,1325.505,275.808361133577,27.541157,27.542535,11.825906,0.267304,-0.22457
150241.085,1327.867,275.922804417473,29.812652,29.812872,12.621876,0.33699,-4.76416
150243.381,1330.163,275.205599907333,30.573454,30.581865,13.319628,0.303899,-0.32823
150245.743,1332.525,274.525164366965,31.574047,31.581378,13.370609,0.021584,1.51956
150248.121,1334.903,263.919044230312,31.076608,32.836647,13.808514,0.184148,21.8846
150250.505,1337.287,265.440089752815,30.938652,30.97602,12.993297,-0.341953,-0.56632
150252.832,1339.614,274.930770354635,30.19983,31.656007,13.603785,0.26235,-74.76981
150255.185,1341.967,276.026943237351,30.752188,30.771718,13.077653,-0.223601,-0.52825
150257.528,1344.31,278.00890694671,31.180189,31.243118,13.334664,0.109693,-13.97041
150259.938,1346.72,279.088365491014,32.020174,32.038364,13.293927,-0.016903,-3.91876
150302.270,1349.052,280.215706107499,29.256093,29.277805,12.554805,-0.316948,0.25586
150304.565,1351.347,281.534070867533,20.677945,20.719929,9.028292,-1.536607,4.87796
150306.891,1353.673,282.864139305178,12.801764,12.870674,5.533394,-1.502536,1.55684
150308.435,1355.217,283.202391126876,2.896457,2.916141,1.888692,-2.360558,1.03319
150325.252,1372.034,284.176252429124,15.76387,15.793923,0.939164,-0.056462,-1.02629
150327.490,1374.272,283.871963233792,7.091133,7.097659,3.171429,0.997437,-4.49033
150329.738,1376.52,283.308678418902,8.121041,8.140553,3.621242,0.200095,0.86833
150332.065,1378.847,282.578552720547,8.421441,8.453032,3.632588,0.004876,1.57808
