214429.687,0,278.337409288469,0.0,0.0,0,0,-0.35
214431.880,2.1929999999993,279.119749503318,22.34159,22.355283,10.193928,4.648394,-88.34268
214433.991,4.30399999998917,279.871732444305,20.817268,20.830845,9.867762,-0.154508,-0.77437
214436.114,6.42699999999604,280.524663732695,17.604753,17.616856,8.298095,-0.739363,2.05387
214438.254,8.56699999999546,281.489182465818,13.118455,13.153865,6.146666,-1.005341,1.10649
214440.366,10.6789999999892,282.071051552988,5.792913,5.822063,2.756659,-1.605117,0.78823
214457.932,28.2449999999953,283.298380878569,10.829643,10.898968,0.620458,-0.12161,-1.27986
214500.047,30.3600000000006,284.960324198493,16.501493,16.584973,7.841595,3.414249,-59.85481
214502.163,32.4759999999951,285.762437124053,16.597126,16.616497,7.852787,0.005289,-4.76635
214504.244,34.5570000000007,286.002442652995,17.145954,17.147634,8.240093,0.186115,-2.661
214506.366,36.6789999999892,286.079445337394,18.994997,18.995153,8.951533,0.335269,-3.63159
214508.496,38.8089999999938,286.127553990176,18.448173,18.448236,8.661144,-0.136333,0.94286
214510.644,40.9569999999949,286.195839388173,17.940444,17.940574,8.352223,-0.143818,0.87087
214512.751,43.0639999999985,286.449578782128,18.260448,18.262211,8.6674,0.149586,-2.16475
214514.895,45.2079999999987,287.226158497231,18.205263,18.221819,8.498983,-0.078553,-2.95985
214516.979,47.2920000000013,287.919880422346,18.580509,18.593455,8.922003,0.202985,-6.72616
214519.183,49.4959999999992,289.718844208458,23.952391,24.019853,10.8983,0.896686,-28.67534
214521.360,51.6729999999952,291.329910078265,27.840896,27.887471,12.810046,0.878156,-29.53445
214523.536,53.8489999999874,291.909082097079,27.263064,27.269215,12.531808,-0.127867,0.12942
214525.708,56.0209999999934,292.641940495438,27.54802,27.557767,12.687738,0.071791,-3.88771
214527.877,58.1899999999878,292.892883243969,27.749787,27.750922,12.794339,0.049148,-0.42695
214530.059,60.3719999999885,292.990304562352,28.209749,28.209917,12.928468,0.061471,-0.22477
214532.256,62.5689999999886,293.104740492978,27.622269,27.622506,12.57283,-0.161874,1.45695
214534.401,64.7139999999927,293.136948059714,26.50855,26.508569,12.358307,-0.100011,1.34581
214536.488,66.8009999999922,293.171167597672,20.7262,20.726229,9.931111,-1.163007,6.6574
214538.623,68.9360000000015,293.113070073144,9.94201,9.94218,4.656759,-2.470422,6.31026
214540.046,70.3589999999967,293.096148152355,2.655358,2.655412,1.866066,-1.961134,1.81184
214601.598,91.9109999999928,292.699489689372,12.94183,12.947907,0.600775,-0.058709,-0.18769
214603.742,94.054999999993,291.789384145776,16.219781,16.245294,7.577096,3.253881,-39.31745
214605.912,96.2249999999913,291.142300757438,18.34939,18.360796,8.461196,0.407419,0.13015
214608.056,98.3689999999915,290.267969648306,21.503908,21.521675,10.038095,0.735494,-9.59325
214610.259,100.572,289.949448851107,25.684015,25.68599,11.65955,0.736021,-17.10089
214612.402,102.714999999997,290.597892915996,27.408488,27.416157,12.793354,0.529073,-13.80206
214614.547,104.860000000001,290.849237648233,26.704475,26.705658,12.45019,-0.159983,1.16313
214616.692,107.00499999999,290.567043423928,22.384275,22.386054,10.436389,-0.938835,6.56135
214618.860,109.172999999995,290.335651970006,9.200413,9.203322,4.245075,-2.855772,7.02033
214620.310,110.622999999992,290.272429572824,1.487209,1.488552,1.026588,-2.219646,1.17441
214630.516,120.828999999998,289.982202124908,10.928066,10.93192,1.071127,0.004364,-0.11942
214632.662,122.974999999991,290.187334114025,6.580415,6.583611,3.067852,0.93044,-6.32489
214634.798,125.11099999999,290.413961659784,5.669467,5.673995,2.656365,-0.192644,-0.588
214636.215,126.527999999991,290.496417129317,3.012978,3.014106,2.127104,-0.373508,-0.06224
214639.729,130.042000000001,290.719870680161,13.199824,13.201715,3.756891,0.463798,-3.57373
214641.874,132.186999999991,290.583171771651,19.860988,19.861458,9.259421,2.565282,-44.67781
214644.042,134.354999999996,290.768236632288,23.295993,23.296728,10.745723,0.685564,-11.57511
214646.208,136.520999999993,290.700412567783,23.298199,23.298298,10.75637,0.004916,0.82396
214648.354,138.667000000001,291.425186158911,23.169745,23.181078,10.801993,0.02126,-3.19191
214650.524,140.837,291.397511572641,21.631523,21.631541,9.968452,-0.38412,2.69613
214652.697,143.009999999995,291.503982425682,19.188571,19.188866,8.830587,-0.523638,2.66065
214654.841,145.153999999995,290.192179751247,16.720534,16.771914,7.822721,-0.470087,5.50199
214657.019,147.331999999995,289.931591358358,15.475646,15.47784,7.106446,-0.328868,2.13651
214659.161,149.473999999987,289.724540071595,16.403208,16.404514,7.658503,0.25773,-0.22589
214701.337,151.649999999994,290.073554528762,18.140926,18.144283,8.338365,0.312437,-5.33861
214703.448,153.760999999999,292.327219795646,17.587016,17.730824,8.399254,0.028844,-17.03617
214705.560,155.872999999992,293.303124293349,10.137976,10.18484,4.822367,-1.693602,1.98458
214706.260,156.572999999989,293.376370177767,1.509473,1.511249,2.158927,-3.804914,3.65531
214710.491,160.803999999989,293.360465765889,6.367493,6.367513,1.504966,-0.154564,-0.08759
214712.597,162.909999999989,292.85151926695,16.966278,16.97391,8.059786,3.11245,-43.47924
214714.713,165.025999999998,293.321964887366,18.209053,18.215129,8.608284,0.259215,-5.65621
214716.828,167.140999999989,292.481544777928,19.256597,19.274928,9.113441,0.238845,1.40156
214718.966,169.278999999995,291.414512409887,20.978426,21.005545,9.824857,0.332748,1.43677
214721.115,171.428,290.091878463195,18.942945,18.989064,8.836233,-0.460039,5.84019
214723.285,173.597999999998,289.809578916643,6.542097,6.548185,3.017597,-2.681399,4.88805
214727.599,177.911999999997,289.791259788694,10.084834,10.084851,2.337703,-0.157602,0.05424
214729.774,180.087,290.265334670658,8.271969,8.285542,3.809445,0.676663,-7.77175
214731.923,182.23599999999,291.503555119268,9.9544,10.031115,4.667806,0.399423,-12.54294
214734.089,184.402000000002,292.62349361474,20.54821,20.578707,9.500788,2.231294,-44.49917
214736.178,186.490999999995,293.218798758635,21.920841,21.928922,10.49733,0.477043,-10.96581
214738.313,188.625999999989,294.328469510412,22.616796,22.644002,10.60609,0.050941,-7.03772
214740.398,190.710999999996,297.048999057968,22.089533,22.256432,10.674548,0.032834,-20.47621
214742.525,192.837999999989,297.596607476897,19.339626,19.347377,9.096087,-0.742107,2.73473
214744.698,195.010999999999,297.212094110806,8.092068,8.101199,3.728117,-2.470304,5.78929
214746.892,197.205000000002,297.264185452996,5.675956,5.676195,2.587144,-0.520042,0.44921
214749.034,199.346999999994,297.335709444653,5.259944,5.26043,2.45585,-0.061295,-0.24936
214751.212,201.524999999994,297.30338673447,7.323438,7.32351,3.362493,0.416273,-3.50576
214753.379,203.691999999995,296.818898346665,11.497046,11.507249,5.310221,0.898813,-6.45479
214755.552,205.864999999991,295.833365273363,11.949286,11.989859,5.517652,0.095458,2.20162
214757.678,207.990999999995,295.251977089249,7.863105,7.88457,3.70864,-0.850899,3.06339
214759.781,210.093999999997,295.552051786164,10.23761,10.242007,4.870189,0.55233,-6.33752
214801.923,212.23599999999,295.21662206729,12.340087,12.344645,5.76314,0.416877,-0.32992
214804.103,214.415999999997,294.457375258651,20.862989,20.8768,9.576514,1.749254,-27.24693
214806.351,216.66399999999,292.587873325149,25.608952,25.6771,11.422198,0.821034,0.12819
214808.504,218.816999999995,293.272020636018,22.572928,22.583293,10.489221,-0.433338,1.41497
214810.615,220.928,295.214473007328,23.348392,23.429054,11.098557,0.288648,-18.63501
214813.392,223.705000000002,299.841564013044,29.369184,29.731447,10.706319,-0.141245,-23.47949
214815.536,225.848999999987,301.530470623208,21.511614,21.577811,10.064278,-0.299459,-5.61318
214817.617,227.929999999993,301.914030601512,26.425546,26.428329,12.699822,1.26648,-28.40463
214819.665,229.977999999988,299.363992794271,30.864401,30.969565,15.121858,1.182635,-18.83696
214821.780,232.092999999993,292.403669712436,32.437253,33.175616,15.68587,0.266672,13.36035
214823.922,234.235000000001,289.35783375059,23.397875,23.595289,11.015541,-2.180359,20.97572
214826.098,236.410999999993,287.780547950256,19.90768,19.970066,9.17742,-0.844725,8.41932
214828.238,238.550999999992,284.773286736396,23.215622,23.409586,10.939059,0.823196,3.26295
214830.412,240.724999999991,278.880229189019,27.627538,28.249053,12.994045,0.945256,8.02597
214832.592,242.904999999999,277.298286909909,27.244039,27.289929,12.518316,-0.218224,5.93022
214834.761,245.073999999993,281.209601326102,24.924791,25.229816,11.632004,-0.408627,-19.65175
214836.940,247.252999999997,282.230001769011,17.276554,17.306662,7.942479,-1.693219,5.0748
214839.119,249.432000000001,282.71889598896,8.004273,8.019189,3.680215,-1.956064,2.61255
214849.306,259.618999999992,284.04508588426,11.107839,11.186727,1.098138,-0.253468,-1.85038
214851.520,261.832999999999,283.659412478739,12.134946,12.141073,5.483773,1.980865,-18.29621
214853.626,263.938999999998,283.140027350348,16.392711,16.400937,7.787719,1.093991,-13.5905
214855.744,266.057000000001,282.392862877696,23.789912,23.801643,11.237792,1.62893,-30.67669
214857.882,268.194999999992,281.804964045398,23.806825,23.814083,11.138486,-0.046448,2.45484
214900.057,270.369999999995,280.910853176539,23.949329,23.966014,11.018857,-0.055002,3.19816
214902.170,272.482999999993,272.989911514062,28.85814,29.925467,14.162549,1.487786,7.98031
214904.287,274.599999999991,259.563111416734,34.029524,36.582611,17.280402,1.472769,16.45547
214906.404,276.71699999999,246.744861461379,34.607659,36.905251,17.432806,0.071991,27.6996
214908.546,278.858999999997,250.216319054549,34.682407,34.855708,16.272506,-0.54169,-10.2529
214914.954,285.266999999993,281.708621460007,87.084184,92.603564,14.451243,-0.284217,-75.9021
214917.116,287.428999999989,282.737099626783,25.568629,25.589305,11.835941,-1.209668,5.98578
214919.296,289.608999999997,282.94459271198,24.717516,24.718387,11.33871,-0.228088,1.64896
214921.476,291.78899999999,283.400261506081,20.139486,20.144641,9.240661,-0.962408,4.14855
214923.640,293.952999999994,283.597505872546,13.238788,13.240257,6.118418,-1.442811,4.39795
214925.754,296.066999999995,283.404957017418,10.180987,10.182808,4.816844,-0.615693,2.10413
214927.923,298.23599999999,283.080156575312,12.130005,12.134353,5.594446,0.358507,-0.16981
214930.074,300.386999999988,282.8121884892,14.777435,14.779864,6.87116,0.593544,-7.45433
214932.211,302.52399999999,282.286860194535,17.521942,17.529816,8.203002,0.62323,-7.64645
214934.237,304.549999999988,281.149623184345,22.033098,22.062427,10.889648,1.326084,-19.91951
214936.347,306.659999999989,280.697072697652,31.251925,31.255201,14.812892,1.859357,-53.78999
214938.463,308.775999999998,276.006019131768,44.805676,45.050578,21.290443,3.061224,-99.80434
214940.577,310.889999999999,258.183202152587,51.026899,54.049951,25.567621,2.023263,1.57476
214942.743,313.055999999997,246.16948397017,52.766106,54.116461,24.984516,-0.269208,18.70018
214944.890,315.202999999994,242.451046795267,47.194579,47.340839,22.049762,-1.366909,15.96906
214947.063,317.375999999989,249.250339114579,41.387507,41.942295,19.301563,-1.264703,-10.47707
214953.587,323.899999999994,279.149580983507,110.848587,114.810164,17.598125,-0.261103,-70.59676
214955.741,326.053999999989,280.36238484469,34.299362,34.320798,15.933518,-0.772798,1.77163
214957.936,328.248999999996,281.216963575078,34.136782,34.147477,15.556937,-0.171563,-2.12921
215000.082,330.39499999999,280.11253016857,31.713349,31.732574,14.786847,-0.358849,4.64951
215002.278,332.591,278.763150203284,30.763254,30.792834,14.022238,-0.348183,5.5251
215004.390,334.702999999994,277.049203091706,29.932928,29.981958,14.196003,0.082275,3.20241
215006.483,336.795999999988,274.081551089994,29.87523,30.022264,14.34413,0.070773,6.34687
215008.619,338.932000000001,272.731593544627,32.805357,32.833121,15.371311,0.48089,-1.99092
215010.766,341.078999999998,270.819588367958,34.12833,34.181847,15.920748,0.255909,0.64885
215012.905,343.217999999993,268.52502068459,34.082426,34.159579,15.969882,0.022971,3.53537
215015.044,345.356999999989,266.876585970098,33.55289,33.593359,15.70517,-0.123755,3.42485
215017.189,347.501999999993,264.843161815675,27.704146,27.77867,12.950429,-1.284262,14.25296
215019.362,349.674999999988,263.920672283415,12.658371,12.69194,5.840745,-3.271829,12.55481
215020.087,350.399999999994,263.940150301647,0.344154,0.344705,0.475455,-7.4004,1.56422
215103.417,393.729999999996,265.200030118021,12.989993,13.050947,0.301199,-0.004022,-0.32571
215105.478,395.790999999997,264.34336670319,8.427699,8.471127,4.110202,1.848133,-7.77994
215107.610,397.922999999995,263.875700254036,16.156631,16.163398,7.581331,1.628109,-20.85269
215109.662,399.974999999991,264.451725375256,19.527372,19.535866,9.520403,0.944967,-18.45304
215111.775,402.087999999989,266.556999326674,26.010989,26.096048,12.350236,1.339249,-43.42691
215113.832,404.14499999999,267.920545445584,27.151185,27.185402,13.216044,0.420908,-18.07835
215115.911,406.223999999987,269.006755790802,24.05818,24.082689,11.583785,-0.785117,2.91946
215117.965,408.277999999991,269.960585809883,22.253731,22.274163,10.844286,-0.360029,0.35309
215120.081,410.394,270.824072421776,14.819518,14.844653,7.015432,-1.809477,4.89064
215120.779,411.09199999999,270.875558759713,0.83844,0.840019,1.203466,-8.326599,4.70407
215224.690,475.002999999997,271.311738466402,11.065401,11.073995,0.173272,-0.016119,-0.33491
215226.840,477.152999999991,272.210123070346,16.209276,16.234153,7.550769,3.431394,-51.93821
215229.031,479.343999999997,273.203714908983,23.83205,23.852753,10.886697,1.52256,-34.49729
215231.183,481.495999999999,274.490251823081,25.651121,25.683364,11.934649,0.486967,-17.24493
215233.327,483.639999999999,276.720617104046,24.449512,24.551032,11.451041,-0.225563,-10.20747
215235.461,485.77399999999,277.704869054383,26.339966,26.358349,12.351616,0.422013,-13.7055
215237.526,487.838999999993,278.703837719801,26.675027,26.693726,12.926744,0.278512,-11.33784
215239.625,489.937999999995,278.359902180811,26.797636,26.799843,12.76791,-0.075671,1.90305
215241.709,492.021999999997,279.078431056189,25.621241,25.631314,12.299095,-0.224959,0.46987
215243.794,494.106999999989,279.883384993391,22.852195,22.866368,10.967083,-0.638855,2.43385
215245.873,496.186000000002,280.328711780429,20.46482,20.469664,9.845918,-0.539281,2.28325
215247.991,498.303999999989,280.289892689894,18.527738,18.527779,8.747771,-0.518483,2.95642
215250.135,500.447999999989,280.251205979695,15.421687,15.421736,7.192974,-0.725185,3.14958
215252.280,502.592999999993,280.140895899073,9.74865,9.749274,4.545116,-1.234433,3.28338
215254.425,504.737999999998,280.016824204441,6.297771,6.298993,2.936594,-0.749894,1.36181
215255.882,506.194999999992,279.9929566355,1.440929,1.441127,0.989105,-1.336643,0.51874
215338.351,548.66399999999,279.681179317763,10.121923,10.126724,0.23845,-0.017675,-0.32903
215340.558,550.870999999999,279.522594201742,4.560654,4.56341,2.067698,0.828839,-2.70914
215342.773,553.085999999996,279.278423684406,13.468293,13.470506,6.081493,1.812097,-19.89318
215344.992,555.304999999993,278.922521199254,19.301689,19.304969,8.699851,1.179972,-18.57618
215347.199,557.511999999988,278.187620337302,24.214533,24.225682,10.976748,1.031671,-18.38802
215349.403,559.716,276.728286006122,30.584917,30.619712,13.892791,1.323069,-28.09558
215351.620,561.93299999999,275.671305267052,33.02483,33.04174,14.903807,0.456029,-2.09809
215353.841,564.153999999995,274.551262872041,33.192733,33.211624,14.953455,0.022354,1.45304
215356.047,566.360000000001,272.421345208281,34.846082,34.911116,15.825528,0.395319,-0.03704
215358.249,568.561999999991,269.36572719778,36.058467,36.187703,16.434016,0.276334,2.52348
215400.482,570.794999999998,264.088218980115,36.279654,36.661497,16.418046,-0.007152,10.13028
215402.700,573.012999999992,258.893796372383,36.537074,36.904468,16.638624,0.099449,8.8603
215404.866,575.178999999989,257.103325124544,37.227652,37.270683,17.207148,0.262476,-1.16545
215407.044,577.356999999989,263.567266253491,39.562978,40.087552,18.405671,0.550286,-69.03448
215409.211,579.52399999999,265.332666021629,40.834393,40.872537,18.861346,0.210279,-20.38441
215411.381,581.693999999989,263.286039567574,42.372672,42.42207,19.549341,0.317048,-4.12617
215413.529,583.84199999999,259.033217997147,43.434314,43.642022,20.317515,0.357623,-0.25905
215415.670,585.982999999993,257.298147562803,42.659003,42.694274,19.941277,-0.17573,-0.14222
215417.847,588.159999999989,256.317900989284,43.247956,43.259064,19.870953,-0.032303,-3.4631
215420.046,590.358999999997,252.62278142545,43.806585,43.962151,19.991883,0.054993,1.88986
215422.227,592.539999999994,248.171469068394,43.785842,44.011523,20.179515,0.08603,3.19364
215424.442,594.75499999999,246.739070222424,43.268479,43.292183,19.545003,-0.286461,0.62298
215426.669,596.981999999989,246.534567608869,43.461604,43.462085,19.515979,-0.013033,-5.09511
215428.899,599.212,242.817939139452,43.546973,43.705287,19.598784,0.037132,2.51873
215431.097,601.409999999989,240.340860835216,43.417958,43.488562,19.785515,0.084955,-1.04958
215433.273,603.585999999996,237.982438210088,42.051508,42.117591,19.355511,-0.197612,2.20081
215435.413,605.725999999995,235.071319929739,40.739195,40.843073,19.085548,-0.126151,3.22156
215437.590,607.902999999991,230.787272618381,41.483773,41.704394,19.156819,0.032738,4.69612
215439.614,609.926999999996,233.138999252751,39.928954,39.99815,19.761932,0.298969,-30.52711
215441.729,612.042000000001,234.457745238178,40.694945,40.716307,19.251209,-0.241477,-6.16558
215443.928,614.240999999995,236.789512813769,47.182542,47.240125,21.482549,1.014707,-58.42617
215446.114,616.426999999996,239.666594342584,47.719262,47.805915,21.869129,0.176844,-31.06225
215448.304,618.616999999998,244.218490564051,47.919762,48.135468,21.979666,0.050474,-39.61257
215450.542,620.854999999996,248.118214629305,47.528478,47.688196,21.308399,-0.299941,-19.75965
215452.776,623.088999999993,250.326327378945,47.457712,47.509054,21.266363,-0.018816,-17.20859
215455.011,625.323999999993,250.319026860779,48.381697,48.381698,21.647292,0.170438,-10.53459
215457.274,627.587,250.473618651434,48.655647,48.655892,21.500615,-0.064815,-7.98667
215459.480,629.792999999991,250.402228003989,48.082235,48.082288,21.796141,0.133965,-10.18805
215501.686,631.998999999996,250.477511786811,47.747734,47.747793,21.644512,-0.068735,-7.9646
215503.942,634.25499999999,250.414297818752,47.474912,47.474954,21.043863,-0.266245,-4.59259
215506.150,636.462999999989,250.396548904215,47.027904,47.027908,21.298871,0.115493,-9.35553
215508.383,638.695999999996,250.522030230963,46.037082,46.037253,20.616773,-0.305463,-4.07728
215510.615,640.928,250.717548136907,45.987514,45.98793,20.603911,-0.005763,-7.52027
215512.794,643.106999999989,252.861449922523,44.898078,44.949235,20.628378,0.011229,-17.81089
215515.021,645.333999999988,256.253518621571,44.098246,44.228514,19.860132,-0.344969,-14.07885
215517.227,647.539999999994,256.347655093036,42.893125,42.893229,19.443893,-0.188685,-3.88922
215519.412,649.724999999991,256.896763870967,43.22851,43.231997,19.785811,0.156484,-9.49489
215521.633,651.945999999996,257.927371883433,43.762187,43.774321,19.709285,-0.034456,-8.02195
215523.846,654.159,260.453329364219,44.37934,44.451168,20.086384,0.170402,-25.93781
215526.048,656.36099999999,262.11207642444,44.636027,44.666837,20.284667,0.090047,-16.38336
215528.275,658.587999999989,262.586889507274,44.847939,44.850452,20.139404,-0.065228,-6.92507
215530.487,660.799999999988,263.040798593769,46.058048,46.060285,20.822914,0.309001,-15.37737
215532.736,663.048999999999,266.458775005143,45.760637,45.888108,20.403783,-0.186363,-19.85595
215534.852,665.164999999994,268.370044455579,42.55938,42.602274,20.1334,-0.12778,-11.03414
215537.056,667.368999999992,268.125441892322,41.720182,41.720899,18.929627,-0.546176,1.09751
215539.261,669.573999999993,268.189605718412,43.235605,43.235653,19.608006,0.307655,-10.74103
215541.442,671.75499999999,268.748204738582,41.899643,41.903366,19.212914,-0.181152,-4.82396
215543.584,673.896999999997,269.031528685163,40.536302,40.537292,18.924973,-0.134426,-4.32796
215545.700,676.012999999992,268.577499846727,41.117622,41.120129,19.432953,0.240066,-6.97673
215547.862,678.174999999988,266.268623480944,41.93391,41.997425,19.425266,-0.003556,0.02407
215550.067,680.37999999999,263.211792718594,42.961991,43.070604,19.533154,0.048929,1.00955
215552.269,682.581999999995,262.171120102855,44.09996,44.112237,20.032805,0.226908,-6.32292
215554.471,684.784,261.433303657303,44.266421,44.272569,20.105617,0.033066,-5.06709
215556.675,686.987999999998,254.893703844236,43.841012,44.326072,20.111648,0.002736,9.02473
215558.877,689.189999999988,252.64390867487,41.9905,42.050727,19.096606,-0.460964,4.84525
215601.122,691.434999999998,252.085278983034,40.006311,40.010211,17.82192,-0.567789,2.96742
215603.347,693.659999999989,251.283582617072,40.92674,40.934591,18.397569,0.258719,-5.02814
215605.531,695.843999999997,246.520013191571,40.804032,41.081147,18.810049,0.188864,4.66503
215607.694,698.006999999998,246.57070357528,40.508817,40.508848,18.728085,-0.037894,-4.50107
215609.909,700.221999999994,238.77000164247,39.145831,39.915499,18.020541,-0.319433,17.55054
215612.101,702.41399999999,228.966171262213,37.979905,39.224843,17.894545,-0.05748,20.14377
215614.343,704.655999999988,227.446345208594,36.165671,36.197591,16.145224,-0.78025,8.22668
215616.574,706.886999999988,227.838585270667,27.543124,27.545917,12.346892,-1.702524,11.06674
215618.809,709.121999999988,228.788788995178,21.565157,21.586081,9.658202,-1.202993,4.52257
215621.008,711.320999999996,229.471120921108,21.841645,21.8523,9.937381,0.126957,-4.93013
215623.212,713.524999999994,230.265769732554,20.896774,20.911878,9.488148,-0.203826,-0.32623
215625.386,715.698999999993,230.474427742601,19.092973,19.094113,8.782941,-0.324382,1.46327
215627.705,718.017999999996,230.457843059061,17.829886,17.829894,7.688613,-0.471897,2.29768
215629.852,720.164999999994,230.20635680109,16.172647,16.174603,7.533583,-0.072208,1.2116
215632.024,722.337,230.128709276603,10.424125,10.424414,4.799454,-1.258807,3.45389
215633.477,723.789999999994,230.091076983211,2.538256,2.538535,1.747099,-2.100726,1.88127
215654.965,745.277999999991,229.286099909005,43.206506,43.214004,2.011076,0.012285,-0.00801
215657.114,747.426999999996,228.985353304468,13.911986,13.915236,6.475215,2.07731,-23.85816
215659.281,749.593999999997,228.768718775299,23.575755,23.57675,10.879903,2.03262,-41.7942
215701.429,751.741999999998,228.111725131106,16.252319,16.265593,7.572436,-1.539789,8.13284
215703.597,753.909999999989,227.128108820718,16.322464,16.352075,7.54247,-0.013822,2.73919
215705.679,755.991999999998,225.815728353751,16.871387,16.922353,8.127931,0.281201,2.45169
215707.801,758.114000000001,225.475391113461,18.032367,18.035578,8.49933,0.175023,0.45937
215709.910,760.222999999998,225.024890363777,12.317496,12.325732,5.844349,-1.258881,5.18248
215712.262,762.574999999997,224.681942004979,10.390537,10.396195,4.420151,-0.605526,2.20126
215714.327,764.639999999999,224.251908671543,9.76988,9.779339,4.735758,0.152836,0.74207
215716.428,766.740999999995,223.481750318326,18.495445,18.511473,8.810791,1.939568,-27.22941
215718.598,768.910999999993,222.765017629625,18.88517,18.898766,8.709109,-0.046858,2.38349
215720.740,771.053,222.454546861086,9.029431,9.034767,4.217912,-2.096731,5.46887
215722.925,773.237999999998,222.416402334598,4.219547,4.21972,1.931222,-1.04654,0.97218
215725.095,775.407999999996,222.385717850084,2.953932,2.954092,1.361333,-0.262622,0.02195
215727.244,777.557000000001,222.08081534429,9.090764,9.095876,4.232609,1.336099,-9.15106
215729.413,779.725999999995,221.665411003999,13.88576,13.891973,6.404782,1.001463,-10.31066
215731.617,781.929999999993,221.085666027228,19.104861,19.113655,8.672257,1.0288,-14.35332
215733.794,784.106999999989,220.45588581849,23.616915,23.625311,10.852233,1.001367,-18.28508
215735.986,786.298999999999,219.781864937021,24.04919,24.058633,10.975654,0.056305,1.9988
215738.162,788.474999999991,217.872132997406,25.053554,25.126234,11.546983,0.262559,3.77381
215740.302,790.614999999991,216.23600769043,25.427254,25.479838,11.906466,0.167983,3.78394
215742.448,792.760999999999,216.23600769043,26.872863,26.872863,12.522303,0.28697,-11.40137
215745.074,795.386999999988,216.23600769043,32.585572,32.585572,12.408824,-0.043214,1.02574
215747.220,797.532999999996,216.23600769043,29.686904,29.686904,13.833599,0.663921,-23.1771
215749.301,799.614000000001,216.23600769043,29.682353,29.682353,14.263504,0.206586,-2.0397
215751.477,801.789999999994,216.23600769043,31.254673,31.254673,14.363361,0.04589,-0.89418
215753.653,803.966,216.23600769043,32.148674,32.148674,14.774207,0.188808,-2.34817
215755.834,806.146999999997,216.23600769043,31.972468,31.972468,14.659545,-0.052573,-0.35877
215757.998,808.311000000002,217.778260019612,29.438078,29.478449,13.622204,-0.479363,-0.25793
215800.204,810.516999999993,219.605666701565,28.05582,28.115271,12.74491,-0.397685,-1.80602
215802.378,812.690999999992,220.356438984034,27.974339,27.984412,12.872315,0.058604,-3.77954
215804.614,814.926999999996,221.33482645287,29.216492,29.23287,13.073734,0.09008,-6.2096
215806.851,817.16399999999,222.605953048143,31.813615,31.838999,14.232901,0.518179,-19.95628
215809.111,819.423999999999,223.953179002029,33.959327,33.98604,15.038071,0.35627,-17.11604
215811.345,821.657999999996,225.45121261522,34.273996,34.306718,15.356633,0.142597,-12.87082
215813.610,823.922999999995,232.356671959388,34.728749,35.408635,15.632951,0.121995,-54.3109
215815.844,826.156999999992,241.44813514541,33.606547,34.814576,15.583964,-0.021928,-68.21608
215818.081,828.394,247.673981049559,32.209266,32.805456,14.664934,-0.410831,-35.04218
215820.313,830.625999999989,258.804205245242,28.669027,30.75378,13.778575,-0.397114,-74.50317
215822.556,832.868999999992,264.520313140267,28.66188,29.226311,13.030009,-0.333734,-33.42517
215830.519,840.831999999995,309.692819741056,100.013188,109.741483,13.781424,0.094363,-98.72383
215840.128,850.440999999992,309.692819741056,0.0,0.0,0.0,-1.43422,-0.35
220233.093,1083.40599999999,263.425450481093,1852.038601,1852.616433,7.952338,0.034135,1.24732
220242.334,1092.647,283.412582299637,184.166312,185.247715,20.046285,1.308727,-84.79267
220244.417,1094.73,283.495365387728,34.830681,34.830779,16.72145,-1.596176,11.43393
220246.552,1096.86499999999,279.220226639003,37.821475,38.062328,17.827788,0.518191,1.80879
220248.632,1098.94499999999,274.868012091359,32.478483,32.768791,15.754226,-0.996905,17.63827
220250.759,1101.072,270.928029348948,33.596207,33.826448,15.90336,0.070115,7.27618
220252.865,1103.178,270.694389457307,33.298879,33.299699,15.811823,-0.043465,-0.79274
220255.032,1105.345,271.787311810278,40.491791,40.506538,18.692449,1.329315,-52.2686
220257.174,1107.48699999999,274.052236891788,39.324178,39.389349,18.389052,-0.141642,-12.59432
220259.322,1109.63499999999,277.570283435903,36.304701,36.474757,16.9808,-0.655611,-6.74779
220301.462,1111.77499999999,277.851556365817,30.352662,30.353966,14.184096,-1.306871,8.78771
220303.576,1113.889,278.388586185413,26.851524,26.856893,12.704302,-0.699997,3.98228
220305.726,1116.03899999999,278.954235439975,24.722317,24.728787,11.501762,-0.559321,2.84522
220307.815,1118.128,279.188318823496,22.525584,22.5268,10.783533,-0.343815,2.0835
220309.944,1120.257,279.058825109562,20.393497,20.393908,9.579102,-0.565726,3.7481
220312.088,1122.401,278.912125305028,19.915808,19.916348,9.289341,-0.13515,1.53203
220314.149,1124.462,279.738676485688,20.274648,20.29149,9.845458,0.269829,-9.06913
220316.256,1126.56899999999,281.672525746715,21.899383,21.984602,10.434078,0.279364,-18.37173
220319.725,1130.038,284.315873934896,36.645705,36.740917,10.591213,0.045297,-11.19587
220322.477,1132.78999999999,287.280197052779,30.808662,30.950943,11.246709,0.238189,-20.38677
220324.560,1134.87299999999,289.523077969271,22.499174,22.610691,10.854868,-0.188114,-12.09411
220327.367,1137.67999999999,291.234080412379,30.824991,30.872441,10.998376,0.051125,-8.48096
220329.454,1139.76699999999,292.314969076104,24.902272,24.925719,11.943325,0.452779,-15.11232
220331.516,1141.829,291.487107317694,30.24261,30.253939,14.672133,1.323379,-35.70701
220333.617,1143.92999999999,290.164148079178,32.928394,32.954959,15.685369,0.482264,-2.36888
220335.667,1145.98,290.049802804796,30.882212,30.882424,15.064597,-0.302816,1.62589
220337.720,1148.033,291.137776483726,27.469215,27.490752,13.390527,-0.815426,3.19107
220339.809,1150.12199999999,292.115078705616,26.228734,26.246935,12.564354,-0.395487,0.85129
220341.920,1152.23299999999,294.25591546518,25.907901,25.996202,12.314638,-0.118293,-11.46738
220343.948,1154.261,294.626370538757,25.751354,25.754018,12.69922,0.189636,-3.85351
220346.019,1156.33199999999,295.536196190326,22.266656,22.285236,10.760616,-0.936071,3.76289
220348.170,1158.48299999999,296.592869626522,24.621294,24.643958,11.456977,0.323738,-11.83094
220350.339,1160.652,296.120356423604,22.877994,22.882873,10.549965,-0.418171,4.15432
220352.428,1162.74099999999,296.431251103424,20.697701,20.700036,9.909065,-0.306798,1.42224
220354.564,1164.87699999999,298.145772967074,19.231026,19.307303,9.038999,-0.407334,-5.09553
220356.676,1166.989,297.368790507787,18.778592,18.794659,8.898986,-0.066294,2.6981
220358.791,1169.10399999999,296.842286922164,19.328556,19.335725,9.142187,0.114989,1.22853
220400.905,1171.21799999999,296.90898571967,15.07448,15.074628,7.130855,-0.951434,3.72014
220402.985,1173.298,296.919961203718,10.465517,10.465522,5.031501,-1.009305,2.74607
220404.349,1174.662,296.935253364382,3.352997,3.353032,2.458235,-1.886559,2.26041
220412.650,1182.96299999999,298.0833409765,13.286355,13.335866,1.606537,-0.102602,-2.06117
220414.760,1185.07299999999,298.802039603481,14.090088,14.108406,6.686448,2.407541,-33.28453
220416.810,1187.12299999999,299.639093547255,17.684156,17.703955,8.636076,0.951038,-19.64297
220418.896,1189.20899999999,300.736638803694,15.20766,15.247214,7.309307,-0.636035,0.01113
220421.010,1191.32299999999,302.487166218123,24.124015,24.187444,11.441553,1.954705,-51.2135
220423.130,1193.443,304.687265408177,27.432894,27.520975,12.981592,0.726433,-31.55302
220425.263,1195.576,305.619332629874,29.880719,29.895252,14.015589,0.484762,-16.55025
220427.353,1197.666,305.30399138095,27.836047,27.837833,13.319537,-0.333039,3.34132
220429.521,1199.83399999999,304.03665677888,28.769264,28.797164,13.282825,-0.016934,3.38836
220431.638,1201.951,304.501443222804,31.959716,31.963095,15.098297,0.857568,-24.14226
220433.776,1204.08899999999,307.745792550142,31.943978,32.108309,15.017918,-0.037595,-22.71361
220436.601,1206.91399999999,308.546853126511,40.294125,40.302087,14.266226,-0.266086,0.06615
220439.405,1209.71799999999,308.735324979567,40.719696,40.720132,14.522158,0.091274,-1.72743
220441.504,1211.817,309.977659485909,31.559592,31.584035,15.047182,0.250131,-14.20533
220443.624,1213.93699999999,310.341197592198,33.07067,33.072668,15.600315,0.260912,-7.5841
220445.763,1216.076,309.365287124583,30.066346,30.08218,14.063665,-0.718396,7.45063
220447.911,1218.22399999999,310.009410399064,25.66728,25.675361,11.953147,-0.98255,5.54951
220450.122,1220.435,309.250515030609,23.864535,23.876598,10.799004,-0.522,5.49661
220452.282,1222.595,309.712661219503,22.489645,22.494393,10.414071,-0.17821,0.51347
220454.425,1224.738,311.165413113304,24.252448,24.29592,11.33734,0.43083,-17.27902
220456.553,1226.86599999999,312.737755441234,26.096997,26.144321,12.285865,0.445735,-19.05332
220458.683,1228.996,313.779158572582,27.947788,27.967184,13.130133,0.39637,-14.36027
220500.800,1231.113,314.533413574161,27.308419,27.318833,12.904503,-0.10658,-0.68419
220502.823,1233.136,316.511177911328,35.03895,35.094723,17.347861,2.19642,-83.61834
220504.924,1235.23699999999,316.874903526279,26.09895,26.101485,12.423363,-2.343883,15.3548
220507.040,1237.35299999999,316.873362677513,24.136573,24.136573,11.406698,-0.480466,3.70325
220509.179,1239.492,317.143207182387,23.377522,23.379079,10.929911,-0.222902,1.35026
220511.301,1241.614,319.243918751263,21.968974,22.069182,10.40018,-0.249638,-9.77644
220513.412,1243.72499999999,319.75649220984,21.518622,21.524726,10.196459,-0.096505,-0.13067
220515.551,1245.864,320.089898783698,15.782179,15.7857,7.379944,-1.316744,4.65961
220517.671,1247.984,320.228525836195,10.513779,10.514693,4.959761,-1.141596,2.73635
220519.791,1250.10399999999,320.440969594684,8.544721,8.547362,4.031774,-0.43773,0.39367
220520.540,1250.85299999999,320.421703465473,0.475402,0.475792,0.635237,-4.534762,1.37111
220535.566,1265.879,320.785958924163,13.830727,13.835523,0.920772,0.019003,-0.56443
220537.677,1267.98999999999,320.91161993571,13.926582,13.927149,6.597418,2.689079,-31.31643
220539.743,1270.056,321.618902062729,16.003534,16.019156,7.753706,0.559675,-11.86348
220541.847,1272.15999999999,322.486399097339,16.965634,16.987799,8.074049,0.152254,-7.40146
220543.927,1274.23999999999,322.994732410294,15.68991,15.698142,7.547184,-0.2533,0.05004
220546.045,1276.35799999999,323.872706560746,14.438918,14.465587,6.829833,-0.338693,-1.52546
220548.186,1278.499,325.330569585892,14.05342,14.128835,6.599176,-0.107733,-9.16133
220550.331,1280.644,326.099073046674,11.004834,11.031635,5.142953,-0.678892,0.06244
220552.455,1282.768,326.605085700775,8.816868,8.831376,4.157898,-0.463774,-0.23052
220554.616,1284.92899999999,326.852486710561,9.690741,9.693899,4.485839,0.151754,-2.35367
220556.729,1287.042,327.338564255124,10.192752,10.204335,4.829312,0.162552,-4.47094
220558.857,1289.17,327.640359220965,10.329599,10.334007,4.856206,0.012638,-1.61359
220601.679,1291.992,327.966557062728,11.827392,11.83189,4.192732,-0.235108,-0.08851
220603.805,1294.11799999999,328.29557659964,7.212503,7.220004,3.396051,-0.374732,-0.20836
220605.941,1296.254,328.433183760477,3.773174,3.775682,1.767641,-0.762364,0.17132
220630.463,1320.776,328.552863554231,6.697765,6.698834,0.273176,-0.060944,-0.31967
220634.679,1324.992,329.719160574416,39.227541,39.244876,9.308557,2.143117,-38.10884
220636.771,1327.08399999999,330.97411691819,16.178104,16.226705,7.756551,-0.741877,0.26165
220638.910,1329.223,331.757227364814,19.519581,19.535284,9.132905,0.643457,-14.51979
220641.021,1331.33399999999,332.409702469923,19.719622,19.730413,9.346477,0.101171,-4.5904
220643.647,1333.95999999999,332.725416486843,14.905858,14.909201,5.677533,-1.397161,3.72626
220645.793,1336.106,332.814772215389,4.979397,4.980198,2.320689,-1.564233,1.55259
220652.315,1342.628,338.232055770208,116.176223,116.302459,17.83233,2.378356,-89.02733
220654.487,1344.79999999999,340.237676431585,37.342607,37.396428,17.217508,-0.283067,-5.54492
220656.695,1347.008,342.185154579726,35.921398,35.974151,16.292641,-0.418871,-3.16237
220658.838,1349.151,343.35798531765,32.596781,32.617873,15.22066,-0.500224,-0.03494
220700.991,1351.30399999999,344.719481273364,32.21751,32.246265,14.977364,-0.113003,-5.11499
220703.158,1353.47099999999,346.489973677035,30.683565,30.734603,14.183019,-0.366564,-1.91745
220705.300,1355.613,348.718791478485,28.958532,29.044176,13.559373,-0.291151,-7.77468
220707.473,1357.78599999999,350.681793855539,28.926132,28.992663,13.342229,-0.099928,-9.98933
220709.609,1359.92199999999,351.953303694277,29.395949,29.423435,13.775017,0.202616,-12.08998
220711.756,1362.06899999999,353.036027548724,28.023458,28.044366,13.062117,-0.332045,0.02237
220713.878,1364.19099999999,354.806381623233,24.689308,24.752698,11.664797,-0.658492,0.54275
220716.052,1366.36499999999,355.946038879871,19.240846,19.274568,8.865947,-1.28742,3.79914
220718.228,1368.541,356.542705759117,14.047126,14.059793,6.461302,-1.105076,2.57279
220720.418,1370.731,357.176942153144,15.035188,15.04856,6.871488,0.1873,-5.77005
220722.594,1372.90699999999,357.628813004372,10.364294,10.37414,4.767528,-0.966893,1.41323
220724.769,1375.08199999999,358.096298040777,11.297996,11.307663,5.198926,0.198344,-4.5348
220727.029,1377.34199999999,359.07426943539,21.566971,21.589133,9.552714,1.926455,-37.98484
220729.293,1379.606,359.521547135178,24.544905,24.54898,10.843189,0.569998,-11.38349
220731.472,1381.78499999999,359.594426293133,23.806326,23.806438,10.925396,0.037727,0.31432
220733.580,1383.893,361.356022445262,25.681782,25.742127,12.211635,0.61017,-24.28809
220735.731,1386.04399999999,362.758844801669,27.760494,27.795916,12.922323,0.330399,-15.51034
220737.928,1388.24099999999,363.573143726789,27.159713,27.171917,12.367737,-0.252429,0.4832
220740.104,1390.417,363.824286174535,26.217419,26.218622,12.048999,-0.146479,1.26692
220742.244,1392.557,363.979710735616,25.266296,25.266774,11.806904,-0.113129,1.16355
220744.357,1394.67,364.101933016845,23.754058,23.754372,11.242013,-0.267341,2.05248
220746.508,1396.821,364.402192393348,24.980628,24.982432,11.614334,0.173092,-2.53182
220748.643,1398.95599999999,365.016143694509,24.775485,24.783091,11.608005,-0.002964,-1.47139
220750.820,1401.133,366.076835185192,24.317286,24.340408,11.180711,-0.196277,-1.30949
220752.993,1403.306,368.064944937551,24.344753,24.425798,11.240588,0.027555,-13.29518
220755.194,1405.507,370.212969752378,26.180045,26.268018,11.934583,0.315309,-20.23231
220757.406,1407.719,372.659011945175,29.110642,29.213227,13.206703,0.575099,-29.52597
220759.606,1409.91899999999,376.827134293736,29.485963,29.779108,13.535958,0.149661,-33.50586
220801.774,1412.087,378.755004827852,28.98254,29.046589,13.397873,-0.063692,-10.62092
220803.890,1414.20299999999,379.595243420118,27.405641,27.418519,12.957712,-0.208016,-0.22873
220806.031,1416.344,378.703220843852,26.58235,26.597313,12.422846,-0.249821,4.56178
220808.204,1418.51699999999,376.891361393959,24.014218,24.082473,11.082592,-0.616776,8.73937
220810.377,1420.68999999999,374.580795858564,18.46357,18.607583,8.563085,-1.15946,11.27936
220812.525,1422.83799999999,371.881814102712,15.286628,15.523064,7.226752,-0.622129,9.24897
220814.703,1425.01599999999,371.33673959478,9.389046,9.404855,4.318115,-1.335462,4.38707
220816.175,1426.488,371.315235781516,1.729892,1.730025,1.175289,-2.135072,1.15748
220901.254,1471.567,371.344009286539,14.229293,14.229322,0.315653,-0.01907,-0.32201
220903.362,1473.67499999999,371.393012662951,18.540448,18.540512,8.795309,4.022607,-61.52252
220905.503,1475.81599999999,371.716515312161,21.744253,21.746659,10.157244,0.636121,-11.36917
220907.683,1477.996,372.77480278998,22.52971,22.554552,10.346125,0.086643,-7.19179
220909.859,1480.17199999999,373.995252832545,21.532657,21.567216,9.911404,-0.19978,-3.54486
220911.963,1482.276,375.046532080128,19.907766,19.935504,9.475049,-0.207393,-2.67416
220914.080,1484.393,376.249219480523,18.772794,18.81128,8.88582,-0.278332,-3.1999
220916.225,1486.538,377.409470334527,18.362774,18.399393,8.577805,-0.143597,-5.0653
220918.426,1488.739,378.978982912476,22.536393,22.59098,10.263962,0.766087,-23.72292
220920.662,1490.97499999999,381.661536123941,26.561172,26.696291,11.939307,0.74926,-33.45986
220922.842,1493.155,383.420250458649,27.081093,27.138141,12.448688,0.233661,-15.68481
220925.012,1495.325,383.586898473671,25.387683,25.38823,11.699645,-0.345181,2.56761
220927.158,1497.47099999999,383.167974291291,23.278073,23.281843,10.848948,-0.396411,4.01404
220929.356,1499.66899999999,381.379818683492,22.726155,22.796395,10.371426,-0.217253,6.09521
220931.539,1501.852,379.598487083497,23.84536,23.911803,10.953643,0.266705,3.42421
220933.708,1504.02099999999,378.73865856989,22.970309,22.986396,10.597693,-0.164108,3.66758
220935.849,1506.162,378.421674962402,19.372508,19.375101,9.049557,-0.72309,4.73995
220938.029,1508.34199999999,378.192064111547,14.680573,14.682369,6.735031,-1.061709,4.59128
220940.175,1510.488,378.035785935498,12.993767,12.994706,6.055315,-0.316736,1.56371
220942.307,1512.62,377.897961228102,12.90435,12.905086,6.053042,-0.001066,0.50107
220944.482,1514.795,377.991580460483,14.627647,14.627946,6.725493,0.309173,-2.90319
220946.657,1516.97,378.251709906972,15.753803,15.755951,7.244115,0.238447,-3.44242
220948.859,1519.17199999999,378.023154809015,14.46187,14.463676,6.568427,-0.306852,1.82758
220951.044,1521.35699999999,377.070206992164,13.23446,13.268724,6.072643,-0.226903,3.17845
220953.237,1523.54999999999,376.434255022686,11.669974,11.68729,5.329361,-0.338934,2.5727
220955.415,1525.72799999999,375.330710983502,10.552414,10.60996,4.871423,-0.210256,3.24796
220957.615,1527.928,374.126491503498,10.789558,10.856551,4.934796,0.028806,2.84441
220959.797,1530.11,373.124979164924,10.458741,10.506584,4.815116,-0.054849,2.58791
221001.966,1532.27899999999,372.446719159596,9.665203,9.688972,4.467023,-0.160485,2.03316
221004.106,1534.41899999999,372.168145988428,9.078168,9.082441,4.244131,-0.104155,0.91193
221006.288,1536.601,372.043500658071,9.277766,9.278603,4.252339,0.003762,0.28604
221008.457,1538.76999999999,371.870145651207,12.566793,12.567989,5.79437,0.710941,-7.96022
221010.628,1540.94099999999,371.918821075968,18.827338,18.827401,8.672225,1.32559,-18.73007
221012.801,1543.114,371.859658391446,22.598354,22.598431,10.399646,0.794948,-18.02192
221014.949,1545.26199999999,372.666921494456,22.255217,22.269853,10.367716,-0.014865,-3.37046
221017.160,1547.473,373.798011741387,18.481937,18.516515,8.374724,-0.901398,1.74781
221019.324,1549.63699999999,375.334020519523,11.413157,11.516053,5.321651,-1.410847,0.38163
221020.030,1550.34299999999,375.302796197832,0.139775,0.143221,0.202862,-7.250409,0.4505
221040.072,1570.38499999999,377.778769712183,16.618855,16.802285,0.838354,0.031708,-2.34917
221042.270,1572.583,377.962159925302,15.61238,15.613457,7.103483,2.850377,-36.06194
221044.412,1574.72499999999,377.970172344915,18.116105,18.116107,8.457566,0.632158,-7.45704
221046.533,1576.84599999999,377.190201142318,16.966954,16.984873,8.007955,-0.211981,3.18764
221048.731,1579.04399999999,375.64045745452,20.82479,20.882375,9.500626,0.679104,0.77602
221050.944,1581.257,374.06705313207,21.670978,21.728021,9.818355,0.143574,3.53531
221053.171,1583.484,372.412353784126,21.414132,21.477967,9.64435,-0.078134,4.8356
221055.387,1585.7,371.785776684108,20.405226,20.414844,9.212475,-0.194889,2.93115
221057.583,1587.89599999999,371.25541849696,19.571794,19.578978,8.915746,-0.135122,2.36568
221059.763,1590.076,370.634669965796,18.609408,18.619758,8.541173,-0.171822,2.68952
221101.925,1592.238,370.508217821709,17.577925,17.57838,8.13061,-0.1899,1.50087
221104.070,1594.383,370.177095894439,17.571753,17.574872,8.193414,0.029279,1.0579
221106.242,1596.55499999999,369.384295316419,17.577953,17.595822,8.101207,-0.042453,2.46151
221108.391,1598.704,368.222076436484,17.859175,17.896952,8.328037,0.105551,2.75406
221110.560,1600.87299999999,366.748021758529,18.180694,18.240353,8.409568,0.037589,3.78963
221112.708,1603.02099999999,365.047735503833,17.627232,17.709045,8.244434,-0.076878,4.864
221114.910,1605.223,364.2023626635,18.098743,18.118475,8.22819,-0.007377,2.42329
221117.087,1607.39999999999,363.275441717785,18.098756,18.122477,8.324518,0.044248,2.42415
221119.292,1609.605,362.44597056795,17.128642,17.148714,7.777195,-0.248219,3.33141
221121.476,1611.78899999999,362.111594924276,9.960759,9.96637,4.563356,-1.471538,4.40608
221123.674,1613.98699999999,361.98248021707,4.833169,4.834893,2.199678,-1.075377,1.3935
221125.898,1616.211,361.905147477897,10.627511,10.627792,4.778683,1.159625,-10.99191
221128.106,1618.41899999999,362.140990668113,12.244092,12.246364,5.54636,0.34768,-4.13437
221130.319,1620.632,362.99497229474,15.647473,15.670759,7.081229,0.693569,-13.89101
221132.491,1622.80399999999,364.190375171021,15.704449,15.749879,7.251326,0.078314,-8.93772
221134.664,1624.977,365.58661860169,15.442782,15.505773,7.135653,-0.053232,-8.89957
221136.826,1627.139,366.897289517846,16.767468,16.818616,7.779193,0.29766,-12.86824
221138.996,1629.30899999999,368.415412764827,19.692122,19.750553,9.101637,0.609421,-19.80816
221141.145,1631.458,370.031817693959,20.739647,20.802542,9.680103,0.269179,-15.22746
221143.345,1633.658,371.864579694933,20.167806,20.250912,9.20496,-0.215974,-8.60539
221145.486,1635.799,374.013923221567,20.683507,20.794882,9.712696,0.237149,-19.10008
221147.690,1638.003,375.854020899339,20.800424,20.881657,9.474436,-0.108103,-10.258
221149.893,1640.20599999999,377.196680924238,20.309385,20.353719,9.239092,-0.106829,-6.45389
221152.104,1642.417,378.224333603532,16.958244,16.989352,7.684013,-0.703337,0.7738
221154.281,1644.594,378.387840380857,11.647411,11.648559,5.350739,-1.071784,2.75971
221156.508,1646.821,378.364357420013,4.463722,4.463784,2.004393,-1.502625,1.47035
221158.693,1649.00599999999,378.067331469164,8.177734,8.183126,3.745138,0.79668,-4.32407
221200.887,1651.2,377.265320558967,12.563436,12.589009,5.737926,0.90829,-4.87677
221203.069,1653.382,376.099476160546,16.779293,16.819746,7.708408,0.903062,-5.70481
221205.232,1655.545,374.744306293786,16.959101,17.013159,7.865538,0.072644,3.31623
221207.415,1657.72799999999,373.335121845519,13.97366,14.044536,6.433594,-0.655952,5.82519
221209.548,1659.86099999999,372.32166312335,9.681565,9.734464,4.563743,-0.87663,4.6433
221211.666,1661.97899999999,371.916944915306,4.41546,4.433969,2.09347,-1.166323,2.11811
221212.397,1662.70999999999,371.83752010935,1.124778,1.127579,1.542516,-0.753699,0.96037
221216.732,1667.045,371.760687249109,12.737678,12.73791,2.938388,0.322,-2.52318
221218.939,1669.25199999999,372.326561949669,12.148939,12.162111,5.510698,1.165523,-14.83548
221221.136,1671.44899999999,372.647818690257,10.658885,10.663725,4.853767,-0.299013,0.05764
221223.368,1673.681,371.643407838062,10.288879,10.337789,4.631626,-0.099526,2.62961
221225.609,1675.92199999999,370.363613961593,12.648396,12.712977,5.672904,0.464649,1.70583
221227.807,1678.12,368.800933092571,16.679625,16.752668,7.621778,0.886658,0.43216
221230.042,1680.355,366.864526913388,19.016973,19.115306,8.55271,0.416524,3.05149
221232.216,1682.52899999999,365.014525664876,18.778507,18.869415,8.679584,0.05836,4.61514
221234.366,1684.67899999999,363.632962217116,17.629555,17.683606,8.224933,-0.211466,4.67197
221236.539,1686.852,363.048722507029,17.671415,17.68107,8.13671,-0.0406,1.95508
221238.707,1689.01999999999,363.184543056773,18.405774,18.406275,8.489979,0.162947,-1.37452
221240.861,1691.174,363.802784884627,18.418347,18.428721,8.555581,0.030456,-3.28313
221242.993,1693.306,365.125496873588,18.031614,18.080063,8.48033,-0.035296,-8.17181
221245.087,1695.39999999999,366.86731822919,15.994998,16.089559,7.683648,-0.380459,-7.47687
221247.191,1697.504,368.827560221615,14.690033,14.820243,7.043842,-0.30409,-10.85725
221249.336,1699.64899999999,371.460847382668,16.740375,16.946219,7.900335,0.399297,-25.25953
221251.543,1701.856,374.898411494824,17.762796,18.092367,8.19772,0.134746,-27.27892
221253.754,1704.067,380.020352646884,17.684608,18.4114,8.327182,0.058554,-39.47532
