214519,0,223.646,0.0,0.0,0,0,-0.35
214520,1.0,223.923,4.483138,4.491688,4.491688,4.491688,-40.16407
214521,2.0,224.188,6.097441,6.103197,6.103197,1.611509,-20.91591
214522,3.0,223.691,7.375631,7.392357,7.392357,1.28916,-10.85918
214523,4.0,224.103,8.227246,8.237556,8.237556,0.845199,-17.61195
214524,5.0,225.239,9.362179,9.430848,9.430848,1.193292,-37.57877
214525,6.0,225.377,10.100181,10.101124,10.101124,0.670276,-11.70772
214526,7.0,225.765,10.598901,10.606,10.606,0.504876,-13.34756
214527,8.0,225.942,10.50268,10.504172,10.504172,-0.101828,0.30092
214528,9.0,226.227,9.910881,9.914978,9.914978,-0.589194,2.20619
214529,10.0,226.708,9.145374,9.158014,9.158014,-0.756964,1.67032
214530,11.0,227.319,8.384319,8.406553,8.406553,-0.751461,0.57562
214531,12.0,227.387,7.619319,7.619622,7.619622,-0.786931,3.16021
214532,13.0,227.134,6.770756,6.775481,6.775481,-0.844141,4.60551
214533,14.0,227.327,5.669743,5.673027,5.673027,-1.102454,2.4502
214534,15.0,227.636,4.315774,4.326822,4.326822,-1.346205,1.49247
214535,16.0,228.222,2.961806,3.01922,3.01922,-1.307602,-2.76761
214536,17.0,227.821,1.696109,1.742868,1.742868,-1.276352,3.07264
214537,18.0,228.008,0.423115,0.462596,0.462596,-1.280272,0.00225
214538,19.0,227.961,0.277153,0.28111,0.28111,-0.181486,-0.30072
214539,20.0,228.759,0.712576,1.069845,1.069845,0.788735,-15.61655
214540,21.0,228.045,0.75471,1.038933,1.038933,-0.030912,3.48514
214541,22.0,228.008,0.356288,0.358204,0.358204,-0.680729,-0.19181
214542,23.0,228.325,0.202506,0.376162,0.376162,0.017958,-0.32407
214543,24.0,228.262,0.0,0.063,0.0,-0.376162,-0.35
214544,25.0,227.612,0.084623,0.655485,0.655485,0.655485,2.87368
214545,26.0,228.286,0.0,0.674,0.0,-0.655485,-0.35
214546,27.0,228.008,0.111195,0.299413,0.299413,0.299413,-0.58975
214547,28.0,227.705,0.111195,0.322759,0.322759,0.023346,-0.32868
214548,29.0,227.488,0.0,0.217,0.0,-0.322759,-0.35
214549,30.0,227.868,0.0,0.38,0.0,0.0,-0.35
214550,31.0,227.784,1.189929,1.192891,1.192891,1.192891,-1.73956
214551,32.0,228.222,3.131052,3.16154,3.16154,1.968649,-18.36311
214552,33.0,228.643,5.163203,5.180338,5.180338,2.018798,-25.06657
214553,34.0,228.318,6.770756,6.778552,6.778552,1.598214,-16.01115
214554,35.0,230.328,7.534733,7.798224,7.798224,1.019672,-47.65469
214555,36.0,229.702,7.623375,7.649034,7.649034,-0.14919,4.20519
214556,37.0,229.771,7.27843,7.278757,7.278757,-0.370277,1.35848
214557,38.0,230.397,7.111812,7.13931,7.13931,-0.139447,-7.5003
214558,39.0,230.738,7.538833,7.546541,7.546541,0.407231,-9.64042
214559,40.0,230.91,7.870727,7.872606,7.872606,0.326065,-5.64343
214600,41.0,231.573,8.293056,8.319516,8.319516,0.44691,-16.17957
214601,42.0,231.388,8.549818,8.551819,8.551819,0.232303,0.32783
214602,43.0,231.528,8.549818,8.550964,8.550964,-0.000855,-0.30935
214603,44.0,232.728,8.547648,8.631471,8.631471,0.080507,-20.08679
214604,45.0,232.751,8.803603,8.803633,8.803633,0.172162,-0.78937
214605,46.0,233.33,8.981061,8.999705,8.999705,0.196072,-10.93922
214606,47.0,233.626,9.098256,9.103069,9.103069,0.103364,-4.44387
214607,48.0,233.988,9.068744,9.075966,9.075966,-0.027103,-3.48733
214608,49.0,233.988,8.687543,8.687543,8.687543,-0.388423,2.23483
214609,50.0,233.771,8.366744,8.369558,8.369558,-0.317985,2.95416
214610,51.0,235.359,7.690764,7.853,7.853,-0.516558,-18.68137
214611,52.0,234.947,8.258448,8.268719,8.268719,0.415719,0.71008
214612,53.0,235.925,8.215219,8.273229,8.273229,0.00451,-15.13799
214613,54.0,236.054,9.223921,9.224823,9.224823,0.951594,-15.5108
214614,55.0,236.147,10.357061,10.357479,10.357479,1.132656,-19.70185
214615,56.0,236.953,11.84079,11.86819,11.86819,1.510711,-42.66212
214616,57.0,237.465,12.550532,12.560971,12.560971,0.692781,-20.89365
214617,58.0,237.891,13.169041,13.175929,13.175929,0.614958,-18.45111
214618,59.0,237.912,12.781399,12.781416,12.781416,-0.394513,3.10362
214619,60.0,238.934,12.470947,12.512754,12.512754,-0.268662,-8.2238
214620,61.0,239.933,12.634113,12.673548,12.673548,0.160794,-17.53555
214621,62.0,239.857,13.101342,13.101563,13.101563,0.428015,-14.41359
214622,63.0,240.779,13.373367,13.405112,13.405112,0.303549,-20.00454
214623,64.0,240.491,13.534186,13.53725,13.53725,0.132138,0.59745
214624,65.0,240.755,13.672404,13.674952,13.674952,0.137702,-4.58727
214625,66.0,240.631,13.681846,13.682408,13.682408,0.007456,0.5405
214626,67.0,240.771,13.294596,13.295333,13.295333,-0.387075,2.21663
214627,68.0,240.15,13.132012,13.146687,13.146687,-0.148646,4.59129
214628,69.0,240.787,12.960948,12.976592,12.976592,-0.170095,-3.62714
214629,70.0,240.623,12.639996,12.641059,12.641059,-0.335533,3.72705
214630,71.0,239.532,11.826279,11.876496,11.876496,-0.764563,11.39773
214631,72.0,239.214,10.079819,10.084834,10.084834,-1.791662,11.90477
214632,73.0,238.765,7.683068,7.696177,7.696177,-2.388657,12.4814
214633,74.0,238.424,5.103791,5.11517,5.11517,-2.581007,8.89935
214634,75.0,238.789,3.144537,3.165649,3.165649,-1.949521,1.28548
214635,76.0,238.541,1.683679,1.701846,1.701846,-1.463803,2.41097
214636,77.0,238.261,0.885935,0.929129,0.929129,-0.772717,1.57124
214637,78.0,238.541,0.437486,0.519417,0.519417,-0.409712,-4.75638
214638,79.0,239.492,0.754716,1.214083,1.214083,0.694666,-18.26861
214639,80.0,239.051,0.769689,0.887075,0.887075,-0.327008,2.18218
214640,81.0,239.13,0.519776,0.525746,0.525746,-0.361329,-1.26017
214641,82.0,238.858,0.169248,0.320357,0.320357,-0.205389,-0.28975
214642,83.0,238.749,0.0,0.109,0.0,-0.320357,-0.35
214643,84.0,237.735,0.111195,1.020079,1.020079,1.020079,4.48133
214644,85.0,238.393,0.111195,0.667329,0.667329,-0.35275,-11.32562
214645,86.0,238.385,0.0,0.008,0.0,-0.667329,-0.35
214646,87.0,238.107,0.0,0.278,0.0,0.0,-0.35
214647,88.0,238.601,0.111195,0.50636,0.50636,0.50636,-9.36531
214648,89.0,238.176,0.084624,0.433343,0.433343,-0.073017,-0.29909
214649,90.0,238.525,0.111195,0.366286,0.366286,-0.067057,-0.30814
214650,91.0,238.501,0.0,0.024,0.0,-0.366286,-0.35
214651,92.0,237.951,0.0,0.55,0.0,0.0,-0.35
214652,93.0,238.176,0.139734,0.264859,0.264859,0.264859,-0.54567
214653,94.0,237.875,1.012535,1.056328,1.056328,0.791469,0.86223
214654,95.0,238.107,2.217244,2.229348,2.229348,1.17302,-8.52562
214655,96.0,237.774,3.529793,3.545466,3.545466,1.316118,-3.81832
214656,97.0,238.493,4.679348,4.734264,4.734264,1.188798,-21.78313
214657,98.0,238.501,5.991278,5.991283,5.991283,1.257019,-12.30011
214658,99.0,237.658,6.744216,6.796698,6.796698,0.805415,1.72403
214659,100.0,237.402,8.259675,8.263642,8.263642,1.466944,-20.06053
214700,101.0,237.999,9.301417,9.320556,9.320556,1.056914,-25.62798
214701,102.0,237.595,10.135997,10.144045,10.144045,0.823489,-11.44873
214702,103.0,237.449,11.085285,11.086246,11.086246,0.942201,-20.15445
214703,104.0,237.666,11.880397,11.882379,11.882379,0.796133,-17.1091
214704,105.0,236.844,11.995902,12.024032,12.024032,0.141653,4.33945
214705,106.0,237.161,12.228383,12.232491,12.232491,0.208459,-6.36674
214706,107.0,236.326,11.863883,11.893232,11.893232,-0.339259,7.36927
214707,108.0,236.403,11.629337,11.629592,11.629592,-0.26364,2.04219
214708,109.0,235.745,11.060435,11.07999,11.07999,-0.549602,7.42473
214709,110.0,236.474,10.503104,10.528373,10.528373,-0.551617,-0.05733
214710,111.0,235.806,9.450928,9.474506,9.474506,-1.053867,9.34889
214711,112.0,235.544,8.104597,8.108831,8.108831,-1.365675,7.64833
214712,113.0,235.444,6.219419,6.220223,6.220223,-1.888608,6.96574
214713,114.0,235.211,4.27724,4.283582,4.283582,-1.936641,5.64299
214714,115.0,235.071,2.83513,2.838584,2.838584,-1.444998,2.79698
214715,116.0,235.312,1.831944,1.847728,1.847728,-0.990856,-0.81552
214716,117.0,235.151,1.39449,1.403754,1.403754,-0.443974,0.93556
214717,118.0,234.717,1.213418,1.288697,1.288697,-0.115057,2.10166
214718,119.0,235.28,1.670069,1.762413,1.762413,0.473716,-11.282
214719,120.0,235.909,1.565903,1.687511,1.687511,-0.074902,-10.73943
214720,121.0,235.568,0.893576,0.95643,0.95643,-0.731081,1.88261
214721,122.0,235.576,0.277159,0.277274,0.277274,-0.679156,-0.22778
214722,123.0,235.359,1.771877,1.785115,1.785115,1.507841,-1.83328
214723,124.0,235.452,3.16336,3.164727,3.164727,1.379612,-8.96263
214724,125.0,235.079,3.801992,3.820245,3.820245,0.655518,0.57466
214725,126.0,234.802,4.019586,4.029119,4.029119,0.208874,0.97712
214726,127.0,234.863,4.100291,4.100745,4.100745,0.071626,-0.83128
214727,128.0,234.971,3.311872,3.313633,3.313633,-0.787112,0.74193
214728,129.0,235.444,2.225791,2.275495,2.275495,-1.038138,-3.82766
214729,130.0,235.259,1.397346,1.409539,1.409539,-0.865956,1.38026
214730,131.0,234.995,0.452759,0.524105,0.524105,-0.885434,1.32019
214731,132.0,235.359,1.824668,1.860621,1.860621,1.336516,-10.71709
214732,133.0,235.42,4.114107,4.114559,4.114559,2.253938,-16.92906
214733,134.0,236.07,6.46571,6.4983,6.4983,2.383741,-37.69837
214734,135.0,235.227,8.42706,8.469119,8.469119,1.970819,-18.00448
214735,136.0,236.062,10.279243,10.313102,10.313102,1.843983,-45.83599
214736,137.0,236.194,10.951367,10.952162,10.952162,0.63906,-11.63884
214737,138.0,236.744,11.420961,11.434197,11.434197,0.482035,-16.10163
214738,139.0,236.921,11.651714,11.653059,11.653059,0.218862,-4.12722
214739,140.0,236.945,11.503264,11.503289,11.503289,-0.14977,1.58517
214740,141.0,236.76,11.392922,11.394424,11.394424,-0.108865,2.40626
214741,142.0,237.41,11.117793,11.136777,11.136777,-0.257647,-2.97164
214742,143.0,237.209,10.495424,10.497348,10.497348,-0.639429,5.28777
214743,144.0,237.735,10.064907,10.078642,10.078642,-0.418706,0.10025
214744,145.0,237.806,9.791355,9.791612,9.791612,-0.28703,1.69349
214745,146.0,237.526,9.457412,9.461556,9.461556,-0.330056,3.65656
214746,147.0,237.735,8.804055,8.806536,8.806536,-0.65502,2.43176
214747,148.0,237.558,8.213343,8.21525,8.21525,-0.591286,3.89919
214748,149.0,237.595,7.754189,7.754277,7.754277,-0.460973,2.04492
214749,150.0,237.611,7.297095,7.297113,7.297113,-0.457164,1.9795
214750,151.0,237.642,6.946491,6.94656,6.94656,-0.350553,1.38459
214751,152.0,237.534,6.893785,6.894631,6.894631,-0.051929,0.99873
214752,153.0,238.385,7.297103,7.346558,7.346558,0.451927,-19.12435
214753,154.0,238.926,8.067318,8.085438,8.085438,0.73888,-18.16581
214754,155.0,238.253,8.893173,8.918602,8.918602,0.833164,0.01937
214755,156.0,238.316,9.556221,9.556429,9.556429,0.637827,-9.40567
214756,157.0,238.578,9.444299,9.447933,9.447933,-0.108496,-0.30034
214757,158.0,238.541,8.80586,8.805938,8.805938,-0.641995,3.65758
214758,159.0,238.432,7.672673,7.673447,7.673447,-1.132491,5.52909
214759,160.0,238.681,6.066207,6.071315,6.071315,-1.602132,4.04732
214800,161.0,238.348,3.880288,3.89455,3.89455,-2.176765,6.22963
214801,162.0,239.246,1.7864,1.999407,1.999407,-1.895143,-8.81963
214802,163.0,238.834,0.679854,0.79495,0.79495,-1.204457,2.37918
214803,164.0,238.617,1.077629,1.099261,1.099261,0.304311,0.69359
214804,165.0,239.355,2.719418,2.817779,2.817779,1.718518,-21.2584
214805,166.0,239.014,4.313024,4.326483,4.326483,1.508704,-7.23992
214806,167.0,238.789,5.344541,5.349275,5.349275,1.022792,-7.69441
214807,168.0,238.982,5.961333,5.964456,5.964456,0.615181,-8.63823
214808,169.0,239.331,6.877287,6.886137,6.886137,0.921681,-15.87975
214809,170.0,238.826,8.094127,8.109865,8.109865,1.223728,-11.68268
214810,171.0,238.897,9.344305,9.344575,9.344575,1.23471,-19.39076
214811,172.0,238.958,9.976469,9.976656,9.976656,0.632081,-9.57405
214812,173.0,237.582,10.207899,10.300222,10.300222,0.323566,6.0526
214813,174.0,237.959,10.056896,10.06396,10.06396,-0.236262,-0.10461
214814,175.0,236.844,9.472156,9.537556,9.537556,-0.526404,9.04755
214815,176.0,236.567,8.23301,8.237668,8.237668,-1.299888,7.54576
214816,177.0,235.745,6.531415,6.582938,6.582938,-1.65473,10.32351
214817,178.0,236.046,4.909606,4.918824,4.918824,-1.664114,2.84601
214818,179.0,235.684,2.961933,2.983973,2.983973,-1.934851,4.86245
214819,180.0,234.963,1.2694,1.459869,1.459869,-1.524104,4.72486
214820,181.0,234.942,0.084627,0.087193,0.087193,-1.372676,-0.27931
214821,182.0,235.597,0.25388,0.702481,0.702481,0.615288,-12.46063
214822,183.0,236.279,1.52328,1.668983,1.668983,0.966502,-14.79556
214823,184.0,235.188,3.317255,3.492057,3.492057,1.823074,2.24395
214824,185.0,235.359,4.598437,4.601616,4.601616,1.109559,-11.24707
214825,186.0,236.126,5.593017,5.645363,5.645363,1.043747,-22.8219
214826,187.0,235.761,6.459824,6.470128,6.470128,0.824765,-5.34794
214827,188.0,236.628,7.956286,8.003385,8.003385,1.533257,-35.22079
214828,189.0,237.0,9.143917,9.151481,9.151481,1.148096,-22.91348
214829,190.0,237.093,9.725029,9.725474,9.725474,0.573993,-8.94402
214830,191.0,237.595,9.587011,9.600145,9.600145,-0.125329,-4.02314
214831,192.0,237.959,9.488132,9.495111,9.495111,-0.105034,-2.00779
214832,193.0,238.982,9.012255,9.070131,9.070131,-0.42498,-8.64619
214833,194.0,239.37,8.358637,8.367638,8.367638,-0.702493,1.50391
214834,195.0,239.724,8.40283,8.410283,8.410283,0.042645,-4.68717
214835,196.0,240.028,7.986393,7.992176,7.992176,-0.418107,0.54908
214836,197.0,240.089,7.748449,7.748689,7.748689,-0.243487,1.01839
214837,198.0,240.361,7.395191,7.400191,7.400191,-0.348498,0.24675
214838,199.0,240.71,7.011846,7.020526,7.020526,-0.379665,-0.14914
214839,200.0,241.056,5.55048,5.561253,5.561253,-1.459273,2.63186
214840,201.0,241.389,5.07649,5.0874,5.0874,-0.473853,-0.47324
214841,202.0,241.128,4.225825,4.233877,4.233877,-0.853523,3.28766
214842,203.0,241.553,2.989658,3.019716,3.019716,-1.214161,-0.44034
214843,204.0,242.243,2.481146,2.575303,2.575303,-0.444413,-9.74621
214844,205.0,242.29,3.124422,3.124775,3.124775,0.549472,-3.41476
214845,206.0,242.512,4.729519,4.734727,4.734727,1.609952,-16.61737
214846,207.0,242.56,6.261594,6.261778,6.261778,1.527051,-16.55777
214847,208.0,243.313,6.962483,7.003084,7.003084,0.741306,-20.87459
214848,209.0,243.241,7.062065,7.062432,7.062432,0.059348,0.41277
214849,210.0,242.644,6.32131,6.349438,6.349438,-0.712994,5.72743
214850,211.0,243.093,4.973603,4.993829,4.993829,-1.355609,1.32305
214851,212.0,243.157,3.114347,3.115004,3.115004,-1.878825,2.68623
214852,213.0,243.59,1.816575,1.867467,1.867467,-1.247537,-3.29286
214853,214.0,242.652,1.227809,1.545108,1.545108,-0.322359,4.946
214854,215.0,243.659,2.188653,2.409202,2.409202,0.864094,-21.15235
214855,216.0,242.877,4.27571,4.346633,4.346633,1.937431,-2.88466
214856,217.0,243.313,6.485884,6.500522,6.500522,2.153889,-31.26403
214857,218.0,242.8,8.619512,8.634764,8.634764,2.134242,-26.98712
214858,219.0,241.854,10.312853,10.356151,10.356151,1.721387,-18.9922
214859,220.0,240.879,11.285862,11.327899,11.327899,0.971748,-0.00268
214900,221.0,241.204,11.933555,11.93798,11.93798,0.610081,-15.07892
214901,222.0,239.732,12.395117,12.482216,12.482216,0.544236,4.7767
214902,223.0,239.299,13.102768,13.10992,13.10992,0.627704,-12.84564
214903,224.0,238.905,15.866998,15.871889,15.871889,2.761969,-81.63195
214904,225.0,237.774,14.387172,14.431559,14.431559,-1.44033,16.41092
214905,226.0,237.566,13.482714,13.484318,13.484318,-0.947241,7.98192
214906,227.0,237.077,13.709404,13.718122,13.718122,0.233804,0.76966
214907,228.0,236.921,13.623084,13.623977,13.623977,-0.094145,1.48664
214908,229.0,236.628,13.452667,13.455858,13.455858,-0.168119,2.839
214909,230.0,236.263,13.150876,13.15594,13.15594,-0.299918,4.30829
214910,231.0,235.288,12.557669,12.595463,12.595463,-0.560477,9.50075
214911,232.0,234.955,11.961113,11.965748,11.965748,-0.629715,6.62
214912,233.0,235.32,11.424909,11.430738,11.430738,-0.53501,2.13379
214913,234.0,234.152,10.915624,10.977936,10.977936,-0.452802,9.48292
214914,235.0,234.244,9.184137,9.184597,9.184597,-1.793339,8.79719
214915,236.0,234.004,8.710247,8.713553,8.713553,-0.471044,3.88311
214916,237.0,233.956,7.754462,7.754611,7.754611,-0.958942,4.54972
214917,238.0,233.911,7.119424,7.119566,7.119566,-0.635045,2.9127
214918,239.0,234.165,7.251822,7.256269,7.256269,0.136703,-4.48027
214919,240.0,233.058,7.80612,7.884222,7.884222,0.627953,3.49766
214920,241.0,233.261,7.758592,7.761247,7.761247,-0.122975,-0.22057
214921,242.0,233.755,8.712553,8.726547,8.726547,0.9653,-21.49017
214922,243.0,234.361,9.684304,9.703246,9.703246,0.976699,-24.95996
214923,244.0,233.269,11.130103,11.183544,11.183544,1.480298,-14.51434
214924,245.0,233.703,12.30478,12.312431,12.312431,1.128887,-28.78939
214925,246.0,232.92,13.043719,13.067199,13.067199,0.754768,-0.81414
214926,247.0,233.129,12.887905,12.8896,12.8896,-0.177599,0.5863
214927,248.0,232.44,12.556871,12.57576,12.57576,-0.31384,6.35522
214928,249.0,232.656,11.966019,11.967969,11.967969,-0.607791,3.60832
214929,250.0,231.657,11.081527,11.126466,11.126466,-0.841503,10.96169
214930,251.0,231.504,9.634483,9.635697,9.635697,-1.490769,9.00985
214931,252.0,231.335,7.482645,7.484553,7.484553,-2.151144,9.776
214932,253.0,230.606,5.339036,5.388575,5.388575,-2.095978,9.93699
214933,254.0,231.697,3.011801,3.203315,3.203315,-2.18526,-6.12639
214934,255.0,231.56,1.26556,1.272954,1.272954,-1.930361,1.77791
214935,256.0,231.203,0.139738,0.383374,0.383374,-0.88958,-0.13798
214936,257.0,231.488,0.853578,0.8999,0.8999,0.516526,-5.95864
214937,258.0,231.853,0.957129,1.024364,1.024364,0.124464,-6.72796
214938,259.0,231.922,0.83152,0.834378,0.834378,-0.189986,-1.059
214939,260.0,231.565,0.607554,0.704678,0.704678,-0.1297,1.62226
214940,261.0,231.319,0.08463,0.260151,0.260151,-0.444527,-0.26789
214941,262.0,231.689,0.0,0.37,0.0,-0.260151,-0.35
214942,263.0,231.877,0.519815,0.552767,0.552767,0.552767,-4.05876
214943,264.0,231.813,1.539495,1.540825,1.540825,0.988058,-2.36248
214944,265.0,231.768,3.20467,3.204986,3.204986,1.664161,-9.98475
214945,266.0,231.676,5.38829,5.389075,5.389075,2.184089,-21.34051
214946,267.0,232.07,7.612091,7.622281,7.622281,2.233206,-35.5566
214947,268.0,231.782,9.590888,9.595211,9.595211,1.97293,-32.22516
214948,269.0,231.42,11.06761,11.073528,11.073528,1.478317,-26.97295
214949,270.0,231.737,11.877721,11.881951,11.881951,0.808423,-19.12887
214950,271.0,231.335,12.353906,12.360445,12.360445,0.478494,-0.28519
214951,272.0,231.288,12.79782,12.797907,12.797907,0.437462,-14.51397
214952,273.0,231.118,12.59208,12.593227,12.593227,-0.20468,2.89896
214953,274.0,230.73,12.046061,12.052308,12.052308,-0.540919,6.43994
214954,275.0,230.754,11.779768,11.779792,11.779792,-0.272516,2.41808
214955,276.0,231.644,12.454119,12.48588,12.48588,0.706088,-27.73061
214957,278.0,232.146,32.530698,32.534571,16.267286,1.890703,-57.10608
214958,279.0,231.303,15.89922,15.921553,15.921553,-0.345733,5.51189
214959,280.0,232.239,16.166409,16.193483,16.193483,0.27193,-21.86947
215000,281.0,231.721,16.166412,16.174709,16.174709,-0.018774,0.80456
215001,282.0,232.054,15.953929,15.957404,15.957404,-0.217305,-1.76115
215002,283.0,231.657,15.979278,15.984209,15.984209,0.026805,-0.04377
215003,284.0,230.963,15.767411,15.782677,15.782677,-0.201532,3.61738
215004,285.0,232.038,15.160588,15.198653,15.198653,-0.584024,-2.09721
215005,286.0,231.319,14.842865,14.860269,14.860269,-0.338384,5.51502
215006,287.0,231.488,14.267542,14.268543,14.268543,-0.591726,3.14692
215007,288.0,230.59,13.582806,13.612459,13.612459,-0.656084,9.45736
215008,289.0,231.565,12.454119,12.492226,12.492226,-1.120233,3.05498
215009,290.0,231.496,12.093808,12.094005,12.094005,-0.398221,3.84018
215010,291.0,232.58,12.472223,12.519241,12.519241,0.425236,-24.88794
215011,292.0,231.737,12.599263,12.627433,12.627433,0.108192,4.29717
215012,293.0,232.046,12.611042,12.614827,12.614827,-0.012606,-1.44586
215013,294.0,232.455,12.305865,12.31266,12.31266,-0.302167,0.63673
215014,295.0,231.969,11.359679,11.370071,11.370071,-0.942589,9.03329
215015,296.0,232.223,10.061964,10.065169,10.065169,-1.304902,6.27699
215016,297.0,233.013,8.803266,8.838642,8.838642,-1.226527,2.10094
215017,298.0,231.644,7.481505,7.605726,7.605726,-1.232916,12.48194
215018,299.0,231.565,5.973131,5.973653,5.973653,-1.632073,5.76635
215019,300.0,231.953,4.853457,4.868942,4.868942,-1.104711,0.88911
215020,301.0,232.078,4.999555,5.001118,5.001118,0.132176,-2.34842
215021,302.0,231.866,6.268726,6.27231,6.27231,1.271192,-12.70247
215022,303.0,231.565,8.69082,8.696031,8.696031,2.423721,-35.48807
215023,304.0,231.071,11.249437,11.260279,11.260279,2.564248,-47.1572
215024,305.0,231.015,12.396641,12.396768,12.396768,1.136489,-29.079
215025,306.0,230.468,15.102837,15.112739,15.112739,2.715971,-72.64707
215026,307.0,229.454,13.894399,13.931351,13.931351,-1.181388,13.85823
215027,308.0,228.859,14.924432,14.936288,14.936288,1.004937,-24.83385
215028,309.0,227.572,15.877228,15.929304,15.929304,0.993016,-3.54548
215029,310.0,228.037,16.812147,16.818576,16.818576,0.889272,-32.80093
215030,311.0,226.877,17.364415,17.403118,17.403118,0.584542,-2.63884
215031,312.0,226.677,17.960204,17.961318,17.961318,0.5582,-28.45985
215032,313.0,227.652,18.324111,18.350031,18.350031,0.388713,-28.56414
215033,314.0,227.459,18.558814,18.559817,18.559817,0.209786,-5.62546
215034,315.0,227.094,18.375513,18.379138,18.379138,-0.180679,-0.66941
215035,316.0,227.242,18.140142,18.140746,18.140746,-0.238392,-2.54914
215036,317.0,227.644,18.007101,18.011588,18.011588,-0.129158,-4.80063
215037,318.0,227.736,18.025295,18.025529,18.025529,0.013941,-4.56884
215038,319.0,227.062,17.756548,17.769335,17.769335,-0.256194,2.28259
215039,320.0,227.691,17.488065,17.499373,17.499373,-0.269962,-4.15545
215040,321.0,227.464,17.153916,17.155418,17.155418,-0.343955,1.30947
215041,322.0,227.929,16.969068,16.975438,16.975438,-0.17998,-3.64678
215042,323.0,226.949,16.700985,16.729713,16.729713,-0.245725,4.7225
215043,324.0,226.885,16.300765,16.300891,16.300891,-0.428822,1.87787
215044,325.0,226.452,16.050343,16.056182,16.056182,-0.244709,2.4036
215045,326.0,226.6,15.698119,15.698817,15.698817,-0.357365,0.582
215046,327.0,226.452,15.409655,15.410366,15.410366,-0.288451,1.76031
215047,328.0,225.757,15.151484,15.167415,15.167415,-0.242951,4.42222
215048,329.0,225.85,15.169902,15.170187,15.170187,0.002772,-1.69169
215049,330.0,225.91,15.479699,15.479815,15.479815,0.309628,-6.84904
215050,331.0,226.243,15.328742,15.332359,15.332359,-0.147456,-1.85541
215051,332.0,226.198,15.144736,15.144803,15.144803,-0.187556,0.58915
215052,333.0,226.801,14.844964,14.857206,14.857206,-0.287597,-1.80318
215053,334.0,227.343,14.308082,14.318344,14.318344,-0.538862,0.77007
215054,335.0,227.612,14.260937,14.263474,14.263474,-0.05487,-1.45866
215055,336.0,227.821,13.991871,13.993431,13.993431,-0.270043,0.65063
215056,337.0,227.953,13.772579,13.773212,13.773212,-0.220219,0.81117
215057,338.0,226.523,14.094192,14.166551,14.166551,0.393339,4.1138
215058,339.0,225.95,13.806643,13.818528,13.818528,-0.348023,5.41626
215059,340.0,224.782,14.057291,14.105731,14.105731,0.287203,3.59867
215100,341.0,224.573,14.409267,14.410783,14.410783,0.305052,-1.83014
215101,342.0,223.575,15.197258,15.229992,15.229992,0.819209,-2.66525
215102,343.0,222.317,15.496004,15.546983,15.546983,0.316991,2.45132
215103,344.0,221.728,15.45447,15.46569,15.46569,-0.081293,2.32036
215104,345.0,221.691,15.393288,15.393333,15.393333,-0.072357,-0.58267
215105,346.0,220.753,15.504924,15.533271,15.533271,0.139938,2.25816
215106,347.0,220.013,15.706197,15.72362,15.72362,0.190349,0.61819
215107,348.0,218.821,16.115514,16.159537,16.159537,0.435917,0.4271
215108,349.0,217.407,15.786015,15.849217,15.849217,-0.31032,8.2534
215109,350.0,216.387,14.831466,14.866499,14.866499,-0.982718,12.19684
215110,351.0,215.706,13.40756,13.424844,13.424844,-1.441655,14.00803
215111,352.0,214.131,11.867583,11.97164,11.97164,-1.453204,18.38154
215112,353.0,213.491,9.771138,9.792076,9.792076,-2.179564,15.29998
215113,354.0,212.617,7.593726,7.643857,7.643857,-2.148219,13.65301
215114,355.0,212.186,9.018502,9.028795,9.028795,1.384938,-17.96093
215115,356.0,211.552,3.837351,3.889372,3.889372,-5.139423,13.9449
215116,357.0,211.404,2.057763,2.063079,2.063079,-1.826293,2.59762
215117,358.0,211.499,0.793516,0.799182,0.799182,-1.263897,-0.24551
215118,359.0,211.475,0.337528,0.33838,0.33838,-0.460802,-0.24026
215119,360.0,210.833,0.754796,0.990899,0.990899,0.652519,2.74255
215120,361.0,211.729,0.909718,1.276873,1.276873,0.285974,-16.42699
215121,362.0,211.412,0.831558,0.889931,0.889931,-0.386942,1.56248
215122,363.0,211.504,0.478053,0.486825,0.486825,-0.403106,-0.20709
215123,364.0,211.467,0.16927,0.173267,0.173267,-0.313558,-0.30742
215124,365.0,211.187,0.111195,0.301271,0.301271,0.128004,-0.34692
215125,366.0,210.625,0.084635,0.568337,0.568337,0.267066,2.55456
215126,367.0,211.483,0.084635,0.862164,0.862164,0.293827,-15.66825
215127,368.0,211.05,0.0,0.433,0.0,-0.862164,-0.35
215128,369.0,211.42,0.0,0.37,0.0,0.0,-0.35
215129,370.0,211.058,0.0,0.362,0.0,0.0,-0.35
215130,371.0,211.42,0.111195,0.378693,0.378693,0.378693,-0.70708
215131,372.0,210.989,0.084635,0.439231,0.439231,0.060538,-0.32969
215132,373.0,210.995,0.0,0.006,0.0,-0.439231,-0.35
215133,374.0,211.034,0.0,0.039,0.0,0.0,-0.35
215134,375.0,211.235,0.0,0.201,0.0,0.0,-0.35
215135,376.0,211.304,0.084635,0.109197,0.109197,0.109197,-0.34779
215136,377.0,211.32,0.111195,0.11234,0.11234,0.003143,-0.34137
215137,378.0,211.745,0.0,0.425,0.0,-0.11234,-0.35
215138,379.0,211.034,0.084635,0.71602,0.71602,0.71602,3.15337
215139,380.0,211.922,0.0,0.888,0.0,-0.71602,-0.35
215140,381.0,211.335,0.0,0.587,0.0,0.0,-0.35
215141,382.0,211.074,0.0,0.261,0.0,0.0,-0.35
215142,383.0,210.757,0.0,0.317,0.0,0.0,-0.35
215143,384.0,211.396,0.13974,0.654101,0.654101,0.654101,-12.18414
215144,385.0,211.182,0.0,0.214,0.0,-0.654101,-0.35
215145,386.0,211.343,0.0,0.161,0.0,0.0,-0.35
215146,387.0,210.532,0.0,0.811,0.0,0.0,-0.35
215147,388.0,211.845,0.0,1.313,0.0,0.0,-0.35
215148,389.0,210.54,0.111195,1.309729,1.309729,1.309729,5.66706
215149,390.0,211.56,0.084635,1.023505,1.023505,-0.286224,-17.49547
215150,391.0,211.042,0.084635,0.524869,0.524869,-0.498636,2.54147
215151,392.0,210.672,0.0,0.37,0.0,-0.524869,-0.35
215152,393.0,211.267,0.13974,0.611189,0.611189,0.611189,-11.3242
215153,394.0,211.335,0.0,0.068,0.0,-0.611189,-0.35
215154,395.0,211.367,0.111195,0.115708,0.115708,0.115708,-0.34806
215155,396.0,211.182,0.084635,0.203441,0.203441,0.087733,-0.34355
215156,397.0,210.741,0.0,0.441,0.0,-0.203441,-0.35
215157,398.0,212.231,0.253905,1.511479,1.511479,1.511479,-30.25412
215158,399.0,211.296,2.452184,2.624392,2.624392,1.112913,3.19362
215159,400.0,211.544,4.867689,4.874002,4.874002,2.24961,-23.02479
215200,401.0,211.09,7.052109,7.066707,7.066707,2.192705,-22.19879
215201,402.0,211.705,9.00895,9.029917,9.029917,1.96321,-40.18169
215202,403.0,211.499,10.592141,10.594144,10.594144,1.564227,-29.86406
215203,404.0,212.733,11.686792,11.75176,11.75176,1.157616,-42.48889
215205,406.0,213.692,28.059283,28.075666,14.037833,1.143037,-33.87764
215206,407.0,214.007,12.698753,12.702659,12.702659,-1.335174,7.96997
215207,408.0,214.387,12.351369,12.357213,12.357213,-0.345446,1.05702
215208,409.0,214.889,11.579102,11.589979,11.589979,-0.767234,2.92105
215209,410.0,215.737,10.592097,10.625989,10.625989,-0.96399,1.69934
215210,411.0,215.777,10.901306,10.90138,10.90138,0.275391,-2.87531
215211,412.0,215.368,8.12514,8.135428,8.135428,-2.765952,14.51675
215212,413.0,215.508,6.410216,6.411745,6.411745,-1.723683,5.35745
215213,414.0,216.332,5.05144,5.118205,5.118205,-1.29354,-1.55162
215214,415.0,215.854,3.57018,3.602037,3.602037,-1.516168,5.3546
215215,416.0,215.706,2.31685,2.321573,2.321573,-1.280464,2.19437
215216,417.0,216.094,1.122219,1.1874,1.1874,-1.134173,-4.44588
215217,418.0,216.031,0.6987,0.701534,0.701534,-0.485866,0.21661
215218,419.0,215.97,0.853615,0.855792,0.855792,0.154258,-0.03394
215219,420.0,215.793,0.853615,0.871773,0.871773,0.015981,0.63732
215220,421.0,215.516,0.507805,0.578442,0.578442,-0.293331,1.23546
215221,422.0,215.568,0.169268,0.177076,0.177076,-0.401366,-0.29819
215222,423.0,216.364,0.111195,0.803729,0.803729,0.626653,-15.04203
215223,424.0,216.496,0.084634,0.156802,0.156802,-0.646927,-0.28358
215224,425.0,217.09,0.111195,0.604318,0.604318,0.447516,-11.12355
215225,426.0,216.504,0.0,0.586,0.0,-0.604318,-0.35
215226,427.0,216.287,0.0,0.217,0.0,0.0,-0.35
215227,428.0,216.255,0.0,0.032,0.0,0.0,-0.35
215228,429.0,216.897,0.084634,0.647555,0.647555,0.647555,-12.22338
215229,430.0,216.464,0.0,0.433,0.0,-0.647555,-0.35
215230,431.0,216.11,0.0,0.354,0.0,0.0,-0.35
215231,432.0,215.962,0.0,0.148,0.0,0.0,-0.35
215232,433.0,215.645,0.111195,0.335936,0.335936,0.335936,-0.641
215233,434.0,216.086,0.0,0.441,0.0,-0.335936,-0.35
215234,435.0,216.512,0.0,0.426,0.0,0.0,-0.35
215235,436.0,216.24,0.0,0.272,0.0,0.0,-0.35
215236,437.0,216.504,0.0,0.264,0.0,0.0,-0.35
215237,438.0,215.854,0.0,0.65,0.0,0.0,-0.35
215238,439.0,216.062,0.084634,0.224559,0.224559,0.224559,-0.49967
215239,440.0,216.094,0.0,0.032,0.0,-0.224559,-0.35
215240,441.0,215.962,0.0,0.132,0.0,0.0,-0.35
215241,442.0,215.83,0.0,0.132,0.0,0.0,-0.35
215242,443.0,216.187,0.13974,0.383375,0.383375,0.383375,-0.71471
215243,444.0,215.901,0.0,0.286,0.0,-0.383375,-0.35
215244,445.0,216.025,0.084634,0.15013,0.15013,0.15013,-0.43003
215245,446.0,216.327,0.0,0.302,0.0,-0.15013,-0.35
215246,447.0,216.07,0.0,0.257,0.0,0.0,-0.35
215247,448.0,216.356,0.0,0.286,0.0,0.0,-0.35
215248,449.0,216.025,0.084634,0.341649,0.341649,0.341649,-0.64945
215249,450.0,216.163,0.0,0.138,0.0,-0.341649,-0.35
215250,451.0,216.21,0.0,0.047,0.0,0.0,-0.35
215251,452.0,216.24,0.084634,0.089794,0.089794,0.089794,-0.34725
215252,453.0,215.6,0.0,0.64,0.0,-0.089794,-0.35
215253,454.0,215.962,0.111195,0.378693,0.378693,0.378693,-0.70708
215254,455.0,215.36,0.111195,0.612183,0.612183,0.23349,2.77204
215255,456.0,216.118,0.0,0.758,0.0,-0.612183,-0.35
215256,457.0,216.295,0.0,0.177,0.0,0.0,-0.35
215257,458.0,216.279,0.0,0.016,0.0,0.0,-0.35
215258,459.0,215.809,0.0,0.47,0.0,0.0,-0.35
215259,460.0,215.946,0.0,0.137,0.0,0.0,-0.35
215300,461.0,215.291,0.0,0.655,0.0,0.0,-0.35
215301,462.0,216.247,0.0,0.956,0.0,0.0,-0.35
215302,463.0,216.247,0.0,0.0,0.0,0.0,-0.35
215303,464.0,217.347,0.0,1.1,0.0,0.0,-0.35
215304,465.0,216.372,0.0,0.975,0.0,0.0,-0.35
215305,466.0,215.97,0.0,0.402,0.0,0.0,-0.35
215306,467.0,215.962,0.0,0.008,0.0,0.0,-0.35
215307,468.0,216.187,0.0,0.225,0.0,0.0,-0.35
215308,469.0,217.199,0.0,1.012,0.0,0.0,-0.35
215309,470.0,216.002,0.0,1.197,0.0,0.0,-0.35
215310,471.0,216.549,0.0,0.547,0.0,0.0,-0.35
215311,472.0,216.549,0.111195,0.111195,0.111195,0.111195,-0.34787
215312,473.0,216.055,0.0,0.494,0.0,-0.111195,-0.35
215313,474.0,215.97,0.084634,0.11995,0.11995,0.11995,-0.34826
215314,475.0,216.031,0.0,0.061,0.0,-0.11995,-0.35
215315,476.0,216.179,0.0,0.148,0.0,0.0,-0.35
215316,477.0,216.403,0.0,0.224,0.0,0.0,-0.35
215317,478.0,215.669,0.084634,0.738863,0.738863,0.738863,3.2578
215318,479.0,216.657,2.113853,2.333349,2.333349,1.594486,-23.77707
215319,480.0,217.222,4.604809,4.639341,4.639341,2.305992,-28.19354
215320,481.0,217.291,6.467646,6.468014,6.468014,1.828673,-20.92178
215321,482.0,217.447,7.883563,7.885107,7.885107,1.417093,-20.78952
215322,483.0,217.685,9.097095,9.100208,9.100208,1.215101,-21.56361
215323,484.0,217.717,9.991076,9.991127,9.991127,0.890919,-13.70983
215324,485.0,218.705,11.436387,11.478985,11.478985,1.487858,-44.52368
215325,486.0,219.17,12.684732,12.693253,12.693253,1.214268,-32.12645
215326,487.0,220.908,15.065257,15.165178,15.165178,2.471925,-94.85875
215327,488.0,221.913,12.610462,12.650445,12.650445,-2.514733,12.31209
215328,489.0,222.417,12.35706,12.367334,12.367334,-0.283111,-0.00711
215329,490.0,222.972,12.950908,12.962794,12.962794,0.59546,-19.9767
215330,491.0,223.955,13.374017,13.410094,13.410094,0.4473,-24.53547
215331,492.0,224.65,13.460937,13.478867,13.478867,0.068773,-10.39567
215332,493.0,226.151,12.953296,13.039972,13.039972,-0.438895,-12.5339
215333,494.0,226.291,13.204775,13.205517,13.205517,0.165545,-2.81797
215334,495.0,226.383,12.441693,12.442033,12.442033,-0.763484,5.30646
215335,496.0,226.877,11.518813,11.529401,11.529401,-0.912632,3.82341
215336,497.0,226.568,10.499916,10.504462,10.504462,-1.024939,8.01665
215337,498.0,226.74,9.315714,9.317302,9.317302,-1.18716,5.50862
215338,499.0,227.094,8.550927,8.558251,8.558251,-0.759051,2.03299
215339,500.0,227.25,8.210251,8.211733,8.211733,-0.346518,1.08308
215340,501.0,226.732,7.874103,7.891123,7.891123,-0.32061,4.40678
215341,502.0,226.801,7.786328,7.786634,7.786634,-0.104489,0.40829
215342,503.0,226.299,7.61706,7.633584,7.633584,-0.15305,3.56919
215343,504.0,226.243,7.19389,7.194108,7.194108,-0.439476,2.25272
215344,505.0,226.74,7.024622,7.042182,7.042182,-0.151926,-5.13124
215345,506.0,226.6,6.687011,6.688476,6.688476,-0.353706,2.21656
215346,507.0,226.669,5.840805,5.841212,5.841212,-0.847264,2.41868
215347,508.0,226.391,4.786231,4.794298,4.794298,-1.046914,4.17575
215348,509.0,225.802,3.746404,3.792422,3.792422,-1.001876,5.06519
215349,510.0,225.641,2.850638,2.855181,2.855181,-0.937241,2.14771
215350,511.0,225.3,2.162262,2.188986,2.188986,-0.666195,2.38578
215351,512.0,225.052,1.366829,1.389145,1.389145,-0.799841,1.6499
215352,513.0,225.416,0.688307,0.778629,0.778629,-0.610516,-5.69458
215353,514.0,225.577,0.581171,0.603059,0.603059,-0.17557,-2.83285
215354,515.0,225.517,0.405048,0.409468,0.409468,-0.193591,-0.27556
215355,516.0,225.781,0.277183,0.382788,0.382788,-0.02668,-0.3145
215356,517.0,226.043,0.202524,0.331149,0.331149,-0.051639,-0.31488
215357,518.0,225.556,0.084634,0.494299,0.494299,0.16315,-0.62508
215358,519.0,225.781,0.111195,0.250977,0.250977,-0.243322,-0.29772
215359,520.0,225.895,0.0,0.114,0.0,-0.250977,-0.35
215400,521.0,225.369,0.0,0.526,0.0,0.0,-0.35
215401,522.0,225.982,0.084634,0.618815,0.618815,0.618815,-11.65562
215402,523.0,225.694,0.111195,0.30872,0.30872,-0.310095,-0.2747
215403,524.0,225.781,0.084634,0.121375,0.121375,-0.187345,-0.32834
215404,525.0,225.416,0.0,0.365,0.0,-0.121375,-0.35
215405,526.0,225.918,0.0,0.502,0.0,0.0,-0.35
215406,527.0,225.448,0.0,0.47,0.0,0.0,-0.35
215407,528.0,225.292,0.0,0.156,0.0,0.0,-0.35
215408,529.0,225.231,0.0,0.061,0.0,0.0,-0.35
215409,530.0,225.982,0.084634,0.755754,0.755754,0.755754,-14.38425
215410,531.0,225.873,0.0,0.109,0.0,-0.755754,-0.35
215411,532.0,226.159,0.0,0.286,0.0,0.0,-0.35
215412,533.0,225.548,0.0,0.611,0.0,0.0,-0.35
215413,534.0,226.058,0.084634,0.516975,0.516975,0.516975,-9.66342
215414,535.0,225.424,0.0,0.634,0.0,-0.516975,-0.35
215415,536.0,225.152,0.084634,0.284863,0.284863,0.284863,-0.57067
215416,537.0,225.717,0.0,0.565,0.0,-0.284863,-0.35
215417,538.0,225.144,0.0,0.573,0.0,0.0,-0.35
215418,539.0,225.842,0.0,0.698,0.0,0.0,-0.35
215419,540.0,225.881,0.084634,0.093187,0.093187,0.093187,-0.34732
215420,541.0,225.733,0.0,0.148,0.0,-0.093187,-0.35
215421,542.0,225.794,0.0,0.061,0.0,0.0,-0.35
215422,543.0,225.485,0.084634,0.320381,0.320381,0.320381,-0.61859
215423,544.0,225.881,0.0,0.396,0.0,-0.320381,-0.35
215424,545.0,225.717,0.0,0.164,0.0,0.0,-0.35
215425,546.0,226.111,0.0,0.394,0.0,0.0,-0.35
215426,547.0,225.694,0.0,0.417,0.0,0.0,-0.35
215427,548.0,225.765,0.084634,0.110471,0.110471,0.110471,-0.34784
215428,549.0,225.548,0.0,0.217,0.0,-0.110471,-0.35
215429,550.0,225.995,0.0,0.447,0.0,0.0,-0.35
215430,551.0,225.477,0.0,0.518,0.0,0.0,-0.35
215431,552.0,225.284,0.111195,0.22274,0.22274,0.22274,-0.49773
215432,553.0,225.075,0.0,0.209,0.0,-0.22274,-0.35
215433,554.0,225.741,0.0,0.666,0.0,0.0,-0.35
215434,555.0,226.019,0.084634,0.290597,0.290597,0.290597,-0.5781
215435,556.0,225.873,2.118768,2.123792,2.123792,1.833195,-5.32816
215436,557.0,225.942,5.013172,5.013647,5.013647,2.889855,-26.15292
215437,558.0,225.757,7.032533,7.034966,7.034966,2.021319,-24.63255
215438,559.0,225.694,8.644113,8.644343,8.644343,1.609377,-26.80827
215439,560.0,225.702,9.912156,9.912159,9.912159,1.267816,-19.89375
215440,561.0,225.625,10.692248,10.692525,10.692525,0.780366,-17.42345
215441,562.0,225.408,11.300717,11.3028,11.3028,0.610275,-12.64572
215442,563.0,224.75,12.384756,12.402223,12.402223,1.099423,-17.68433
215443,564.0,224.906,15.094491,15.095297,15.095297,2.693074,-72.68176
215444,565.0,223.855,14.357522,14.395939,14.395939,-0.699358,10.30266
215445,566.0,224.42,14.614855,14.625772,14.625772,0.229833,-12.83765
215446,567.0,223.398,14.88292,14.917969,14.917969,0.292197,2.04715
215447,568.0,223.329,15.132781,15.132938,15.132938,0.214969,-2.52573
215448,569.0,222.494,15.485706,15.508202,15.508202,0.375264,-0.20409
215449,570.0,222.409,15.673993,15.674224,15.674224,0.166022,-2.55747
215450,571.0,221.675,15.936081,15.952976,15.952976,0.278752,-0.39465
215451,572.0,221.667,16.080887,16.080889,16.080889,0.127913,-3.03584
215452,573.0,220.856,16.071439,16.091889,16.091889,0.011,2.15892
215453,574.0,220.058,16.088485,16.108263,16.108263,0.016374,2.02958
215454,575.0,219.106,16.242943,16.270818,16.270818,0.162555,1.414
215455,576.0,219.648,16.246768,16.255806,16.255806,-0.015012,-6.63112
215456,577.0,218.596,16.533054,16.566489,16.566489,0.310683,0.32084
215457,578.0,218.528,16.409938,16.410079,16.410079,-0.15641,-0.56354
215458,579.0,217.693,16.684238,16.70512,16.70512,0.295041,-0.83326
215459,580.0,218.057,17.121728,17.125597,17.125597,0.420477,-17.26943
215500,581.0,217.114,17.583252,17.608521,17.608521,0.482924,-3.10022
215501,582.0,216.24,17.965804,17.98705,17.98705,0.378529,-2.96792
215502,583.0,215.885,18.087968,18.091451,18.091451,0.104401,-3.1751
215503,584.0,214.316,18.390904,18.457711,18.457711,0.36626,0.16509
215504,585.0,214.2,18.652586,18.652947,18.652947,0.195236,-6.00068
215505,586.0,213.42,19.127537,19.143434,19.143434,0.490487,-6.17545
215506,587.0,213.83,19.550382,19.554681,19.554681,0.411247,-20.98375
215507,588.0,212.295,19.805532,19.864927,19.864927,0.310246,-1.40258
215508,589.0,211.412,19.807094,19.826766,19.826766,-0.038161,-1.07442
215509,590.0,210.392,19.807094,19.83334,19.83334,0.006574,-0.8389
215510,591.0,210.617,19.720906,19.72219,19.72219,-0.11115,-5.97363
215511,592.0,209.504,19.805535,19.836784,19.836784,0.114594,-1.49953
215512,593.0,209.05,19.719967,19.725192,19.725192,-0.111592,-2.41925
215513,594.0,207.961,19.636279,19.666453,19.666453,-0.058739,0.4201
215514,595.0,207.668,19.673078,19.67526,19.67526,0.008807,-4.46499
215515,596.0,206.719,19.832498,19.85519,19.85519,0.17993,-3.07396
215516,597.0,206.101,19.663232,19.672942,19.672942,-0.182248,-0.7562
215517,598.0,205.282,19.497251,19.514445,19.514445,-0.158497,0.23193
215518,599.0,204.595,19.223503,19.235775,19.235775,-0.27867,1.09472
215519,600.0,203.437,19.241708,19.276522,19.276522,0.040747,0.23137
215520,601.0,203.099,19.458408,19.461344,19.461344,0.184822,-5.78723
215521,602.0,202.642,19.620386,19.625708,19.625708,0.164364,-5.17192
215522,603.0,202.566,19.579049,19.579197,19.579197,-0.046511,-4.90079
215523,604.0,201.826,19.581725,19.595703,19.595703,0.016506,-2.10504
215524,605.0,201.17,19.512749,19.523773,19.523773,-0.07193,-1.53285
215525,606.0,200.697,19.390192,19.395961,19.395961,-0.127812,-1.7584
215526,607.0,199.411,19.541459,19.583729,19.583729,0.187768,-1.02149
215527,608.0,197.836,19.475853,19.539434,19.539434,-0.044295,2.96965
215528,609.0,196.85,19.226552,19.251818,19.251818,-0.287616,2.73505
215529,610.0,196.195,19.060415,19.071666,19.071666,-0.180152,0.10084
215530,611.0,195.6,19.018845,19.02815,19.02815,-0.043516,-1.55173
215531,612.0,195.37,19.128203,19.129586,19.129586,0.101436,-5.06082
215532,613.0,194.652,19.147275,19.160732,19.160732,0.031146,-1.8281
215533,614.0,193.804,18.960675,18.979629,18.979629,-0.181103,1.22243
215534,615.0,193.851,19.672865,19.672921,19.672921,0.693292,-24.70119
215535,616.0,193.257,20.304317,20.313004,20.313004,0.640083,-32.31103
215536,617.0,194.351,21.065035,21.093424,21.093424,0.78042,-49.14211
215537,618.0,194.559,21.006868,21.007898,21.007898,-0.085526,-7.79831
215538,619.0,194.414,20.98244,20.982941,20.982941,-0.024957,-6.5956
215539,620.0,195.199,20.875876,20.89063,20.89063,-0.092311,-10.59013
215540,621.0,195.23,20.852479,20.852503,20.852503,-0.038127,-7.19232
215541,622.0,196.031,21.305388,21.32044,21.32044,0.467937,-32.52403
215542,623.0,196.256,21.699966,21.701133,21.701133,0.380693,-19.59507
215543,624.0,197.035,21.724337,21.738299,21.738299,0.037166,-16.00327
215544,625.0,197.59,21.235303,21.242555,21.242555,-0.495744,-5.28334
215545,626.0,197.83,20.935725,20.937101,20.937101,-0.305454,-5.41545
215546,627.0,198.792,20.768101,20.79037,20.79037,-0.146731,-11.62331
215547,628.0,198.747,21.004561,21.00461,21.00461,0.21424,-9.8294
215548,629.0,199.387,21.386184,21.395758,21.395758,0.391148,-26.86596
215549,630.0,199.178,21.789377,21.790379,21.790379,0.394621,-35.09453
215550,631.0,200.568,21.956399,22.000353,22.000353,0.209974,-33.78241
215551,632.0,200.504,21.891263,21.891356,21.891356,-0.108997,-7.32173
215552,633.0,201.609,21.789407,21.817408,21.817408,-0.073948,-17.4577
215553,634.0,202.011,21.754207,21.757921,21.757921,-0.059487,-10.14802
215554,635.0,202.256,21.705934,21.707316,21.707316,-0.050605,-9.35746
215555,636.0,201.757,21.410011,21.415825,21.415825,-0.291491,-2.30136
215556,637.0,202.706,21.553738,21.57462,21.57462,0.158795,-23.57076
215557,638.0,202.011,21.23542,21.24679,21.24679,-0.32783,-0.65092
215558,639.0,203.068,21.15178,21.178174,21.178174,-0.068616,-16.43511
215559,640.0,203.284,21.001891,21.003001,21.003001,-0.175173,-6.83076
215600,641.0,203.136,20.852891,20.853416,20.853416,-0.149585,-5.01838
215601,642.0,203.028,20.807501,20.807781,20.807781,-0.045635,-6.3226
215602,643.0,203.654,20.807511,20.816925,20.816925,0.009144,-11.5456
215603,644.0,203.731,20.686,20.686143,20.686143,-0.130782,-6.18857
215604,645.0,202.706,20.686009,20.711388,20.711388,0.025245,-2.17803
215605,646.0,202.904,20.788218,20.789161,20.789161,0.077773,-9.26738
215606,647.0,202.621,20.871617,20.873536,20.873536,0.084375,-6.94287
215607,648.0,203.337,20.584279,20.596728,20.596728,-0.276808,-7.81331
215608,649.0,203.578,20.333784,20.335212,20.335212,-0.261516,-5.18289
215609,650.0,203.099,19.981674,19.987414,19.987414,-0.347798,-0.08899
215610,651.0,204.442,19.73115,19.776803,19.776803,-0.210611,-15.64608
215611,652.0,204.164,19.731158,19.733117,19.733117,-0.043686,-4.06389
215612,653.0,204.959,19.796876,19.812832,19.812832,0.079715,-16.33089
215613,654.0,205.475,19.846856,19.853563,19.853563,0.040731,-10.06832
215614,655.0,205.831,19.763136,19.766342,19.766342,-0.087221,-6.96416
215615,656.0,206.64,19.424362,19.441202,19.441202,-0.32514,-6.47434
215616,657.0,207.829,19.64799,19.683933,19.683933,0.242731,-28.91398
215617,658.0,207.985,19.663408,19.664027,19.664027,-0.019906,-6.4992
215618,659.0,209.058,19.696086,19.725292,19.725292,0.061265,-20.50085
215619,660.0,209.074,19.898229,19.898236,19.898236,0.172944,-8.10918
215620,661.0,210.3,20.162107,20.199348,20.199348,0.301112,-32.24411
215621,662.0,211.042,20.287963,20.301527,20.301527,0.102179,-16.61374
215622,663.0,210.973,20.521836,20.521952,20.521952,0.220425,-9.0604
215623,664.0,211.713,20.852863,20.865989,20.865989,0.344037,-26.12002
215624,665.0,212.95,20.793599,20.830361,20.830361,-0.035628,-20.63553
215625,666.0,213.396,20.817679,20.822456,20.822456,-0.007905,-9.66217
215626,667.0,214.023,20.463047,20.472651,20.472651,-0.349805,-6.40392
215627,668.0,214.99,20.297869,20.32089,20.32089,-0.151761,-11.3376
215628,669.0,214.918,19.919349,19.919479,19.919479,-0.401411,-1.57595
215629,670.0,216.21,19.768289,19.810465,19.810465,-0.109014,-18.37275
215630,671.0,216.942,19.582994,19.596671,19.596671,-0.213794,-7.40381
215631,672.0,216.982,19.462799,19.46284,19.46284,-0.133831,-4.46094
215632,673.0,216.403,19.428471,19.437096,19.437096,-0.025744,-2.31225
215633,674.0,217.006,19.269542,19.278974,19.278974,-0.158122,-6.94349
215634,675.0,216.866,19.147801,19.148312,19.148312,-0.130662,-3.18762
215635,676.0,216.858,19.031504,19.031506,19.031506,-0.116806,-3.88611
215636,677.0,216.387,18.862895,18.868774,18.868774,-0.162732,-0.81673
215637,678.0,216.031,18.947204,18.950548,18.950548,0.081774,-3.98037
215638,679.0,214.741,19.125851,19.169305,19.169305,0.218757,-0.76648
215639,680.0,214.403,19.159765,19.162746,19.162746,-0.006559,-3.43627
215640,681.0,214.046,19.511787,19.515052,19.515052,0.352306,-7.50495
215641,682.0,212.818,19.474049,19.512728,19.512728,-0.002324,0.7476
215642,683.0,211.89,19.384347,19.406548,19.406548,-0.10618,0.38474
215643,684.0,211.359,19.552012,19.559221,19.559221,0.152673,-4.5747
215644,685.0,210.633,19.722838,19.736196,19.736196,0.176975,-4.04739
215645,686.0,210.3,19.89053,19.893317,19.893317,0.157121,-6.10841
215646,687.0,209.583,19.978873,19.991734,19.991734,0.098417,-3.60778
215647,688.0,208.556,20.059788,20.086061,20.086061,0.094327,-2.06883
215648,689.0,207.853,20.143497,20.155761,20.155761,0.0697,-3.59379
215649,690.0,207.005,19.892082,19.910149,19.910149,-0.245612,0.84126
215650,691.0,206.434,19.824616,19.832837,19.832837,-0.077312,-2.29979
215651,692.0,205.699,19.621757,19.635518,19.635518,-0.197319,0.05748
215652,693.0,204.88,19.648176,19.665237,19.665237,0.029719,-1.91876
215653,694.0,204.148,19.622138,19.635786,19.635786,-0.029451,-1.71659
215654,695.0,203.208,19.42076,19.443496,19.443496,-0.19229,1.29814
215655,696.0,203.253,19.072411,19.072464,19.072464,-0.371032,-1.62203
215656,697.0,201.376,18.865607,18.958751,18.958751,-0.113713,5.94755
215657,698.0,201.448,18.994452,18.994588,18.994588,0.035837,-5.80736
215658,699.0,200.568,18.909624,18.930089,18.930089,-0.064499,0.26597
215659,700.0,199.556,18.868043,18.895163,18.895163,-0.034926,0.69916
215700,701.0,199.696,18.88199,18.882509,18.882509,-0.012654,-5.53869
215701,702.0,198.993,18.804236,18.817372,18.817372,-0.065137,-0.52373
215702,703.0,198.237,18.677483,18.692777,18.692777,-0.124595,0.48873
215703,704.0,197.35,18.190945,18.212558,18.212558,-0.480219,5.14823
215704,705.0,195.862,17.535137,17.598158,17.598158,-0.6144,10.0685
215705,706.0,194.961,17.384147,17.40748,17.40748,-0.190678,3.20142
215706,707.0,194.414,17.165588,17.174302,17.174302,-0.233178,1.95639
215707,708.0,193.172,16.850172,16.895882,16.895882,-0.27842,6.24829
215708,709.0,193.056,16.577598,16.578004,16.578004,-0.317878,0.97041
215709,710.0,192.171,15.775382,15.800187,15.800187,-0.777817,9.46303
215710,711.0,191.507,14.692281,14.707278,14.707278,-1.092909,11.24292
215711,712.0,190.651,13.84973,13.876158,13.876158,-0.83112,10.44501
215712,713.0,190.567,13.018647,13.018918,13.018918,-0.85724,6.77407
215713,714.0,189.518,12.087859,12.13329,12.13329,-0.885628,12.11197
215714,715.0,188.947,11.507281,11.521439,11.521439,-0.611851,7.54399
215715,716.0,188.276,11.586315,11.605729,11.605729,0.08429,3.7971
215716,717.0,187.539,10.590944,10.616556,10.616556,-0.989173,10.13063
215717,718.0,186.55,9.986318,10.035172,10.035172,-0.581384,8.88469
215718,719.0,186.984,9.665549,9.675288,9.675288,-0.359884,0.13869
215719,720.0,186.619,9.563839,9.570801,9.570801,-0.104487,2.98306
215720,721.0,185.573,9.94295,9.997818,9.997818,0.427017,3.7888
215721,722.0,185.079,10.330565,10.34237,10.34237,0.344552,1.32064
215722,723.0,185.219,10.006657,10.007636,10.007636,-0.334734,1.64806
215723,724.0,184.426,8.775586,8.811343,8.811343,-1.196293,10.22212
215724,725.0,184.748,8.268217,8.274485,8.274485,-0.536858,1.07353
215725,726.0,184.849,7.353426,7.35412,7.35412,-0.920365,3.37199
215726,727.0,183.538,5.226847,5.388752,5.388752,-1.965368,12.60745
215727,728.0,183.839,3.678206,3.690501,3.690501,-1.698251,1.7157
215728,729.0,183.602,1.781131,1.796829,1.796829,-1.893672,2.84718
215729,730.0,183.987,0.374072,0.536801,0.536801,-1.260028,-5.7675
215730,731.0,183.969,0.337523,0.338003,0.338003,-0.198798,-0.28762
215731,732.0,183.932,0.478044,0.479474,0.479474,0.141471,-0.34853
215732,733.0,184.18,0.478044,0.538544,0.538544,0.05907,-4.62707
215733,734.0,184.032,0.374072,0.402286,0.402286,-0.136258,-0.28917
215734,735.0,183.903,0.45276,0.470779,0.470779,0.068493,-0.33023
215735,736.0,183.831,0.139739,0.157198,0.157198,-0.313581,-0.31137
215736,737.0,183.855,0.139739,0.141785,0.141785,-0.015413,-0.3377
215737,738.0,184.394,0.084633,0.545604,0.545604,0.403819,-10.08178
215738,739.0,183.847,0.0,0.547,0.0,-0.545604,-0.35
215739,740.0,183.586,0.111195,0.283699,0.283699,0.283699,-0.56918
215740,741.0,183.932,0.0,0.346,0.0,-0.283699,-0.35
215741,742.0,184.201,0.0,0.269,0.0,0.0,-0.35
215742,743.0,184.149,0.0,0.052,0.0,0.0,-0.35
215743,744.0,184.149,0.111195,0.111195,0.111195,0.111195,-0.34787
215744,745.0,183.824,0.0,0.325,0.0,-0.111195,-0.35
215745,746.0,184.18,0.139739,0.382444,0.382444,0.382444,-0.71319
215746,747.0,183.615,0.0,0.565,0.0,-0.382444,-0.35
215747,748.0,184.326,0.084633,0.716019,0.716019,0.716019,-13.58632
215748,749.0,184.246,0.111195,0.136983,0.136983,-0.579036,-0.29694
215749,750.0,184.001,0.0,0.245,0.0,-0.136983,-0.35
215750,751.0,183.879,0.0,0.122,0.0,0.0,-0.35
215751,752.0,184.349,0.0,0.47,0.0,0.0,-0.35
215752,753.0,184.349,0.111195,0.111195,0.111195,0.111195,-0.34787
215753,754.0,183.715,0.084633,0.639624,0.639624,0.528429,2.83761
215754,755.0,183.747,0.374072,0.375438,0.375438,-0.264186,-0.26761
215755,756.0,184.286,4.558992,4.590744,4.590744,4.215306,-43.2657
215758,759.0,184.534,39.386289,39.38707,13.129023,2.846093,-64.86309
215759,760.0,184.825,8.471555,8.476551,8.476551,-4.652472,19.92535
215800,761.0,185.042,10.358084,10.360357,10.360357,1.883806,-35.83762
215801,762.0,185.026,13.826984,13.826993,13.826993,3.466636,-92.36879
215802,763.0,185.597,10.522742,10.538223,10.538223,-3.28877,16.16125
215803,764.0,185.718,13.028002,13.028564,13.028564,2.490341,-56.68934
215804,765.0,185.879,11.989261,11.990342,11.990342,-1.038222,6.66117
215805,766.0,186.598,10.501773,10.526357,10.526357,-1.463985,5.11819
215806,767.0,186.867,8.930495,8.934546,8.934546,-1.591811,6.64264
215807,768.0,186.381,8.255285,8.269579,8.269579,-0.664967,5.86486
215808,769.0,186.883,8.173456,8.188857,8.188857,-0.080722,-5.54284
215809,770.0,187.198,8.074262,8.080404,8.080404,-0.108453,-1.90756
215810,771.0,187.708,7.448922,7.46636,7.46636,-0.614044,0.07855
215811,772.0,187.708,7.163844,7.163844,7.163844,-0.302516,1.42636
215812,773.0,187.306,6.713778,6.725803,6.725803,-0.438041,3.90114
215813,774.0,188.376,6.049472,6.143372,6.143372,-0.582431,-11.01137
215814,775.0,188.416,5.495145,5.49529,5.49529,-0.648082,1.79795
215815,776.0,188.915,4.462233,4.490047,4.490047,-1.005243,-0.18683
215816,777.0,188.738,3.856854,3.860914,3.860914,-0.629133,2.18406
215817,778.0,188.44,2.835232,2.85085,2.85085,-1.010064,2.97285
215818,779.0,188.516,1.729458,1.731128,1.731128,-1.119722,0.42298
215819,780.0,188.577,0.810104,0.812397,0.812397,-0.918731,-0.20722
215820,781.0,189.28,1.310657,1.487289,1.487289,0.674892,-14.12107
215821,782.0,189.787,2.794812,2.840426,2.840426,1.353137,-15.39779
215822,783.0,189.388,4.925625,4.941759,4.941759,2.101333,-13.31888
215823,784.0,189.671,6.738264,6.744205,6.744205,1.802446,-25.18187
215824,785.0,190.897,8.184242,8.27556,8.27556,1.531355,-42.1535
215825,786.0,190.752,9.038677,9.03984,9.03984,0.76428,-12.96428
215826,787.0,191.515,10.03993,10.068881,10.068881,1.029041,-29.15102
215827,788.0,191.214,11.138111,11.142178,11.142178,1.073297,-20.17133
215828,789.0,191.809,12.568963,12.583038,12.583038,1.44086,-39.25793
215829,790.0,192.284,15.161634,15.169073,15.169073,2.586035,-75.75925
215830,791.0,192.879,11.757653,11.772699,11.772699,-3.396374,19.04655
215831,792.0,193.627,12.107876,12.130959,12.130959,0.35826,-17.14449
215832,793.0,194.213,12.185724,12.199806,12.199806,0.068847,-8.02111
215833,794.0,194.652,12.36331,12.371101,12.371101,0.171295,-7.76202
215834,795.0,194.998,12.619495,12.624237,12.624237,0.253136,-8.10903
215835,796.0,195.17,12.481966,12.483151,12.483151,-0.141086,0.73808
215836,797.0,194.583,12.879784,12.893154,12.893154,0.410003,0.71016
215837,798.0,195.178,13.043359,13.056923,13.056923,0.163769,-10.69348
215838,799.0,195.17,13.411699,13.411702,13.411702,0.354779,-14.51094
215839,800.0,195.46,13.855869,13.858904,13.858904,0.447202,-12.82819
215840,801.0,195.54,13.928065,13.928295,13.928295,0.069391,-1.1575
215841,802.0,195.87,13.978292,13.982186,13.982186,0.053891,-3.8081
215842,803.0,196.102,13.918233,13.920167,13.920167,-0.062019,-0.9711
215843,804.0,197.151,14.095424,14.134404,14.134404,0.214237,-20.58181
215844,805.0,196.75,14.233333,14.238981,14.238981,0.104577,0.85544
215845,806.0,197.104,14.43004,14.434381,14.434381,0.1954,-8.08424
215846,807.0,197.328,14.469458,14.471192,14.471192,0.036811,-2.07958
215847,808.0,198.33,14.705637,14.739734,14.739734,0.268542,-21.62994
215848,809.0,197.474,14.981374,15.005809,15.005809,0.266075,1.30423
215849,810.0,198.298,14.430061,14.453569,14.453569,-0.55224,-0.66408
215850,811.0,198.33,14.056018,14.056054,14.056054,-0.397515,2.49811
215851,812.0,198.269,13.623331,13.623467,13.623467,-0.432587,3.45115
215852,813.0,199.35,13.111374,13.155861,13.155861,-0.467606,-4.40312
215853,814.0,198.594,12.3634,12.386492,12.386492,-0.769369,9.79227
215854,815.0,198.824,12.915659,12.917707,12.917707,0.531215,-12.70983
215855,816.0,199.487,11.793955,11.812576,11.812576,-1.105131,4.33112
215856,817.0,199.551,12.225443,12.225611,12.225611,0.413035,-6.39286
215857,818.0,199.479,12.599448,12.599654,12.599654,0.374043,-12.23992
215858,819.0,199.72,13.1702,13.172405,13.172405,0.572751,-14.1899
215859,820.0,200.359,13.544259,13.559324,13.559324,0.386919,-17.17418
215900,821.0,200.098,13.780615,13.783086,13.783086,0.223762,-0.40089
215901,822.0,200.946,14.056069,14.081626,14.081626,0.29854,-19.13836
215902,823.0,201.091,15.079749,15.080446,15.080446,0.99882,-26.59375
215903,824.0,201.384,15.079755,15.082601,15.082601,0.002155,-2.65909
215904,825.0,201.818,15.414576,15.420684,15.420684,0.338083,-14.15177
215905,826.0,201.857,15.355481,15.355531,15.355531,-0.065153,-1.00729
215906,827.0,202.219,15.414588,15.418838,15.418838,0.063307,-5.287
215907,828.0,202.729,15.276912,15.285422,15.285422,-0.133416,-2.85854
215908,829.0,202.597,15.276918,15.277488,15.277488,-0.007934,-0.51549
215909,830.0,203.083,15.040545,15.048395,15.048395,-0.229093,-1.78474
215910,831.0,202.613,14.941991,14.949381,14.949381,-0.099014,2.24924
215911,832.0,203.839,14.352515,14.404783,14.404783,-0.544598,-4.2904
215912,833.0,203.43,14.039634,14.04559,14.04559,-0.359193,4.52377
215913,834.0,204.272,13.505396,13.531618,13.531618,-0.513972,-0.64618
215914,835.0,202.883,12.997594,13.071602,13.071602,-0.460016,10.82407
215915,836.0,203.654,13.274397,13.296769,13.296769,0.225167,-15.38612
215916,837.0,202.698,12.31844,12.355481,12.355481,-0.941288,11.97625
215917,838.0,203.284,12.540564,12.554247,12.554247,0.198766,-11.06093
215918,839.0,202.55,12.944517,12.96531,12.96531,0.411063,1.41191
215919,840.0,203.208,13.812567,13.828231,13.828231,0.862921,-29.57606
215920,841.0,203.691,16.574025,16.581062,16.581062,2.752831,-88.02075
215921,842.0,203.615,16.16822,16.168399,16.168399,-0.412663,1.89679
215922,843.0,203.831,16.930927,16.932305,16.932305,0.763906,-24.84528
215923,844.0,204.124,17.485348,17.487803,17.487803,0.555498,-20.71088
215924,845.0,203.485,18.219228,18.230431,18.230431,0.742628,-27.61774
215925,846.0,203.691,19.157446,19.158553,19.158553,0.928122,-34.60503
215926,847.0,203.615,20.396167,20.396308,20.396308,1.237755,-63.58013
215927,848.0,204.587,22.075256,22.096645,22.096645,1.700337,-85.58938
215931,852.0,203.136,103.312605,103.322794,25.830699,0.933514,-72.94574
215932,853.0,203.731,24.616174,24.623363,24.623363,-1.207336,-0.53073
215933,854.0,203.947,24.50517,24.506122,24.506122,-0.117241,-12.67273
215934,855.0,204.349,24.50517,24.508467,24.508467,0.002345,-15.21341
215935,856.0,204.032,24.505171,24.507221,24.507221,-0.001246,-11.4018
215936,857.0,203.152,24.505171,24.520966,24.520966,0.013745,-8.67492
215937,858.0,203.485,24.500346,24.502609,24.502609,-0.018357,-14.57154
215938,859.0,203.794,24.616175,24.618115,24.618115,0.115506,-16.39997
215939,860.0,203.799,24.505172,24.505172,24.505172,-0.112943,-11.62318
215940,861.0,203.654,24.505172,24.505601,24.505601,0.000429,-12.32089
215941,862.0,202.473,24.505172,24.533614,24.533614,0.028013,-7.308
215942,863.0,202.851,24.505172,24.508088,24.508088,-0.025526,-14.72239
215943,864.0,204.735,24.611373,24.683378,24.683378,0.17529,-44.10723
215944,865.0,205.351,24.505173,24.512914,24.512914,-0.170464,-14.08149
215945,866.0,204.703,24.505173,24.513739,24.513739,0.000825,-9.70807
215946,867.0,204.587,24.505174,24.505448,24.505448,-0.008291,-12.35866
215947,868.0,204.265,24.505174,24.507289,24.507289,0.001841,-11.41617
215948,869.0,204.558,24.611374,24.613119,24.613119,0.10583,-16.18056
215949,870.0,204.989,24.505174,24.508964,24.508964,-0.104155,-13.97384
215950,871.0,205.993,24.505175,24.525733,24.525733,0.016769,-21.47497
215951,872.0,204.959,24.505175,24.52698,24.52698,0.001247,-7.71633
215952,873.0,204.981,24.505175,24.505185,24.505185,-0.021795,-12.90394
220326,1087.0,210.865,1289.16155,1289.174978,6.024182,-0.08636,0.2909
220329,1090.0,212.733,46.99016,47.027274,15.675758,3.217192,-98.65622
220330,1091.0,213.816,14.85751,14.896929,14.896929,-0.778829,-0.43647
220331,1092.0,214.781,15.151172,15.181872,15.181872,0.284943,-21.80834
220332,1093.0,214.913,14.885497,14.886083,14.886083,-0.295789,0.70854
220333,1094.0,216.01,15.081088,15.120933,15.120933,0.23485,-22.71746
220334,1095.0,216.372,15.320368,15.324644,15.324644,0.203711,-9.09955
220335,1096.0,217.547,15.19802,15.243374,15.243374,-0.08127,-15.54912
220336,1097.0,217.902,15.292423,15.296543,15.296543,0.053169,-4.82636
220337,1098.0,218.126,15.037604,15.039272,15.039272,-0.257271,-0.18227
220338,1099.0,218.295,15.234446,15.235383,15.235383,0.196111,-5.42952
220339,1100.0,218.552,15.531646,15.533772,15.533772,0.298389,-10.0516
220340,1101.0,219.595,14.619127,14.656286,14.656286,-0.877486,0.63477
220341,1102.0,219.355,15.088905,15.090814,15.090814,0.434528,-16.17509
220342,1103.0,219.64,15.084318,15.08701,15.08701,-0.003804,-2.57408
220343,1104.0,220.074,13.868854,13.875643,13.875643,-1.211367,6.50768
220344,1105.0,219.719,15.249796,15.253928,15.253928,1.378285,-40.3605
220345,1106.0,220.037,15.133859,15.137199,15.137199,-0.116729,-1.87635
220346,1107.0,220.274,15.163191,15.165043,15.165043,0.027844,-2.64339
220347,1108.0,220.351,15.631809,15.631999,15.631999,0.466956,-11.70406
220348,1109.0,220.499,16.025051,16.025734,16.025734,0.393735,-11.34866
220349,1110.0,221.001,15.865924,15.873863,15.873863,-0.151871,-3.13285
220350,1111.0,221.434,16.270931,16.276691,16.276691,0.402828,-16.91781
220351,1112.0,222.084,15.631268,15.644777,15.644777,-0.631914,0.28391
220352,1113.0,221.728,15.158112,15.162292,15.162292,-0.482485,4.58946
220353,1114.0,221.588,14.445362,14.44604,14.44604,-0.716252,5.64649
220354,1115.0,221.836,13.625514,13.62777,13.62777,-0.81827,4.63482
220355,1116.0,222.253,12.898284,12.905023,12.905023,-0.722747,3.2431
220356,1117.0,222.626,12.588793,12.594317,12.594317,-0.310706,0.7696
220357,1118.0,222.634,12.06995,12.069953,12.069953,-0.524364,4.25724
220358,1119.0,223.205,12.504066,12.517096,12.517096,0.447143,-16.35292
220359,1120.0,222.888,11.281306,11.285759,11.285759,-1.231337,9.83336
220400,1121.0,223.569,11.049941,11.070906,11.070906,-0.214853,-4.42587
220401,1122.0,224.016,10.644661,10.654042,10.654042,-0.416864,0.70628
220402,1123.0,224.605,10.256643,10.273541,10.273541,-0.380501,-0.41788
220403,1124.0,224.209,10.318545,10.326141,10.326141,0.0526,2.41604
220404,1125.0,224.063,10.01967,10.020733,10.020733,-0.305408,2.99117
220405,1126.0,224.674,9.395214,9.41506,9.41506,-0.605673,0.36468
220406,1127.0,225.044,9.383162,9.390454,9.390454,-0.024606,-3.52893
220407,1128.0,225.184,9.497024,9.498056,9.498056,0.107602,-1.68653
220408,1129.0,225.617,9.377139,9.387131,9.387131,-0.110925,-3.18572
220409,1130.0,225.881,9.892389,9.895912,9.895912,0.508781,-10.89855
220410,1131.0,226.167,10.448851,10.452764,10.452764,0.556852,-12.45622
220411,1132.0,226.043,11.425845,11.426518,11.426518,0.973754,-21.92179
220412,1133.0,226.7,12.467351,12.484651,12.484651,1.058133,-31.51045
220413,1134.0,226.428,13.311507,13.314286,13.314286,0.829635,-21.00393
220414,1135.0,227.427,13.87402,13.90994,13.90994,0.595654,-29.06359
220415,1136.0,228.627,14.064585,14.115685,14.115685,0.205745,-23.01527
220416,1137.0,228.487,13.677528,13.678245,13.678245,-0.43744,3.87378
220417,1138.0,228.495,13.248183,13.248185,13.248185,-0.43006,3.23236
220418,1139.0,228.788,12.689246,12.692628,12.692628,-0.555557,2.80483
220419,1140.0,228.997,12.354196,12.355964,12.355964,-0.336664,1.89391
220420,1141.0,229.625,12.102836,12.119118,12.119118,-0.236846,-2.09645
220421,1142.0,230.011,11.861318,11.867598,11.867598,-0.25152,0.41632
220422,1143.0,230.569,11.948048,11.961071,11.961071,0.093473,-8.11067
220423,1144.0,230.955,10.338166,10.345369,10.345369,-1.615702,7.53219
220424,1145.0,231.388,10.702048,10.710804,10.710804,0.365435,-11.50996
220425,1146.0,231.861,11.68564,11.695209,11.695209,0.984405,-25.38283
220426,1147.0,231.351,12.86017,12.870279,12.870279,1.17507,-23.54112
220427,1148.0,232.363,15.109583,15.143435,15.143435,2.273156,-76.58931
220428,1149.0,231.969,13.139591,13.145497,13.145497,-1.997938,16.37191
220429,1150.0,232.812,12.666749,12.694769,12.694769,-0.450728,-0.88202
220430,1151.0,232.82,12.47659,12.476592,12.476592,-0.218177,2.11118
220431,1152.0,232.96,12.376216,12.377008,12.377008,-0.099584,0.6817
220432,1153.0,234.065,12.874144,12.921479,12.921479,0.544471,-28.41709
220433,1154.0,234.059,12.647491,12.647492,12.647492,-0.273987,2.48269
220434,1155.0,234.213,12.847177,12.8481,12.8481,0.200608,-3.67889
220435,1156.0,234.839,12.836518,12.851773,12.851773,0.003673,-7.44535
220436,1157.0,235.151,13.008215,13.011956,13.011956,0.160183,-5.61324
220437,1158.0,235.613,12.834844,12.843157,12.843157,-0.168799,-0.77433
220438,1159.0,236.186,12.686355,12.699289,12.699289,-0.143868,-3.11786
220439,1160.0,236.651,12.572832,12.581428,12.581428,-0.117861,-1.80952
220440,1161.0,236.921,12.798865,12.801712,12.801712,0.220284,-6.14381
220441,1162.0,237.959,12.636521,12.679082,12.679082,-0.12263,-11.78078
220442,1163.0,238.501,12.52283,12.534554,12.534554,-0.144528,-2.56473
220443,1164.0,238.401,11.920022,11.920442,11.920442,-0.614112,5.2796
220444,1165.0,239.347,11.102003,11.142234,11.142234,-0.778208,0.41655
220445,1166.0,239.36,10.198132,10.19814,10.19814,-0.944094,5.68463
220446,1167.0,239.724,9.525612,9.532564,9.532564,-0.665576,2.01372
220447,1168.0,240.089,8.643676,8.651379,8.651379,-0.881185,2.58717
220448,1169.0,240.361,8.313369,8.317818,8.317818,-0.333561,0.44978
220449,1170.0,240.67,7.983335,7.989313,7.989313,-0.328505,0.1401
220450,1171.0,241.384,8.093314,8.124748,8.124748,0.135435,-12.4556
220451,1172.0,241.143,8.448938,8.452374,8.452374,0.327626,0.19211
220452,1173.0,242.28,8.998161,9.069711,9.069711,0.617337,-27.60241
220453,1174.0,242.066,8.888249,8.890825,8.890825,-0.178886,2.42629
220454,1175.0,242.443,8.325865,8.334396,8.334396,-0.556429,0.89592
220455,1176.0,241.778,7.433983,7.463667,7.463667,-0.870729,7.24755
220456,1177.0,243.389,6.432981,6.631634,6.631634,-0.832033,-16.88995
220457,1178.0,243.017,5.433207,5.445927,5.445927,-1.185707,5.4939
220458,1179.0,243.233,4.345852,4.351217,4.351217,-1.09471,1.41502
220459,1180.0,243.226,3.226537,3.226545,3.226545,-1.124672,1.88085
220500,1181.0,242.869,1.613269,1.652297,1.652297,-1.574248,3.03605
220501,1182.0,243.08,0.344163,0.403694,0.403694,-1.248603,-0.04943
220502,1183.0,243.907,0.111195,0.834442,0.834442,0.430748,-15.32058
220503,1184.0,243.535,0.22239,0.433407,0.433407,-0.401035,-0.22325
220504,1185.0,243.77,1.577317,1.594727,1.594727,1.16132,-7.38131
220505,1186.0,243.799,3.295029,3.295157,3.295157,1.70043,-10.01848
220506,1187.0,243.249,4.906446,4.937177,4.937177,1.64202,-6.57774
220507,1188.0,243.979,6.06657,6.110333,6.110333,1.173156,-24.31107
220508,1189.0,244.557,6.862917,6.887214,6.887214,0.776881,-18.12115
220509,1190.0,244.637,7.443176,7.443606,7.443606,0.556392,-7.00184
220510,1191.0,245.054,8.475641,8.485893,8.485893,1.042287,-20.98278
220511,1192.0,245.279,9.704566,9.707174,9.707174,1.221281,-22.52121
220512,1193.0,245.495,10.97278,10.974906,10.974906,1.267732,-25.50405
220513,1194.0,245.944,12.113333,12.121651,12.121651,1.146745,-29.02066
220514,1195.0,245.944,12.329833,12.329833,12.329833,0.208182,-9.32212
220515,1196.0,246.077,12.980527,12.981208,12.981208,0.651375,-13.88266
220516,1197.0,246.04,12.871962,12.872015,12.872015,-0.109193,1.41238
220517,1198.0,246.766,12.292566,12.313986,12.313986,-0.558029,0.65754
220518,1199.0,246.922,11.966888,11.967904,11.967904,-0.346082,2.25107
220519,1200.0,247.427,11.877456,11.888187,11.888187,-0.079717,-3.51194
220520,1201.0,248.109,11.789003,11.808713,11.808713,-0.079474,-6.68047
220521,1202.0,247.659,12.32984,12.338049,12.338049,0.529336,-0.35109
220522,1203.0,247.527,12.605551,12.606242,12.606242,0.268193,-0.48643
220523,1204.0,248.394,12.991722,13.020619,13.020619,0.414377,-21.31639
220524,1205.0,248.534,13.449633,13.450362,13.450362,0.429743,-9.33115
220525,1206.0,248.906,13.92296,13.927929,13.927929,0.477567,-15.11434
220526,1207.0,249.977,15.081043,15.119025,15.119025,1.191096,-48.18862
220527,1208.0,250.238,14.372633,14.375002,14.375002,-0.744023,3.78613
220528,1209.0,250.859,14.129177,14.142817,14.142817,-0.232185,-1.87876
220529,1210.0,250.442,13.773864,13.780175,13.780175,-0.362642,4.72582
220530,1211.0,251.256,13.870821,13.894685,13.894685,0.11451,-13.80557
220531,1212.0,250.775,14.056664,14.064891,14.064891,0.170206,0.91599
220532,1213.0,251.401,13.667462,13.68179,13.68179,-0.383101,-0.53389
220533,1214.0,251.773,13.355021,13.360201,13.360201,-0.321589,0.5066
220534,1215.0,252.45,13.233142,13.250448,13.250448,-0.109753,-5.75179
220535,1216.0,252.209,12.794452,12.796722,12.796722,-0.453726,4.87236
220536,1217.0,252.334,12.200995,12.201636,12.201636,-0.595086,4.07116
220537,1218.0,252.828,11.923402,11.933631,11.933631,-0.268005,-0.02617
220538,1219.0,253.449,11.843814,11.860083,11.860083,-0.073548,-5.70184
220539,1220.0,253.348,12.108535,12.108956,12.108956,0.248873,-0.17753
220540,1221.0,253.031,12.315109,12.319188,12.319188,0.210232,1.06541
220541,1222.0,253.845,12.302237,12.329137,12.329137,0.009949,-10.77714
220542,1223.0,253.657,12.189522,12.190972,12.190972,-0.138165,2.74002
220543,1224.0,254.101,12.596539,12.604361,12.604361,0.413389,-13.44864
220544,1225.0,254.35,12.603783,12.606243,12.606243,0.001882,-0.71909
220545,1226.0,255.008,12.697288,12.714326,12.714326,0.108083,-10.35864
220546,1227.0,254.619,12.006093,12.012394,12.012394,-0.701932,7.4854
220547,1228.0,255.063,11.591818,11.600318,11.600318,-0.412076,1.03141
220548,1229.0,255.14,11.392613,11.392873,11.392873,-0.207445,1.63353
220549,1230.0,255.829,11.90337,11.923294,11.923294,0.530421,-19.77116
220550,1231.0,255.798,12.617654,12.617692,12.617692,0.694398,-20.23626
220551,1232.0,256.202,13.254287,13.260442,13.260442,0.64275,-18.84278
220552,1233.0,256.987,13.509546,13.532334,13.532334,0.271892,-16.93375
220553,1234.0,257.568,13.547245,13.559698,13.559698,0.027364,-7.4215
220554,1235.0,258.226,13.408584,13.424719,13.424719,-0.134979,-4.82384
220555,1236.0,258.073,13.250905,13.251788,13.251788,-0.172931,2.25448
220556,1237.0,258.575,12.99273,13.002424,13.002424,-0.249364,-0.50866
220557,1238.0,258.437,12.895515,12.896253,12.896253,-0.106171,1.90632
220558,1239.0,258.823,12.68994,12.695809,12.695809,-0.200444,-0.08881
220559,1240.0,258.823,12.527645,12.527645,12.527645,-0.168164,1.79482
220600,1241.0,259.42,12.299426,12.313906,12.313906,-0.213739,-2.01876
220601,1242.0,259.5,11.957494,11.957761,11.957761,-0.356145,2.7092
220602,1243.0,260.012,11.768215,11.779348,11.779348,-0.178413,-1.62019
220603,1244.0,260.369,11.628512,11.633991,11.633991,-0.145357,-0.15653
220604,1245.0,261.175,11.588238,11.616234,11.616234,-0.017757,-10.26824
220605,1246.0,261.051,11.409751,11.410425,11.410425,-0.205809,2.67961
220606,1247.0,261.479,11.079541,11.087805,11.087805,-0.32262,0.40202
220607,1248.0,262.208,10.431413,10.456855,10.456855,-0.63095,0.35427
220608,1249.0,262.084,9.812472,9.813255,9.813255,-0.6436,4.58598
220609,1250.0,262.393,9.114085,9.119322,9.119322,-0.693933,2.24308
220610,1251.0,262.665,8.415771,8.420165,8.420165,-0.699157,2.12123
220611,1252.0,263.162,7.256549,7.273549,7.273549,-1.146616,2.1291
220612,1253.0,263.97,6.28951,6.341198,6.341198,-0.932351,-2.15449
220613,1254.0,263.55,5.362869,5.37929,5.37929,-0.961908,5.05454
220614,1255.0,263.606,4.406468,4.406824,4.406824,-0.972466,2.00223
220615,1256.0,263.714,3.209348,3.211165,3.211165,-1.195659,1.39014
220616,1257.0,263.722,2.370527,2.370541,2.370541,-0.840624,0.85927
220617,1258.0,263.939,1.189829,1.209456,1.209456,-1.161085,-1.32899
220618,1259.0,264.087,0.452769,0.476344,0.476344,-0.733112,-0.12631
220619,1260.0,264.591,0.3565,0.61734,0.61734,0.140996,-9.20821
220620,1261.0,264.591,0.3565,0.3565,0.3565,-0.26084,-0.27241
220621,1262.0,264.187,0.374113,0.550615,0.550615,0.194115,1.75032
220622,1263.0,264.264,0.237966,0.250113,0.250113,-0.300502,-0.29027
220623,1264.0,263.891,0.139767,0.398326,0.398326,0.148213,-0.56098
220624,1265.0,263.899,0.111195,0.111482,0.111482,-0.286844,-0.32419
220625,1266.0,264.367,0.084679,0.475599,0.475599,0.364117,-0.78604
220626,1267.0,264.351,0.0,0.016,0.0,-0.475599,-0.35
220627,1268.0,264.652,0.0,0.301,0.0,0.0,-0.35
220628,1269.0,264.42,1.118136,1.141951,1.141951,1.141951,0.25829
220629,1270.0,264.256,2.761469,2.766334,2.766334,1.624383,-6.26343
220630,1271.0,265.469,4.630867,4.787097,4.787097,2.020763,-37.71042
220631,1272.0,264.652,6.081403,6.136037,6.136037,1.34894,0.02781
220632,1273.0,265.233,6.665346,6.69062,6.69062,0.554583,-15.29987
220633,1274.0,265.373,7.00026,7.001659,7.001659,0.311039,-4.68962
220634,1275.0,265.49,7.507883,7.508795,7.508795,0.507136,-7.03213
220635,1276.0,266.002,8.239418,8.25531,8.25531,0.746515,-17.93197
220636,1277.0,266.29,8.418918,8.423843,8.423843,0.168533,-5.42463
220637,1278.0,266.282,8.402701,8.402705,8.402705,-0.021138,0.53892
220638,1279.0,267.3,7.667015,7.734303,7.734303,-0.668402,-6.70316
220639,1280.0,267.44,6.932475,6.933888,6.933888,-0.800415,2.47427
220640,1281.0,266.763,6.120202,6.157532,6.157532,-0.776356,6.2625
220641,1282.0,267.635,5.585443,5.653102,5.653102,-0.50443,-8.98867
220642,1283.0,267.479,5.110158,5.112539,5.112539,-0.540563,2.36272
220643,1284.0,268.713,5.030909,5.180039,5.180039,0.0675,-21.24272
220644,1285.0,268.256,5.169453,5.189614,5.189614,0.009575,2.44412
220645,1286.0,268.441,5.229446,5.232717,5.232717,0.043103,-2.55258
220646,1287.0,268.473,5.030913,5.031015,5.031015,-0.201702,0.43865
220647,1288.0,269.374,4.912648,4.994588,4.994588,-0.036427,-14.48874
220648,1289.0,268.674,4.854651,4.904859,4.904859,-0.089729,3.95123
220649,1290.0,268.93,5.030917,5.037426,5.037426,0.132567,-4.65406
220650,1291.0,269.879,5.367846,5.451089,5.451089,0.413663,-19.56229
220651,1292.0,269.746,5.290121,5.291792,5.291792,-0.159297,1.23416
220652,1293.0,270.019,5.169463,5.176667,5.176667,-0.115125,-2.64467
220653,1294.0,270.167,5.030921,5.033098,5.033098,-0.143569,-0.32403
220654,1295.0,269.924,4.694095,4.70038,4.70038,-0.332718,2.14099
220655,1296.0,270.243,4.41705,4.428554,4.428554,-0.271826,-2.58857
220656,1297.0,270.973,3.864034,3.932386,3.932386,-0.496168,-8.6225
220657,1298.0,270.071,3.25078,3.3736,3.3736,-0.558786,5.64645
220658,1299.0,270.492,2.990856,3.020341,3.020341,-0.353259,-5.03075
220659,1300.0,271.105,2.913373,2.977165,2.977165,-0.043176,-10.10256
220700,1301.0,270.996,3.1294,3.131297,3.131297,0.154132,0.21352
220701,1302.0,271.004,2.990858,2.990868,2.990868,-0.140429,0.07112
220702,1303.0,271.633,2.291695,2.376448,2.376448,-0.61442,-8.16171
220703,1304.0,271.509,1.684405,1.688963,1.688963,-0.687485,1.05158
220704,1305.0,271.237,1.30206,1.330167,1.330167,-0.358796,1.43271
220705,1306.0,271.2,1.024433,1.025101,1.025101,-0.305066,0.09106
220706,1307.0,271.749,1.024433,1.162267,1.162267,0.137166,-9.98504
220707,1308.0,271.945,1.627305,1.639066,1.639066,0.476799,-4.76404
220708,1309.0,271.416,1.901624,1.973833,1.973833,0.334767,2.22186
220709,1310.0,272.241,2.09024,2.24716,2.24716,0.273327,-15.36383
220710,1311.0,271.781,1.645582,1.708666,1.708666,-0.538494,2.68284
220711,1312.0,271.789,1.150186,1.150214,1.150214,-0.558452,0.0413
220712,1313.0,271.858,0.202601,0.214029,0.214029,-0.936185,-0.22632
220713,1314.0,272.262,0.419304,0.582264,0.582264,0.368235,-7.68689
220714,1315.0,271.866,0.753163,0.850924,0.850924,0.26866,1.66717
220715,1316.0,272.077,0.419304,0.4694,0.4694,-0.381524,-0.21761
220716,1317.0,272.225,0.33763,0.368644,0.368644,-0.100756,-0.30124
220717,1318.0,271.781,0.0,0.444,0.0,-0.368644,-0.35
220718,1319.0,271.348,0.0,0.433,0.0,0.0,-0.35
220719,1320.0,272.006,0.139768,0.672681,0.672681,0.672681,-12.55764
220720,1321.0,271.184,0.0,0.822,0.0,-0.672681,-0.35
220721,1322.0,272.341,0.0,1.157,0.0,0.0,-0.35
220722,1323.0,271.757,0.0,0.584,0.0,0.0,-0.35
220723,1324.0,271.974,0.0,0.217,0.0,0.0,-0.35
220724,1325.0,272.154,0.559072,0.587334,0.587334,0.587334,-3.97957
220725,1326.0,271.913,1.81413,1.830068,1.830068,1.242734,-0.15743
220726,1327.0,272.846,3.583295,3.702768,3.702768,1.8727,-28.19059
220727,1328.0,271.858,5.215396,5.308154,5.308154,1.605386,0.71447
220728,1329.0,272.526,5.863066,5.900998,5.900998,0.592844,-16.70765
220729,1330.0,272.954,6.3791,6.393442,6.393442,0.492444,-11.69941
220730,1331.0,273.303,6.501579,6.510939,6.510939,0.117497,-5.99765
220731,1332.0,273.303,6.501581,6.501581,6.501581,-0.009358,0.23572
220732,1333.0,274.336,7.252748,7.325943,7.325943,0.824362,-27.20917
220733,1334.0,274.236,8.05132,8.051941,8.051941,0.725998,-11.47105
220734,1335.0,274.508,8.80188,8.806082,8.806082,0.754141,-14.35994
220735,1336.0,274.532,9.016121,9.016153,9.016153,0.210071,-1.40455
220736,1337.0,275.24,9.309548,9.336431,9.336431,0.320278,-15.27441
220737,1338.0,275.176,9.369823,9.370042,9.370042,0.033611,0.68088
220738,1339.0,275.705,9.063969,9.079393,9.079393,-0.290649,-2.13481
220739,1340.0,276.582,9.095082,9.137267,9.137267,0.057874,-13.913
220740,1341.0,276.413,9.545932,9.547428,9.547428,0.410161,-7.37464
220741,1342.0,277.623,10.545827,10.615017,10.615017,1.067589,-38.52435
220742,1343.0,277.895,11.661176,11.664348,11.664348,1.049331,-23.17013
220743,1344.0,278.347,12.770226,12.778222,12.778222,1.113874,-29.80948
220744,1345.0,278.86,15.297173,15.305773,15.305773,2.527551,-75.52976
220745,1346.0,279.497,14.728497,14.742265,14.742265,-0.563508,0.25933
220746,1347.0,280.773,15.512687,15.565077,15.565077,0.822812,-42.65568
220747,1348.0,280.997,15.884522,15.886101,15.886101,0.321024,-10.46958
220748,1349.0,282.586,15.929227,16.008285,16.008285,0.122184,-28.89673
220749,1350.0,282.818,15.729392,15.731103,15.731103,-0.277182,-0.55691
220750,1351.0,283.851,15.666367,15.700386,15.700386,-0.030717,-14.6111
220751,1352.0,284.676,15.466044,15.488032,15.488032,-0.212354,-5.83101
220752,1353.0,285.984,15.14272,15.199106,15.199106,-0.288926,-12.23349
220753,1354.0,286.708,14.665353,14.683214,14.683214,-0.515892,-0.54052
220754,1355.0,287.268,14.588146,14.59889,14.59889,-0.084324,-4.51792
220755,1356.0,287.82,14.588155,14.598595,14.598595,-0.000295,-6.57676
220756,1357.0,288.393,14.728608,14.739749,14.739749,0.141154,-10.73541
220757,1358.0,289.445,14.527913,14.565952,14.565952,-0.173797,-10.82891
220758,1359.0,289.445,14.434001,14.434001,14.434001,-0.131951,0.41584
220759,1360.0,290.769,14.174304,14.236007,14.236007,-0.197994,-14.98553
220800,1361.0,290.637,13.802526,13.803157,13.803157,-0.43285,3.73785
220801,1362.0,292.373,13.356184,13.468532,13.468532,-0.334625,-18.97081
220802,1363.0,292.317,13.267024,13.267142,13.267142,-0.20139,1.93834
220803,1364.0,293.696,13.094491,13.166903,13.166903,-0.100239,-18.32488
220804,1365.0,294.154,13.324948,13.332817,13.332817,0.165914,-8.50165
220805,1366.0,294.161,13.356217,13.356219,13.356219,0.023402,-0.04125
220806,1367.0,294.73,13.433585,13.44563,13.44563,0.089411,-8.6743
220807,1368.0,295.609,13.14212,13.171483,13.171483,-0.274147,-5.42359
220808,1369.0,296.077,12.540089,12.548819,12.548819,-0.622664,2.37659
220809,1370.0,296.857,11.479301,11.50577,11.50577,-1.043049,3.11041
220810,1371.0,296.801,10.405116,10.405266,10.405266,-1.100504,7.04354
220811,1372.0,297.245,9.341156,9.351702,9.351702,-1.053564,3.44366
220812,1373.0,298.757,8.364765,8.50032,8.50032,-0.851382,-11.40499
220813,1374.0,298.046,7.856738,7.888843,7.888843,-0.611477,6.63944
220814,1375.0,298.585,7.525823,7.5451,7.5451,-0.343743,-2.96485
220815,1376.0,299.761,7.32437,7.418178,7.418178,-0.126922,-17.17623
220816,1377.0,300.596,7.226381,7.274463,7.274463,-0.143715,-11.04198
220817,1378.0,300.696,6.733324,6.734066,6.734066,-0.540397,1.64401
220818,1379.0,301.404,6.133807,6.174532,6.174532,-0.559534,-4.85646
220819,1380.0,301.312,5.527427,5.528193,5.528193,-0.646339,2.49763
220820,1381.0,302.192,5.282637,5.355432,5.355432,-0.172761,-12.67652
220821,1382.0,302.144,5.946196,5.94639,5.94639,0.590958,-7.48545
220822,1383.0,303.344,7.130364,7.230636,7.230636,1.284246,-36.0018
220823,1384.0,304.25,8.878906,8.92501,8.92501,1.694374,-40.67407
220824,1385.0,304.358,10.677493,10.678039,10.678039,1.753029,-32.35886
220825,1386.0,305.418,11.973239,12.020068,12.020068,1.342029,-43.75622
220826,1387.0,305.885,12.623955,12.63259,12.63259,0.612522,-18.39727
220827,1388.0,307.772,12.894097,13.031443,13.031443,0.398853,-38.91394
220828,1389.0,308.013,12.872738,12.874994,12.874994,-0.156449,0.27809
220829,1390.0,307.725,12.871215,12.874437,12.874437,-0.000557,1.976
220830,1391.0,309.299,12.879286,12.975111,12.975111,0.100674,-26.41736
220831,1392.0,309.712,12.879295,12.885915,12.885915,-0.089196,-1.57133
220832,1393.0,310.618,12.735119,12.767305,12.767305,-0.11861,-9.56089
220833,1394.0,310.742,12.672621,12.673228,12.673228,-0.094077,0.57201
220834,1395.0,310.023,12.397936,12.418768,12.418768,-0.25446,6.17891
220835,1396.0,309.447,11.992402,12.006227,12.006227,-0.412541,6.6097
220836,1397.0,310.314,11.726337,11.758345,11.758345,-0.247882,-6.42183
220837,1398.0,310.303,11.790428,11.790433,11.790433,0.032088,0.68613
220838,1399.0,309.799,11.997822,12.008403,12.008403,0.21797,2.19348
220839,1400.0,308.784,12.002968,12.045807,12.045807,0.037404,6.00392
220840,1401.0,309.431,12.091461,12.108759,12.108759,0.062952,-8.95105
220841,1402.0,309.191,12.228586,12.230941,12.230941,0.122182,1.29306
220842,1403.0,309.619,12.577446,12.584726,12.584726,0.353785,-11.81037
220843,1404.0,309.548,12.566235,12.566435,12.566435,-0.018291,1.1411
220844,1405.0,310.655,12.210846,12.260922,12.260922,-0.305513,-8.98778
220845,1406.0,310.718,11.736812,11.736981,11.736981,-0.523941,3.77334
220846,1407.0,310.898,11.061665,11.06313,11.06313,-0.673851,3.76366
220847,1408.0,311.762,10.315461,10.351581,10.351581,-0.711549,0.04281
220848,1409.0,312.557,10.065691,10.097037,10.097037,-0.254544,-6.52335
220849,1410.0,313.26,10.477351,10.500909,10.500909,0.403872,-16.944
220850,1411.0,314.314,11.27919,11.32833,11.32833,0.827421,-31.94741
220851,1412.0,315.21,12.458573,12.490751,12.490751,1.162421,-38.07364
220852,1413.0,316.006,13.35006,13.37377,13.37377,0.883019,-31.6693
220853,1414.0,316.888,13.667085,13.695516,13.695516,0.321746,-20.00039
220854,1415.0,317.551,13.355962,13.372408,13.372408,-0.323108,-1.01415
220855,1416.0,318.45,13.041128,13.072078,13.072078,-0.30033,-5.18835
220856,1417.0,319.097,12.703505,12.719971,12.719971,-0.352107,-0.4395
220857,1418.0,320.455,12.503118,12.57665,12.57665,-0.143321,-16.95328
220858,1419.0,321.124,12.239976,12.258245,12.258245,-0.318405,-1.00235
220859,1420.0,321.414,11.915339,11.918868,11.918868,-0.339377,1.48869
220900,1421.0,322.202,11.669646,11.69622,11.69622,-0.222648,-5.62004
220901,1422.0,322.82,11.885614,11.90167,11.90167,0.20545,-11.58446
220902,1423.0,322.318,12.026879,12.037351,12.037351,0.135681,2.69255
220903,1424.0,321.626,12.133358,12.153076,12.153076,0.115725,3.74672
220904,1425.0,321.306,11.546295,11.550728,11.550728,-0.602348,6.18188
220905,1426.0,320.204,10.235565,10.294717,10.294717,-1.256011,13.29153
220906,1427.0,320.532,8.813317,8.819418,8.819418,-1.475299,5.67297
220907,1428.0,319.924,7.36291,7.38797,7.38797,-1.431448,9.11538
220908,1429.0,319.837,6.201655,6.202265,6.202265,-1.185705,4.552
220909,1430.0,319.393,5.400226,5.418448,5.418448,-0.783817,4.68893
220910,1431.0,319.05,4.741194,4.753585,4.753585,-0.664863,3.52058
220911,1432.0,318.611,4.001645,4.025654,4.025654,-0.727931,3.83651
220912,1433.0,318.418,2.699757,2.706647,2.706647,-1.319007,2.77986
220913,1434.0,319.166,1.348096,1.541709,1.541709,-1.164938,-9.87805
220914,1435.0,318.682,0.202614,0.524698,0.524698,-1.017011,2.50858
220915,1436.0,318.962,0.475938,0.552193,0.552193,0.027495,-5.15652
220916,1437.0,318.785,0.651045,0.674677,0.674677,0.122484,0.58515
220917,1438.0,318.434,0.419317,0.546834,0.546834,-0.127843,1.56698
220918,1439.0,319.813,0.279545,1.407049,1.407049,0.860215,-26.40353
220919,1440.0,318.698,0.0,1.115,0.0,-1.407049,-0.35
220920,1441.0,319.105,0.084688,0.415717,0.415717,0.415717,-0.76959
220921,1442.0,319.034,0.0,0.071,0.0,-0.415717,-0.35
220922,1443.0,318.957,0.0,0.077,0.0,0.0,-0.35
220923,1444.0,318.97,0.0,0.013,0.0,0.0,-0.35
220924,1445.0,319.01,0.111195,0.118171,0.118171,0.118171,-0.34817
220925,1446.0,318.798,0.0,0.212,0.0,-0.118171,-0.35
220926,1447.0,318.307,0.139772,0.510507,0.510507,0.510507,2.12043
220927,1448.0,319.261,0.139772,0.964185,0.964185,0.453678,-17.65991
220928,1449.0,319.478,0.0,0.217,0.0,-0.964185,-0.35
220929,1450.0,318.199,0.111195,1.283824,1.283824,1.283824,5.56478
220930,1451.0,319.417,0.0,1.218,0.0,-1.283824,-0.35
220931,1452.0,318.37,0.0,1.047,0.0,0.0,-0.35
220932,1453.0,319.158,0.139772,0.8003,0.8003,0.8003,-15.14755
220933,1454.0,318.347,0.111195,0.818587,0.818587,0.018287,3.95023
220934,1455.0,319.493,0.139772,1.154492,1.154492,0.335905,-20.89756
220935,1456.0,318.41,0.0,1.083,0.0,-1.154492,-0.35
220936,1457.0,319.441,0.0,1.031,0.0,0.0,-0.35
220937,1458.0,319.166,0.0,0.275,0.0,0.0,-0.35
220938,1459.0,319.369,0.084688,0.219957,0.219957,0.219957,-0.49479
220939,1460.0,318.526,0.0,0.843,0.0,-0.219957,-0.35
220940,1461.0,318.59,0.084688,0.106151,0.106151,0.106151,-0.34768
220941,1462.0,318.323,0.0,0.267,0.0,-0.106151,-0.35
220942,1463.0,319.253,0.084688,0.933848,0.933848,0.933848,-18.02513
220943,1464.0,319.05,0.0,0.203,0.0,-0.933848,-0.35
220944,1465.0,319.113,0.139772,0.153314,0.153314,0.153314,-0.4326
220945,1466.0,318.762,0.084688,0.361072,0.361072,0.207758,-0.5798
220946,1467.0,319.121,0.0,0.359,0.0,-0.361072,-0.35
220947,1468.0,319.121,0.111195,0.111195,0.111195,0.111195,-0.34787
220948,1469.0,318.925,0.0,0.196,0.0,-0.111195,-0.35
220949,1470.0,318.674,0.084688,0.264902,0.264902,0.264902,-0.54572
220950,1471.0,318.627,0.0,0.047,0.0,-0.264902,-0.35
220951,1472.0,319.369,0.0,0.742,0.0,0.0,-0.35
220952,1473.0,319.073,0.0,0.296,0.0,0.0,-0.35
220953,1474.0,318.793,0.0,0.28,0.0,0.0,-0.35
220954,1475.0,319.369,0.0,0.576,0.0,0.0,-0.35
220955,1476.0,319.298,1.784985,1.786396,1.786396,1.786396,-5.29736
220956,1477.0,318.098,4.323102,4.486559,4.486559,2.700163,-0.16647
220957,1478.0,318.455,6.582583,6.592257,6.592257,2.105698,-29.63004
220958,1479.0,318.466,8.56399,8.563997,8.563997,1.97174,-28.23285
220959,1480.0,318.386,10.208807,10.209121,10.209121,1.645124,-32.30649
221000,1481.0,318.23,10.653863,10.655005,10.655005,0.445884,-9.56753
221001,1482.0,318.027,10.627066,10.629005,10.629005,-0.026,1.88058
221002,1483.0,317.942,10.52068,10.521024,10.521024,-0.107981,1.70759
221003,1484.0,317.739,10.242651,10.244663,10.244663,-0.276361,3.19374
221004,1485.0,317.691,9.988012,9.988128,9.988128,-0.256535,2.20681
221005,1486.0,318.455,9.791546,9.821307,9.821307,-0.166821,-7.76468
221006,1487.0,318.291,9.595334,9.596736,9.596736,-0.224571,2.54841
221007,1488.0,319.042,9.177579,9.208255,9.208255,-0.388481,-4.30841
221008,1489.0,318.87,8.646247,8.647958,8.647958,-0.560297,3.91402
221009,1490.0,319.549,8.394883,8.422298,8.422298,-0.22566,-6.35139
221010,1491.0,319.338,8.255406,8.258102,8.258102,-0.164196,2.21314
221011,1492.0,320.532,8.230526,8.316681,8.316681,0.058579,-19.73081
221012,1493.0,320.439,8.339604,8.340122,8.340122,0.023441,0.77713
221013,1494.0,321.922,8.981462,9.103074,9.103074,0.762952,-36.09266
221014,1495.0,322.413,9.873945,9.886145,9.886145,0.783071,-19.75448
221015,1496.0,323.372,10.684005,10.726958,10.726958,0.840813,-29.91582
221016,1497.0,324.387,11.658923,11.703021,11.703021,0.976063,-34.76063
221017,1498.0,324.131,12.190414,12.193102,12.193102,0.490081,-10.75896
221018,1499.0,325.045,12.355641,12.389401,12.389401,0.196299,-16.6973
221019,1500.0,325.927,11.937594,11.970132,11.970132,-0.419269,-2.81214
221020,1501.0,325.809,11.659486,11.660083,11.660083,-0.310049,3.35725
221021,1502.0,326.419,10.682521,10.699924,10.699924,-0.960159,2.96817
221022,1503.0,327.37,10.040379,10.085317,10.085317,-0.614607,-2.76748
221023,1504.0,327.521,9.628638,9.629822,9.629822,-0.455495,2.09409
221024,1505.0,327.809,9.923937,9.928115,9.928115,0.298293,-7.59583
221025,1506.0,327.893,10.26656,10.266904,10.266904,0.338789,-4.79079
221026,1507.0,327.801,10.595256,10.595655,10.595655,0.328751,-8.39362
221027,1508.0,328.245,10.889908,10.898956,10.898956,0.303301,-10.53592
221028,1509.0,327.737,10.952633,10.964407,10.964407,0.065451,2.99072
221029,1510.0,327.185,11.227504,11.241065,11.241065,0.276658,1.98246
221030,1511.0,326.654,11.440389,11.452706,11.452706,0.211641,2.26786
221031,1512.0,326.459,10.678029,10.679809,10.679809,-0.772897,6.10089
221032,1513.0,325.341,9.053083,9.121855,9.121855,-1.557954,13.91494
221033,1514.0,325.864,7.514435,7.532613,7.532613,-1.589242,3.95651
221034,1515.0,325.513,6.005109,6.015359,6.015359,-1.517254,6.86118
221035,1516.0,325.912,5.201842,5.217122,5.217122,-0.798237,0.21507
221036,1517.0,325.951,4.99227,4.992422,4.992422,-0.2247,0.4555
221037,1518.0,325.795,5.265571,5.267881,5.267881,0.275459,0.12847
221038,1519.0,326.06,5.394755,5.401259,5.401259,0.133378,-4.79564
221039,1520.0,325.888,5.933658,5.936151,5.936151,0.534892,-4.69317
221040,1521.0,325.077,6.745013,6.793594,6.793594,0.857443,1.36855
221041,1522.0,325.513,7.219054,7.232208,7.232208,0.438614,-11.60122
221042,1523.0,324.942,7.492329,7.514056,7.514056,0.281848,2.16396
221043,1524.0,324.358,7.364881,7.387999,7.387999,-0.126057,3.84531
221044,1525.0,324.754,6.753091,6.764692,6.764692,-0.623307,0.40599
221045,1526.0,324.075,6.077784,6.115594,6.115594,-0.649098,5.83618
221046,1527.0,324.786,5.476352,5.522314,5.522314,-0.59328,-5.43682
221047,1528.0,324.31,5.13874,5.160739,5.160739,-0.361575,3.56265
221048,1529.0,323.991,4.654685,4.665603,4.665603,-0.495136,2.93355
221049,1530.0,323.584,4.05186,4.07225,4.07225,-0.593353,3.39882
221050,1531.0,323.671,3.979504,3.980455,3.980455,-0.091795,-0.28812
221051,1532.0,322.889,4.125946,4.1994,4.1994,0.218945,3.5928
221052,1533.0,324.194,4.590294,4.772192,4.772192,0.572792,-26.88973
221053,1534.0,322.881,5.466497,5.621971,5.621971,0.849779,4.44127
221054,1535.0,323.156,5.999202,6.005502,6.005502,0.383531,-7.61943
221055,1536.0,322.366,5.933686,5.986045,5.986045,-0.019457,4.34929
221056,1537.0,321.93,5.25547,5.273525,5.273525,-0.71252,4.3726
221057,1538.0,322.149,4.4536,4.458982,4.458982,-0.814543,0.80518
221058,1539.0,321.406,3.707328,3.781049,3.781049,-0.677933,5.21055
221059,1540.0,322.154,3.743634,3.81763,3.81763,0.036581,-12.72109
221100,1541.0,321.478,4.044554,4.100658,4.100658,0.283028,2.90093
221101,1542.0,321.679,4.339701,4.344353,4.344353,0.243695,-4.59474
221102,1543.0,321.882,5.014422,5.01853,5.01853,0.674177,-8.59707
221103,1544.0,322.062,5.80415,5.80694,5.80694,0.78841,-10.09069
221104,1545.0,321.835,6.745058,6.748876,6.748876,0.941936,-9.69656
221105,1546.0,322.202,7.629182,7.638004,7.638004,0.889128,-16.73424
221106,1547.0,321.774,8.441411,8.452255,8.452255,0.814251,-7.70703
221107,1548.0,321.694,9.381522,9.381863,9.381863,0.929608,-17.48707
221108,1549.0,321.694,10.322244,10.322244,10.322244,0.940381,-21.05223
221109,1550.0,321.782,11.069759,11.070109,11.070109,0.747865,-13.11323
221110,1551.0,321.694,11.343412,11.343754,11.343754,0.273645,-8.123
221111,1552.0,321.953,10.752586,10.755704,10.755704,-0.58805,2.70603
221112,1553.0,321.858,9.615284,9.615754,9.615754,-1.13995,6.88711
221113,1554.0,321.858,8.004869,8.004869,8.004869,-1.610885,7.23646
221114,1555.0,321.586,6.596096,6.601701,6.601701,-1.403168,6.57749
221115,1556.0,321.842,5.133293,5.139672,5.139672,-1.462029,2.74324
221116,1557.0,321.813,3.905302,3.90541,3.90541,-1.234262,2.68882
221117,1558.0,322.437,2.761656,2.831276,2.831276,-1.074134,-5.11414
221118,1559.0,322.165,1.53753,1.561404,1.561404,-1.269872,2.25416
221119,1560.0,321.835,0.581205,0.668356,0.668356,-0.893048,1.74775
221120,1561.0,322.109,0.202622,0.340781,0.340781,-0.327575,-0.2637
221121,1562.0,322.429,0.356553,0.479093,0.479093,0.138312,-0.34772
221122,1563.0,322.054,0.405244,0.55213,0.55213,0.073037,1.63419
221123,1564.0,322.796,0.277345,0.792139,0.792139,0.240009,-13.53309
221124,1565.0,321.93,0.139775,0.877208,0.877208,0.085069,4.21084
221125,1566.0,322.305,0.111195,0.391138,0.391138,-0.48607,-0.21787
221126,1567.0,322.709,0.111195,0.419023,0.419023,0.027885,-0.32333
221127,1568.0,322.366,0.0,0.343,0.0,-0.419023,-0.35
221128,1569.0,322.086,0.139775,0.312949,0.312949,0.312949,-0.60819
221129,1570.0,321.702,0.539074,0.661858,0.661858,0.348909,1.58824
221130,1571.0,321.726,0.698877,0.699289,0.699289,0.037431,-0.6344
221131,1572.0,322.141,0.614126,0.741199,0.741199,0.04191,-7.5096
221132,1573.0,322.508,0.419326,0.557246,0.557246,-0.183953,-6.47445
221133,1574.0,322.366,0.475442,0.496194,0.496194,-0.061052,-0.29487
221134,1575.0,322.881,2.34292,2.398853,2.398853,1.902659,-16.95221
221135,1576.0,322.101,4.43772,4.505747,4.505747,2.106894,-4.88812
221136,1577.0,322.281,5.999576,6.002276,6.002276,1.496529,-17.92556
221137,1578.0,322.78,6.970952,6.988789,6.988789,0.986513,-19.46712
221138,1579.0,322.857,6.991192,6.991616,6.991616,0.002827,-0.16161
221139,1580.0,323.216,6.825585,6.835019,6.835019,-0.156597,-2.77545
221140,1581.0,322.569,7.4713,7.499262,7.499262,0.664243,1.03266
221141,1582.0,322.485,8.095339,8.095775,8.095775,0.596513,-9.94441
221142,1583.0,322.905,8.696362,8.706498,8.706498,0.610723,-14.62993
221143,1584.0,321.982,9.454466,9.499413,9.499413,0.792915,1.34086
221144,1585.0,320.368,9.940009,10.070193,10.070193,0.57078,5.97892
221145,1586.0,319.425,10.243856,10.287168,10.287168,0.216975,4.37059
221146,1587.0,319.261,10.301268,10.302573,10.302573,0.015405,1.40211
221147,1588.0,318.471,9.826064,9.85777,9.85777,-0.444803,7.04554
221148,1589.0,318.191,9.370542,9.374724,9.374724,-0.483046,4.39465
221149,1590.0,317.683,9.093988,9.108166,9.108166,-0.266558,4.43573
221150,1591.0,317.24,8.618558,8.629936,8.629936,-0.47823,4.94694
221151,1592.0,316.452,8.576799,8.612922,8.612922,-0.017014,4.62704
221152,1593.0,316.381,8.534605,8.5349,8.5349,-0.078022,1.14331
221153,1594.0,316.249,8.339822,8.340867,8.340867,-0.194033,1.94893
221154,1595.0,316.685,8.00582,8.017684,8.017684,-0.323183,-0.98836
221155,1596.0,315.834,8.018853,8.063883,8.063883,0.046199,4.61893
221156,1597.0,315.617,7.844262,7.847263,7.847263,-0.21662,2.38336
221157,1598.0,315.686,7.672144,7.672454,7.672454,-0.174809,0.6768
221158,1599.0,315.474,7.558393,7.561366,7.561366,-0.111088,1.86815
221159,1600.0,314.814,7.567056,7.595784,7.595784,0.034418,3.6286
221200,1601.0,314.447,7.8448,7.85338,7.85338,0.257596,1.18309
221201,1602.0,313.635,8.263471,8.303271,8.303271,0.449891,2.64722
221202,1603.0,313.712,8.370421,8.370776,8.370776,0.067505,-0.30612
221203,1604.0,312.824,8.395144,8.441978,8.441978,0.071202,4.73236
221204,1605.0,312.404,7.928157,7.939274,7.939274,-0.502704,4.67776
221205,1606.0,312.177,7.79025,7.793557,7.793557,-0.145717,2.129
221206,1607.0,311.794,7.790253,7.799662,7.799662,0.006105,2.3148
221207,1608.0,311.466,7.576909,7.584006,7.584006,-0.215656,2.90195
221208,1609.0,310.61,7.21326,7.263873,7.263873,-0.320133,5.99956
221209,1610.0,310.61,7.365077,7.365077,7.365077,0.101204,-0.10736
221210,1611.0,309.252,7.502301,7.624217,7.624217,0.25914,6.36975
221211,1612.0,309.891,7.728791,7.755162,7.755162,0.130945,-11.12056
221212,1613.0,308.744,8.042387,8.123767,8.123767,0.368605,4.77587
221213,1614.0,308.456,8.146261,8.15135,8.15135,0.027583,1.76122
221214,1615.0,308.153,8.032761,8.038473,8.038473,-0.112877,2.43135
221215,1616.0,307.936,7.754035,7.757071,7.757071,-0.281402,2.63142
221216,1617.0,307.809,6.918254,6.91942,6.91942,-0.837651,4.00101
221217,1618.0,306.485,5.249445,5.413838,5.413838,-1.505582,11.37593
221218,1619.0,307.569,3.113341,3.296657,3.296657,-2.117181,-6.01393
221219,1620.0,307.349,1.482327,1.498564,1.498564,-1.798093,2.35673
221220,1621.0,308.161,1.145902,1.404434,1.404434,-0.09413,-14.02369
221221,1622.0,308.02,2.576271,2.580126,2.580126,1.175692,-3.99862
221222,1623.0,308.176,4.437913,4.440654,4.440654,1.860528,-16.69044
221223,1624.0,307.585,5.627943,5.658888,5.658888,1.218234,-3.90323
221224,1625.0,308.715,6.319251,6.419488,6.419488,0.7606,-27.14887
221225,1626.0,309.299,6.596223,6.622025,6.622025,0.202537,-11.12812
221226,1627.0,309.915,7.071657,7.098436,7.098436,0.476411,-15.18891
221227,1628.0,310.359,7.626138,7.639052,7.639052,0.540616,-13.31603
221228,1629.0,311.046,8.482004,8.50978,8.50978,0.870728,-23.15243
221229,1630.0,311.794,8.736872,8.768833,8.768833,0.259053,-14.91399
221230,1631.0,312.504,8.59041,8.619701,8.619701,-0.149132,-7.92474
221231,1632.0,312.816,8.246877,8.252777,8.252777,-0.366924,0.3678
221232,1633.0,314.283,8.046112,8.178753,8.178753,-0.074024,-22.62457
221233,1634.0,315.406,7.955711,8.034579,8.034579,-0.144174,-15.63523
221234,1635.0,314.766,8.386663,8.411047,8.411047,0.376468,2.06268
221235,1636.0,316.053,8.962241,9.054177,9.054177,0.64313,-30.65192
221236,1637.0,317.115,9.622384,9.680812,9.680812,0.626635,-26.87907
221237,1638.0,318.159,10.23607,10.289172,10.289172,0.60836,-26.65333
221238,1639.0,318.495,10.406012,10.411435,10.411435,0.122263,-5.20609
221239,1640.0,319.589,10.14179,10.200624,10.200624,-0.210811,-12.49163
221240,1641.0,319.681,9.60262,9.603061,9.603061,-0.597563,3.12095
221241,1642.0,320.915,9.465227,9.545327,9.545327,-0.057734,-18.09485
221242,1643.0,321.367,9.629027,9.63963,9.63963,0.094303,-6.91942
221243,1644.0,321.961,9.930126,9.947876,9.947876,0.308246,-13.15771
221244,1645.0,322.656,10.100497,10.124379,10.124379,0.176503,-12.56587
221245,1646.0,323.288,9.993399,10.013363,10.013363,-0.111016,-6.30738
221246,1647.0,323.372,9.262568,9.262949,9.262949,-0.750414,3.76879
221247,1648.0,324.099,7.514762,7.549847,7.549847,-1.713102,3.40425
221248,1649.0,324.043,6.552739,6.552978,6.552978,-0.996869,3.98568
221249,1650.0,325.09,5.88922,5.981566,5.981566,-0.571412,-10.94795
221250,1651.0,324.974,5.120725,5.122038,5.122038,-0.859528,3.02835
221251,1652.0,323.623,4.110906,4.32721,4.32721,-0.794828,8.90653
221252,1653.0,324.21,2.638211,2.702725,2.702725,-1.624485,-2.07934
221253,1654.0,323.46,1.367307,1.559496,1.559496,-1.143229,4.64869
221254,1655.0,323.631,1.506468,1.516142,1.516142,-0.043354,-2.83812
221255,1656.0,323.436,3.152179,3.158205,3.158205,1.642063,-7.06832
221256,1657.0,323.264,5.031451,5.03439,5.03439,1.876185,-15.6554
221257,1658.0,322.749,6.717,6.736714,6.736714,1.702324,-13.79093
221258,1659.0,322.281,7.492678,7.507279,7.507279,0.770565,-0.3318
221259,1660.0,321.187,7.944415,8.019387,8.019387,0.512108,3.8937
221300,1661.0,320.088,8.342964,8.415037,8.415037,0.39565,4.37806
221301,1662.0,319.338,8.285589,8.319464,8.319464,-0.095573,4.74129
221302,1663.0,318.051,8.172261,8.272982,8.272982,-0.046482,7.32722
221303,1664.0,317.443,7.558542,7.582956,7.582956,-0.690026,6.28568
221304,1665.0,316.521,6.558417,6.622908,6.622908,-0.960048,8.43141
221305,1666.0,315.937,5.411888,5.443306,5.443306,-1.179602,6.58343
221306,1667.0,315.398,4.323683,4.35715,4.35715,-1.086156,5.34985
221307,1668.0,314.83,3.260014,3.309126,3.309126,-1.048024,4.7376
221308,1669.0,314.174,2.017573,2.121541,2.121541,-1.187585,4.59476
221309,1670.0,313.884,2.02998,2.05059,2.05059,-0.070951,1.40745
221310,1671.0,314.095,3.022212,3.029569,3.029569,0.978979,-8.56544
221311,1672.0,314.143,4.462896,4.463154,4.463154,1.433585,-11.44259
221312,1673.0,314.97,6.167778,6.222975,6.222975,1.759821,-32.76475
221313,1674.0,315.102,6.734898,6.736191,6.736191,0.513216,-6.93352
221314,1675.0,314.859,6.881806,6.886095,6.886095,0.149904,0.96223
221315,1676.0,314.93,6.535913,6.536298,6.536298,-0.349797,1.05454
221316,1677.0,315.078,6.065513,6.067319,6.067319,-0.468979,0.90432
221317,1678.0,314.898,5.411902,5.414894,5.414894,-0.652425,2.92612
221318,1679.0,313.939,4.748798,4.844663,4.844663,-0.570231,6.53992
221319,1680.0,315.53,3.784421,4.105255,4.105255,-0.739408,-21.77305
221320,1681.0,315.186,4.214893,4.228907,4.228907,0.123652,1.51488
221321,1682.0,315.485,5.469266,5.477432,5.477432,1.248525,-16.34021
221322,1683.0,313.659,6.827193,7.067166,7.067166,1.589734,3.82189
221323,1684.0,313.868,8.005191,8.007919,8.007919,0.940753,-15.15274
221324,1685.0,312.129,8.517888,8.693592,8.693592,0.685673,6.35484
221325,1686.0,312.105,8.795538,8.795571,8.795571,0.101979,0.09332
221326,1687.0,311.366,8.957124,8.987558,8.987558,0.191987,3.41505
221327,1688.0,309.971,8.934413,9.042664,9.042664,0.055106,7.50887
221328,1689.0,308.832,9.052475,9.12385,9.12385,0.081186,6.04945
221329,1690.0,308.427,9.015015,9.024108,9.024108,-0.099742,3.0721
221330,1691.0,308.324,8.876018,8.876616,8.876616,-0.147492,1.69292
221331,1692.0,308.808,8.854496,8.867715,8.867715,-0.008901,-6.01753
221332,1693.0,308.855,9.287855,9.287973,9.287973,0.420258,-5.30599
221333,1694.0,309.059,9.784582,9.786709,9.786709,0.498736,-9.61773
221334,1695.0,309.815,9.651125,9.680689,9.680689,-0.10602,-8.77896
221335,1696.0,311.841,9.372018,9.588504,9.588504,-0.092185,-31.41094
221336,1697.0,312.145,8.679847,8.685169,8.685169,-0.903335,3.02784
221337,1698.0,313.44,8.320304,8.42048,8.42048,-0.264689,-16.59849
221338,1699.0,314.711,8.403796,8.499367,8.499367,0.078887,-21.34523
221339,1700.0,315.601,8.598126,8.644066,8.644066,0.144699,-15.62929
221340,1701.0,315.834,8.84271,8.845779,8.845779,0.201713,-4.95217
221341,1702.0,317.488,9.102146,9.251204,9.251204,0.405425,-33.31375
221342,1703.0,317.8,8.564173,8.569854,8.569854,-0.68135,1.90252
221343,1704.0,318.846,8.543178,8.606974,8.606974,0.03712,-16.71766
221344,1705.0,320.611,8.089492,8.279801,8.279801,-0.327173,-24.05747
221345,1706.0,321.047,7.884267,7.896313,7.896313,-0.383488,-0.31997
221346,1707.0,322.437,7.75425,7.877848,7.877848,-0.018465,-22.20494
221347,1708.0,322.358,7.446709,7.447128,7.447128,-0.43072,2.42312
221348,1709.0,323.264,7.204322,7.261066,7.261066,-0.186062,-11.74815
221349,1710.0,322.685,7.129826,7.153297,7.153297,-0.107769,3.7094
221350,1711.0,322.905,7.164749,7.168126,7.168126,0.014829,-2.32678
221351,1712.0,323.084,7.273382,7.275585,7.275585,0.107459,-2.77972
221352,1713.0,323.935,8.092735,8.137356,8.137356,0.861771,-25.46415
221353,1714.0,323.56,9.475828,9.483245,9.483245,1.345889,-19.58622
221354,1715.0,324.302,10.119093,10.146261,10.146261,0.663016,-22.24121
221355,1716.0,323.708,9.902146,9.919947,9.919947,-0.226314,4.88612
221356,1717.0,324.038,9.710969,9.716574,9.716574,-0.203373,-0.11763
