140808,0,387.509704252196,0.0,0.0,0,0,-0.35
140811,3.0,384.439075965006,38.509935,38.632161,12.877387,4.292462,-86.50382
140812,4.0,383.50200955918,13.41124,13.443937,13.443937,0.56655,0.94541
140813,5.0,382.952474134502,12.699213,12.711098,12.711098,-0.732839,8.40825
140814,6.0,382.745853137009,12.552471,12.554171,12.554171,-0.156927,2.78704
140815,7.0,382.804316454451,12.77152,12.771654,12.771654,0.217483,-2.34628
140816,8.0,382.876253161771,12.570758,12.570963,12.570963,-0.200691,1.6146
140817,9.0,382.747205742627,12.678592,12.679249,12.679249,0.108286,0.52528
140818,10.0,382.848803970575,12.325523,12.325942,12.325942,-0.353307,2.57459
140819,11.0,382.915343794053,13.490074,13.490238,13.490238,1.164296,-25.854
140820,12.0,383.146575762746,12.771446,12.773539,12.773539,-0.716699,4.19999
140821,13.0,383.427060669076,12.52735,12.53049,12.53049,-0.243049,0.82527
140822,14.0,383.991837153442,13.252658,13.264686,13.264686,0.734196,-23.85605
140823,15.0,384.743185917477,13.85461,13.874968,13.874968,0.610282,-25.03326
140824,16.0,385.97092465012,14.263413,14.316155,14.316155,0.441187,-29.69743
140825,17.0,387.253102023554,14.05204,14.110415,14.110415,-0.20574,-14.05704
140826,18.0,387.788077377503,14.153599,14.163706,14.163706,0.053291,-7.49016
140827,19.0,387.771172612565,13.736429,13.736439,13.736439,-0.427267,3.12567
140828,20.0,387.319082996751,13.522291,13.529846,13.529846,-0.206593,3.90404
140829,21.0,386.273148391869,13.582424,13.622637,13.622637,0.092791,4.78361
140830,22.0,384.967847241209,12.999669,13.065038,13.065038,-0.557599,11.06516
140831,23.0,383.672195606388,14.04547,14.105103,14.105103,1.040065,-1.40051
140832,24.0,382.560778570282,11.67903,11.731794,11.731794,-2.373309,21.49093
140833,25.0,381.074314646562,13.819271,13.898987,13.898987,2.167193,-34.65511
140834,26.0,379.648086956952,13.174951,13.251923,13.251923,-0.647064,12.26766
140835,27.0,377.65213317506,13.529542,13.675977,13.675977,0.424054,7.2997
140836,28.0,373.792597642303,13.391037,13.936136,13.936136,0.260159,18.02962
140837,29.0,371.268471364699,13.666886,13.898021,13.898021,-0.038115,13.28529
140838,30.0,369.559135481851,14.570952,14.670872,14.670872,0.772851,2.1146
140839,31.0,368.153256908251,14.785982,14.852668,14.852668,0.181796,4.99048
140840,32.0,366.986500625137,14.755647,14.801704,14.801704,-0.050964,5.62269
140841,33.0,365.911392436653,15.356361,15.393949,15.393949,0.592245,-0.61138
140842,34.0,365.414462668941,14.785954,14.794302,14.794302,-0.599647,6.45336
140843,35.0,364.944335143025,15.968199,15.975118,15.975118,1.180816,-35.68937
140844,36.0,364.750392055522,14.257362,14.258681,14.258681,-1.716437,13.60296
140845,37.0,365.018691768408,15.541957,15.544273,15.544273,1.285592,-37.78628
140846,38.0,365.521271111399,16.190912,16.198711,16.198711,0.654438,-25.36989
140847,39.0,367.351994164299,15.248384,15.357889,15.357889,-0.840822,-6.20785
140848,40.0,369.36166324236,14.919563,15.054306,15.054306,-0.303583,-24.19524
140849,41.0,371.237197463109,14.966317,15.083377,15.083377,0.029071,-30.82825
140850,42.0,372.702293919365,14.74053,14.813161,14.813161,-0.270216,-15.54363
140851,43.0,374.387392000276,15.260293,15.353049,15.353049,0.539888,-41.66202
140852,44.0,376.124746898106,14.427488,14.531717,14.531717,-0.821332,-6.00841
140853,45.0,378.005056470442,15.436013,15.550115,15.550115,1.018398,-58.70996
140854,46.0,380.105652337214,14.740503,14.889423,14.889423,-0.660692,-16.29018
140855,47.0,382.149370177393,15.012453,15.150925,15.150925,0.261502,-40.13293
140856,48.0,383.353838118348,14.176076,14.227153,14.227153,-0.923772,0.26311
140857,49.0,384.288083145566,13.950362,13.98161,13.98161,-0.245543,-6.94513
140858,50.0,385.171010449134,12.73753,12.768094,12.768094,-1.213516,4.17455
140859,51.0,385.54480947195,12.225076,12.23079,12.23079,-0.537304,2.38457
140900,52.0,385.668492632816,10.992177,10.992873,10.992873,-1.237917,7.33179
140901,53.0,385.909439236352,11.519359,11.521879,11.521879,0.529006,-11.67514
140902,54.0,385.506894159953,10.99217,10.999539,10.999539,-0.52234,5.8922
140903,55.0,384.751687667319,11.727633,11.751924,11.751924,0.752385,0.06098
140904,56.0,384.463744831923,11.769979,11.773501,11.773501,0.021577,2.19995
140905,57.0,384.126280629475,11.583381,11.588295,11.588295,-0.185206,3.71309
140906,58.0,383.700327230101,11.07256,11.08075,11.08075,-0.507545,5.96093
140907,59.0,383.491631332715,10.107503,10.109657,10.109657,-0.971093,6.93365
140908,60.0,382.689876232109,9.459891,9.493805,9.493805,-0.615852,7.84301
140909,61.0,381.933535996213,7.900724,7.936843,7.936843,-1.556962,10.90056
140910,62.0,381.200257067353,8.355087,8.387203,8.387203,0.45036,2.22269
140911,63.0,380.73336751969,7.775867,7.789871,7.789871,-0.597332,5.2605
140912,64.0,380.390773901704,7.717954,7.725554,7.725554,-0.064317,2.38616
140913,65.0,380.165816547342,7.547903,7.551254,7.551254,-0.1743,2.18918
140914,66.0,379.905561349289,7.547901,7.552386,7.552386,0.001132,1.66737
140915,67.0,379.862297939949,6.709243,6.709383,6.709383,-0.843003,3.46723
140916,68.0,379.844139961369,5.494505,5.494535,5.494535,-1.214848,3.76281
140917,69.0,379.755362417151,5.01988,5.020665,5.020665,-0.47387,1.7975
140918,70.0,379.639744491924,3.773947,3.775718,3.775718,-1.244947,3.06719
140919,71.0,379.575501677775,2.515659,2.516479,2.516479,-1.259239,1.87653
140920,72.0,379.543477753275,1.537534,1.537867,1.537867,-0.978612,0.74165
140922,74.0,379.51692659899,1.450641,1.450884,0.725442,-0.406213,-0.06634
140924,76.0,379.505383210319,1.223144,1.223199,0.611599,-0.056921,-0.25319
140926,78.0,379.516317893476,1.464713,1.464754,0.732377,0.060389,-0.34465
140930,82.0,379.529052921673,0.753216,0.753323,0.188331,-0.136011,-0.32155
140931,83.0,379.536310539807,0.555975,0.556022,0.556022,0.367691,-0.69744
140933,85.0,379.545019681585,0.66717,0.667226,0.333613,-0.111205,-0.30402
140934,86.0,379.544067198116,0.753216,0.753217,0.753217,0.419604,-1.09889
140937,89.0,379.550776464453,0.555975,0.556015,0.185338,-0.189293,-0.31674
140939,91.0,379.558827584054,0.66717,0.667218,0.333609,0.074136,-0.337
140940,92.0,379.557232827567,0.698879,0.698881,0.698881,0.365272,-0.96425
140944,96.0,379.538963977359,0.931627,0.931806,0.232951,-0.116482,-0.31724
140945,97.0,379.533716982507,0.555975,0.555999,0.555999,0.323048,-0.72655
140948,100.0,379.507121740893,1.537534,1.537764,0.512588,-0.01447,-0.2594
140951,103.0,379.482286559633,1.013116,1.01342,0.337807,-0.05826,-0.31298
140952,104.0,379.462668519542,0.50816,0.508538,0.508538,0.170731,-0.25372
140953,105.0,379.440767266903,0.698879,0.699222,0.699222,0.190684,-0.25158
140956,108.0,379.435214381023,0.555975,0.556002,0.185334,-0.171296,-0.31852
140957,109.0,379.410944456671,0.790215,0.790587,0.790587,0.605253,-0.98992
140958,110.0,379.361094622898,1.450641,1.451497,1.451497,0.66091,-1.5778
140959,111.0,379.286967306842,3.533453,3.534231,3.534231,2.082734,-13.19998
141000,112.0,379.235014634088,5.019876,5.020145,5.020145,1.485914,-14.20215
141001,113.0,379.026918541693,5.783873,5.787615,5.787615,0.76747,-6.2827
141002,114.0,378.493436693858,7.113576,7.133552,7.133552,1.345937,-10.25426
141003,115.0,377.979020691192,8.006973,8.02348,8.02348,0.889928,-6.49236
141004,116.0,377.928266666346,9.622203,9.622337,9.622337,1.598857,-30.04871
141005,117.0,377.881250584028,10.579091,10.579195,10.579195,0.956858,-21.08589
141006,118.0,376.683653237456,11.355519,11.418496,11.418496,0.839301,1.93349
141007,119.0,374.790846484938,12.190638,12.336708,12.336708,0.918212,4.63999
141008,120.0,373.631677951216,12.69856,12.751357,12.751357,0.414649,3.78559
141009,121.0,372.810690064144,13.529087,13.553974,13.553974,0.802617,-11.36931
141010,122.0,372.399952349261,14.221918,14.227848,14.227848,0.673874,-17.24374
141011,123.0,372.347239627733,15.352461,15.352552,15.352552,1.124704,-39.09314
141012,124.0,372.255607868075,15.292296,15.292571,15.292571,-0.059981,-0.31959
141013,125.0,372.383008456395,15.20469,15.205224,15.205224,-0.087347,-1.1732
141014,126.0,372.564431733602,15.580208,15.581264,15.581264,0.37604,-10.94997
141015,127.0,373.29506165918,16.028747,16.045391,16.045391,0.464127,-23.65878
141016,128.0,374.633519234779,16.346915,16.401619,16.401619,0.356228,-31.63727
141017,129.0,376.508348510458,15.23255,15.347494,15.347494,-1.054125,-2.51615
141018,130.0,377.749760494215,15.580161,15.62954,15.62954,0.282046,-27.0147
141019,131.0,378.377915445999,14.519161,14.532743,14.532743,-1.096797,4.54026
141020,132.0,378.725517613893,14.455531,14.459709,14.459709,-0.073034,-1.87484
141021,133.0,378.444804284287,13.762894,13.765757,13.765757,-0.693952,6.45123
141022,134.0,378.346289886108,14.89119,14.891516,14.891516,1.125759,-36.62966
141023,135.0,378.518540441118,13.770829,13.771906,13.771906,-1.11961,7.20592
141024,136.0,378.669304099555,13.065896,13.066766,13.066766,-0.70514,4.4738
141025,137.0,378.816822661214,11.255533,11.2565,11.2565,-1.810266,10.85395
141026,138.0,379.023817455974,10.12105,10.123167,10.123167,-1.133333,5.64327
141027,139.0,379.248083523881,8.361559,8.364566,8.364566,-1.758601,7.07098
141028,140.0,379.41332620719,7.550483,7.552291,7.552291,-0.812275,2.71765
141029,141.0,379.520239323647,7.291454,7.292238,7.292238,-0.260053,0.73501
141030,142.0,379.636395340051,6.164537,6.165631,6.165631,-1.126607,3.268
141031,143.0,379.835478184388,5.466454,5.470078,5.470078,-0.695553,1.09266
141032,144.0,380.029497745049,4.339662,4.343997,4.343997,-1.126081,1.59783
141033,145.0,380.257496117902,4.401203,4.407105,4.407105,0.063108,-3.65139
141034,146.0,380.422354064546,3.241888,3.246077,3.246077,-1.161028,1.05781
141035,147.0,380.512954592228,1.752876,1.755216,1.755216,-1.490861,0.71037
141036,148.0,380.574589156739,1.145853,1.14751,1.14751,-0.607706,-0.21024
141038,150.0,380.672346716766,1.825438,1.828054,0.914027,-0.116742,-0.77687
141039,151.0,380.777912304265,2.097492,2.100147,2.100147,1.18612,-6.11435
141040,152.0,380.946118334737,3.773895,3.777641,3.777641,1.677494,-13.64603
141041,153.0,381.257778081222,5.053597,5.063198,5.063198,1.285557,-16.09884
141042,154.0,381.608317149309,4.79771,4.810499,4.810499,-0.252699,-3.00862
141043,155.0,381.994613792619,5.794462,5.807325,5.807325,0.996826,-15.88948
141044,156.0,382.353882237163,7.227708,7.236631,7.236631,1.429306,-23.1072
141045,157.0,382.616457045682,7.685364,7.689848,7.689848,0.453217,-8.9502
141046,158.0,382.805090682216,7.976969,7.979199,7.979199,0.289351,-5.43605
141047,159.0,382.947969814432,8.359184,8.360405,8.360405,0.381206,-6.06536
141048,160.0,382.97570626557,8.740643,8.740687,8.740687,0.380282,-4.14142
141049,161.0,382.928813329763,8.43794,8.43807,8.43807,-0.302617,2.01354
141050,162.0,382.789046404595,9.644375,9.645387,9.645387,1.207317,-21.78681
141051,163.0,382.416883283286,8.842202,8.85003,8.85003,-0.795357,6.15504
141052,164.0,381.800754047071,8.842198,8.863638,8.863638,0.013608,3.61418
141053,165.0,380.538848509615,9.622025,9.70442,9.70442,0.840782,2.80539
141054,166.0,378.753625947837,9.825823,9.986682,9.986682,0.282262,8.42758
141055,167.0,377.557088672423,9.96476,10.036342,10.036342,0.04966,6.59109
141056,168.0,377.341879354298,11.072272,11.074364,11.074364,1.038022,-20.8107
141057,169.0,376.971124966108,11.355286,11.361337,11.361337,0.286973,0.97167
141058,170.0,376.370955924475,10.744834,10.761582,10.761582,-0.599755,7.2728
141059,171.0,375.755962903971,9.538756,9.558561,9.558561,-1.203021,9.88876
141100,172.0,375.170399539387,9.678109,9.695807,9.695807,0.137246,2.90774
141101,173.0,374.686807506494,8.785608,8.798907,8.798907,-0.8969,7.18727
141102,174.0,374.254549327414,7.667449,7.679624,7.679624,-1.119283,7.17063
141103,175.0,373.906832953355,6.973805,6.982468,6.982468,-0.697156,4.66745
141104,176.0,373.580046570778,7.392763,7.399982,7.399982,0.417514,0.35611
141105,177.0,373.32516634334,7.028607,7.033227,7.033227,-0.366755,2.96611
141106,178.0,372.988938707449,8.246595,8.253446,8.253446,1.220219,-14.96624
141107,179.0,372.603519078946,8.006767,8.016038,8.016038,-0.237408,3.39166
141108,180.0,372.157812696035,8.564011,8.575602,8.575602,0.559564,0.19428
141109,181.0,371.77312902879,7.811554,7.82102,7.82102,-0.754582,5.4997
141110,182.0,371.457341945036,8.088953,8.095114,8.095114,0.274094,0.83719
141111,183.0,371.298097532139,7.726403,7.728044,7.728044,-0.36707,2.67519
141112,184.0,371.235536957677,8.088947,8.089189,8.089189,0.361145,-6.8999
141113,185.0,371.15802544378,8.842125,8.842464,8.842464,0.753275,-13.62567
141114,186.0,371.136366373082,9.13142,9.131446,9.131446,0.288982,-7.50959
141115,187.0,371.211494903505,10.046278,10.046559,10.046559,0.915113,-14.97288
141116,188.0,371.25276553263,9.884317,9.884403,9.884403,-0.162156,1.21574
141117,189.0,371.549640246337,11.072184,11.076163,11.076163,1.19176,-25.60417
141118,190.0,372.804359710854,11.072179,11.143045,11.143045,0.066882,-20.08984
141119,191.0,374.562750821699,11.016652,11.1561,11.1561,0.013055,-27.86822
141120,192.0,375.900753523703,11.15616,11.23611,11.23611,0.08001,-21.78777
141121,193.0,376.821649870834,9.538673,9.583023,9.583023,-1.653087,4.17092
141122,194.0,377.482229526434,9.538669,9.561515,9.561515,-0.021508,-8.61917
141123,195.0,377.809973287215,9.131379,9.137259,9.137259,-0.424256,0.83908
141124,196.0,378.154728226312,9.190482,9.196946,9.196946,0.059687,-4.56365
141125,197.0,378.515811231303,8.088901,8.096956,8.096956,-1.09999,3.22989
141126,198.0,378.769685430959,6.709049,6.713851,6.713851,-1.383105,3.84909
141127,199.0,378.78747521939,5.091347,5.091378,5.091378,-1.622473,4.38357
141128,200.0,378.799127478801,4.044447,4.044464,4.044464,-1.046914,2.17544
141129,201.0,378.754263310031,3.71409,3.71436,3.71436,-0.330104,0.83837
141130,202.0,378.747914433406,3.209489,3.209496,3.209496,-0.504864,0.80465
141131,203.0,378.698152266546,3.714088,3.714422,3.714422,0.504926,-3.84445
141132,204.0,378.536723158754,3.962603,3.96589,3.96589,0.251468,0.28379
141133,205.0,378.227655324406,5.169664,5.178895,5.178895,1.213005,-7.61675
141134,206.0,377.881285182375,4.649619,4.662503,4.662503,-0.516392,3.12863
141135,207.0,377.72883619487,4.044442,4.047315,4.047315,-0.615188,2.10394
141136,208.0,377.579453875765,3.348518,3.351848,3.351848,-0.695467,1.94414
141137,209.0,377.3321255325,3.577231,3.585771,3.585771,0.233923,0.78547
141138,210.0,377.066477280354,4.044441,4.053155,4.053155,0.467384,0.35814
141139,211.0,376.715726973648,3.907792,3.923502,3.923502,-0.129653,2.07419
141140,212.0,376.455617784164,3.773833,3.782786,3.782786,-0.140716,1.60044
141141,213.0,376.180146622851,2.897152,2.910219,2.910219,-0.872567,2.67835
141142,214.0,375.928950086573,2.576122,2.58834,2.58834,-0.321879,1.61477
141143,215.0,375.729668600268,1.825392,1.836238,1.836238,-0.752102,1.5746
141144,216.0,375.519449233523,1.825392,1.837457,1.837457,0.001219,0.89406
141145,217.0,375.335175657972,1.464609,1.476156,1.476156,-0.361301,1.01515
141146,218.0,375.167861901049,1.510327,1.519566,1.519566,0.04341,0.61017
141147,219.0,375.027601465537,1.450591,1.457356,1.457356,-0.06221,0.54721
141148,220.0,374.836444104716,1.510327,1.522376,1.522376,0.06502,0.71755
141149,221.0,374.705538436363,1.013057,1.021479,1.021479,-0.500897,0.68829
141151,223.0,374.557615853285,1.084846,1.094884,0.547442,-0.237019,0.14924
141153,225.0,374.455741921695,0.838629,0.844794,0.422397,-0.062523,-0.30275
141156,228.0,374.427410495157,0.555975,0.556696,0.185565,-0.078944,-0.32762
141157,229.0,374.393412783327,0.66717,0.668035,0.668035,0.48247,-0.29154
141158,230.0,374.33200068712,0.423431,0.427861,0.427861,-0.240174,-0.26159
141202,234.0,374.46710729874,0.931548,0.941295,0.235324,-0.048134,-0.32548
141203,235.0,374.528519394946,0.423431,0.427861,0.427861,0.192537,-0.61064
141204,236.0,374.578731063534,0.753187,0.754859,0.754859,0.326998,-1.4764
141212,244.0,374.641569212598,0.423431,0.428068,0.053509,-0.087669,-0.3433
141213,245.0,374.725038102772,0.698857,0.703824,0.703824,0.650315,-2.45298
141217,249.0,374.881136824172,1.145818,1.156402,0.2891,-0.103681,-0.31131
141220,252.0,374.798732618185,0.790196,0.794481,0.264827,-0.008091,-0.32807
141221,253.0,374.641569212598,1.084846,1.096171,1.096171,0.831344,0.07256
141223,255.0,372.566063907076,13.743883,13.899713,6.949857,2.926843,-20.57845
141224,256.0,372.168207924832,6.133993,6.146882,6.146882,-0.802975,4.88358
141225,257.0,371.736332060883,6.87237,6.885927,6.885927,0.739045,-0.21314
141226,258.0,370.984665946552,7.667326,7.704083,7.704083,0.818156,0.89729
141227,259.0,370.282223165573,6.872364,6.90817,6.90817,-0.795913,6.85249
141228,260.0,369.611008077619,7.606751,7.636308,7.636308,0.728138,0.86538
141229,261.0,368.969561815109,7.976758,8.002507,8.002507,0.366199,2.15164
141230,262.0,368.364846109052,7.606746,7.630744,7.630744,-0.371763,4.99605
141231,263.0,367.671687041188,8.432691,8.461132,8.461132,0.830388,0.28819
141232,264.0,367.001430286572,8.624732,8.650737,8.650737,0.189605,3.06266
141233,265.0,366.285886214814,8.740415,8.769656,8.769656,0.118919,3.63185
141234,266.0,365.673001345582,7.976741,8.000252,8.000252,-0.769404,6.84863
141235,267.0,365.23721806946,8.296251,8.307689,8.307689,0.307437,1.30973
141236,268.0,364.91298317718,8.740405,8.746417,8.746417,0.438728,0.09092
141237,269.0,364.670239370735,8.691391,8.694781,8.694781,-0.051636,1.94499
141238,270.0,364.454901728555,8.29624,8.299035,8.299035,-0.395746,3.26955
141239,271.0,364.228807351674,9.052761,9.055584,9.055584,0.756549,-11.43661
141240,272.0,364.046245114313,8.691379,8.693297,8.693297,-0.362287,3.07042
141241,273.0,363.915984795917,8.740388,8.741358,8.741358,0.048061,0.89811
141242,274.0,363.806893520505,9.052749,9.053406,9.053406,0.312048,-6.27528
141243,275.0,363.707805176821,8.664368,8.664934,8.664934,-0.388472,2.74593
141244,276.0,363.572110541605,8.368188,8.369288,8.369288,-0.295646,2.42855
141245,277.0,363.42869821315,9.043433,9.044571,9.044571,0.675283,-11.55382
141246,278.0,363.322924742773,9.769421,9.769994,9.769994,0.725423,-14.26523
141247,279.0,363.254749965603,10.120639,10.120868,10.120868,0.350874,-8.73334
141248,280.0,363.20721408569,10.120633,10.120745,10.120745,-0.000123,0.85593
141249,281.0,363.101291024443,10.175004,10.175555,10.175555,0.05481,0.87024
141250,282.0,362.924682771882,10.120624,10.122164,10.122164,-0.053391,1.81915
141251,283.0,362.853039172238,10.109772,10.110026,10.110026,-0.012138,1.04553
141252,284.0,362.720125471221,10.106745,10.107618,10.107618,-0.002408,1.31337
141253,285.0,362.497464517858,9.701439,9.703994,9.703994,-0.403624,3.80906
141254,286.0,362.181021612004,10.512659,10.51742,10.51742,0.813426,-13.50999
141255,287.0,361.616071824637,10.846724,10.861426,10.861426,0.344006,1.66618
141256,288.0,361.011501901397,11.18684,11.203164,11.203164,0.341738,1.87071
141257,289.0,360.477841145523,11.953844,11.965751,11.965751,0.762587,-11.38221
141258,290.0,360.088184439237,11.657975,11.664485,11.664485,-0.301266,4.72739
141259,291.0,360.044750510413,12.465664,12.46574,12.46574,0.801255,-22.0281
141300,292.0,359.722875276387,12.313822,12.318028,12.318028,-0.147712,3.44335
141301,293.0,359.203620682445,12.313815,12.324758,12.324758,0.00673,3.4577
141302,294.0,358.540180628894,12.783565,12.800769,12.800769,0.476011,0.73272
141303,295.0,357.703111217377,13.137257,13.163898,13.163898,0.363129,2.11794
141304,296.0,356.934279343271,12.705054,12.728295,12.728295,-0.435603,7.53526
141305,297.0,356.329539892124,12.586162,12.600682,12.600682,-0.127613,4.6514
141306,298.0,355.670304291583,12.70504,12.722132,12.722132,0.12145,3.18369
141307,299.0,355.047706126854,13.177167,13.191867,13.191867,0.469735,0.22238
141308,300.0,354.443006260217,13.572589,13.586053,13.586053,0.394186,0.31855
141309,301.0,353.548525659783,13.388917,13.418763,13.418763,-0.16729,6.00092
141310,302.0,352.792427481668,13.388909,13.410241,13.410241,-0.008522,4.14595
141311,303.0,352.259714123268,13.388901,13.399495,13.399495,-0.010746,2.99995
141312,304.0,351.742667666744,12.970814,12.981115,12.981115,-0.41838,6.00478
141313,305.0,351.215103917533,12.786623,12.797502,12.797502,-0.183613,4.52768
141314,306.0,350.699988266804,13.047696,13.05786,13.05786,0.260358,1.23659
141315,307.0,350.049085702196,13.778218,13.793584,13.793584,0.735724,-13.39299
141316,308.0,349.128269527893,12.83823,12.87121,12.87121,-0.922374,11.62069
141317,309.0,348.319518077353,12.313701,12.340231,12.340231,-0.530979,8.50392
141318,310.0,347.184145139107,12.158238,12.211135,12.211135,-0.129096,7.62925
141319,311.0,346.441775641815,12.540041,12.561996,12.561996,0.350861,2.18544
141320,312.0,345.516428197413,12.704933,12.738586,12.738586,0.17659,4.19114
141321,313.0,345.072174490909,12.313673,12.321684,12.321684,-0.416902,5.85183
141322,314.0,344.762664565583,12.549137,12.552954,12.552954,0.23127,0.72806
141323,315.0,344.302169928707,12.970732,12.978904,12.978904,0.42595,-0.1355
141324,316.0,343.989461410778,13.001581,13.005341,13.005341,0.026437,1.84041
141325,317.0,343.713461354943,12.704897,12.707895,12.707895,-0.297446,4.0276
141326,318.0,343.045185972747,13.289382,13.306174,13.306174,0.598279,-0.55259
141327,319.0,342.222878786561,12.539986,12.566918,12.566918,-0.739256,9.90775
141328,320.0,341.258451124775,12.539978,12.57701,12.57701,0.010092,5.62237
141329,321.0,340.72985728656,12.539971,12.551107,12.551107,-0.025903,3.59773
141330,322.0,340.166528711199,12.207379,12.22037,12.22037,-0.330737,5.94612
141331,323.0,339.505590215486,11.4609,11.479942,11.479942,-0.740428,8.78111
141332,324.0,338.786248572396,10.956926,10.980513,10.980513,-0.499429,7.40905
141333,325.0,338.224940293066,10.209201,10.22462,10.22462,-0.755893,7.68016
141334,326.0,337.667760853814,9.734576,9.750509,9.750509,-0.474111,5.94234
141335,327.0,337.075930731195,8.788467,8.808372,8.808372,-0.942137,7.97231
141336,328.0,336.566638881276,7.647834,7.664773,7.664773,-1.143599,7.66304
141337,329.0,336.106699042794,7.024985,7.040026,7.040026,-0.624747,5.01028
141338,330.0,335.744351317933,5.562961,5.574749,5.574749,-1.465277,6.36819
141339,331.0,335.411332462373,4.906715,4.918003,4.918003,-0.656746,3.52024
141340,332.0,335.223787940935,3.241658,3.247079,3.247079,-1.670924,3.78581
141341,333.0,335.115424453983,2.35303,2.355524,2.355524,-0.891555,1.52423
141343,335.0,335.055771233996,1.354906,1.356219,0.678109,-0.838707,0.16273
141344,336.0,335.070959451805,0.753169,0.753322,0.753322,0.075213,-0.51976
141350,342.0,335.030101547515,0.931498,0.932393,0.155399,-0.099654,-0.32954
141351,343.0,334.962506451488,1.51026,1.511772,1.511772,1.356373,-3.23837
141352,344.0,334.850586843951,2.973072,2.975178,2.975178,1.463406,-6.98689
141353,345.0,334.673832448471,5.134512,5.137553,5.137553,2.162375,-18.58726
141354,346.0,334.469325143102,5.901266,5.904808,5.904808,0.767255,-6.54262
141355,347.0,334.210753824455,7.101623,7.106329,7.106329,1.201521,-13.17564
141356,348.0,333.895294530805,8.079287,8.085444,8.085444,0.979115,-11.40791
141357,349.0,333.512189558893,10.028393,10.035708,10.035708,1.950264,-31.88591
141358,350.0,333.139432020582,10.382983,10.389672,10.389672,0.353964,0.63041
141359,351.0,332.792133111538,10.697066,10.702703,10.702703,0.313031,0.71275
141400,352.0,332.659409087632,10.808849,10.809664,10.809664,0.106961,0.77449
141401,353.0,332.375495912675,11.656787,11.660244,11.660244,0.85058,-17.05206
141402,354.0,331.89512329378,11.489855,11.499893,11.499893,-0.160351,4.28875
141403,355.0,331.356601835066,13.892201,13.902634,13.902634,2.402741,-57.22851
141404,356.0,330.576954926971,13.868674,13.890571,13.890571,-0.012063,3.97073
141405,357.0,329.496741949747,14.582444,14.622399,14.622399,0.731828,-0.79735
141406,358.0,328.564987612756,14.994103,15.023025,15.023025,0.400626,0.60382
141407,359.0,328.361760224317,15.655499,15.656818,15.656818,0.633793,-23.80543
141408,360.0,328.009618589763,15.746974,15.750911,15.750911,0.094093,-0.63039
141409,361.0,327.715449739935,15.579075,15.581852,15.581852,-0.169059,1.41086
141410,362.0,327.394673077085,15.746952,15.750219,15.750219,0.168367,-1.41784
141411,363.0,326.744342083338,15.655451,15.668952,15.668952,-0.081267,2.47242
141412,364.0,325.774433968654,15.688305,15.718258,15.718258,0.049306,3.0086
141413,365.0,324.281378802933,15.273396,15.3462,15.3462,-0.372058,9.5281
141414,366.0,323.023671079197,14.418663,14.473413,14.473413,-0.872787,12.69327
141415,367.0,322.580513572137,13.754127,13.761265,13.761265,-0.712148,7.43903
141416,368.0,322.181945604665,12.478995,12.485358,12.485358,-1.275907,11.27957
141417,369.0,321.522167691762,12.314439,12.332101,12.332101,-0.153257,5.24273
141418,370.0,321.026641141801,12.006331,12.016552,12.016552,-0.315549,5.56659
141419,371.0,320.742773574191,13.173543,13.176601,13.176601,1.160049,-28.21207
141420,372.0,320.648352963903,11.824682,11.825059,11.825059,-1.351542,9.85738
141421,373.0,320.329615817307,12.281107,12.285243,12.285243,0.460184,-9.19926
141422,374.0,320.136059632795,12.466834,12.468337,12.468337,0.183094,0.50119
141423,375.0,319.943121421486,12.281095,12.28261,12.28261,-0.185727,3.0357
141424,376.0,319.477162892563,13.01417,13.022509,13.022509,0.739899,-14.67461
141425,377.0,318.586499759568,13.954253,13.982648,13.982648,0.960139,-15.32988
141426,378.0,316.816791196427,13.469078,13.584842,13.584842,-0.397806,12.15692
141427,379.0,316.11638981905,13.954239,13.971805,13.971805,0.386963,0.5257
141428,380.0,315.60785667306,13.711902,13.721329,13.721329,-0.250476,4.41481
141429,381.0,316.004520021469,13.557351,13.563153,13.563153,-0.158176,-0.90311
141430,382.0,315.680466832127,11.719073,11.723552,11.723552,-1.839601,14.02353
141431,383.0,315.388874628757,10.533996,10.538031,10.538031,-1.185521,8.85118
141432,384.0,315.60329773978,9.393407,9.395854,9.395854,-1.142177,5.12047
141433,385.0,315.620864447205,7.547379,7.547399,7.547399,-1.848455,7.65993
141434,386.0,315.551012430303,6.009948,6.010354,6.010354,-1.537045,5.44932
141435,387.0,315.469167377391,5.716444,5.717029,5.717029,-0.293325,1.45095
141436,388.0,315.325248150964,3.773687,3.77643,3.77643,-1.940599,4.61723
141437,389.0,315.151785698681,2.935089,2.940211,2.940211,-0.836219,2.10401
141438,390.0,315.055396316019,1.537428,1.540446,1.540446,-1.399765,1.42609
141439,391.0,315.025428534254,1.294349,1.294695,1.294695,-0.245751,0.07851
141440,392.0,314.920130294837,1.450528,1.454345,1.454345,0.15965,0.1918
141441,393.0,314.767851909343,2.575979,2.580476,2.580476,1.126131,-3.57186
141442,394.0,314.543442906905,4.044246,4.050467,4.050467,1.469991,-8.1825
141443,395.0,314.222829407258,5.091055,5.10114,5.10114,1.050673,-5.73657
141444,396.0,314.238497196616,6.275495,6.275515,6.275515,1.174375,-12.05342
141445,397.0,314.173179955324,7.811139,7.811412,7.811412,1.535897,-23.02593
141446,398.0,313.935561205604,7.976305,7.979843,7.979843,0.168431,0.88277
141447,399.0,313.569300705913,9.130858,9.138201,9.138201,1.158358,-15.70187
141448,400.0,313.331499436595,9.430239,9.433237,9.433237,0.295036,0.28228
141449,401.0,312.881267615778,10.260111,10.269984,10.269984,0.836747,-11.12118
141450,402.0,312.468855242245,10.489059,10.497164,10.497164,0.22718,1.54195
141451,403.0,311.722064917126,12.478802,12.501128,12.501128,2.003964,-36.7151
141452,404.0,310.947351251652,12.107658,12.132418,12.132418,-0.36871,7.33059
141453,405.0,309.966128971764,12.39877,12.437535,12.437535,0.305117,3.83412
141454,406.0,309.705498771542,13.173341,13.175919,13.175919,0.738384,-18.65834
141455,407.0,309.770441713867,12.885805,12.885969,12.885969,-0.28995,2.11513
141456,408.0,310.178177370725,13.173325,13.179634,13.179634,0.293665,-10.53854
141457,409.0,310.453443730726,13.638924,13.641702,13.641702,0.462068,-12.69695
141458,410.0,310.144916323129,13.173309,13.176921,13.176921,-0.464781,5.16267
141459,411.0,309.526629428822,12.697283,12.712328,12.712328,-0.464593,6.9516
141500,412.0,309.646002793295,14.007324,14.007832,14.007832,1.295504,-31.30125
141501,413.0,309.702659340051,13.389259,13.389379,13.389379,-0.618453,4.26472
141502,414.0,309.098581711949,13.527733,13.541214,13.541214,0.151835,2.10762
141503,415.0,309.114478353098,13.926297,13.926306,13.926306,0.385092,-6.53316
141504,416.0,309.310345383884,14.70271,14.704014,14.704014,0.777708,-20.84685
141505,417.0,309.902577602745,14.7027,14.714623,14.714623,0.010609,-7.59859
141506,418.0,308.621494444498,14.913835,14.968756,14.968756,0.254133,3.65861
141507,419.0,308.361037173885,15.455805,15.458,15.458,0.489244,-18.23122
141508,420.0,308.436051595916,15.398397,15.39858,15.39858,-0.05942,-1.27858
141509,421.0,308.755268424217,14.993593,14.996991,14.996991,-0.401589,0.50322
141510,422.0,307.788567447168,14.75396,14.785596,14.785596,-0.211395,5.8571
141511,423.0,307.520631837036,14.08625,14.088798,14.088798,-0.696798,6.29952
141512,424.0,306.083674360858,13.032613,13.111592,13.111592,-0.977206,14.67682
141513,425.0,304.684084184327,13.478338,13.550809,13.550809,0.439217,4.18614
141514,426.0,304.1680602753,12.736637,12.747086,12.747086,-0.803723,8.71071
141515,427.0,303.703261456418,11.971488,11.980507,11.980507,-0.766579,8.19241
141516,428.0,303.180808646242,11.715056,11.7267,11.7267,-0.253807,5.14602
141517,429.0,303.468866381124,11.612759,11.616331,11.616331,-0.110369,-0.01482
141518,430.0,303.826943757785,10.062885,10.069254,10.069254,-1.547077,7.037
141519,431.0,304.082070882581,8.768747,8.772458,8.772458,-1.296796,5.17812
141520,432.0,303.755723025522,8.647305,8.653461,8.653461,-0.118997,2.68832
141521,433.0,303.358319993401,8.112444,8.122172,8.122172,-0.531289,4.75333
141522,434.0,303.272233705639,8.112443,8.1129,8.1129,-0.009272,0.86151
141523,435.0,303.618935641553,6.626287,6.635351,6.635351,-1.477549,3.63231
141524,436.0,303.985524013473,6.155464,6.16637,6.16637,-0.468981,-0.20476
141525,437.0,304.086941313151,5.506612,5.507545,5.507545,-0.658825,1.51344
141526,438.0,304.004166317933,5.418015,5.418647,5.418647,-0.088898,0.79049
141527,439.0,303.57111626843,6.797199,6.81098,6.81098,1.392333,-11.70064
141528,440.0,303.052971505367,8.003447,8.020202,8.020202,1.209222,-11.01435
141529,441.0,302.698495945265,9.16396,9.170813,9.170813,1.150611,-15.86298
141530,442.0,302.056931163073,11.141963,11.160419,11.160419,1.989606,-32.55954
141531,443.0,301.371583461373,11.013219,11.034523,11.034523,-0.125896,5.05517
141532,444.0,300.320414918658,11.661037,11.708319,11.708319,0.673796,2.11435
141533,445.0,299.025939710008,12.310921,12.37879,12.37879,0.670471,3.10362
141534,446.0,298.300309017828,12.325241,12.346583,12.346583,-0.032207,4.78411
141535,447.0,297.743550014148,13.081896,13.093739,13.093739,0.747156,-13.4392
141536,448.0,297.073659140995,12.202475,12.220849,12.220849,-0.87289,10.03929
141537,449.0,296.775506248774,12.853842,12.857299,12.857299,0.63645,-14.81072
141538,450.0,296.63755088959,12.745166,12.745913,12.745913,-0.111386,2.02561
141539,451.0,296.533189001861,12.115502,12.115951,12.115951,-0.629962,5.51713
141540,452.0,296.535891164249,12.853839,12.853839,12.853839,0.737888,-13.39905
141541,453.0,296.851236325265,13.318672,13.322405,13.322405,0.468566,-13.2019
141542,454.0,297.84372481534,12.029988,12.070859,12.070859,-1.251546,3.7883
141543,455.0,296.708835271835,13.318671,13.366935,13.366935,1.296076,-17.15951
141544,456.0,295.51217583738,12.771303,12.827244,12.827244,-0.539691,10.4527
141545,457.0,295.431293627078,12.115498,12.115768,12.115768,-0.711476,5.92115
141546,458.0,295.246041631202,12.690211,12.691563,12.691563,0.575795,-15.01624
141547,459.0,294.218761474947,11.569985,11.6155,11.6155,-1.076063,12.85174
141548,460.0,293.590414215973,9.608012,9.628537,9.628537,-1.986963,14.03983
141549,461.0,292.660411018307,9.726664,9.771023,9.771023,0.142486,4.68802
141550,462.0,291.58530713073,8.391466,8.460056,8.460056,-1.310967,11.95159
141551,463.0,291.180866691859,9.608012,9.616521,9.616521,1.156465,-16.1853
141552,464.0,291.663907717326,8.944218,8.957252,8.957252,-0.659269,1.08872
141553,465.0,292.328851035186,10.475203,10.496286,10.496286,1.539034,-37.62849
141554,466.0,292.365336774941,10.7538,10.753862,10.753862,0.257576,-2.46179
141555,467.0,291.479897753184,11.526187,11.560146,11.560146,0.806284,0.46252
141556,468.0,290.97014240498,11.526184,11.537451,11.537451,-0.022695,3.60501
141557,469.0,290.91051673029,11.278508,11.278665,11.278665,-0.258786,2.63054
141558,470.0,290.755723433592,12.746112,12.747051,12.747051,1.468386,-36.08095
141559,471.0,290.24448184769,12.569877,12.580269,12.580269,-0.166782,4.43784
141600,472.0,289.704941635511,11.822803,11.835108,11.835108,-0.745161,8.36814
141601,473.0,289.108298748561,12.642378,12.656449,12.656449,0.821341,-13.27265
141602,474.0,288.67555381293,13.304594,13.31163,13.31163,0.655181,-14.01042
141603,475.0,288.277053633746,14.409237,14.414747,14.414747,1.103117,-29.07726
141604,476.0,287.309949982819,15.267494,15.298093,15.298093,0.883346,-16.20737
141605,477.0,286.284734154303,16.319776,16.351946,16.351946,1.053853,-23.70317
141606,478.0,285.71773769116,16.052927,16.062937,16.062937,-0.289009,3.48207
141607,479.0,286.13556321895,16.28874,16.294098,16.294098,0.231161,-11.64693
141608,480.0,285.496348699855,16.319742,16.332256,16.332256,0.038158,0.80038
141609,481.0,285.607517264416,14.954341,14.954754,14.954754,-1.377502,9.40374
141610,482.0,285.994022784138,16.052886,16.057538,16.057538,1.102784,-35.98652
141611,483.0,287.238878283523,17.071981,17.117307,17.117307,1.059769,-52.3646
141612,484.0,287.210658097368,16.491672,16.491696,16.491696,-0.625611,3.28715
141613,485.0,286.947677643923,16.846826,16.848878,16.848878,0.357182,-4.54709
141614,486.0,285.794268348463,16.751495,16.791156,16.791156,-0.057722,3.89698
141615,487.0,284.831374326594,16.052833,16.081685,16.081685,-0.709471,9.14637
141616,488.0,283.775310026951,16.052822,16.087522,16.087522,0.005837,3.49243
141617,489.0,282.15406736309,16.564642,16.643791,16.643791,0.556269,1.03439
141618,490.0,281.223085575057,16.648391,16.674401,16.674401,0.03061,2.05894
141619,491.0,280.267498092807,15.6541,15.683239,15.683239,-0.991162,11.67321
141620,492.0,278.618168308381,15.924205,16.009391,16.009391,0.326152,3.93379
141621,493.0,278.503848625685,15.979967,15.980376,15.980376,-0.029015,-1.03969
141622,494.0,278.665656066169,15.510322,15.511166,15.511166,-0.46921,1.56672
141623,495.0,278.580763594046,16.144036,16.144259,16.144259,0.633093,-27.29413
141624,496.0,278.430195843613,16.788188,16.788864,16.788864,0.644605,-28.41623
141625,497.0,278.26977249814,16.707926,16.708696,16.708696,-0.080168,-1.01984
141626,498.0,277.80622510067,17.106913,17.113192,17.113192,0.404496,-4.24508
141627,499.0,277.983871968051,17.626997,17.627892,17.627892,0.5147,-17.59809
141628,500.0,277.759831149566,17.025617,17.027091,17.027091,-0.600801,3.73838
141629,501.0,277.669675745891,17.190027,17.190263,17.190263,0.163172,-4.0816
141630,502.0,275.172280403206,17.673605,17.849182,17.849182,0.658919,3.04075
141631,503.0,273.618707158636,16.133866,16.208492,16.208492,-1.64069,20.22008
141632,504.0,272.501890145118,16.788105,16.825212,16.825212,0.61672,-2.3791
141633,505.0,271.933700526168,16.133846,16.143848,16.143848,-0.681364,6.80603
141634,506.0,272.961805237779,15.163039,15.197854,15.197854,-0.945994,1.08684
141635,507.0,271.908239107519,15.327265,15.363432,15.363432,0.165578,2.81459
141636,508.0,274.467051413793,15.050955,15.266917,15.266917,-0.096515,-39.46904
141637,509.0,272.128683800853,14.75693,14.941049,14.941049,-0.325868,13.84234
141638,510.0,273.553735560121,14.644195,14.713368,14.713368,-0.227681,-15.9533
141639,511.0,272.169051649424,14.845439,14.909877,14.909877,0.196509,4.71694
141640,512.0,273.482283733204,14.445308,14.504878,14.504878,-0.404999,-9.38649
141641,513.0,271.33854253837,14.63873,14.794866,14.794866,0.289988,8.05544
141642,514.0,272.993176728993,14.294153,14.389601,14.389601,-0.405265,-15.42899
141643,515.0,272.031932503092,14.74731,14.778604,14.778604,0.389003,1.10238
141644,516.0,272.388818303418,14.146607,14.151108,14.151108,-0.627496,2.48638
141645,517.0,271.573381246141,14.75215,14.77467,14.77467,0.623562,-1.50525
141646,518.0,272.224655230978,15.201923,15.215867,15.215867,0.441197,-20.57463
141647,519.0,272.439806028085,14.417505,14.41911,14.41911,-0.796757,4.42007
141648,520.0,272.884035735805,14.000575,14.007621,14.007621,-0.411489,0.4712
141649,521.0,273.123411804652,13.817077,13.81915,13.81915,-0.188471,-0.00874
141650,522.0,274.651681445415,13.717309,13.80218,13.80218,-0.01697,-23.05591
141651,523.0,273.95414042919,12.921441,12.940256,12.940256,-0.861924,10.03005
141652,524.0,268.516892886254,11.946065,13.125248,13.125248,0.184992,27.47311
141653,525.0,267.560855898077,11.020061,11.061454,11.061454,-2.063794,17.91247
141654,526.0,267.845102691052,9.248598,9.252965,9.252965,-1.808489,7.94042
141655,527.0,267.907838955191,8.68224,8.682466,8.682466,-0.570499,2.74897
141656,528.0,267.962543731834,6.812102,6.812322,6.812322,-1.870144,6.7443
141657,529.0,267.752792418374,6.587429,6.590767,6.590767,-0.221555,2.08913
141658,530.0,267.528136957993,3.977697,3.984036,3.984036,-2.606731,6.6881
141659,531.0,267.36070570953,3.143389,3.147845,3.147845,-0.836191,2.18225
141701,533.0,267.283796517216,1.828786,1.830403,0.915201,-1.116322,0.46817
141703,535.0,267.388681576708,1.012863,1.018279,0.509139,-0.203031,-0.95269
141704,536.0,267.513278470325,1.084627,1.09176,1.09176,0.582621,-3.39337
141705,537.0,267.775119898314,1.509993,1.532528,1.532528,0.440768,-5.76059
141706,538.0,267.968118313967,1.14561,1.161753,1.161753,-0.370775,-2.66506
141707,539.0,268.241817100262,1.464265,1.489625,1.489625,0.327872,-5.64518
141709,541.0,268.516251758272,1.825116,1.845633,0.922817,-0.283404,-2.05077
141710,542.0,268.700544488582,1.084627,1.100173,1.100173,0.177356,-3.65051
141713,545.0,268.698627438809,0.555975,0.555978,0.185326,-0.304949,-0.30531
141714,546.0,268.696326979082,0.66717,0.667174,0.667174,0.481848,-1.06214
141717,549.0,268.516251758272,1.14561,1.159677,0.386559,-0.093538,-0.30036
141719,551.0,268.603982567494,1.189801,1.193031,0.596516,0.104978,-1.07636
141720,552.0,268.609298617345,1.223144,1.223156,1.223156,0.62664,-1.49413
141721,553.0,268.710896557353,1.324433,1.328325,1.328325,0.105169,-2.03583
141722,554.0,268.766490354773,1.828786,1.829631,1.829631,0.501306,-2.48645
141723,555.0,268.794352308456,1.324434,1.324727,1.324727,-0.504904,-0.03466
141724,556.0,268.809418436294,1.189801,1.189897,1.189897,-0.13483,-0.24959
141726,558.0,268.77873929486,1.937133,1.937375,0.968688,-0.110605,-0.1364
141727,559.0,268.886422686018,1.890314,1.893378,1.893378,0.92469,-4.88014
141728,560.0,268.886411756535,4.746307,4.746307,4.746307,2.852929,-25.93804
141729,561.0,268.301643704655,8.269879,8.290528,8.290528,3.544221,-45.23975
141730,562.0,267.328359255907,11.069023,11.11173,11.11173,2.821202,-43.1
141732,564.0,265.911913372705,31.373445,31.405404,15.702702,2.295486,-61.85503
141733,565.0,264.612118711535,15.883868,15.936961,15.936961,0.234259,2.96546
141734,566.0,262.953424220936,15.188986,15.279286,15.279286,-0.657675,12.7702
141735,567.0,261.940078201319,15.084017,15.118018,15.118018,-0.161268,5.46797
141736,568.0,261.242131570354,15.667595,15.683133,15.683133,0.565115,-2.69304
141737,569.0,261.325574395037,15.084011,15.084242,15.084242,-0.598891,3.27482
141738,570.0,260.958016844194,14.845766,14.850315,14.850315,-0.233927,2.8589
141739,571.0,260.048478590903,13.894651,13.924388,13.924388,-0.925927,11.41812
141740,572.0,259.058625166242,12.903846,12.941756,12.941756,-0.982632,12.39338
141741,573.0,258.095897274637,10.725315,10.768437,10.768437,-2.173319,18.21469
141742,574.0,257.267996698335,9.916221,9.950722,9.950722,-0.817715,9.25981
141743,575.0,256.710834897046,7.502857,7.523516,7.523516,-2.427206,12.96449
141744,576.0,256.245350151051,6.188672,6.206153,6.206153,-1.317363,6.97198
141745,577.0,255.849317994411,5.495553,5.509805,5.509805,-0.696348,4.22798
141746,578.0,255.804268751034,4.016231,4.016483,4.016483,-1.493322,3.4107
141748,580.0,255.81164278496,1.828784,1.828799,0.914399,-1.551042,0.45914
141749,581.0,255.825844264047,1.324428,1.324504,1.324504,0.410105,-1.22304
141751,583.0,255.840516919808,1.779119,1.779179,0.88959,-0.217457,-0.21526
141752,584.0,255.888254248629,1.970281,1.97086,1.97086,1.08127,-4.4866
141753,585.0,256.13719337168,1.850214,1.866886,1.866886,-0.103974,-3.88466
141754,586.0,256.620485453458,2.796282,2.837739,2.837739,0.970853,-13.02984
141755,587.0,257.057339730187,2.373151,2.413025,2.413025,-0.424714,-5.55237
141756,588.0,257.531267461176,2.008114,2.063282,2.063282,-0.349743,-6.84325
141757,589.0,258.066162772098,2.008114,2.078133,2.078133,0.014851,-9.26084
141758,590.0,259.047625586353,2.482642,2.669603,2.669603,0.59147,-19.73019
141759,591.0,259.959197089788,2.008114,2.205331,2.205331,-0.464272,-13.96075
141800,592.0,260.773313094634,1.828784,2.001808,2.001808,-0.203523,-13.40701
142339,931.0,262.918977219034,1778.540012,1778.541307,5.246435,0.009571,0.02476
142340,932.0,262.744120832797,5.806051,5.808684,5.808684,0.562249,-4.76707
142343,935.0,258.950820063685,44.924903,45.084765,15.028255,3.07319,-69.11906
142344,936.0,253.948594030814,13.039147,13.96573,13.96573,-1.062525,33.84367
142345,937.0,248.004742739034,13.353895,14.616972,14.616972,0.651242,25.29302
142346,938.0,245.641885052669,12.796218,13.012544,13.012544,-1.604428,23.88831
142347,939.0,244.007148570955,12.419677,12.526801,12.526801,-0.485743,12.47589
142348,940.0,240.372352660878,13.485465,13.966728,13.966728,1.439927,8.04485
142349,941.0,236.903842914513,12.515368,12.987109,12.987109,-0.979619,25.33991
142350,942.0,233.647283902641,12.515364,12.932111,12.932111,-0.054998,17.85758
142351,943.0,230.409079854129,13.039114,13.435195,13.435195,0.503084,13.45726
142352,944.0,227.567514548857,12.872855,13.18275,13.18275,-0.252445,16.92595
142353,945.0,225.544409588314,13.253003,13.406529,13.406529,0.223779,9.12299
142354,946.0,224.797597629608,13.291466,13.31243,13.31243,-0.094099,4.77427
142355,947.0,224.317315725289,12.997546,13.006417,13.006417,-0.306013,5.02809
142356,948.0,223.816044246089,12.997542,13.007204,13.007204,0.000787,3.0089
142357,949.0,223.304507660141,12.796173,12.806394,12.806394,-0.20081,4.56189
142358,950.0,222.766148147492,13.48542,13.496162,13.496162,0.689768,-13.4697
142359,951.0,222.236145877582,13.353841,13.364354,13.364354,-0.131808,3.87749
142400,952.0,221.725377590019,12.605794,12.616137,12.616137,-0.748217,8.33336
142401,953.0,221.203060319974,12.900601,12.911171,12.911171,0.295034,1.15151
142402,954.0,220.765384733932,13.391062,13.398212,13.398212,0.487041,-1.04824
142403,955.0,220.389363981811,13.253917,13.25925,13.25925,-0.138962,3.18311
142404,956.0,220.020577165971,13.485392,13.490433,13.490433,0.231183,0.34757
142405,957.0,219.659942833055,14.804144,14.808536,14.808536,1.318103,-36.85895
142406,958.0,219.479236734918,13.583587,13.584789,13.584789,-1.223747,9.8316
142407,959.0,217.991700597365,14.175551,14.253386,14.253386,0.668597,2.24559
142408,960.0,216.323511825415,14.31368,14.410562,14.410562,0.157176,6.94856
142409,961.0,216.23600769043,14.273329,14.273597,14.273597,-0.136965,1.03072
142410,962.0,216.23600769043,13.731724,13.731724,13.731724,-0.541873,3.8872
142411,963.0,216.23600769043,13.689658,13.689658,13.689658,-0.042066,0.25417
142412,964.0,216.23600769043,14.077486,14.077486,14.077486,0.387828,-16.87089
142413,965.0,216.23600769043,14.804102,14.804102,14.804102,0.726616,-27.48502
142414,966.0,216.23600769043,14.077476,14.077476,14.077476,-0.726626,5.13022
142415,967.0,216.23600769043,13.978313,13.978313,13.978313,-0.099163,0.48446
142416,968.0,216.23600769043,14.575865,14.575865,14.575865,0.597552,-23.45502
142417,969.0,216.23600769043,15.004745,15.004745,15.004745,0.42888,-20.05913
142418,970.0,216.23600769043,14.76507,14.76507,14.76507,-0.239675,1.04071
142419,971.0,216.23600769043,14.313619,14.313619,14.313619,-0.451451,2.94711
142420,972.0,216.23600769043,14.76506,14.76506,14.76506,0.451441,-20.08704
142421,973.0,216.23600769043,14.804058,14.804058,14.804058,0.038998,-1.18586
142422,974.0,216.23600769043,14.765049,14.765049,14.765049,-0.039009,-0.53973
142423,975.0,216.23600769043,15.493233,15.493233,15.493233,0.728184,-29.56264
142424,976.0,216.23600769043,14.804041,14.804041,14.804041,-0.689192,4.56455
142425,977.0,216.652398471187,15.214482,15.220179,15.220179,0.416138,-15.75194
142426,978.0,219.184832318425,15.214475,15.423796,15.423796,0.203617,-47.32795
142427,979.0,219.707334741876,15.477734,15.486551,15.486551,0.062755,-8.1111
142428,980.0,220.172639057108,16.267774,16.274427,16.274427,0.787876,-28.69206
142429,981.0,220.631195782566,15.659919,15.666631,15.666631,-0.607796,1.07953
142430,982.0,221.096150261443,17.220332,17.226608,17.226608,1.559977,-54.3388
142431,983.0,221.569198917954,15.951748,15.95876,15.95876,-1.267848,6.45629
142432,984.0,222.059246229192,15.793414,15.801015,15.801015,-0.157745,-2.95412
142433,985.0,222.591372420987,15.493171,15.502306,15.502306,-0.298709,-1.77166
142434,986.0,222.985710404007,13.485236,13.491,13.491,-2.011306,12.49155
142435,987.0,223.223090093854,11.71424,11.716645,11.716645,-1.774355,10.67286
142436,988.0,223.694189605248,11.068422,11.078443,11.078443,-0.638202,2.04201
142437,989.0,223.875748200351,9.509824,9.511557,9.511557,-1.566886,7.53323
142438,990.0,224.024241865718,7.716466,7.717894,7.717894,-1.793663,6.9362
142439,991.0,224.242038509456,6.424655,6.428345,6.428345,-1.289549,3.47902
142440,992.0,224.387609617433,4.331337,4.333782,4.333782,-2.094563,4.08345
142441,993.0,224.592775196387,5.495139,5.498967,5.498967,1.165185,-13.90752
142443,995.0,224.876417099233,7.76135,7.766532,3.883266,-0.80785,0.89539
142444,996.0,225.078356896538,5.018862,5.022923,5.022923,1.139657,-12.77306
142445,997.0,225.314660356976,5.170385,5.175782,5.175782,0.152859,-4.48537
142446,998.0,225.641507863697,5.310124,5.320173,5.320173,0.144391,-5.99233
142447,999.0,226.026272699552,4.338168,4.355197,4.355197,-0.964976,0.23335
142448,1000.0,226.321207258032,2.98656,3.001088,3.001088,-1.354109,0.51423
142449,1001.0,226.582733547977,2.896044,2.907828,2.907828,-0.09326,-3.68355
142450,1002.0,226.881497713073,2.971693,2.986674,2.986674,0.078846,-5.22512
142451,1003.0,227.163591243488,2.764775,2.779129,2.779129,-0.207545,-3.53298
142452,1004.0,227.470299788056,2.789263,2.806076,2.806076,0.026947,-5.12828
142453,1005.0,227.949708479235,4.184182,4.211557,4.211557,1.405481,-18.24488
142454,1006.0,228.638127789559,5.839765,5.880203,5.880203,1.668646,-28.39206
142455,1007.0,229.351585657931,6.464344,6.503597,6.503597,0.623394,-18.30604
142456,1008.0,230.321001999589,8.305759,8.362141,8.362141,1.858544,-42.74919
142457,1009.0,231.710887532418,9.611329,9.711304,9.711304,1.349163,-45.23867
142459,1011.0,239.531949328842,23.690615,24.948231,12.474116,1.381406,-95.93644
142500,1012.0,241.915229368561,13.17056,13.384456,13.384456,0.91034,-60.2384
142501,1013.0,245.646162524835,12.579706,13.121313,13.121313,-0.263143,-55.83743
142502,1014.0,243.957701874056,13.9964,14.097877,14.097877,0.976564,1.14917
142503,1015.0,245.12883802761,14.241025,14.2891,14.2891,0.191223,-22.24118
142504,1016.0,245.356227527288,15.668718,15.670368,15.670368,1.381268,-40.06953
142505,1017.0,248.180263278784,17.006621,17.239499,17.239499,1.569131,-96.16841
142506,1018.0,250.63233196094,16.49244,16.673729,16.673729,-0.56577,-23.92835
142507,1019.0,250.841638447002,16.614247,16.615565,16.615565,-0.058164,-3.06033
142508,1020.0,251.647175150177,16.338807,16.358652,16.358652,-0.256913,-4.20774
142509,1021.0,251.572501922728,16.967724,16.967889,16.967889,0.609237,-29.23553
142510,1022.0,251.823169876713,17.40324,17.405045,17.405045,0.437156,-16.13019
142511,1023.0,252.016192680228,18.071733,18.072764,18.072764,0.667719,-23.47167
142512,1024.0,252.114945091074,18.186436,18.186704,18.186704,0.11394,-5.74684
142513,1025.0,252.693685126982,18.704564,18.713515,18.713515,0.526811,-26.66448
142515,1027.0,257.13929394675,39.216597,39.467771,19.733885,0.510185,-56.59181
142516,1028.0,257.617011813621,19.973934,19.979646,19.979646,0.245761,-16.80869
142517,1029.0,257.642752320913,20.82771,20.827726,20.827726,0.84808,-32.29945
142518,1030.0,257.690917582354,21.419954,21.420008,21.420008,0.592282,-24.19044
142519,1031.0,256.186023749039,21.328103,21.381129,21.381129,-0.038879,0.13328
142520,1032.0,256.174351035757,21.751279,21.751282,21.751282,0.370153,-37.5019
142521,1033.0,260.400610671749,20.912317,21.335095,21.335095,-0.416187,-58.95328
142522,1034.0,264.612565720159,20.397113,20.827452,20.827452,-0.507643,-55.30823
142523,1035.0,265.205789500623,20.489292,20.497878,20.497878,-0.329574,-6.46979
142524,1036.0,265.35329732122,20.011349,20.011892,20.011892,-0.485986,-1.91397
142525,1037.0,265.496359062685,20.474549,20.475049,20.475049,0.463157,-19.45698
142526,1038.0,265.54235770474,20.053002,20.053055,20.053055,-0.421994,-2.10994
142527,1039.0,265.715454444115,20.123164,20.123909,20.123909,0.070854,-8.14173
142528,1040.0,265.706337907786,19.63152,19.631522,19.631522,-0.492387,-0.641
142529,1041.0,265.479168720301,19.588957,19.590274,19.590274,-0.041248,-4.17334
142530,1042.0,265.372172598834,19.547226,19.547519,19.547519,-0.042755,-4.7339
142531,1043.0,265.331052455168,20.052978,20.053021,20.053021,0.505502,-36.26411
142532,1044.0,265.301571315047,19.631503,19.631525,19.631525,-0.421496,-1.27674
142533,1045.0,265.358341006722,19.689669,19.689751,19.689751,0.058226,-6.82689
142534,1046.0,265.695208466848,19.278109,19.281052,19.281052,-0.408699,-2.96936
142535,1047.0,266.26905109409,19.871861,19.880145,19.880145,0.599093,-30.98959
142536,1048.0,265.737160344466,20.198239,20.205241,20.205241,0.325096,-7.30219
142537,1049.0,264.380326500039,19.919362,19.96552,19.96552,-0.239721,3.38332
142538,1050.0,263.630929589829,19.871833,19.885959,19.885959,-0.079561,-1.4021
142539,1051.0,263.452816122176,20.393156,20.393934,20.393934,0.507975,-35.10764
142540,1052.0,263.353606401704,20.002049,20.002295,20.002295,-0.391639,-1.61936
142541,1053.0,263.246119893189,20.415858,20.416141,20.416141,0.413846,-32.98079
142542,1054.0,263.082588446733,19.372404,19.373094,19.373094,-1.043047,6.1119
142543,1055.0,262.847466188263,19.372395,19.373822,19.373822,0.000728,-4.3008
142544,1056.0,261.983478344293,19.564906,19.583973,19.583973,0.210151,-3.45894
142545,1057.0,260.518593274075,19.393108,19.448355,19.448355,-0.135618,3.45703
142546,1058.0,259.687798777837,19.871754,19.889113,19.889113,0.440758,-6.49972
142547,1059.0,259.009557485381,19.372358,19.384227,19.384227,-0.504886,3.23375
142548,1060.0,258.498522610867,19.871735,19.878305,19.878305,0.494078,-8.72181
142549,1061.0,257.788045164494,19.788465,19.801216,19.801216,-0.077089,-1.52639
142550,1062.0,257.344755570461,19.779729,19.784696,19.784696,-0.01652,-3.54338
142551,1063.0,257.283413252322,19.871709,19.871804,19.871804,0.087108,-6.75087
142552,1064.0,256.612340453883,19.277944,19.289621,19.289621,-0.582183,4.08276
142553,1065.0,256.777051906264,19.871692,19.872375,19.872375,0.582754,-23.19283
142554,1066.0,256.654180953613,19.277928,19.278319,19.278319,-0.594056,1.3465
142555,1067.0,255.071506355441,19.372291,19.436834,19.436834,0.158515,1.03801
142556,1068.0,251.470194431123,19.779679,20.104853,20.104853,0.668019,5.23282
142557,1069.0,250.705980035523,19.372274,19.387342,19.387342,-0.717511,5.88067
142558,1070.0,250.367229545561,18.860002,18.863044,18.863044,-0.524298,2.14372
142559,1071.0,250.38647648934,18.956446,18.956456,18.956456,0.093412,-6.0608
142600,1072.0,250.323003686717,19.277878,19.277983,19.277983,0.321527,-26.95328
142601,1073.0,250.204142517197,18.442328,18.442711,18.442711,-0.835272,4.4246
142602,1074.0,250.246050644513,18.36001,18.360058,18.360058,-0.082653,-3.73011
142603,1075.0,250.144839719658,18.340959,18.341238,18.341238,-0.01882,-3.58512
142604,1076.0,249.934000573767,17.941469,17.942707,17.942707,-0.398531,1.06394
142605,1077.0,250.106226766138,18.024908,18.02573,18.02573,0.083023,-5.64478
142606,1078.0,250.026424497837,18.261556,18.26173,18.26173,0.236,-6.0902
142607,1079.0,249.936820431709,18.442288,18.442505,18.442505,0.180775,-5.72388
142608,1080.0,249.91508982915,18.77945,18.779463,18.779463,0.336958,-26.77638
142609,1081.0,250.05296039113,17.841924,17.842456,17.842456,-0.937007,4.45246
142610,1082.0,250.050546392385,17.941431,17.941431,17.941431,0.098975,-4.78694
142611,1083.0,250.03776026389,17.841911,17.841916,17.841916,-0.099515,-2.72953
142612,1084.0,250.06374546557,17.941418,17.941437,17.941437,0.099521,-4.94079
142613,1085.0,250.026579431795,18.283005,18.283043,18.283043,0.341606,-25.26107
142614,1086.0,250.099311363368,17.941407,17.941555,17.941555,-0.341488,-0.96488
142615,1087.0,250.146063653623,17.856781,17.856842,17.856842,-0.084713,-3.19756
142616,1088.0,250.102499335897,17.925791,17.925844,17.925844,0.069002,-4.26708
142617,1089.0,250.031184486031,17.777659,17.777803,17.777803,-0.148041,-1.89689
142618,1090.0,250.447243165569,17.941385,17.946209,17.946209,0.168406,-11.10556
142619,1091.0,250.489138816465,17.777648,17.777698,17.777698,-0.168511,-2.29514
142620,1092.0,250.41461760728,17.437673,17.437832,17.437832,-0.339866,0.23978
142621,1093.0,250.005015400013,17.923096,17.927776,17.927776,0.489944,-22.50211
142622,1094.0,247.520853225899,17.437661,17.613718,17.613718,-0.314058,12.45273
142623,1095.0,245.134277993354,17.841843,18.000753,18.000753,0.387035,4.85527
142624,1096.0,244.890644823497,18.359875,18.361491,18.361491,0.360738,-6.57962
142625,1097.0,244.586080672337,17.841831,17.844431,17.844431,-0.51706,2.76976
142626,1098.0,244.908286812765,17.856719,17.859626,17.859626,0.015195,-5.59313
142627,1099.0,243.792314212052,18.345372,18.379284,18.379284,0.519658,-3.59636
142628,1100.0,236.249458209303,18.442163,19.925061,19.925061,1.545777,16.82801
142629,1101.0,234.985512627432,17.841808,17.886522,17.886522,-2.038539,22.27345
142630,1102.0,233.966246268753,18.209883,18.238386,18.238386,0.351864,-2.27021
142631,1103.0,233.034143130301,18.652472,18.675747,18.675747,0.437361,-4.16143
142632,1104.0,232.390174062255,18.208357,18.219741,18.219741,-0.456006,3.64212
142633,1105.0,231.665859372793,17.688331,17.703154,17.703154,-0.516587,5.07704
142634,1106.0,230.980225686849,18.659429,18.672022,18.672022,0.968868,-35.95664
142635,1107.0,230.231357679361,18.779316,18.794242,18.794242,0.12222,-2.12713
142636,1108.0,229.43866906728,17.777589,17.795253,17.795253,-0.998989,9.94021
142637,1109.0,229.06227021334,18.842427,18.846187,18.846187,1.050934,-44.86409
142638,1110.0,229.471635207916,18.442169,18.446711,18.446711,-0.399476,-2.6281
142639,1111.0,229.714640331134,18.358677,18.360285,18.360285,-0.086426,-4.74332
142640,1112.0,229.885627188161,18.024793,18.025604,18.025604,-0.334681,-1.61956
142641,1113.0,230.275628611844,18.358691,18.362833,18.362833,0.337229,-16.55804
142642,1114.0,230.449776757422,18.442197,18.44302,18.44302,0.080187,-6.11281
142643,1115.0,231.208776242043,18.340849,18.356547,18.356547,-0.086473,-9.09591
142644,1116.0,232.405836083389,18.359899,18.398882,18.398882,0.042335,-21.06872
142645,1117.0,233.740546335709,17.941381,17.990959,17.990959,-0.407923,-8.70497
142646,1118.0,235.097545457882,18.842492,18.891293,18.891293,0.900334,-53.27246
142647,1119.0,237.938246302566,18.359919,18.57838,18.57838,-0.312913,-38.26569
142648,1120.0,239.713635069567,17.841886,17.93,17.93,-0.64838,-8.73905
142649,1121.0,242.069169170146,17.941406,18.095375,18.095375,0.165375,-45.2465
142650,1122.0,242.80174847055,17.941413,17.956363,17.956363,-0.139012,-6.78119
142651,1123.0,243.918767725399,18.359945,18.393893,18.393893,0.43753,-32.69594
142652,1124.0,244.804899780162,17.841911,17.863903,17.863903,-0.52999,-3.35369
142653,1125.0,245.593851447874,17.941431,17.958769,17.958769,0.094866,-15.3055
142654,1126.0,246.430305885831,17.941438,17.960926,17.960926,0.002157,-13.15728
142655,1127.0,247.600554131285,17.92584,17.963998,17.963998,0.003072,-19.06018
142656,1128.0,249.120414771208,17.777718,17.842568,17.842568,-0.12143,-21.15985
142657,1129.0,250.13515323803,17.777723,17.806659,17.806659,-0.035909,-14.99409
142658,1130.0,251.552671097766,18.208508,18.263601,18.263601,0.456942,-38.44352
142659,1131.0,252.54486317063,18.111648,18.138805,18.138805,-0.124796,-11.86976
142700,1132.0,255.518265575902,18.196282,18.437619,18.437619,0.298814,-60.8272
142701,1133.0,256.966368329485,18.619451,18.675679,18.675679,0.23806,-32.23074
142702,1134.0,257.075275295746,18.123931,18.124259,18.124259,-0.55142,0.70574
142703,1135.0,257.30932528589,18.196281,18.197786,18.197786,0.073527,-6.07623
142704,1136.0,258.515283602241,18.111647,18.151751,18.151751,-0.046035,-18.19986
142705,1137.0,262.616313620781,17.781804,18.248589,18.248589,0.096838,-73.8461
142706,1138.0,263.500374469147,17.265307,17.287926,17.287926,-0.960663,1.07636
142707,1139.0,263.449863594207,17.688476,17.688548,17.688548,0.400622,-25.27172
142708,1140.0,263.09440898309,16.851684,16.855433,16.855433,-0.833115,6.63328
142709,1141.0,262.362522779953,17.422506,17.437872,17.437872,0.582439,-4.90062
142710,1142.0,261.334404137249,17.23725,17.267884,17.267884,-0.169988,3.81028
142711,1143.0,256.825305752298,16.717423,17.314854,17.314854,0.04697,19.97805
142712,1144.0,256.895208142677,16.352576,16.352725,16.352725,-0.962129,5.79769
142713,1145.0,257.702598014308,16.953992,16.973206,16.973206,0.620481,-30.94533
142714,1146.0,258.772610442234,16.533063,16.567652,16.567652,-0.405554,-4.44997
142715,1147.0,260.19457470045,16.844557,16.90447,16.90447,0.336818,-33.04782
142716,1148.0,263.361621909276,16.054098,16.363503,16.363503,-0.540967,-37.40462
142717,1149.0,267.36852739096,16.128466,16.618745,16.618745,0.255242,-75.77599
142718,1150.0,268.250069381968,15.891557,15.915989,15.915989,-0.702756,-0.47269
142719,1151.0,269.732863637772,15.278165,15.349951,15.349951,-0.566038,-7.63729
142720,1152.0,271.15571862762,14.659647,14.728536,14.728536,-0.621415,-5.51547
142721,1153.0,272.411448898322,14.608411,14.662283,14.662283,-0.066253,-17.2213
142722,1154.0,273.573762089016,14.060307,14.108267,14.108267,-0.554016,-3.11854
142723,1155.0,274.285969775862,13.637476,13.656061,13.656061,-0.452206,-0.46566
142724,1156.0,274.661956982094,12.819216,12.824729,12.824729,-0.831332,4.21994
142725,1157.0,274.980162802709,12.903034,12.906957,12.906957,0.082228,-3.85485
142726,1158.0,275.307066870403,12.430435,12.434733,12.434733,-0.472224,2.14821
142727,1159.0,275.598548102284,11.563319,11.566992,11.566992,-0.867741,4.63124
142728,1160.0,276.014746694527,10.978309,10.986196,10.986196,-0.580796,1.94757
142729,1161.0,276.410155359137,11.061831,11.068895,11.068895,0.082699,-5.3057
142730,1162.0,276.718683803153,9.228974,9.23413,9.23413,-1.834765,7.92224
142731,1163.0,277.080967455145,8.718914,8.726438,8.726438,-0.507692,0.90741
142732,1164.0,277.44110553931,7.781571,7.7899,7.7899,-0.936538,2.34319
142733,1165.0,277.714786396653,6.88776,6.893195,6.893195,-0.896705,2.10785
142734,1166.0,277.905074849401,5.445048,5.448372,5.448372,-1.444823,3.30653
142735,1167.0,278.072353391596,4.618687,4.621716,4.621716,-0.826656,1.191
142736,1168.0,278.19189907152,3.180437,3.182683,3.182683,-1.439033,1.72242
142737,1169.0,278.266091266786,2.285123,2.286327,2.286327,-0.896356,0.53629
142738,1170.0,278.323558920533,1.463838,1.464966,1.464966,-0.821361,0.10662
142740,1172.0,278.389855538552,2.48262,2.483505,1.241752,-0.111607,-0.35593
142741,1173.0,278.395701897492,1.450223,1.450235,1.450235,0.208483,-0.6107
142742,1174.0,278.389724921172,1.077687,1.077703,1.077703,-0.372532,-0.01977
142743,1175.0,278.361500364626,1.542464,1.542723,1.542723,0.46502,-1.54884
142744,1176.0,278.355829340532,1.077687,1.077702,1.077702,-0.465021,0.03179
142746,1178.0,278.314559505081,1.943185,1.943623,0.971812,-0.052945,-0.13815
142747,1179.0,278.305647574982,1.012621,1.01266,1.01266,0.040848,-0.24578
142748,1180.0,278.308053691861,1.537139,1.537141,1.537141,0.524481,-1.43037
142750,1182.0,278.295474701073,1.824772,1.824815,0.912408,-0.312366,-0.09332
142752,1184.0,278.248370025471,1.86195,1.862546,0.931273,0.009432,-0.15821
142755,1187.0,278.214112079575,1.354145,1.354579,0.451526,-0.159916,-0.27603
142758,1190.0,278.165787990116,1.509578,1.510351,0.50345,0.017308,-0.23082
142800,1192.0,278.143468664242,0.6987,0.699056,0.349528,-0.076961,-0.30821
142801,1193.0,278.142344417447,0.6987,0.6987,0.6987,0.349172,-0.95219
142802,1194.0,278.223585460945,4.116857,4.117659,4.117659,3.418959,-25.89789
142803,1195.0,278.312835443313,4.293558,4.294485,4.294485,0.176826,-2.10632
142804,1196.0,278.517728815718,6.347559,6.350865,6.350865,2.05638,-25.55887
142805,1197.0,278.735921928889,5.866161,5.870217,5.870217,-0.480648,0.506
142806,1198.0,278.863654593541,6.877872,6.879058,6.879058,1.008841,-13.0523
142807,1199.0,278.851610001153,7.380593,7.380603,7.380603,0.501545,-8.93616
142808,1200.0,278.911437567763,9.080396,9.080593,9.080593,1.69999,-26.28772
142809,1201.0,279.154866717158,9.986829,9.989796,9.989796,0.909203,-17.75239
142810,1202.0,279.343946763538,10.41,10.411717,10.411717,0.421921,-8.2062
142811,1203.0,279.402300055298,11.848781,11.848924,11.848924,1.437207,-27.90105
142812,1204.0,279.512435944062,11.783049,11.783564,11.783564,-0.06536,0.66784
142813,1205.0,279.539936797748,11.84878,11.848811,11.848811,0.065247,0.28648
142814,1206.0,279.456565970501,13.118292,13.118557,13.118557,1.269746,-34.12693
142815,1207.0,279.487468656853,13.214626,13.214662,13.214662,0.096105,-0.58059
142816,1208.0,279.83785829644,13.21977,13.224413,13.224413,0.009751,-2.82848
142817,1209.0,280.022501583138,12.707287,12.708628,12.708628,-0.515785,3.09938
142818,1210.0,280.202312098553,12.284535,12.28585,12.28585,-0.422778,2.63861
142819,1211.0,279.705107826878,12.695117,12.70485,12.70485,0.419,0.3335
142820,1212.0,279.729822828839,12.290068,12.290093,12.290093,-0.414757,3.39628
142821,1213.0,279.759011362802,12.695116,12.695149,12.695149,0.405056,-6.04054
142822,1214.0,279.690458197071,12.707284,12.707469,12.707469,0.01232,0.84496
142823,1215.0,279.17554072179,13.637427,13.647145,13.647145,0.939676,-20.3861
142824,1216.0,278.75699872101,13.219764,13.226388,13.226388,-0.420757,5.40984
142825,1217.0,277.887056036791,12.707281,12.737024,12.737024,-0.489364,8.42956
142826,1218.0,275.926878365188,13.130058,13.275569,13.275569,0.538545,6.66332
142827,1219.0,274.535839579838,13.214617,13.287629,13.287629,0.01206,7.40558
142828,1220.0,273.775831984081,12.7539,12.776525,12.776525,-0.511104,7.98949
142829,1221.0,273.24785867395,13.741747,13.751886,13.751886,0.975361,-21.36223
142830,1222.0,272.648082625496,13.952923,13.965807,13.965807,0.213921,1.29599
142831,1223.0,272.11261509935,13.184357,13.195226,13.195226,-0.770581,8.49718
142832,1224.0,271.523691563541,13.565692,13.578469,13.578469,0.383243,0.32587
142833,1225.0,270.609264817931,13.382399,13.413604,13.413604,-0.164865,6.09465
142834,1226.0,269.874368598195,12.53418,12.555705,12.555705,-0.857899,10.24966
142835,1227.0,269.250446309244,11.652969,11.66966,11.66966,-0.886045,9.59773
142836,1228.0,268.708209600372,10.936338,10.949772,10.949772,-0.719888,7.75934
142837,1229.0,268.149109741197,9.815015,9.830927,9.830927,-1.118845,9.36492
142838,1230.0,267.658458439771,8.784701,8.798392,8.798392,-1.032535,7.86184
142839,1231.0,267.28778279152,7.625356,7.63436,7.63436,-1.164032,6.99968
142840,1232.0,266.941301512856,6.131521,6.141303,6.141303,-1.493057,6.87293
142841,1233.0,266.674114247007,5.132257,5.139207,5.139207,-1.002096,4.22015
142842,1234.0,266.424998745212,4.434963,4.441954,4.441954,-0.697253,2.96823
142843,1235.0,266.207136376845,3.240404,3.247719,3.247719,-1.194235,3.1193
142844,1236.0,266.030204360535,2.157541,2.164784,2.164784,-1.082935,1.99791
142845,1237.0,265.852700138588,1.888439,1.896763,1.896763,-0.268021,1.0
142847,1239.0,265.718424467241,1.463847,1.469992,0.734996,-0.580884,0.28682
142848,1240.0,265.718556717177,0.838442,0.838442,0.838442,0.103446,-0.33105
142850,1242.0,265.756885420419,0.66717,0.66827,0.334135,-0.252153,-0.27882
142851,1243.0,265.78882600647,0.555975,0.556891,0.556891,0.222756,-0.98722
142855,1247.0,265.718564461159,0.930983,0.93363,0.233408,-0.080871,-0.32161
142856,1248.0,265.725392814905,0.790058,0.790087,0.790087,0.556679,-1.05
142858,1250.0,265.585470209556,1.861965,1.867215,0.933608,0.071761,0.05377
142859,1251.0,265.483708314839,1.354156,1.357975,1.357975,0.424367,-0.0179
142901,1253.0,265.446691571976,1.08436,1.084991,0.542496,-0.40774,-0.09255
142902,1254.0,265.446691571976,0.0,0.0,0.0,-0.542496,-0.35
142903,1255.0,265.411773947817,1.012626,1.013228,1.013228,1.013228,-1.84447
142904,1256.0,265.47555666126,1.223144,1.224806,1.224806,0.211578,-1.61242
142905,1257.0,265.493731179718,1.324368,1.324493,1.324493,0.099687,-0.55573
142906,1258.0,265.508777420371,1.189751,1.189846,1.189846,-0.134647,-0.24961
142908,1260.0,265.60745907707,1.463846,1.467168,0.733584,-0.228131,-0.72405
142909,1261.0,265.60745907707,0.0,0.0,0.0,-0.733584,-0.35
142910,1262.0,265.493731179718,1.084359,1.090307,1.090307,1.090307,-0.30321
142911,1263.0,265.260693868015,2.514789,2.525563,2.525563,1.435256,-3.4253
142912,1264.0,264.935638507235,4.040763,4.053816,4.053816,1.528253,-6.84566
142913,1265.0,264.608735608794,5.05146,5.062027,5.062027,1.008211,-5.15535
142914,1266.0,264.24298356563,5.792109,5.803645,5.803645,0.741618,-0.24549
142915,1267.0,263.898195894123,6.801959,6.810692,6.810692,1.007047,-8.54811
142916,1268.0,263.586435587404,8.358141,8.363953,8.363953,1.553261,-20.67815
142917,1269.0,263.336200010616,9.049754,9.053213,9.053213,0.68926,-9.92027
142918,1270.0,263.144630256338,9.792084,9.793958,9.793958,0.740745,-13.07222
142919,1271.0,263.442714045766,9.427447,9.432159,9.432159,-0.361799,0.78364
142920,1272.0,264.307542782908,10.204254,10.240837,10.240837,0.808678,-27.13779
142921,1273.0,265.523872342543,11.437886,11.502378,11.502378,1.261541,-43.91872
142922,1274.0,266.470670592513,11.667403,11.705756,11.705756,0.203378,-17.33109
142923,1275.0,266.904688519845,12.777285,12.784655,12.784655,1.078899,-28.69135
142924,1276.0,267.455561745762,12.698846,12.710789,12.710789,-0.073866,-4.31499
142925,1277.0,268.32067232675,13.345323,13.373334,13.373334,0.662545,-27.57552
142926,1278.0,269.056543674952,12.777305,12.798478,12.798478,-0.574856,0.59003
142927,1279.0,269.872906303849,12.698866,12.725079,12.725079,-0.073399,-8.99709
142928,1280.0,270.976518793037,12.579839,12.628155,12.628155,-0.096924,-13.50862
142929,1281.0,271.994898407904,12.307875,12.349934,12.349934,-0.278221,-7.98591
142930,1282.0,272.507333978779,12.463018,12.473548,12.473548,0.123614,-8.03697
142931,1283.0,272.957531922647,11.967055,11.97552,11.97552,-0.498028,1.68704
142932,1284.0,273.375627786404,12.727962,12.734828,12.734828,0.759308,-21.00701
142933,1285.0,273.782599775863,12.19661,12.203398,12.203398,-0.53143,2.18348
142934,1286.0,274.455959293651,12.513634,12.531737,12.531737,0.328339,-15.49287
142935,1287.0,275.515053752339,12.400486,12.445631,12.445631,-0.086106,-12.96098
142936,1288.0,276.883749263603,12.908342,12.980702,12.980702,0.535071,-32.90105
142937,1289.0,278.522107889659,12.928923,13.032317,13.032317,0.051615,-26.40958
142938,1290.0,279.280316709026,12.492387,12.515375,12.515375,-0.516942,0.16439
142939,1291.0,279.610505798698,12.141441,12.14593,12.14593,-0.369445,1.55004
142940,1292.0,279.809800248371,11.981857,11.983514,11.983514,-0.162416,0.85773
142941,1293.0,280.155081293306,11.406989,11.412213,11.412213,-0.571301,2.45151
142942,1294.0,280.505207548635,11.188745,11.194222,11.194222,-0.217991,0.2197
142943,1295.0,280.925466825227,11.479926,11.487616,11.487616,0.293394,-9.9498
142944,1296.0,281.174285428015,10.97853,10.981349,10.981349,-0.506267,2.38459
142945,1297.0,280.897818401456,11.981871,11.98506,11.98506,1.003711,-21.13227
142946,1298.0,280.44970869274,12.492413,12.500447,12.500447,0.515387,-0.40237
142947,1299.0,279.878130151572,12.513678,12.526725,12.526725,0.026278,3.48984
142948,1300.0,279.180117791196,12.819477,12.838466,12.838466,0.311741,2.00956
142949,1301.0,278.50016361321,12.81948,12.8375,12.8375,-0.000966,4.0572
142950,1302.0,277.871491502617,12.707595,12.723136,12.723136,-0.114364,4.62653
142951,1303.0,277.482080445766,12.707595,12.71356,12.71356,-0.009576,2.66893
142952,1304.0,276.388547128119,12.838459,12.884947,12.884947,0.171387,5.00828
142953,1305.0,275.026258422871,13.238694,13.3086,13.3086,0.423653,4.31946
142954,1306.0,270.304902133882,13.825045,14.609007,14.609007,1.300407,13.84465
142955,1307.0,262.364683360821,13.32256,15.509277,15.509277,0.90027,32.63634
142956,1308.0,255.894244460157,14.176186,15.58303,15.58303,0.073753,31.71648
142957,1309.0,252.011639781507,13.742059,14.280015,14.280015,-1.303015,29.76599
142958,1310.0,247.9549126202,14.242311,14.808797,14.808797,0.528782,16.16776
142959,1311.0,243.697859846471,14.260959,14.882791,14.882791,0.073994,20.74678
143000,1312.0,242.211603645553,13.742048,13.822186,13.822186,-1.060605,15.45137
143001,1313.0,242.726332166386,14.325796,14.33504,14.33504,0.512854,-18.99269
143002,1314.0,243.496121902827,13.238662,13.261023,13.261023,-1.074017,3.79953
143003,1315.0,244.724775906689,14.344333,14.396856,14.396856,1.135833,-47.70978
143004,1316.0,245.961043744594,13.825008,13.880173,13.880173,-0.516683,-5.49937
143005,1317.0,247.504866507905,14.581676,14.663173,14.663173,0.783,-44.61202
143006,1318.0,249.33981327976,14.665679,14.780026,14.780026,0.116853,-32.28557
143007,1319.0,253.681137173501,14.260928,14.907085,14.907085,0.127059,-76.71855
143008,1320.0,258.462738409882,14.743449,15.499452,15.499452,0.592367,-97.76104
143009,1321.0,263.381863703867,14.26092,15.085477,15.085477,-0.413975,-72.3575
143011,1323.0,274.182533473434,28.586402,30.558744,15.279372,0.096947,-94.75303
143013,1325.0,280.665111366527,28.312102,29.044775,14.522387,-0.378492,-43.98513
143014,1326.0,280.645419123863,13.815147,13.815162,13.815162,-0.707225,5.17183
143015,1327.0,280.742228200654,13.915668,13.916005,13.916005,0.100843,-1.4691
143016,1328.0,280.876009058531,13.38902,13.389689,13.389689,-0.526316,3.20426
143017,1329.0,281.221846665799,13.755236,13.759583,13.759583,0.369894,-11.79159
143018,1330.0,282.010768224098,14.0773,14.099389,14.099389,0.339806,-19.15453
143019,1331.0,282.483905806363,14.07729,14.085238,14.085238,-0.014151,-4.64774
143020,1332.0,282.94836884844,12.998292,13.006588,13.006588,-1.07865,5.44241
143021,1333.0,283.220982704679,13.543876,13.546619,13.546619,0.540031,-14.43378
143022,1334.0,283.54941397728,12.534252,12.538554,12.538554,-1.008065,5.6912
143023,1335.0,283.687130089011,12.698784,12.699531,12.699531,0.160977,-2.39634
143024,1336.0,284.113508685082,13.265965,13.272815,13.272815,0.573284,-17.5904
143025,1337.0,284.593858002424,12.015888,12.025485,12.025485,-1.24733,6.43507
143026,1338.0,285.253343953294,12.400333,12.417857,12.417857,0.392372,-16.58544
143027,1339.0,285.800316347881,10.93203,10.945705,10.945705,-1.472152,6.44934
143028,1340.0,286.271544681861,10.847505,10.857735,10.857735,-0.08797,-3.38236
143029,1341.0,286.397308981759,10.227467,10.228241,10.228241,-0.629494,3.39811
143030,1342.0,286.40538679846,9.060012,9.060015,9.060015,-1.168226,6.08208
143031,1343.0,286.216915112567,9.040362,9.042327,9.042327,-0.017688,1.54801
143032,1344.0,286.114175048387,8.507649,8.508269,8.508269,-0.534058,3.3765
143033,1345.0,286.151413647171,8.647031,8.647111,8.647111,0.138842,-0.53323
143034,1346.0,286.183086452381,8.526909,8.526968,8.526968,-0.120143,0.79788
143035,1347.0,285.982089904768,9.026226,9.028464,9.028464,0.501496,-7.70539
143036,1348.0,285.578109775203,9.792099,9.800429,9.800429,0.771965,-9.89458
143037,1349.0,285.230017708229,8.661929,8.66892,8.66892,-1.131509,7.48714
143038,1350.0,284.923199068948,9.986966,9.991678,9.991678,1.322758,-21.81627
143039,1351.0,284.620319287232,10.428473,10.43287,10.43287,0.441192,-0.22221
143040,1352.0,284.438101851925,11.323724,11.32519,11.32519,0.89232,-19.02338
143041,1353.0,284.406716400569,10.950016,10.950061,10.950061,-0.375129,3.07212
143042,1354.0,284.080204292041,11.67601,11.680575,11.680575,0.730514,-13.83376
143043,1355.0,283.691422333935,11.170166,11.17693,11.17693,-0.503645,5.78494
143044,1356.0,284.246909415742,10.935601,10.9497,10.9497,-0.22723,-2.074
143045,1357.0,284.492661786511,10.208947,10.211905,10.211905,-0.737795,3.35264
143046,1358.0,283.895479690067,12.771129,12.785084,12.785084,2.573179,-53.77521
143047,1359.0,283.643800097182,12.029875,12.032507,12.032507,-0.752577,7.09121
143048,1360.0,283.680199565844,13.41496,13.415009,13.415009,1.382502,-30.37941
143049,1361.0,283.220668302469,12.099635,12.108358,12.108358,-1.306651,11.74827
143050,1362.0,282.523568702681,12.224529,12.244388,12.244388,0.13603,3.59068
143051,1363.0,281.901808685138,11.383988,11.400955,11.400955,-0.843433,9.16186
143052,1364.0,281.473013185629,10.819062,10.827556,10.827556,-0.573399,6.25594
143053,1365.0,280.725071388747,11.349774,11.374392,11.374392,0.546836,1.37123
143054,1366.0,278.146106004621,11.569789,11.853736,11.853736,0.479344,11.30806
143055,1367.0,272.308207642387,11.660747,13.040478,13.040478,1.186742,22.66262
143056,1368.0,264.041901521216,12.303043,14.822169,14.822169,1.781691,28.27451
143057,1369.0,255.83093185862,12.441984,14.907145,14.907145,0.084976,41.32858
143058,1370.0,250.951368539228,13.08143,13.961875,13.961875,-0.94527,32.32924
143059,1371.0,248.531547990825,12.44198,12.67511,12.67511,-1.286765,21.95268
143100,1372.0,247.292109178113,12.548353,12.609416,12.609416,-0.065694,7.55588
143101,1373.0,246.784780509014,12.441977,12.452316,12.452316,-0.1571,4.41608
143102,1374.0,247.613424822618,11.789028,11.818114,11.818114,-0.634202,0.50117
143103,1375.0,251.50733275094,12.441974,13.037071,13.037071,1.218957,-93.36905
143107,1379.0,273.692505486594,48.662746,53.481256,13.370314,0.083311,-96.02576
143108,1380.0,277.675874662365,12.115299,12.753341,12.753341,-0.616973,-52.27707
143109,1381.0,280.672563179282,11.974665,12.343936,12.343936,-0.409405,-39.88286
143110,1382.0,281.427380322714,11.908688,11.932586,11.932586,-0.41135,-0.7758
143111,1383.0,281.741655057801,11.008071,11.012556,11.012556,-0.92003,4.48532
143112,1384.0,281.996674727025,10.423217,10.426336,10.426336,-0.58622,2.57322
143113,1385.0,282.277766668464,11.716907,11.720278,11.720278,1.293942,-28.53942
143114,1386.0,282.703448603862,11.766197,11.773895,11.773895,0.053617,-4.99686
143115,1387.0,283.116084238011,11.70214,11.709413,11.709413,-0.064482,-2.31287
143116,1388.0,283.439541955085,11.940981,11.945362,11.945362,0.235949,-7.03696
143117,1389.0,283.972825267541,11.583863,11.596131,11.596131,-0.349231,0.17597
143118,1390.0,284.203825785053,11.376076,11.378421,11.378421,-0.21771,0.88826
143119,1391.0,284.194510072142,11.081529,11.081533,11.081533,-0.296888,2.53833
143120,1392.0,284.650812852768,11.981105,11.989791,11.989791,0.908258,-23.82401
143121,1393.0,284.935087914369,11.763642,11.767077,11.767077,-0.222714,0.74116
143122,1394.0,285.698628586155,13.214063,13.236104,13.236104,1.469027,-44.73221
143123,1395.0,286.621933072924,12.694579,12.728112,12.728112,-0.507992,-0.96242
143124,1396.0,287.47833924719,11.776774,11.807872,11.807872,-0.92024,2.15135
143125,1397.0,288.283698630946,12.902457,12.927568,12.927568,1.119696,-36.48134
143126,1398.0,288.828612963425,12.512877,12.524736,12.524736,-0.402832,0.51506
143127,1399.0,289.188271724823,12.408482,12.413693,12.413693,-0.111043,-0.40887
143128,1400.0,289.386146447602,12.633335,12.634884,12.634884,0.221191,-4.78651
143129,1401.0,289.522023460277,12.371023,12.371769,12.371769,-0.263115,1.78659
143130,1402.0,289.749814837115,12.978495,12.980494,12.980494,0.608725,-14.54882
143131,1403.0,289.947466930286,12.307219,12.308806,12.308806,-0.671688,4.17182
143132,1404.0,290.074481287681,12.780344,12.780975,12.780975,0.472169,-9.38221
143133,1405.0,290.238741249597,12.304393,12.305489,12.305489,-0.475486,3.0593
143134,1406.0,290.753969296485,12.688736,12.699193,12.699193,0.393704,-14.33654
143135,1407.0,291.183780667644,11.642869,11.6508,11.6508,-1.048393,5.08036
143136,1408.0,291.472713856863,12.603006,12.606317,12.606317,0.955517,-22.96923
143137,1409.0,291.504380664497,12.017407,12.017449,12.017449,-0.588868,4.56057
143138,1410.0,291.487105408803,12.716088,12.716099,12.716099,0.69865,-20.82882
143139,1411.0,291.624144968152,12.554795,12.555543,12.555543,-0.160556,1.01571
143140,1412.0,291.565555893814,12.976716,12.976848,12.976848,0.421305,-14.31064
143141,1413.0,291.67819629031,12.464346,12.464855,12.464855,-0.511993,3.52391
143142,1414.0,291.747556652896,12.222087,12.222284,12.222284,-0.242571,2.06147
143143,1415.0,291.789503230752,12.27826,12.278332,12.278332,0.056048,0.22594
143144,1416.0,292.237200313357,12.882569,12.890346,12.890346,0.612014,-18.3733
143145,1417.0,292.640594949183,12.998935,13.005193,13.005193,0.114847,-6.15441
143146,1418.0,293.205484213988,12.742159,12.754675,12.754675,-0.250518,-0.71024
143147,1419.0,294.586631541921,12.076006,12.154731,12.154731,-0.599944,-7.41832
143148,1420.0,295.334391009188,11.080801,11.106003,11.106003,-1.048728,3.03763
143149,1421.0,295.486496927387,10.060809,10.061958,10.061958,-1.044045,5.40812
143150,1422.0,295.689474545194,9.579184,9.581334,9.581334,-0.480624,1.93499
143151,1423.0,295.56370418211,8.573489,8.574412,8.574412,-1.006922,5.68601
143152,1424.0,295.372087821696,7.439635,7.442102,7.442102,-1.13231,5.79688
143153,1425.0,295.29796549939,6.869468,6.869868,6.869868,-0.572234,2.72521
143154,1426.0,295.936004079099,7.545772,7.572699,7.572699,0.702831,-18.88779
143155,1427.0,296.66245294734,7.306303,7.342328,7.342328,-0.230371,-7.94816
143156,1428.0,297.080324988814,7.269449,7.28145,7.28145,-0.060878,-4.77969
143157,1429.0,297.342714008359,8.136358,8.140588,8.140588,0.859138,-15.0719
143158,1430.0,297.332314847193,8.241295,8.241302,8.241302,0.100714,-0.00323
143159,1431.0,297.203690481667,8.794804,8.795745,8.795745,0.554443,-9.51285
143200,1432.0,297.510896361457,8.389861,8.395484,8.395484,-0.400261,0.58718
143201,1433.0,297.533603819273,9.298675,9.298703,9.298703,0.903219,-12.92928
143202,1434.0,297.212769960978,8.421809,8.427918,8.427918,-0.870785,5.99952
143203,1435.0,296.487209664513,8.768295,8.798263,8.798263,0.370345,2.50663
143204,1436.0,295.038275183235,8.768294,8.887203,8.887203,0.08894,7.61873
143205,1437.0,294.132798874791,8.768293,8.814922,8.814922,-0.072281,5.52804
143206,1438.0,293.47676622836,9.563676,9.58615,9.58615,0.771228,0.03063
143207,1439.0,293.194360049575,9.29867,9.302958,9.302958,-0.283192,3.39029
143208,1440.0,292.900406701673,8.76829,8.773216,8.773216,-0.529742,4.46246
143209,1441.0,292.709420953921,8.269479,8.271684,8.271684,-0.501532,3.60084
143210,1442.0,292.538143262801,7.718344,7.720245,7.720245,-0.551439,3.49575
143211,1443.0,292.347168812435,6.698774,6.701496,6.701496,-1.018749,4.8646
143212,1444.0,292.015793563862,5.805882,5.815331,5.815331,-0.886165,4.62045
143213,1445.0,291.654472506569,4.481635,4.496177,4.496177,-1.319154,5.07183
143214,1446.0,291.383372043796,2.796019,2.809131,2.809131,-1.687046,3.82061
143215,1447.0,291.184578524349,2.007942,2.017758,2.017758,-0.791373,1.70171
143216,1448.0,290.940522563119,2.235768,2.249049,2.249049,0.231291,0.82797
143217,1449.0,290.504564247844,3.575784,3.602262,3.602262,1.353213,-2.39722
143218,1450.0,290.047256742657,3.730249,3.758176,3.758176,0.155914,2.03385
143219,1451.0,289.655515923636,4.211526,4.229706,4.229706,0.47153,0.98
143220,1452.0,289.463840344549,4.992976,4.996654,4.996654,0.766948,-5.23417
143221,1453.0,289.48551148785,5.529076,5.529119,5.529119,0.532465,-4.46151
143222,1454.0,289.594921615036,5.635087,5.636149,5.636149,0.10703,-1.7741
143223,1455.0,289.783712119318,6.463789,6.466546,6.466546,0.830397,-11.44939
143224,1456.0,290.21290694811,7.643332,7.655373,7.655373,1.188827,-21.95982
143225,1457.0,290.856346995202,8.484486,8.50885,8.50885,0.853477,-22.11736
143226,1458.0,291.412135930427,8.399386,8.417755,8.417755,-0.091095,-6.214
143227,1459.0,291.906673003465,8.942205,8.955869,8.955869,0.538114,-14.94605
143228,1460.0,292.88379594727,8.484493,8.540573,8.540573,-0.415296,-8.59399
143229,1461.0,293.257542610915,7.986363,7.995103,7.995103,-0.54547,0.72868
143230,1462.0,293.423547531809,7.562808,7.564629,7.564629,-0.430474,1.18037
143231,1463.0,293.550335284116,6.463803,6.465047,6.465047,-1.099582,3.32864
143232,1464.0,293.823045201149,4.603551,4.611622,4.611622,-1.853425,3.15972
143233,1465.0,294.063186003263,4.062094,4.069186,4.069186,-0.542436,-0.09919
143234,1466.0,294.252485588848,3.263531,3.269016,3.269016,-0.80017,0.31683
143235,1467.0,294.251101866266,1.084286,1.084287,1.084287,-2.184729,1.00617
143236,1468.0,294.226332994181,2.157406,2.157548,2.157548,1.073261,-4.64085
143237,1469.0,294.303634606071,3.440581,3.44145,3.44145,1.283902,-8.70255
143238,1470.0,294.163757201974,4.685429,4.687517,4.687517,1.246067,-9.65395
143239,1471.0,293.98093901074,5.183422,5.186645,5.186645,0.499128,-0.34515
143240,1472.0,293.620404336788,4.985864,4.998882,4.998882,-0.187763,2.44939
143241,1473.0,293.121200434876,5.183419,5.207403,5.207403,0.208521,2.11407
143242,1474.0,292.35664584324,5.826099,5.876051,5.876051,0.668648,2.04823
143243,1475.0,291.419793855104,6.192564,6.26303,6.26303,0.386979,3.78996
143244,1476.0,290.772832441155,5.51203,5.549868,5.549868,-0.713162,5.60934
143245,1477.0,290.359057100553,5.131872,5.148526,5.148526,-0.401342,3.34312
143246,1478.0,290.212275122884,6.33096,6.332661,6.332661,1.184135,-13.01904
143247,1479.0,290.166081556475,5.13187,5.132077,5.132077,-1.200584,3.60257
143248,1480.0,290.119201973156,5.467814,5.468015,5.468015,0.335938,-4.34842
143249,1481.0,290.10611261225,4.741812,4.741831,4.741831,-0.726184,1.94433
143250,1482.0,290.069456415328,5.467811,5.467934,5.467934,0.726103,-8.3534
143251,1483.0,290.154287705898,5.056652,5.057363,5.057363,-0.410571,0.73107
143252,1484.0,290.158915980191,5.051139,5.051141,5.051141,-0.006222,0.05935
143253,1485.0,290.245591018116,5.300464,5.301173,5.301173,0.250032,-2.7735
143254,1486.0,290.196156315465,5.467806,5.46803,5.46803,0.166857,-0.12301
143255,1487.0,290.613405084791,5.82608,5.841002,5.841002,0.372972,-9.94862
143256,1488.0,291.215489838684,6.139404,6.168856,6.168856,0.327854,-12.81471
143257,1489.0,291.580677345793,6.96826,6.977823,6.977823,0.808967,-14.87364
143258,1490.0,291.528120463535,6.91035,6.91055,6.91055,-0.067273,0.76749
143259,1491.0,291.530438204111,6.641192,6.641193,6.641193,-0.269357,1.15957
143300,1492.0,291.533190250475,7.276334,7.276334,7.276334,0.635141,-6.56083
143301,1493.0,291.504014951502,7.648217,7.648273,7.648273,0.371939,-7.19253
143302,1494.0,291.55563917587,7.021217,7.021407,7.021407,-0.626866,2.33344
143303,1495.0,291.6160746653,8.101116,8.101341,8.101341,1.079934,-14.6807
143304,1496.0,291.628935441908,6.910336,6.910348,6.910348,-1.190993,4.56734
143305,1497.0,291.35707767158,6.910334,6.915679,6.915679,0.005331,1.64794
143306,1498.0,291.250236546745,7.648203,7.648949,7.648949,0.73327,-10.78269
143307,1499.0,291.237249718416,7.624813,7.624824,7.624824,-0.024125,0.48449
143308,1500.0,291.25428364534,7.276312,7.276332,7.276332,-0.348492,1.54539
143309,1501.0,291.265339803665,7.27631,7.276318,7.276318,-1.4e-05,0.2241
143310,1502.0,291.095633527655,6.968229,6.970295,6.970295,-0.306023,2.27642
143311,1503.0,291.070040699241,5.975792,5.975847,5.975847,-0.994448,3.45661
143312,1504.0,291.057852032571,5.108916,5.108931,5.108931,-0.866916,2.49838
143313,1505.0,291.140355183508,4.050543,4.051383,4.051383,-1.057548,1.83224
143314,1506.0,291.204558478015,3.675117,3.675678,3.675678,-0.375705,0.34702
143315,1507.0,291.195727859434,2.465281,2.465297,2.465297,-1.210381,1.48379
143316,1508.0,291.152200624113,2.227611,2.228036,2.228036,-0.237261,0.33639
143318,1510.0,291.182675600516,1.777139,1.7774,0.8887,-0.669668,-0.04241
143322,1514.0,291.216522600134,0.555975,0.557004,0.139251,-0.187362,-0.32515
143323,1515.0,291.257138999656,0.66717,0.668405,0.668405,0.529154,-1.52209
143325,1517.0,291.290985999274,0.555975,0.557004,0.278502,-0.194951,-0.29917
143326,1518.0,291.324832998891,0.555975,0.557004,0.557004,0.278502,-1.07645
143329,1521.0,291.373817464096,0.838409,0.839839,0.279946,-0.092353,-0.31423
143330,1522.0,291.380790852168,0.423128,0.423186,0.423186,0.14324,-0.34911
143332,1524.0,291.429749072513,1.084274,1.085379,0.542689,0.059751,-0.69545
143334,1526.0,291.477670583623,1.084274,1.085333,0.542666,-1.1e-05,-0.62818
143335,1527.0,291.481596772397,0.423129,0.423147,0.423147,-0.119519,-0.2898
143341,1533.0,291.448687811903,0.555975,0.556948,0.092825,-0.055054,-0.33999
143342,1534.0,291.415778851362,0.555975,0.556948,0.556948,0.464123,-0.27193
143344,1536.0,291.337451865776,1.294264,1.296632,0.648316,0.045684,-0.10993
143346,1538.0,291.343379138192,0.423128,0.42317,0.211585,-0.218366,-0.30874
143347,1539.0,291.337365805441,1.862077,1.862087,1.862087,1.650502,-6.24959
143348,1540.0,291.275606711105,2.965472,2.966115,2.966115,1.104028,-5.93168
143349,1541.0,291.232787423291,3.97415,3.974381,3.974381,1.008266,-7.86379
143350,1542.0,291.186605927311,4.050539,4.050803,4.050803,0.076422,0.05498
143351,1543.0,291.092242845483,4.384738,4.385753,4.385753,0.33495,-0.28226
143352,1544.0,290.936559461555,4.183565,4.186461,4.186461,-0.199292,1.24991
143353,1545.0,290.70141875081,5.417925,5.423025,5.423025,1.236564,-9.75323
143354,1546.0,290.521072585653,6.155296,6.157937,6.157937,0.734912,-7.04073
143355,1547.0,290.298653418571,6.320764,6.324676,6.324676,0.166739,0.78771
143356,1548.0,290.040088700647,6.771879,6.776814,6.776814,0.452138,-0.05037
143357,1549.0,290.233577694323,7.992854,7.995195,7.995195,1.218381,-18.83913
143358,1550.0,290.808933703619,9.247379,9.265261,9.265261,1.270066,-28.70341
143359,1551.0,290.814173066843,10.480083,10.480084,10.480084,1.214823,-19.89461
143400,1552.0,290.750543428966,9.781407,9.781614,9.781614,-0.69847,4.54282
143401,1553.0,291.075291794887,9.482516,9.488075,9.488075,-0.293539,0.31574
143402,1554.0,291.042729107594,8.994496,8.994555,8.994555,-0.49352,3.00905
143403,1555.0,290.816077807773,8.942991,8.945862,8.945862,-0.048693,1.88351
143404,1556.0,290.623952525757,9.082722,9.084753,9.084753,0.138891,0.81366
143405,1557.0,290.382260770625,7.947094,7.950769,7.950769,-1.133984,6.42749
143406,1558.0,290.107039544384,7.723979,7.728881,7.728881,-0.221888,2.68449
143407,1559.0,289.988352050097,6.796053,6.797089,6.797089,-0.931792,4.23257
143408,1560.0,289.93144206593,5.762162,5.762443,5.762443,-1.034646,3.61063
143409,1561.0,289.942097390673,5.221841,5.221852,5.221852,-0.540591,1.53238
143410,1562.0,289.976307807953,4.471487,4.471618,4.471618,-0.750234,1.62559
143411,1563.0,290.003649565341,3.488796,3.488903,3.488903,-0.982715,1.61638
143412,1564.0,290.061038185123,3.34737,3.347861,3.347861,-0.141042,-0.12973
143413,1565.0,290.143534952714,2.575133,2.576454,2.576454,-0.771407,0.48341
143414,1566.0,290.190835353556,1.397339,1.398139,1.398139,-1.178315,0.39145
143415,1567.0,290.228581994277,1.223144,1.223726,1.223726,-0.174413,-0.33733
143417,1569.0,290.266328634997,1.223144,1.223726,0.611863,-0.305931,-0.30085
143420,1572.0,290.242421344601,0.698669,0.699078,0.233026,-0.126279,-0.31601
143421,1573.0,290.207165689242,1.145262,1.145805,1.145805,0.912779,-1.90824
143424,1576.0,290.259531299316,1.537073,1.537964,0.512655,-0.21105,-0.34337
143426,1578.0,290.283486198941,0.698669,0.69908,0.34954,-0.081558,-0.30735
143430,1582.0,290.304075275718,0.66717,0.667487,0.166872,-0.045667,-0.33284
143431,1583.0,290.374499216802,2.007928,2.009162,2.009162,1.84229,-7.69113
143432,1584.0,290.516241948422,2.934411,2.937832,2.937832,0.92867,-6.94649
143433,1585.0,290.775848481124,4.399364,4.407017,4.407017,1.469185,-15.31756
143434,1586.0,291.042897990037,5.051044,5.058099,5.058099,0.651082,-9.54899
143435,1587.0,291.266836398484,6.131008,6.135096,6.135096,1.076997,-14.39523
143436,1588.0,291.458708165651,7.276185,7.278715,7.278715,1.143619,-16.52534
143437,1589.0,291.647476793543,8.74033,8.742368,8.742368,1.463653,-23.9527
143438,1590.0,292.006685184054,9.728804,9.735433,9.735433,0.993065,-20.94538
143439,1591.0,292.703797155007,10.427178,10.450454,10.450454,0.715021,-22.64767
143440,1592.0,293.485270588704,11.321789,11.348727,11.348727,0.898273,-28.60538
143441,1593.0,293.713138879379,11.163418,11.165743,11.165743,-0.182984,0.64338
143442,1594.0,293.696893205196,11.730289,11.7303,11.7303,0.564557,-15.8888
143443,1595.0,293.691682203356,12.511913,12.511914,12.511914,0.781614,-22.39104
143444,1596.0,293.755359948129,13.590735,13.590884,13.590884,1.07897,-23.94902
143445,1597.0,293.758157802989,13.538374,13.538374,13.538374,-0.05251,0.41047
143446,1598.0,293.68935425625,13.431493,13.431669,13.431669,-0.106705,1.24151
143447,1599.0,293.815402472579,13.458655,13.459245,13.459245,0.027576,-0.75889
143448,1600.0,293.810492827108,13.455853,13.455854,13.455854,-0.003391,0.15097
143449,1601.0,293.615777562235,13.043738,13.045192,13.045192,-0.410662,4.24137
143450,1602.0,293.477483934857,12.606388,12.607146,12.607146,-0.438046,4.29725
143451,1603.0,293.343101215142,12.511873,12.512594,12.512594,-0.094552,2.01627
143452,1604.0,292.706818984076,12.490604,12.5068,12.5068,-0.005794,4.05354
143453,1605.0,292.199938690236,11.600401,11.61147,11.61147,-0.89533,9.00629
143454,1606.0,291.999659643705,11.163364,11.16516,11.16516,-0.44631,4.45205
143455,1607.0,291.878490917357,10.142806,10.143529,10.143529,-1.021631,6.7727
143456,1608.0,291.673575077336,9.643347,9.645524,9.645524,-0.498005,4.18325
143457,1609.0,291.401145970266,8.011543,8.016174,8.016174,-1.62935,8.75319
143458,1610.0,290.967615372002,6.999734,7.013147,7.013147,-1.003027,6.27582
143459,1611.0,290.610987110337,5.115095,5.127512,5.127512,-1.885635,7.09742
143500,1612.0,290.301759591786,4.242079,4.253335,4.253335,-0.874177,3.59751
143501,1613.0,290.091033666132,3.215682,3.222579,3.222579,-1.030756,2.78281
143502,1614.0,289.95923116181,1.862028,1.866687,1.866687,-1.355892,1.83737
143503,1615.0,289.871245236881,1.353971,1.356827,1.356827,-0.50986,0.58634
143505,1617.0,289.750264590113,1.861711,1.865637,0.932819,-0.212004,0.14538
143506,1618.0,289.610109319823,1.898198,1.903365,1.903365,0.970546,-1.70284
143507,1619.0,289.37190753548,3.048689,3.05798,3.05798,1.154615,-3.31292
143508,1620.0,289.102858408175,3.597396,3.607443,3.607443,0.549463,0.29114
143509,1621.0,288.829767821244,3.440448,3.45127,3.45127,-0.156173,1.64396
143510,1622.0,288.48089046289,4.702993,4.715915,4.715915,1.264645,-6.2068
143511,1623.0,288.179144763929,5.140408,5.149257,5.149257,0.433342,0.46445
143512,1624.0,287.917628533636,5.700616,5.706612,5.706612,0.557355,-0.20088
143513,1625.0,287.669251220961,6.048581,6.053679,6.053679,0.347067,0.33917
143514,1626.0,287.394402177379,6.185023,6.191126,6.191126,0.137447,1.15774
143515,1627.0,287.092872353606,6.591378,6.598271,6.598271,0.407145,0.3581
143516,1628.0,286.788886743277,6.104022,6.111587,6.111587,-0.486684,3.34309
143517,1629.0,286.454165718852,6.591375,6.599868,6.599868,0.488281,0.24596
143518,1630.0,286.242097736375,5.781066,5.784954,5.784954,-0.814914,3.75905
143519,1631.0,286.098657212358,4.648815,4.651027,4.651027,-1.133927,3.5948
143520,1632.0,286.005055534721,3.681018,3.682208,3.682208,-0.968819,2.33965
143521,1633.0,285.948635952056,1.977641,1.978446,1.978446,-1.703762,1.89982
143522,1634.0,285.946295060643,1.145252,1.145254,1.145254,-0.833192,0.26138
143523,1635.0,285.933159293821,0.66717,0.667299,0.667299,-0.477955,-0.05871
143525,1637.0,285.941601107402,0.507738,0.507808,0.253904,-0.206698,-0.30207
143526,1638.0,285.950709989813,1.084248,1.084287,1.084287,0.830383,-1.83785
143529,1641.0,285.984369972018,1.353968,1.354386,0.451462,-0.210942,-0.26375
143531,1643.0,286.026704337017,1.463672,1.464284,0.732142,0.14034,-0.71317
143535,1647.0,286.018029954223,0.555975,0.556042,0.139011,-0.148283,-0.32809
143536,1648.0,286.018412493928,0.790026,0.790026,0.790026,0.651015,-1.07021
143538,1650.0,286.001518819393,1.111949,1.112078,0.556039,-0.116994,-0.22743
143540,1652.0,286.008780256082,1.537065,1.537082,0.768541,0.106251,-0.35726
143541,1653.0,286.027179097838,1.084248,1.084404,1.084404,0.315863,-1.00099
143542,1654.0,286.042740514497,1.077599,1.077711,1.077711,-0.006693,-0.34279
143544,1656.0,286.056791800946,1.450144,1.450212,0.725106,-0.176302,-0.2616
143546,1658.0,286.044129067901,0.423115,0.423304,0.211652,-0.256727,-0.3044
143547,1659.0,286.016271055207,0.930852,0.931269,0.931269,0.719617,-1.30773
143549,1661.0,286.028933788253,0.423115,0.423304,0.211652,-0.359809,-0.29276
143550,1662.0,286.03703874793,0.838399,0.838438,0.838438,0.626786,-1.21331
143551,1663.0,286.04966250368,0.423115,0.423303,0.423303,-0.415135,-0.22302
143553,1665.0,286.044129067901,0.790026,0.790045,0.395023,-0.01414,-0.316
143554,1666.0,286.050720731846,0.555975,0.556014,0.556014,0.160991,-0.47965
143555,1667.0,286.03574996863,0.507738,0.507958,0.507958,-0.048056,-0.21875
143558,1670.0,286.030492424011,0.698666,0.698685,0.232895,-0.091688,-0.32033
143559,1671.0,286.046372225085,1.223144,1.223247,1.223247,0.990352,-2.47775
143600,1672.0,286.037508867848,1.537065,1.53709,1.53709,0.313843,-1.46654
143602,1674.0,286.029204293008,1.450144,1.450168,0.725084,-0.406003,-0.11426
143604,1676.0,286.026704337017,1.487342,1.487344,0.743672,0.009294,-0.28871
143605,1677.0,286.014354898332,0.507738,0.507888,0.507888,-0.235784,-0.18161
143606,1678.0,286.014354898332,0.0,0.0,0.0,-0.507888,-0.35
143607,1679.0,286.005055534721,1.077599,1.077639,1.077639,1.077639,-2.55367
143610,1682.0,285.972997473062,1.353968,1.354347,0.451449,-0.20873,-0.26428
143613,1685.0,285.9650330558,1.084249,1.084278,0.361426,-0.030008,-0.31584
143614,1686.0,285.954382170162,0.555975,0.556077,0.556077,0.194651,-0.30833
143623,1695.0,285.948635952056,0.790026,0.790047,0.087783,-0.052033,-0.34067
143624,1696.0,285.950709989813,0.752931,0.752934,0.752934,0.665151,-1.08557
143627,1699.0,285.949344979829,0.790026,0.790027,0.263342,-0.163197,-0.3064
143628,1700.0,285.960136778909,0.423115,0.423252,0.423252,0.15991,-0.58307
143633,1705.0,285.963684409303,0.752931,0.75294,0.150588,-0.054533,-0.3338
143634,1706.0,285.954281880793,0.555975,0.556054,0.556054,0.405466,-0.73567
143636,1708.0,285.95451879137,0.790026,0.790026,0.395013,-0.08052,-0.30202
143641,1713.0,285.95451879137,0.0,0.0,0.0,-0.079003,-0.35
143643,1715.0,285.647381164587,14.741266,14.744465,7.372232,3.686116,-48.53171
143644,1716.0,285.636048784764,6.371025,6.371035,6.371035,-1.001197,3.65273
143645,1717.0,285.622725711705,8.151151,8.151162,8.151162,1.780127,-28.57054
143646,1718.0,285.600968020906,9.156173,9.156199,9.156199,1.005037,-19.29028
143647,1719.0,285.599819596225,10.408622,10.408622,10.408622,1.252423,-27.04811
143648,1720.0,285.559442665075,9.985507,9.985589,9.985589,-0.423033,3.05554
143649,1721.0,285.515116184655,10.408622,10.408716,10.408716,0.423127,-10.81167
143650,1722.0,285.48677800407,9.156174,9.156217,9.156217,-1.252499,6.75554
143651,1723.0,285.294069043135,9.054656,9.056706,9.056706,-0.099511,1.96731
143652,1724.0,284.984482418456,7.308091,7.314646,7.314646,-1.74206,8.70315
143653,1725.0,284.642803624055,5.949641,5.959444,5.959444,-1.355202,6.24722
143654,1726.0,284.268682508151,5.30027,5.313457,5.313457,-0.645987,3.87943
143655,1727.0,284.059317915026,3.905909,3.911516,3.911516,-1.401941,3.98721
143656,1728.0,283.801980953211,4.399332,4.406852,4.406852,0.495336,0.19164
143657,1729.0,283.459353558602,4.33786,4.351371,4.351371,-0.055481,1.92627
143658,1730.0,283.116984999816,3.675022,3.690935,3.690935,-0.660436,3.03952
143659,1731.0,282.714640560899,3.973382,3.993701,3.993701,0.302766,1.43397
143700,1732.0,282.401825326681,3.311134,3.325878,3.325878,-0.667823,2.73859
143701,1733.0,282.230054384116,2.514611,2.520471,2.520471,-0.805407,1.83208
143702,1734.0,282.058936281809,2.591613,2.597256,2.597256,0.076785,0.6457
143704,1736.0,282.008034986568,1.084246,1.08544,0.54272,-1.027268,0.1232
143707,1739.0,281.965705655661,1.012526,1.01341,0.337803,-0.068306,-0.31117
143708,1740.0,281.943833647395,2.007921,2.00804,2.00804,1.670237,-6.51301
143709,1741.0,281.914840430512,2.235728,2.235916,2.235916,0.227876,-0.2928
143710,1742.0,281.850946990221,1.977635,1.978667,1.978667,-0.257249,0.4124
143711,1743.0,281.759170565226,2.764411,2.765934,2.765934,0.787267,-3.38106
143712,1744.0,281.659327083131,2.707926,2.709766,2.709766,-0.056168,0.4695
143713,1745.0,281.522497416033,3.180018,3.18296,3.18296,0.473194,-0.18247
