204518.173,0,254.228059034631,0.0,0.0,0,0,-0.35
204520.399,2.22600000000966,254.148651219315,16.126788,16.126984,7.244826,3.254639,-46.25476
204522.601,4.42799999999988,254.252480189547,19.514321,19.514597,8.862215,0.734509,-10.6396
204524.825,6.65200000000186,254.148290021768,19.935557,19.935829,8.963952,0.045745,0.53043
204527.054,8.8810000000085,253.526127328718,20.304187,20.313717,9.113377,0.067037,1.7113
204529.230,11.0570000000007,253.442484629268,19.420322,19.420502,8.924863,-0.086633,1.14173
204531.456,13.2830000000104,253.963776945954,18.494883,18.502228,8.311873,-0.275377,0.42107
204533.711,15.5380000000005,254.085090392603,17.099264,17.099695,7.583013,-0.32322,1.42007
204535.941,17.7680000000109,253.936764580537,15.564571,15.565278,6.979945,-0.270434,1.70037
204538.170,19.997000000003,253.702968519666,15.70403,15.70577,7.046106,0.029682,0.74465
204540.378,22.2050000000017,253.126354555973,17.701531,17.71092,8.02125,0.441641,-0.15617
204542.566,24.3930000000109,253.466266238326,19.236016,19.239019,8.79297,0.352706,-6.25326
204544.765,26.5920000000042,253.119097157392,21.819595,21.822357,9.923764,0.514231,-10.30539
204546.963,28.7900000000081,252.608151536506,22.492076,22.497879,10.235614,0.141879,1.12694
204549.164,30.9910000000091,252.217324146586,23.082179,23.085487,10.488636,0.114958,0.99733
204551.386,33.2130000000034,252.430367436718,24.667649,24.668569,11.101966,0.276026,-4.07905
204553.651,35.4780000000028,251.990413484762,25.417643,25.421451,11.223599,0.053701,1.52821
204555.917,37.7440000000061,249.008833735227,25.024398,25.201395,11.121534,-0.045042,8.28859
204558.169,39.9959999999992,248.07438779932,23.363514,23.382194,10.382857,-0.328009,4.867
204600.431,42.2580000000016,247.640539737779,19.799204,19.803957,8.755065,-0.719625,5.05653
204602.688,44.5149999999994,247.543383409842,11.112407,11.112832,4.923718,-1.69754,4.98819
204604.176,46.0030000000115,247.56405089104,1.563699,1.563835,1.050965,-2.602657,1.19121
204610.179,52.0060000000085,247.417825289652,17.434258,17.434871,2.90436,0.308745,-2.40431
204612.504,54.3310000000056,247.438835913349,17.715248,17.71526,7.619467,2.028003,-27.23796
204614.794,56.6209999999992,247.405564789418,19.751627,19.751655,8.625177,0.439175,-9.93807
204617.088,58.9150000000081,247.892666470108,20.515419,20.521201,8.945598,0.139678,-3.75963
204619.379,61.2060000000056,248.423303738654,20.275916,20.282859,8.853277,-0.040297,-1.13124
204621.608,63.4349999999977,251.180725063042,19.394912,19.589946,8.78867,-0.028985,-19.9031
204623.681,65.5080000000016,250.936034180791,17.078735,17.080488,8.239502,-0.264915,2.28703
204626.218,68.0449999999983,250.265759226571,13.814597,13.830848,5.451655,-1.098875,4.92764
204628.787,70.6140000000014,250.208380509866,6.604504,6.604754,2.570943,-1.121336,1.60035
204631.359,73.1860000000015,249.746817429282,11.455453,11.464748,4.457523,0.733507,-4.47004
204634.610,76.4370000000054,249.369034291122,19.57221,19.575856,6.021487,0.481072,-5.43819
204637.768,79.5950000000012,248.795362589678,16.583145,16.593065,5.254295,-0.242936,1.81737
204640.336,82.1630000000005,248.720225362485,2.811848,2.812852,1.095347,-1.619528,0.89377
204659.503,101.330000000002,247.907503914789,19.961835,19.978373,1.042332,-0.002766,-0.02959
204702.070,103.897000000012,248.049275731384,21.396621,21.397091,8.335446,2.841104,-43.29943
204704.643,106.470000000001,248.204790818818,25.248746,25.249224,9.813146,0.57431,-8.84487
204707.270,109.097000000009,248.364390067202,30.762348,30.762762,11.710225,0.722147,-13.278
204709.440,111.267000000007,248.453590098923,28.512152,28.512291,13.139305,0.658562,-13.26835
204711.669,113.495999999999,248.299544723704,32.197485,32.197854,14.444977,0.585766,-22.46413
204714.425,116.252000000008,247.956365307595,41.971932,41.973335,15.229802,0.28477,-2.90987
204716.591,118.418000000005,247.760385288121,32.443669,32.444261,14.978883,-0.115844,0.50725
204718.760,120.587,246.96389654453,34.127908,34.137201,15.738682,0.350299,-2.67201
204721.276,123.103000000003,246.725244287392,40.129722,40.130431,15.950092,0.084026,-2.02056
204723.837,125.664000000004,246.843116823802,43.076322,43.076483,16.820181,0.339746,-9.15267
204726.404,128.231,246.95445415074,43.949735,43.949876,17.121105,0.117228,-4.27563
204728.540,130.366999999998,247.770307659078,35.695907,35.70523,16.715931,-0.189688,-2.83333
204730.649,132.47600000001,247.908998297603,35.132482,35.132756,16.65849,-0.027236,-2.5621
204732.784,134.611000000004,247.712911378831,36.458673,36.459201,17.076909,0.195981,-4.23831
204735.012,136.839000000007,247.774965554466,36.668234,36.668287,16.457939,-0.277814,0.14362
204737.178,139.005000000005,247.784251338392,36.213603,36.213604,16.719116,0.12058,-3.66574
204739.445,141.272000000012,247.911315242126,36.699654,36.699874,16.18874,-0.233955,-0.19771
204741.672,143.499000000011,246.639202475711,36.754007,36.776016,16.513703,0.14592,-0.52788
204743.930,145.756999999998,246.820517152776,37.376567,37.377007,16.553147,0.017469,-2.9558
204746.167,147.994000000006,246.66472744265,37.072796,37.073124,16.572697,0.008739,-2.07066
204748.417,150.244000000006,246.683288898897,36.289898,36.289903,16.128846,-0.197267,-0.21891
204750.647,152.474000000002,246.712267271752,36.205353,36.205364,16.235589,0.047867,-2.55915
204752.909,154.736000000004,246.664200392436,36.630923,36.630955,16.194056,-0.018361,-1.73129
204755.137,156.964000000007,246.646303265067,37.064103,37.064107,16.635596,0.198178,-4.23354
204757.366,159.192999999999,245.877714513191,35.687705,35.69598,16.014347,-0.278712,2.54137
204759.625,161.452000000005,244.713001914143,34.458191,34.477869,15.262448,-0.332846,4.47998
204801.855,163.682000000001,244.817402796308,35.988326,35.988477,16.13833,0.392772,-10.03186
204804.113,165.940000000002,244.829459930107,36.089754,36.089756,15.983063,-0.068763,-1.23521
204806.314,168.141000000003,245.216510258032,35.356948,35.359066,16.065001,0.037228,-3.19561
204808.515,170.342000000004,246.302816594954,34.329505,34.346688,15.605038,-0.208979,-2.37012
204810.713,172.540000000008,246.007817999572,33.380327,33.381631,15.187275,-0.190065,1.22123
204812.970,174.797000000006,243.299987208789,33.669404,33.778116,14.965935,-0.098068,6.458
204815.138,176.965000000011,240.570147209156,33.150992,33.263197,15.342803,0.173832,4.15942
204817.366,179.192999999999,240.019840064737,33.584861,33.58937,15.076019,-0.119741,1.32721
204819.532,181.359000000011,238.606425765267,33.074833,33.10502,15.283943,0.095994,1.55034
204821.735,183.562000000005,235.381571144765,32.759309,32.917655,14.942195,-0.155128,8.40333
204823.989,185.816000000006,233.782132396564,33.490162,33.528333,14.875037,-0.029795,3.26737
204826.219,188.046000000002,233.718780974915,32.233543,32.233606,14.454532,-0.188567,1.13186
204828.449,190.275999999998,234.001018359692,33.904624,33.905799,15.204394,0.336261,-8.81748
204830.711,192.538,234.695199227039,34.882979,34.889886,15.424353,0.097241,-5.43324
204832.970,194.797000000006,236.165411736749,32.421721,32.455038,14.366993,-0.468066,-0.29337
204835.207,197.034,237.018595782923,25.473348,25.487632,11.393667,-1.329158,7.20501
204837.428,199.255000000005,238.53588790843,18.616048,18.677779,8.409626,-1.343557,3.00987
204839.664,201.491000000009,236.284995863942,12.05024,12.258662,5.482407,-1.309132,9.67066
204841.916,203.743000000002,232.968545114713,11.646646,12.109633,5.377279,-0.046682,8.34283
204844.122,205.949000000008,231.819306960532,20.101025,20.133851,9.126859,1.699719,-22.85164
204846.314,208.141000000003,230.80446669249,26.35179,26.371324,12.030714,1.324751,-25.97457
204848.515,210.342000000004,229.464811494697,29.724551,29.754724,13.51873,0.676064,-12.41857
204850.739,212.566000000006,227.511475078074,34.434585,34.489943,15.508068,0.894487,-19.45156
204852.908,214.735000000001,221.09637986483,38.353609,38.886408,17.928266,1.115813,1.28
204855.078,216.904999999999,216.23600769043,39.257872,39.5576,18.229309,0.138729,6.78658
204857.304,219.131000000008,216.23600769043,39.818071,39.818071,17.887723,-0.153453,-2.18121
204859.503,221.330000000002,216.23600769043,39.287331,39.287331,17.865998,-0.009879,-3.59494
204901.739,223.566000000006,216.23600769043,39.956247,39.956247,17.86952,0.001575,-3.71329
204903.962,225.789000000004,216.23600769043,38.529885,38.529885,17.332382,-0.241628,-0.78424
204906.133,227.960000000006,216.23600769043,37.321166,37.321166,17.190772,-0.065228,-2.35481
204908.326,230.153000000006,216.23600769043,35.874784,35.874784,16.35877,-0.37939,1.30752
204910.556,232.383000000002,225.414519305914,35.964835,37.117576,16.644653,0.128199,-77.43179
204912.793,234.62000000001,225.379911997235,36.917497,36.917514,16.503135,-0.063262,-1.63421
204915.044,236.870999999999,225.335632633238,37.281252,37.281278,16.562096,0.026193,-2.49468
204917.335,239.162000000011,225.050760884339,36.229284,36.230404,15.814231,-0.326436,1.90365
204919.595,241.422000000006,224.273010523354,33.447942,33.456983,14.803975,-0.447016,4.77338
204921.889,243.716,222.632444651786,32.390722,32.432242,14.137856,-0.290374,5.90934
204924.176,246.003000000012,221.736386819311,32.355339,32.367744,14.152927,0.00659,1.77371
204926.440,248.267000000007,220.617956447217,31.155453,31.175522,13.770107,-0.16909,3.96107
204928.575,250.402000000002,220.009316309032,26.581777,26.588744,12.453744,-0.616563,6.62924
204930.711,252.538,219.816613968652,17.341787,17.342857,8.119315,-2.029227,10.11961
204932.876,254.703000000009,219.93425182534,10.060781,10.061469,4.64733,-1.603688,3.9212
204935.044,256.870999999999,219.940177526589,4.277656,4.27766,1.97309,-1.233506,1.16071
204935.756,257.582999999999,219.938910147463,1.162701,1.162702,1.633008,-0.477643,0.23144
204940.059,261.885999999999,219.942991137375,15.140572,15.140573,3.518609,0.438206,-2.27055
204942.196,264.023000000001,219.915784840603,12.743985,12.744014,5.963507,1.14408,-14.71367
204944.275,266.101999999999,219.979013437671,14.631765,14.631902,7.037952,0.516809,-5.61799
204947.675,269.502000000008,220.214776397162,18.211349,18.212875,5.356728,-0.494478,1.21729
204950.032,271.859000000011,221.033064244891,16.890354,16.910164,7.174444,0.771199,-14.98027
204952.176,274.003000000012,221.983934158232,13.245663,13.279749,6.193913,-0.457337,-1.36359
204955.794,277.620999999999,223.717198127364,14.940388,15.040591,4.157156,-0.562951,-3.5989
204957.932,279.759000000005,224.436692677479,9.961156,9.987106,4.671238,0.24045,-7.32519
205000.092,281.919000000009,223.860994997779,12.742603,12.755601,5.905371,0.571358,-0.25584
205002.197,284.024000000005,224.78891906244,19.310883,19.333164,9.184401,1.557734,-32.43899
205005.573,287.400000000009,225.643662527512,43.487073,43.495472,12.88373,1.095773,-27.3996
205008.049,289.876000000004,226.135388180742,39.893683,39.896714,16.113374,1.30438,-40.42977
205010.152,291.979000000007,227.557591961704,36.65123,36.678813,17.441185,0.631389,-31.04623
205013.372,295.199000000008,233.847167489046,58.116512,58.455861,18.153994,0.221369,-41.83411
205015.945,297.772000000012,221.197879579183,46.552325,48.240268,18.748647,0.231113,19.87478
205018.510,300.337,220.852346565766,47.621192,47.622446,18.566256,-0.071108,-2.99937
205021.052,302.879000000001,226.084120118663,51.81076,52.074239,20.485538,0.755028,-66.71347
205023.615,305.44200000001,235.302065727992,53.948538,54.730387,21.354033,0.338859,-80.21688
205026.169,307.995999999999,234.706480766638,58.424423,58.427458,22.876844,0.596245,-48.2037
205028.727,310.554000000004,232.716646022121,58.277078,58.311039,22.795558,-0.031777,-5.50702
205031.299,313.126000000004,232.571360502566,58.257407,58.257588,22.650695,-0.056323,-8.93635
205033.838,315.665000000008,235.056704980353,58.931202,58.983586,23.231031,0.228569,-29.67896
205036.407,318.234000000011,235.128581778408,59.621637,59.62168,23.208128,-0.008915,-10.86521
205039.286,321.112999999998,231.539581492472,69.454532,69.547199,24.156721,0.329487,-9.97536
205041.579,323.406000000003,228.222729045211,54.538391,54.639158,23.828678,-0.143063,-1.97406
205043.845,325.672000000006,228.917250857946,56.78449,56.788737,25.061225,0.543931,-34.40141
205046.100,327.927000000011,229.951053646675,56.10095,56.110474,24.882694,-0.079171,-15.01024
205048.358,330.184999999998,230.472910317884,54.885435,54.887916,24.3082,-0.254426,-10.42545
205050.617,332.444000000003,230.307292887053,55.914427,55.914673,24.751958,0.19644,-15.6893
205052.854,334.681000000011,230.897321985298,56.31795,56.321041,25.177041,0.190024,-18.23403
205055.145,336.972000000009,232.453940605243,56.859498,56.880801,24.827936,-0.152381,-15.11496
205057.460,339.287000000011,231.367232620686,56.81367,56.824062,24.546031,-0.121773,-8.76963
205059.749,341.576000000001,230.941601299135,54.441269,54.442933,23.784593,-0.332651,-6.30317
205102.015,343.842000000004,230.871525401924,53.140514,53.14056,23.451262,-0.147101,-9.11271
205104.337,346.164000000004,230.814334471953,53.333326,53.333357,22.968715,-0.207815,-7.64443
205106.655,348.482000000004,231.134637201546,52.522504,52.52348,22.658965,-0.133628,-9.03687
205108.916,350.743000000002,231.179730682259,51.360216,51.360236,22.715717,0.0251,-10.48827
205111.177,353.004000000001,230.821885077999,50.564508,50.565774,22.36434,-0.155408,-6.71198
205113.446,355.273000000001,230.594517109766,50.393917,50.39443,22.209973,-0.068033,-7.89915
205115.725,357.552000000011,230.404325142838,50.378234,50.378593,22.10557,-0.045811,-8.11497
205117.987,359.813999999998,230.453316700649,51.007299,51.007322,22.549656,0.196324,-12.40226
205120.254,362.081000000006,230.752692928304,51.118671,51.119547,22.549425,-0.000102,-10.52931
205122.568,364.395000000004,231.436712525884,51.365877,51.370431,22.199841,-0.151073,-9.02591
205124.919,366.745999999999,231.579070958759,51.697831,51.698027,21.989803,-0.08934,-8.2024
205127.275,369.101999999999,230.894901641706,52.476423,52.480883,22.275417,0.121228,-9.30954
205129.627,371.453999999998,230.260971110698,53.319268,53.323037,22.671359,0.168343,-10.64765
205131.981,373.808000000005,230.981876202434,55.359045,55.363739,23.519006,0.360088,-23.4313
205134.300,376.127000000008,231.849366974709,54.571227,54.578122,23.535197,0.006982,-13.49356
205136.592,378.419000000009,232.998724762404,53.840196,53.852463,23.495839,-0.017172,-13.81218
205138.885,380.712,234.000321778111,52.988678,52.998143,23.113015,-0.166953,-10.91587
205141.174,383.001000000004,233.910940848087,53.623487,53.623561,23.426632,0.13701,-12.75618
205143.466,385.293000000005,232.687149962357,53.490919,53.504917,23.344205,-0.035963,-7.64148
205145.757,387.584000000003,232.707066339895,53.900654,53.900658,23.527131,0.079845,-12.43418
205148.018,389.845000000001,233.348264190718,54.376955,54.380736,24.05163,0.231977,-18.00465
205150.330,392.157000000007,235.286783248282,54.318536,54.353115,23.509133,-0.234644,-12.82292
205152.693,394.520000000004,235.680134939206,55.105998,55.107402,23.320949,-0.079638,-10.8808
205155.045,396.872000000003,235.945983267719,55.170953,55.171594,23.45731,0.057977,-12.60553
205157.368,399.195000000007,233.52592164326,54.105322,54.159418,23.314429,-0.061507,-4.47366
205159.692,401.519,237.088039819256,53.463405,53.58194,23.055912,-0.111238,-24.95331
205202.011,403.838000000003,238.303026220646,52.153318,52.167468,22.495674,-0.241586,-9.56063
205204.275,406.101999999999,237.473209630129,51.519645,51.526328,22.758979,0.116301,-9.59667
205206.531,408.358000000007,234.290389746367,50.583369,50.683406,22.466049,-0.129845,-0.30225
205208.823,410.650000000009,231.588020727094,49.976765,50.049774,21.836725,-0.274574,1.0826
205211.114,412.941000000006,230.488365140362,50.1055,50.117566,21.875847,0.017076,-6.37631
205213.402,415.229000000007,229.426999305936,49.816841,49.828147,21.778036,-0.04275,-5.59221
205215.695,417.522000000012,226.936185496045,48.774144,48.837704,21.298606,-0.209084,0.48074
205217.995,419.822,225.424717008986,48.486414,48.509966,21.09129,-0.090137,-3.01343
205220.278,422.10500000001,225.375827015164,48.614979,48.615004,21.294351,0.088945,-8.91093
205222.631,424.457999999999,225.436036459946,48.214827,48.214865,20.490805,-0.341499,-3.0933
205224.953,426.779999999999,225.436207963262,47.862498,47.862498,20.612618,0.05246,-7.63725
205227.212,429.039000000004,225.505840784638,46.274861,46.274913,20.484689,-0.056631,-6.38071
205229.472,431.298999999999,230.963150673016,48.889636,49.193279,21.766938,0.567367,-68.31875
205231.764,433.591,234.607914748813,48.827252,48.963097,21.362608,-0.176409,-22.49851
205234.023,435.850000000006,235.582662938639,48.415089,48.4249,21.436432,0.03268,-10.93198
205236.284,438.111000000004,235.205380306967,47.892986,47.894472,21.182871,-0.112146,-5.56872
205238.544,440.370999999999,236.805425532042,46.464122,46.491663,20.571532,-0.270504,-7.75113
205240.805,442.631999999998,236.508610580041,45.932225,45.933184,20.315429,-0.11327,-4.63002
205243.095,444.922000000006,239.28242765884,37.884905,37.986314,16.58791,-1.627738,6.07447
205245.396,447.222999999998,243.492812828243,27.031815,27.357748,11.889504,-2.041897,4.43728
205247.711,449.538,244.073622278715,16.773334,16.783387,7.249843,-2.004173,7.06157
205250.000,451.827000000005,244.040557342851,5.847084,5.847178,2.554468,-2.051278,2.87468
205317.398,479.225000000006,243.526710404751,16.403062,16.411109,0.598989,-0.071373,-0.17375
205319.690,481.517000000007,242.821436584572,15.735855,15.751653,6.872449,2.737112,-32.132
205321.980,483.807000000001,240.673273540404,21.693689,21.799787,9.519558,1.155943,-6.836
205324.269,486.096000000005,239.013196562081,26.75176,26.803219,11.709576,0.956758,-12.14203
205326.537,488.364000000001,238.355715237911,33.113029,33.119556,14.602979,1.275751,-37.76618
205328.822,490.649000000005,235.690936824411,36.256816,36.354611,15.910114,0.57205,-0.44543
205331.083,492.910000000003,234.989409309201,38.030556,38.037026,16.823099,0.403797,-4.71315
205333.351,495.178,235.845318608668,37.616638,37.626374,16.590112,-0.102728,-3.50583
205335.665,497.491999999998,235.192696567922,37.871671,37.877294,16.368753,-0.095661,0.24794
205337.987,499.813999999998,229.674304504772,38.656199,39.048103,16.816582,0.192863,8.624
205340.287,502.114000000001,228.779424230923,39.881914,39.891953,17.344327,0.229454,-3.23267
205342.601,504.428,228.586042129009,41.619817,41.620266,17.986286,0.277424,-6.15997
205344.891,506.718000000008,228.756412394602,42.778671,42.77901,18.68079,0.303277,-10.55319
205347.183,509.010000000009,229.024874100473,43.769034,43.769857,19.096796,0.181503,-7.68594
205349.512,511.339000000007,229.980000781404,45.415736,45.425779,19.504413,0.175018,-13.00292
205351.796,513.623000000007,230.662395333288,45.545703,45.550815,19.943439,0.192218,-12.01373
205354.064,515.891000000003,231.217082340259,45.001736,45.005155,19.843543,-0.044046,-6.8807
205356.347,518.173999999999,233.26097153916,44.862541,44.909076,19.67108,-0.075542,-12.84417
205358.575,520.402000000002,234.431559004679,43.907347,43.922949,19.71407,0.019295,-9.55715
205400.840,522.667000000001,234.823435328559,45.596995,45.598679,20.131867,0.184458,-9.59042
205403.127,524.953999999998,234.950976095708,46.773243,46.773417,20.451866,0.139921,-8.72617
205405.391,527.218000000008,234.420216395698,47.132516,47.135505,20.819569,0.162413,-7.91839
205407.677,529.504000000001,234.931158456008,47.461135,47.463885,20.762854,-0.02481,-8.17487
205409.967,531.794000000009,235.201711576551,48.239918,48.240676,21.065797,0.13229,-9.8596
205412.270,534.097000000009,235.010782895351,47.827954,47.828335,20.76784,-0.129378,-5.28411
205414.551,536.378000000012,233.900573177544,46.665409,46.678613,20.464101,-0.13316,-2.63767
205416.873,538.700000000012,229.242285358121,45.538783,45.776417,19.714219,-0.322947,8.71323
205419.162,540.989000000001,236.361888268754,44.663142,45.227038,19.758427,0.019313,-57.28929
205421.455,543.282000000007,235.912239134557,44.024167,44.026463,19.200376,-0.243372,-1.53758
205423.714,545.541000000012,235.405876323829,41.237856,41.240964,18.256292,-0.417921,1.37342
205425.975,547.802000000011,229.354789555076,38.912398,39.380076,17.417106,-0.371157,15.09286
205428.330,550.157000000007,230.219523115717,29.326803,29.339549,12.458407,-2.105605,13.42856
205430.712,552.539000000004,231.767528031007,13.801653,13.888194,5.830476,-2.782507,5.6729
205432.259,554.08600000001,232.041990338159,2.560466,2.575134,1.664599,-2.692875,1.32235
205519.164,600.991000000009,234.723412620666,18.232152,18.428277,0.392885,-0.027113,-0.31168
205521.455,603.282000000007,235.456947590493,19.543963,19.557724,8.536763,3.554726,-60.64492
205523.777,605.604000000007,234.655973135985,26.180995,26.193245,11.280467,1.181612,-22.94917
205526.099,607.926000000007,230.581113815035,30.683823,30.953214,13.330411,0.882835,3.28722
205528.302,610.129000000001,228.61714612049,33.660056,33.717303,15.305176,0.896398,-18.57562
205530.681,612.508000000002,228.956699642248,38.384461,38.385963,16.135335,0.348953,-10.46404
205533.035,614.862000000008,229.267243334162,41.733927,41.735083,17.729432,0.677186,-23.01993
205535.385,617.212,231.270685737729,42.7477,42.794622,18.210477,0.2047,-21.00398
205537.650,619.476999999999,228.857848356381,42.235467,42.304331,18.677409,0.206151,-0.91389
205539.969,621.796000000002,229.144254055379,44.076358,44.077288,19.007024,0.142137,-7.18558
205542.197,624.024000000005,229.846889999456,43.115453,43.121178,19.354209,0.155828,-10.41463
205544.460,626.287000000011,229.584206118837,42.33555,42.336365,18.708071,-0.285523,-1.01662
205546.656,628.483000000007,229.230728357487,41.909248,41.910739,19.085036,0.17166,-6.03882
205548.884,630.71100000001,228.843604715057,41.546228,41.548031,18.648129,-0.196098,-1.573
205551.144,632.971000000005,228.984155131883,42.453138,42.453371,18.784677,0.060419,-5.70917
205553.436,635.263000000006,229.583455017376,44.637823,44.641846,19.477245,0.302168,-14.89295
205555.726,637.553,229.96240840681,45.108539,45.110131,19.698747,0.096726,-7.81858
205558.050,639.877000000008,229.572189869321,45.135498,45.137185,19.422197,-0.118997,-3.28418
205600.402,642.229000000007,229.385909940885,46.547967,46.54834,19.790961,0.156787,-7.26183
205602.794,644.620999999999,229.917665541266,46.484717,46.487758,19.434681,-0.148946,-5.11529
205605.137,646.964000000007,230.0651080977,45.936447,45.936684,19.605926,0.073088,-6.87482
205607.401,649.228000000003,230.004594737192,44.57365,44.573691,19.688026,0.036263,-6.08314
205609.722,651.548999999999,229.647995821934,44.727161,44.728582,19.271255,-0.179565,-2.53441
205612.012,653.839000000007,231.952714682319,44.518847,44.578464,19.466578,0.085294,-20.68681
205614.274,656.10100000001,232.331989290482,43.701691,43.703337,19.320662,-0.064508,-5.59811
205616.562,658.38900000001,232.633373695167,42.00303,42.004112,18.35844,-0.420552,-0.64425
205618.825,660.652000000002,233.43484377161,41.627779,41.635494,18.398362,0.017641,-6.41307
205621.115,662.94200000001,233.371612511691,41.997317,41.997364,18.33946,-0.025721,-3.80479
205623.436,665.263000000006,230.031051616931,43.744145,43.871512,18.901987,0.242364,0.46678
205625.821,667.648000000001,231.101860816922,44.350901,44.363826,18.601185,-0.126122,-5.67122
205628.141,669.968000000008,231.393808123592,43.727822,43.728797,18.848619,0.106653,-6.62391
205630.465,672.292000000001,230.152189889185,41.907769,41.926158,18.040516,-0.347721,2.55737
205632.765,674.592000000004,230.28544252584,43.337716,43.337921,18.842574,0.348721,-12.04666
205635.084,676.911000000007,224.670235601678,47.612052,47.942028,20.673578,0.789566,-2.95525
205637.368,679.195000000007,225.060593786479,49.071582,49.073134,21.485611,0.355531,-17.84641
205639.660,681.487000000008,225.201068157279,49.980769,49.980967,21.806704,0.140093,-10.74674
205641.954,683.781000000003,225.16193897817,50.114782,50.114797,21.846032,0.017144,-8.87379
205644.241,686.067999999999,225.6773187265,51.545881,51.548458,22.539772,0.303341,-18.11185
205646.503,688.330000000002,229.240775579676,51.91538,52.037534,23.005099,0.205715,-39.42081
205648.735,690.562000000005,235.296640790385,51.780237,52.133161,23.357151,0.157729,-58.72354
205650.960,692.787000000011,233.233540347899,51.31227,51.353729,23.080328,-0.124415,-3.92846
205653.065,694.892000000007,231.196683598293,46.999035,47.043151,22.34829,-0.347762,0.15962
205655.233,697.059999999998,232.137731939544,44.914579,44.924436,20.721603,-0.750317,-0.86185
205657.492,699.319000000003,233.029307249875,42.699469,42.708777,18.906054,-0.803696,1.46038
205659.877,701.703999999998,231.322881805235,38.437849,38.475709,16.132373,-1.162969,12.471
205702.206,704.03300000001,230.118292375792,34.290998,34.31215,14.732567,-0.601033,7.03136
205704.461,706.288,228.860310332445,31.60851,31.633533,14.028174,-0.312369,5.27932
205707.367,709.194000000003,230.743198732652,36.711723,36.759976,12.649682,-0.474361,0.45641
205709.503,711.330000000002,231.554209630285,28.2222,28.23385,13.218095,0.266111,-9.87237
205711.622,713.449000000008,229.966451214376,28.292627,28.337144,13.372885,0.073049,3.77838
205713.962,715.789000000004,226.896820428724,36.953156,37.080431,15.846338,1.057031,-17.45765
205716.289,718.116000000009,226.516165493778,39.156068,39.157918,16.82764,0.421703,-22.30824
205718.670,720.497000000003,225.903587627179,41.155229,41.159788,17.286765,0.192829,-3.53476
205720.967,722.794000000009,225.551837315573,42.269175,42.270639,18.402542,0.485754,-29.22685
205723.157,724.984000000011,225.447550582448,41.316497,41.316629,18.86604,0.211643,-6.80094
205725.289,727.116000000009,225.179025438393,40.102051,40.10295,18.810014,-0.026279,-3.7938
205727.556,729.383000000002,224.598222924054,42.937977,42.941905,18.942172,0.058296,-4.12936
205729.784,731.611000000004,224.679122099457,46.534143,46.534213,20.886092,0.872496,-34.85624
205732.138,733.965000000011,224.526623578493,52.157147,52.15737,22.156912,0.539856,-46.04878
205734.488,736.315000000002,224.594300756009,55.004781,55.004823,23.406307,0.531657,-25.69536
205736.811,738.638000000006,224.87049334702,54.133318,54.134023,23.303497,-0.044257,-11.05152
205739.134,740.96100000001,224.920947492612,53.077086,53.07711,22.848519,-0.195858,-7.87783
205741.488,743.315000000002,224.901017206385,52.697346,52.69735,22.3863,-0.196355,-7.05126
205743.815,745.642000000007,225.029570535798,51.765447,51.765606,22.245641,-0.060446,-8.89765
205746.162,747.989000000001,225.11793381117,53.002845,53.002918,22.583263,0.143853,-11.88057
205748.514,750.341,225.092504074946,53.426461,53.426467,22.715334,0.056153,-10.71222
205750.807,752.634000000005,225.015268238268,53.787218,53.787274,23.457163,0.323519,-42.28276
205753.102,754.929000000004,225.134369647414,52.912731,52.912865,23.055714,-0.174923,-8.61336
205755.419,757.245999999999,224.9898829287,52.27943,52.27963,22.5635,-0.212436,-6.80099
205757.742,759.569000000003,224.717064779874,50.69147,50.692204,21.82187,-0.319255,-4.17913
205800.009,761.83600000001,224.377238018581,49.341335,49.342505,21.765552,-0.024843,-7.51527
205802.314,764.141000000003,223.861190381607,50.079366,50.082025,21.72756,-0.016482,-7.15625
205805.976,767.803,223.308469917717,78.4521,78.454047,21.423825,-0.082942,-6.3279
205808.204,770.031000000003,222.793814643573,48.963503,48.966208,21.977652,0.248576,-10.73891
205810.311,772.138000000006,222.469199286231,48.395604,48.396693,22.969479,0.470729,-44.63282
205812.385,774.212,222.139843963635,45.763809,45.764994,22.066053,-0.435596,-2.82895
205814.519,776.346000000005,221.633924099961,45.89233,45.895118,21.506616,-0.262154,-3.81158
205816.627,778.453999999998,221.170644076329,38.82306,38.825824,18.418323,-1.465035,11.99863
205818.825,780.652000000002,220.663900035119,44.81547,44.818335,20.390507,0.897263,-50.12304
205820.930,782.756999999998,220.23316938006,40.303765,40.306066,19.147775,-0.590371,2.28603
205823.065,784.892000000007,219.744747933497,37.250029,37.253231,17.44882,-0.795763,5.77688
205825.171,786.998000000007,219.20690329524,36.151188,36.155188,17.167706,-0.133482,-0.27462
205827.370,789.197,216.251007080078,39.855772,39.965233,18.174276,0.45774,-1.30895
205829.571,791.398000000001,216.251007080078,43.022761,43.022761,19.546916,0.623644,-40.80669
205831.828,793.654999999999,216.251007080078,46.444658,46.444658,20.578049,0.45686,-38.13027
205833.965,795.792000000001,216.251007080078,48.394497,48.394497,22.645998,0.967688,-67.39709
205836.139,797.966,216.251007080078,55.551313,55.551313,25.552582,1.336975,-99.83421
205838.360,800.187000000005,222.408133238418,60.287247,60.600845,27.285387,0.780191,-96.23549
205840.681,802.508000000002,224.863694524262,58.099247,58.151116,25.054337,-0.961245,-6.22291
205843.004,804.831000000006,224.356564635251,54.136962,54.139337,23.305784,-0.752713,0.03618
205845.305,807.131999999998,224.632361865442,51.335221,51.335962,22.310284,-0.432638,-4.69985
205847.618,809.445000000007,225.16180901179,48.383095,48.385992,20.919149,-0.601442,-1.66331
205849.941,811.768000000011,223.331889266819,46.278758,46.314923,19.937547,-0.422558,2.89332
205852.231,814.058000000005,219.035091760929,40.576537,40.803404,17.81808,-0.925531,15.8875
205854.550,816.377000000008,217.638804850988,34.096144,34.124722,14.715275,-1.337993,13.57473
205856.759,818.58600000001,216.251007080078,34.618056,34.645862,15.683957,0.438516,-1.95215
205900.960,822.787000000011,216.251007080078,66.636506,66.636506,15.862058,0.042395,-2.08622
205903.036,824.862999999998,216.251007080078,35.6337,35.6337,17.164596,0.627427,-32.90204
205905.131,826.957999999999,216.251007080078,35.009837,35.009837,16.71114,-0.216447,-0.47925
205907.216,829.043000000005,216.251007080078,35.160116,35.160116,16.863365,0.07301,-3.34204
205909.324,831.150999999998,216.251007080078,33.589081,33.589081,15.934099,-0.440828,2.15636
205912.108,833.934999999998,218.997695192797,44.301481,44.386547,15.943444,0.003357,-15.46128
205914.185,836.012000000002,220.974834724281,27.483124,27.55415,13.266322,-1.288937,4.62387
205917.647,839.474000000002,227.21240535489,52.736243,53.103847,15.339066,0.598713,-47.43718
205919.722,841.548999999999,232.645656234929,29.253607,29.753886,14.339222,-0.481853,-31.88619
205922.540,844.366999999998,247.333918245622,34.009928,37.04619,13.14627,-0.423333,-81.94996
205939.805,861.631999999998,329.489136238879,129.461353,153.328803,8.880904,-0.247053,-81.2034
210053.066,934.893000000011,272.280785475639,1803.238892,1804.14614,24.626283,0.214922,-11.84255
210055.338,937.165000000008,272.493866217789,50.694915,50.695363,22.3131,-1.018126,2.74059
210057.650,939.476999999999,271.68342239335,45.407745,45.414976,19.643156,-1.15482,8.83899
210059.909,941.736000000004,268.114537208768,38.00241,38.169623,16.89669,-1.215788,17.4785
210102.202,944.02900000001,269.048864710657,38.417186,38.428546,16.759069,-0.060018,-4.22907
210106.504,948.331000000006,274.764451128079,74.973707,75.191254,17.478209,0.167164,-27.89974
210111.186,953.013000000006,264.604480240292,114.01001,114.461816,24.447205,1.488466,-60.1695
210113.386,955.213000000003,262.720503305494,50.153735,50.189107,22.813231,-0.742715,3.9664
210115.585,957.412000000011,261.242694050631,47.867896,47.890703,21.778401,-0.470591,0.75814
210117.814,959.641000000003,260.509697520513,42.764587,42.770868,19.188366,-1.161972,9.06491
210120.043,961.87000000001,262.065627787379,39.38084,39.411566,17.681277,-0.676128,-0.64159
210122.331,964.15800000001,262.249705587352,40.050307,40.05073,17.50469,-0.07718,-2.99796
210124.652,966.479000000007,263.852662183087,40.828288,40.859743,17.60437,0.042947,-12.11479
210126.832,968.659,264.460416434909,38.272125,38.27695,17.558234,-0.021163,-4.69158
210129.113,970.940000000002,264.648995383418,38.590582,38.591043,16.918476,-0.280473,-0.51056
210131.405,973.232000000004,264.599027195519,38.92743,38.927462,16.984058,0.028613,-2.92999
210133.698,975.525000000009,264.234723415946,39.05007,39.051769,17.030863,0.020412,-2.14704
210135.985,977.812000000005,264.178754429673,38.699168,38.699208,16.921385,-0.04787,-2.12739
210138.220,980.047000000006,264.613597893514,37.055867,37.058418,16.580948,-0.152321,-2.03616
210140.478,982.305000000008,265.119620402475,36.380051,36.38357,16.113184,-0.207159,-1.30351
210142.735,984.562000000005,266.051721752302,36.306439,36.318402,16.09145,-0.00963,-4.55924
210144.964,986.791000000012,265.952483235241,35.503897,35.504036,15.928235,-0.073223,-0.87594
210147.194,989.021000000008,268.171866009793,34.59654,34.667654,15.546033,-0.171391,-10.35791
210149.423,991.25,271.497343708383,33.604869,33.76901,15.149847,-0.177742,-19.31818
210151.714,993.541000000012,271.316396792824,33.290368,33.290859,14.531148,-0.270056,2.0198
210153.977,995.804000000004,271.843996868427,31.301233,31.305679,13.833707,-0.308193,1.00543
210156.296,998.123000000007,271.541989884467,29.51526,29.516805,12.728247,-0.476697,4.71861
210158.555,1000.382,270.813833535141,27.140014,27.14978,12.018495,-0.314189,4.88169
210200.846,1002.67300000001,271.019639725416,26.922486,26.923273,11.751756,-0.116429,1.14785
210203.139,1004.966,271.517750238645,28.698407,28.70273,12.517545,0.333968,-7.97386
210205.460,1007.28700000001,272.71209713327,30.091305,30.114998,12.97501,0.197098,-10.50437
210207.628,1009.455,274.508823320586,30.005217,30.058964,13.864836,0.410436,-22.42553
210209.864,1011.69100000001,275.150210947345,32.000862,32.007289,14.31453,0.201115,-7.27315
210212.087,1013.914,276.314262851182,33.911644,33.931617,15.263885,0.42706,-18.82153
210214.286,1016.113,276.852285903484,33.42725,33.43158,15.203083,-0.02765,-2.25406
210216.544,1018.371,277.453500041705,35.440817,35.445917,15.697926,0.219151,-8.4525
210218.779,1020.606,276.971427595043,37.674043,37.677128,16.857775,0.518948,-24.4973
210221.094,1022.921,278.147205499903,39.645042,39.662474,17.132818,0.118809,-10.91581
210223.395,1025.22200000001,279.614613734129,41.345473,41.371505,17.979794,0.36809,-22.36995
210225.677,1027.504,278.595216305512,41.629506,41.641985,18.248021,0.11754,-2.87047
210227.968,1029.795,277.919214170919,41.12962,41.135175,17.955118,-0.127849,-0.89309
210230.260,1032.087,278.545507799915,42.22965,42.234294,18.42683,0.205808,-10.57506
210232.581,1034.40800000001,280.872772822832,42.960963,43.023953,18.536817,0.047388,-18.6177
210234.816,1036.64300000001,281.35950952394,41.757506,41.760342,18.684717,0.066174,-6.50984
210237.041,1038.868,282.230724052034,40.597166,40.606513,18.250118,-0.195325,-4.28004
210239.241,1041.068,282.440573905309,39.362445,39.363004,17.892275,-0.162656,-2.62446
210241.440,1043.26700000001,283.85193251608,39.434271,39.459519,17.944302,0.023659,-10.77719
210243.665,1045.492,284.485100790615,40.174422,40.179411,18.058162,0.051173,-5.99109
210245.894,1047.72100000001,287.014768416624,40.259661,40.339057,18.097379,0.017594,-19.76057
210248.096,1049.92300000001,289.294223266405,39.933862,39.998866,18.164789,0.030613,-18.40545
210250.383,1052.21000000001,290.179754523551,40.643564,40.65321,17.775781,-0.170095,-4.03765
210252.674,1054.501,290.884138816401,41.226405,41.232422,17.997565,0.096807,-7.11724
210254.996,1056.823,291.727619771088,41.160854,41.169496,17.730188,-0.115149,-4.40681
210257.288,1059.11500000001,292.562908553671,40.68715,40.695723,17.755551,0.011066,-5.69313
210259.577,1061.40400000001,295.600478985464,40.451734,40.565621,17.721984,-0.014664,-22.01998
210301.869,1063.69600000001,296.444772049322,40.38758,40.396404,17.624958,-0.042332,-5.04784
210304.161,1065.988,295.618235594813,41.128798,41.137103,17.948125,0.140998,-3.22834
210306.400,1068.227,296.414973631573,42.334994,42.342491,18.91134,0.430199,-20.55628
210308.679,1070.50600000001,297.396771169767,43.76568,43.776691,19.208728,0.130491,-11.52911
210310.971,1072.79800000001,298.269509970385,44.948716,44.957188,19.614829,0.177182,-12.67902
210313.264,1075.091,298.447141127915,44.778584,44.778937,19.528538,-0.037632,-5.65466
210315.552,1077.379,301.172460557352,43.910584,43.995077,19.228617,-0.131084,-16.11717
210317.853,1079.68000000001,301.993453462019,43.647661,43.655381,18.972352,-0.111371,-5.74009
210320.145,1081.97200000001,303.202579034427,44.397834,44.414296,19.377965,0.176969,-15.15595
210322.496,1084.323,306.754689148707,44.589679,44.730939,19.026346,-0.149561,-21.28701
210324.843,1086.67,307.379129683321,44.480694,44.485077,18.954017,-0.030818,-6.07637
210327.194,1089.02100000001,308.341732761476,43.55144,43.562076,18.529169,-0.180709,-4.81956
210329.519,1091.34600000001,308.978016130626,43.00081,43.005517,18.496997,-0.013837,-5.7679
210331.869,1093.69600000001,309.388159507132,41.908888,41.910895,17.834423,-0.281946,-1.81366
210334.199,1096.026,310.170874683934,41.185311,41.192748,17.679291,-0.06658,-4.68797
210336.542,1098.36900000001,310.477902674915,40.286214,40.287384,17.194786,-0.206788,-1.72505
210338.863,1100.69,310.030281771764,39.168384,39.170942,16.876752,-0.137025,-0.32193
210341.158,1102.985,309.444664810444,39.131293,39.135675,17.052582,0.076614,-2.1811
210343.389,1105.216,308.904249690363,38.461077,38.464873,17.241091,0.084495,-2.52825
210345.680,1107.507,308.415700799928,39.093851,39.096904,17.065432,-0.076674,-0.96077
210347.969,1109.796,308.969858096182,39.768474,39.772334,17.375419,0.135425,-6.73967
210350.260,1112.087,308.995015294934,40.214597,40.214605,17.553298,0.077643,-4.19134
210352.583,1114.41,309.219470738793,40.758567,40.759185,17.545926,-0.003173,-3.85988
210354.903,1116.73000000001,309.463691812985,40.876842,40.877571,17.619643,0.031775,-4.33
210357.226,1119.053,309.867972829275,40.104488,40.106526,17.26497,-0.152679,-2.54775
210359.548,1121.375,310.461966038492,39.516019,39.520484,17.020019,-0.105491,-3.21769
210401.869,1123.69600000001,311.452674112177,38.527405,38.540141,16.604972,-0.178822,-3.09029
210404.219,1126.046,313.509261559499,38.957137,39.011384,16.600589,-0.001865,-13.56176
210406.514,1128.341,315.207388020373,36.758632,36.797835,16.033915,-0.246917,-3.71913
210408.806,1130.633,316.053677442753,33.39975,33.41047,14.576994,-0.635655,2.5107
210411.094,1132.921,315.920366966542,28.144555,28.14487,12.30108,-0.994718,8.01526
210413.387,1135.21400000001,315.652617350482,21.779141,21.780786,9.498817,-1.222095,7.70488
210415.646,1137.473,315.519441830417,14.652851,14.653456,6.4867,-1.333385,5.3912
210417.938,1139.765,315.467825633115,9.212716,9.212861,4.019573,-1.076408,2.5362
210420.230,1142.057,315.4623245404,3.514145,3.514149,1.533224,-1.084795,0.72078
210440.384,1162.21100000001,315.727142447898,19.879372,19.881136,0.986461,-0.027129,-0.32577
210442.644,1164.47100000001,316.259450453057,18.915569,18.923057,8.373034,3.268395,-53.54545
210444.970,1166.79700000001,317.01291388709,24.790346,24.801793,10.662852,0.984445,-22.4785
210447.357,1169.18400000001,319.405654804963,28.449028,28.549473,11.960399,0.543589,-26.85941
210449.704,1171.531,322.772300916901,32.95847,33.129972,14.115881,0.918399,-47.36761
210451.997,1173.82400000001,325.213914681631,35.539729,35.623501,15.535761,0.619224,-34.75942
210454.326,1176.15300000001,327.154859936441,37.113245,37.163964,15.957048,0.180888,-17.99648
210456.668,1178.49500000001,329.917249740556,40.796266,40.889682,17.459301,0.64144,-40.72783
210458.991,1180.818,330.69879079001,40.772493,40.779983,17.554878,0.041144,-5.62343
210501.310,1183.137,331.113636760332,40.287603,40.289739,17.373756,-0.078103,-3.40491
210503.605,1185.432,331.043314453074,40.503539,40.503601,17.648628,0.11977,-4.48658
210505.927,1187.754,327.17774580745,39.993,40.179382,17.303782,-0.148512,7.46821
210508.186,1190.01300000001,325.884201219206,37.836848,37.858953,16.759165,-0.241088,2.84456
210510.415,1192.242,326.764374062289,36.372115,36.382764,16.32246,-0.19592,-2.51884
210512.644,1194.47100000001,328.082471646861,36.504563,36.528352,16.387776,0.029303,-9.19293
210514.936,1196.76300000001,329.539786508456,38.673845,38.701292,16.885381,0.217105,-16.23894
210517.225,1199.05200000001,329.243752369217,38.685712,38.686844,16.901199,0.00691,-2.05623
210519.460,1201.28700000001,331.335286469608,36.007241,36.067935,16.137779,-0.341575,-4.16706
210521.746,1203.573,333.69277749565,32.997986,33.082093,14.471607,-0.728859,-0.3269
210524.038,1205.86500000001,333.907652515544,29.901346,29.902118,13.046299,-0.621862,4.43961
210526.268,1208.095,333.979466274096,25.746021,25.746122,11.545346,-0.673073,5.0151
210528.497,1210.32400000001,334.190004248001,22.955484,22.956449,10.29899,-0.559155,3.37434
210530.725,1212.55200000001,334.523819765193,22.867363,22.869799,10.264721,-0.015381,-0.06854
210533.048,1214.875,334.779553428652,27.571539,27.572725,11.869447,0.690799,-13.63433
210535.369,1217.19600000001,334.756631657104,28.139697,28.139707,12.123958,0.109656,0.25215
210537.628,1219.455,334.55945845801,26.128851,26.129595,11.566886,-0.246601,2.92172
210539.921,1221.74800000001,334.635206707001,26.37565,26.375759,11.50273,-0.027979,0.83571
210542.210,1224.03700000001,334.62981760386,26.680321,26.680322,11.655885,0.066909,0.43577
210544.471,1226.29800000001,335.750227787259,27.879242,27.901746,12.340445,0.302769,-12.2484
210546.736,1228.56300000001,335.774155555301,29.558459,29.558469,13.050097,0.313312,-4.11034
210548.990,1230.81700000001,337.571123655714,30.679183,30.731765,13.634323,0.259195,-17.73255
210551.252,1233.079,339.195233224863,31.791155,31.832613,14.072773,0.193833,-14.88131
210553.512,1235.33900000001,340.441712218702,33.007464,33.030991,14.615483,0.240137,-13.45608
210555.805,1237.632,340.565903784429,32.546751,32.546988,14.194063,-0.183785,0.80107
210558.033,1239.86,340.756784016052,31.431015,31.431594,14.107538,-0.038835,-0.46221
210600.353,1242.18000000001,342.868567666924,28.296907,28.375598,12.230861,-0.808912,1.42438
210602.677,1244.504,344.407369197956,19.121485,19.183303,8.254433,-1.711028,4.68702
210604.998,1246.82500000001,344.8147536723,8.422737,8.432583,3.633168,-1.991066,3.04136
210605.750,1247.577,344.82856772852,0.27955,0.279891,0.372195,-4.3364,0.58388
210627.236,1269.06300000001,345.499678829567,17.878104,17.890696,0.832668,0.021431,-0.72917
210629.578,1271.405,346.006575715045,15.808634,15.816759,6.753526,2.52812,-34.42869
210631.846,1273.67300000001,346.832639825108,22.746602,22.761597,10.035977,1.447289,-31.08132
210634.192,1276.019,347.966081969698,24.219051,24.245559,10.33485,0.127397,-8.29797
210636.483,1278.31,350.459007168596,26.314023,26.431846,11.537253,0.524838,-27.81495
210638.714,1280.54100000001,352.391971972688,24.649059,24.724734,11.082355,-0.203899,-8.30081
210641.002,1282.829,353.690604986577,20.828265,20.86871,9.12094,-0.857262,1.78006
210643.271,1285.098,354.828060394629,19.557457,19.590506,8.633982,-0.214613,-3.38529
210645.586,1287.413,355.845774395856,23.055056,23.077508,9.968686,0.576546,-15.99118
210647.845,1289.67200000001,356.22088783706,22.159377,22.162552,9.81078,-0.069901,0.07843
210650.107,1291.93400000001,356.152612742549,14.818354,14.818511,6.551066,-1.441076,5.68248
210652.431,1294.258,355.856038400334,12.488196,12.491717,5.375093,-0.506012,2.3397
210654.782,1296.60900000001,355.366399350906,15.336227,15.344041,6.526602,0.489795,-4.47338
210657.104,1298.93100000001,355.186830751781,20.720124,20.720902,8.92373,1.032355,-19.09768
210659.425,1301.25200000001,355.22885822526,23.594292,23.59433,10.165588,0.535053,-7.54686
210701.747,1303.57400000001,355.088890933749,24.327664,24.328067,10.477204,0.134202,0.23756
210704.037,1305.864,354.293621717928,25.806058,25.818309,11.274371,0.348108,0.51381
210706.359,1308.186,353.114860016863,27.1141,27.139711,11.688075,0.178167,2.48501
210708.651,1310.478,352.3876904981,28.102168,28.111575,12.265085,0.25175,0.87985
210710.880,1312.70700000001,351.445620650001,27.867245,27.883164,12.50927,0.109549,2.28452
210713.111,1314.93800000001,350.161279927198,26.172084,26.203578,11.745216,-0.342472,6.28336
210715.402,1317.22900000001,348.546818366503,25.639905,25.690683,11.213742,-0.231983,6.11967
210717.689,1319.516,346.969342534542,24.565173,24.615771,10.763345,-0.196938,5.70538
210719.953,1321.78,345.380418791834,27.129014,27.175505,12.003315,0.54769,1.17823
210722.274,1324.10100000001,343.384020794518,28.849784,28.918776,12.459619,0.196598,4.11065
210724.535,1326.36200000001,341.435695069598,28.279384,28.34642,12.537116,0.034276,5.20595
210726.825,1328.652,340.401623396595,26.824089,26.844014,11.722277,-0.355825,5.68208
210729.114,1330.94100000001,340.073272646693,21.809651,21.812122,9.529105,-0.958135,6.46784
210731.379,1333.20600000001,339.868404575901,13.05421,13.055818,5.764158,-1.662228,6.01328
210733.666,1335.493,339.756641814379,4.825633,4.826927,2.110593,-1.597536,1.98046
210822.593,1384.42,339.558840423058,15.954126,15.955352,0.326105,-0.036472,-0.31648
210824.934,1386.761,339.766657717671,10.835349,10.837342,4.629364,1.838214,-16.66174
210827.258,1389.08500000001,340.662692191072,16.166806,16.191618,6.967134,1.005925,-18.54072
210829.582,1391.409,341.950590415516,21.581994,21.620387,9.303093,1.005146,-25.16517
210831.871,1393.698,345.000859329098,24.451367,24.64089,10.764915,0.638629,-34.23306
210834.163,1395.99000000001,348.104965697844,23.668796,23.871476,10.415129,-0.152612,-18.87171
210836.430,1398.257,350.439210145655,26.351463,26.454646,11.669451,0.553296,-27.42626
210838.744,1400.57100000001,352.795480091646,29.383512,29.477836,12.738909,0.462169,-26.02219
210840.980,1402.807,354.626766666377,27.437869,27.498914,12.298262,-0.197069,-6.62467
210843.271,1405.098,355.947368727365,20.929926,20.971547,9.153883,-1.372492,4.39065
210845.588,1407.41500000001,356.675248926439,14.804773,14.822655,6.397348,-1.1897,2.75254
210847.818,1409.645,356.936067400472,7.402388,7.406982,3.321516,-1.379297,1.85101
210848.589,1410.41600000001,356.941878533635,0.139778,0.139899,0.181451,-4.072717,0.0785
210854.596,1416.42300000001,357.268551809085,15.484356,15.487802,2.578292,0.399008,-2.56598
210856.855,1418.682,357.190622369779,17.323763,17.323938,7.668853,2.253458,-34.58198
210859.178,1421.005,356.563443178783,19.790724,19.80066,8.523745,0.368012,0.17596
210901.470,1423.29700000001,355.142434288256,22.722898,22.767287,9.933372,0.615021,0.6068
210903.822,1425.649,353.319146249234,23.390925,23.461879,9.975289,0.017822,4.78375
210906.114,1427.94100000001,350.911939714552,22.288639,22.418253,9.781088,-0.08473,6.83217
210908.280,1430.107,349.241492939715,17.034505,17.116213,7.902222,-0.867436,8.44819
210910.419,1432.246,347.699503867468,16.101307,16.174975,7.561933,-0.159088,4.97155
210912.646,1434.473,345.742758827898,18.473441,18.576783,8.341618,0.350106,3.61753
210914.874,1436.701,344.114421806124,22.879086,22.936959,10.294865,0.876682,-7.26732
210917.104,1438.93100000001,341.947490716352,29.011532,29.092346,13.045895,1.233646,-18.13803
210919.364,1441.19100000001,338.772009720292,31.017413,31.179538,13.796256,0.332018,5.07243
210921.624,1443.451,335.68704216572,30.815537,30.969572,13.70335,-0.041109,7.79531
210923.914,1445.74100000001,333.757524580266,32.062966,32.120972,14.026625,0.141168,3.2777
210926.236,1448.06300000001,332.372537250183,32.685063,32.714393,14.088886,0.026814,2.77854
210928.591,1450.41800000001,331.657653976846,31.368407,31.376552,13.323377,-0.325057,4.32917
210930.942,1452.769,331.525193646231,28.571954,28.572261,12.153237,-0.49772,4.62099
210933.265,1455.092,331.328026243974,28.072839,28.073531,12.085033,-0.02936,1.62696
210935.494,1457.32100000001,331.269505552333,26.912984,26.913047,12.074045,-0.00493,1.14562
210937.753,1459.58,330.993782159985,23.174395,23.176035,10.259422,-0.803286,5.94705
210940.074,1461.901,330.367494169468,16.42469,16.436626,7.0817,-1.369118,7.19639
210942.397,1464.224,329.846672413832,10.231336,10.244583,4.410066,-1.150079,4.09587
210944.719,1466.546,329.461596016318,6.338111,6.349798,2.734624,-0.721551,1.89307
210947.044,1468.871,329.159695595894,7.783645,7.789497,3.350322,0.264816,0.14817
210949.426,1471.25300000001,328.945135484056,16.679454,16.680834,7.002869,1.533395,-21.00744
210951.790,1473.617,329.165503578161,21.46881,21.469941,9.082039,0.879514,-14.18499
210954.132,1475.959,329.336575702087,24.343036,24.343637,10.39438,0.560351,-9.18209
210956.514,1478.341,329.458876352756,27.517187,27.517458,11.55225,0.486092,-7.8461
210958.900,1480.727,330.157159452476,30.686558,30.694502,12.864418,0.549945,-14.88971
211001.252,1483.079,331.337664016571,33.936419,33.956946,14.437477,0.668818,-24.04065
211003.547,1485.37400000001,333.774324338838,36.032757,36.11505,15.736405,0.565982,-33.44364
211005.866,1487.693,337.504939060694,37.101371,37.288459,16.079543,0.147968,-31.40527
211008.127,1489.954,341.581195522864,35.849262,36.080264,15.957658,-0.053908,-28.84269
211010.417,1492.24400000001,345.416954104221,34.638577,34.850309,15.218476,-0.322787,-18.56384
211012.708,1494.535,347.57957433203,34.160576,34.228963,14.940621,-0.121281,-10.80289
211014.973,1496.8,349.813839917849,33.397582,33.472234,14.778028,-0.071785,-12.94193
211017.259,1499.08600000001,352.353543064041,33.139346,33.236521,14.539161,-0.104491,-14.29633
211019.549,1501.376,354.035658816839,32.870953,32.913964,14.37291,-0.072599,-8.1901
211021.838,1503.66500000001,356.077598064234,33.645946,33.70785,14.726016,0.154262,-17.45231
211024.102,1505.929,357.389541952681,34.452786,34.477756,15.228691,0.22203,-13.95512
211026.423,1508.25,359.518038951372,33.96845,34.035071,14.663969,-0.24331,-6.90806
211028.744,1510.57100000001,360.522108623189,33.595658,33.610659,14.481111,-0.078784,-2.47178
211031.066,1512.89300000001,360.863746920753,35.42793,35.429577,15.258216,0.334671,-9.23423
211033.412,1515.239,360.489888083725,36.611411,36.613319,15.6067,0.148544,-1.91769
211035.711,1517.538,360.232003908298,37.434323,37.435211,16.283258,0.294284,-17.85564
211038.004,1519.83100000001,360.874053930123,36.253192,36.258877,15.812855,-0.205147,-1.39863
211040.294,1522.121,363.028895820466,34.92884,34.995245,15.281766,-0.231917,-7.62052
211042.583,1524.41,360.109928920206,32.779012,32.908722,14.376899,-0.395311,9.68321
211044.844,1526.671,366.760674969182,31.210713,31.911456,14.113868,-0.116334,-47.71023
211047.074,1528.901,369.987669064619,27.27508,27.465314,12.316284,-0.806091,-4.10354
211049.334,1531.16100000001,371.73771021438,19.932772,20.009448,8.853738,-1.5321,3.82796
211051.631,1533.458,372.779115338678,9.202447,9.261186,4.031861,-2.099206,2.23977
211053.855,1535.682,373.188883423675,3.395692,3.420327,1.537917,-1.121378,-0.26917
211113.915,1555.742,375.921777053725,18.778318,18.976141,0.945969,-0.029509,-2.54921
211116.176,1558.00300000001,377.137642352658,14.36876,14.42011,6.377758,2.402383,-37.19284
211118.472,1560.299,377.9971158995,20.373183,20.391304,8.88123,1.090362,-22.64628
211120.819,1562.64600000001,378.062179893285,25.287358,25.287442,10.774368,0.80662,-13.56848
211123.142,1564.96900000001,377.614747205147,27.884747,27.888336,12.005311,0.529894,-12.9043
211125.525,1567.352,376.81289246302,32.334142,32.344083,13.572842,0.657797,-17.09633
211127.852,1569.679,375.863052641693,34.222912,34.23609,14.712544,0.489773,-14.23986
211130.201,1572.02800000001,374.246936478028,35.280215,35.317211,15.034998,0.137273,1.60791
211132.491,1574.318,372.660116627805,34.224804,34.261571,14.961385,-0.032145,3.11897
211134.786,1576.613,371.927415175778,35.470327,35.477893,15.458777,0.216729,-1.49047
211137.082,1578.909,370.642364933314,40.81733,40.837554,17.786391,1.013769,-37.45097
211139.400,1581.227,367.618009767331,41.786127,41.895431,18.073956,0.124057,1.9696
211141.781,1583.60800000001,367.265540078634,40.433398,40.434934,16.982333,-0.458472,2.38439
211144.098,1585.925,366.511233318242,40.665645,40.672641,17.55401,0.246732,-4.0115
211146.429,1588.25600000001,366.797286008795,40.069688,40.070709,17.190351,-0.15601,-2.16919
211148.747,1590.57400000001,367.493381773249,39.51427,39.5204,17.049353,-0.060827,-3.92122
211151.068,1592.895,370.691142654598,38.194018,38.327649,16.51342,-0.230906,-15.69822
211153.391,1595.21800000001,373.035450806115,37.066657,37.140717,15.988255,-0.226072,-9.03681
211155.713,1597.54000000001,374.747202338781,36.86641,36.906128,15.894112,-0.040544,-9.56499
211158.035,1599.86200000001,377.08956793857,36.357054,36.432431,15.690108,-0.087857,-13.11111
211200.363,1602.19,378.373323627366,34.52547,34.549328,14.840777,-0.364833,-0.85523
211202.708,1604.535,378.516455837067,35.658667,35.658955,15.206377,0.155906,-2.81738
211205.035,1606.86200000001,377.408965026019,35.118969,35.136427,15.099453,-0.045949,1.93398
211207.351,1609.178,377.398506106608,35.956776,35.956778,15.525379,0.183906,-2.99893
211209.615,1611.44200000001,375.208133900432,37.190877,37.255323,16.455531,0.410845,-0.74267
211211.903,1613.73000000001,376.216069405976,36.226436,36.240456,15.83936,-0.269306,-1.73294
211214.194,1616.02100000001,377.999540615818,35.535004,35.579731,15.530219,-0.134937,-7.44754
211216.459,1618.28600000001,380.390803191821,36.097088,36.176206,15.971835,0.194974,-22.54804
211218.777,1620.60400000001,377.044958902773,36.44937,36.602612,15.790601,-0.078186,6.95687
211221.075,1622.902,373.599709152226,37.234356,37.393409,16.272154,0.209553,4.22512
211223.422,1625.24900000001,371.761239391399,37.750938,37.795678,16.103825,-0.071721,3.00571
211225.713,1627.54000000001,371.749681937064,34.720362,34.720364,15.155113,-0.414104,2.42715
211227.982,1629.80900000001,370.16584009871,31.583948,31.623635,13.937257,-0.536737,7.84028
211230.294,1632.121,367.712763128318,30.95499,31.052036,13.430812,-0.219051,7.6387
211232.585,1634.41200000001,366.484040186647,31.698756,31.722561,13.8466,0.181488,1.42377
211234.880,1636.70700000001,363.651449232396,31.584086,31.710851,13.817364,-0.012739,6.78059
211237.229,1639.05600000001,360.234335518993,31.88693,32.069502,13.652406,-0.070225,8.54245
211239.552,1641.379,359.553800735091,34.288333,34.295086,14.763274,0.478204,-16.17564
211241.872,1643.69900000001,358.923953388929,35.618773,35.624341,15.35532,0.255192,-1.98173
211244.166,1645.993,354.161013028474,37.049581,37.354479,16.283556,0.404636,5.60474
211246.518,1648.345,352.415948421045,37.923017,37.963146,16.140793,-0.060699,2.64794
211248.806,1650.633,349.51265386525,37.558321,37.670367,16.464321,0.141402,3.38654
211251.076,1652.90300000001,348.653573569937,36.723538,36.733585,16.182196,-0.124284,1.19162
211253.357,1655.18400000001,348.271068952252,38.138236,38.140154,16.720804,0.236128,-3.81343
211255.628,1657.455,347.993865998856,39.278108,39.279086,17.295943,0.253254,-4.88432
211257.941,1659.76800000001,342.952829052799,41.000864,41.309598,17.859748,0.243755,5.82801
211300.263,1662.09000000001,341.608476278238,41.015973,41.037999,17.673557,-0.080186,0.4719
211302.554,1664.38100000001,339.919504547834,42.069161,42.103051,18.377587,0.307302,-3.38921
211304.874,1666.701,336.643064744592,41.803714,41.931915,18.074101,-0.130813,5.14111
211307.141,1668.96800000001,335.403306873679,40.616633,40.635549,17.924812,-0.065853,-0.10786
211309.427,1671.254,333.673986986387,39.2055,39.24362,17.166938,-0.331528,4.36874
211311.688,1673.515,332.091107703223,38.741219,38.773542,17.148847,-0.008001,0.96951
211313.948,1675.77500000001,330.899224062375,37.173854,37.192956,16.45706,-0.3061,3.446
211316.146,1677.973,330.521655692021,36.674807,36.676751,16.68642,0.104349,-2.52076
211318.342,1680.16900000001,330.091348637722,35.503071,35.505679,16.168342,-0.235919,1.21315
211320.551,1682.37800000001,327.60723328331,36.019915,36.105472,16.344713,0.079842,3.28165
211322.800,1684.62700000001,323.024023206713,35.261748,35.558356,15.810741,-0.237426,11.61635
211325.092,1686.91900000001,322.248882841082,35.713279,35.72169,15.585379,-0.098325,1.24028
211327.414,1689.24100000001,322.225070554098,32.189357,32.189366,13.862776,-0.741862,5.68821
211329.737,1691.564,322.470457877997,25.616709,25.617884,11.027931,-1.220338,7.72103
211332.121,1693.948,323.102977028218,20.576045,20.585765,8.634968,-1.00376,3.85653
211334.444,1696.27100000001,323.599574053096,11.632224,11.64282,5.011976,-1.559618,3.28341
211335.220,1697.04700000001,323.625990465197,0.512298,0.512978,0.661054,-5.606858,1.59179
211441.504,1763.33100000001,324.308625946225,14.936691,14.952281,0.225579,-0.00657,-0.33059
211443.792,1765.61900000001,325.093354859541,17.778,17.795311,7.777671,3.30074,-52.56787
211446.147,1767.974,326.424086376346,24.815817,24.851472,10.552642,1.178332,-30.62383
211448.440,1770.26700000001,327.221636364776,29.243767,29.254641,12.758238,0.961882,-25.66048
211450.791,1772.618,328.221648118158,31.453109,31.469002,13.385369,0.266751,-10.87125
211453.172,1774.99900000001,329.306532520082,35.968801,35.985158,15.113464,0.725785,-25.89365
211455.528,1777.35500000001,334.042510671134,38.254433,38.546481,16.360985,0.529508,-50.75772
211457.818,1779.645,336.652905801406,36.182136,36.276179,15.841126,-0.227013,-11.41222
211500.109,1781.936,339.436473015561,34.272874,34.385726,15.009047,-0.363195,-8.98206
211502.440,1784.26700000001,339.862514509903,35.854147,35.856678,15.38253,0.160224,-4.96578
211504.753,1786.58,342.293531783583,37.105411,37.184962,16.076507,0.300033,-25.71167
211507.046,1788.87300000001,344.839077620583,37.737616,37.823372,16.495147,0.182573,-23.58173
211509.374,1791.201,347.35543933923,38.871396,38.95276,16.732285,0.101863,-20.69479
211511.719,1793.546,350.392124283064,38.830487,38.949046,16.609401,-0.052403,-19.74455
211513.978,1795.80500000001,352.616434686656,39.128725,39.191896,17.349224,0.3275,-26.70499
211516.177,1798.004,353.781444423499,38.159762,38.177542,17.36132,0.005501,-7.80961
211518.406,1800.23300000001,357.047965677154,36.417532,36.563736,16.40365,-0.429641,-11.17816
211520.665,1802.492,361.558741077773,36.830783,37.105978,16.425843,0.009824,-34.55521
211522.961,1804.788,364.223652987419,34.742971,34.845026,15.176405,-0.54418,-2.87997
211525.313,1807.14,367.030507883523,30.374962,30.504373,12.969546,-0.93829,0.71848
211527.702,1809.52900000001,369.242470703495,23.532959,23.636686,9.893967,-1.287392,2.66175
211530.048,1811.875,370.811113535668,16.749455,16.822749,7.170822,-1.160761,1.28561
211532.400,1814.227,371.244253195569,10.433623,10.44261,4.439885,-1.161113,1.90329
211534.722,1816.549,371.338745520947,5.045203,5.046088,2.173164,-0.976193,0.79435
211541.595,1823.42200000001,371.493014320886,17.887528,17.888193,2.602676,0.062493,-0.34715
211543.947,1825.774,372.291455053881,20.287194,20.3029,8.632185,2.563567,-45.51262
211546.270,1828.09700000001,374.406646074109,28.632051,28.710074,12.35905,1.604333,-50.18439
211548.594,1830.421,373.800559260303,29.770393,29.776562,12.812634,0.195174,0.58659
211550.944,1832.77100000001,372.3133162423,27.499416,27.539603,11.71898,-0.465385,7.39385
211553.330,1835.15700000001,371.909533126515,20.052063,20.056128,8.405754,-1.388611,7.89645
211555.680,1837.507,371.549225415508,20.554172,20.55733,8.7478,0.145551,0.60453
211558.067,1839.894,371.482153401262,22.925258,22.925356,9.604255,0.3588,-9.43914
211600.450,1842.277,371.544879301091,23.226627,23.226712,9.746837,0.059833,0.12698
211602.772,1844.599,372.219605607022,22.792626,22.802611,9.820246,0.031615,-3.07875
211605.094,1846.921,374.078727659962,22.270551,22.348015,9.624468,-0.084314,-10.46444
211607.353,1849.18000000001,377.26011606074,22.825039,23.045686,10.20172,0.255534,-27.85875
211609.646,1851.473,379.075881878592,23.615212,23.684916,10.329226,0.055607,-12.6036
211611.969,1853.796,379.646817457768,20.653889,20.661779,8.894438,-0.617644,2.21773
211614.320,1856.14700000001,378.976104673997,16.347963,16.361716,6.959471,-0.82304,5.04757
211616.641,1858.46800000001,377.662798041992,15.010401,15.067745,6.491919,-0.201444,4.06569
211618.963,1860.79000000001,375.481292026029,16.235087,16.380996,7.054692,0.242366,4.48683
211621.227,1863.054,372.119233017731,21.025796,21.292899,9.404991,1.038118,3.2436
211623.608,1865.435,371.323750973071,26.402646,26.414627,11.093921,0.709336,-12.77816
211625.992,1867.819,371.265086794669,29.011198,29.011257,12.169152,0.45102,-14.55659
211628.374,1870.201,368.67433656093,29.862079,29.974251,12.583649,0.174012,5.4338
211630.730,1872.557,365.575336111248,29.038197,29.203094,12.395201,-0.079986,8.57045
211633.082,1874.909,364.950404135238,28.91206,28.918813,12.295414,-0.042426,2.59979
211635.373,1877.20000000001,365.228455178098,27.801905,27.803295,12.135877,-0.069636,0.74127
211637.610,1879.43700000001,365.195298975471,26.638948,26.638968,11.908345,-0.101713,1.65486
211639.891,1881.71800000001,365.1251836747,26.907062,26.907153,11.796209,-0.049161,1.3723
211642.096,1883.92300000001,364.905524935951,26.907089,26.907985,12.203168,0.184562,0.18541
211644.351,1886.178,363.337665308907,26.998015,27.043502,11.992684,-0.093341,5.35179
211646.612,1888.439,361.82360240997,27.579613,27.621141,12.216338,0.098918,3.89197
211648.846,1890.67300000001,361.217763123526,25.879138,25.886228,11.58739,-0.281534,4.16291
211651.131,1892.958,360.995571326537,12.552945,12.554912,5.494491,-2.666477,8.86129
211652.464,1894.29100000001,360.967220814671,2.447756,2.44792,1.836399,-2.744255,2.73919
211701.106,1902.933,360.64406236239,17.122523,17.125573,1.981668,0.01681,0.00105
211703.483,1905.31,360.399340556274,14.056634,14.058764,5.914499,1.654536,-18.60422
211705.837,1907.664,360.182101879586,19.337983,19.339203,8.215464,0.97747,-16.31949
211708.161,1909.988,360.190053522342,23.547153,23.547154,10.132166,0.824743,-12.77856
211710.482,1912.30900000001,360.320735499953,24.677357,24.677703,10.632358,0.215507,-2.1217
211712.803,1914.63,360.213869261214,24.540156,24.540389,10.573196,-0.02549,1.1099
211715.126,1916.95300000001,360.284376612107,23.188907,23.189014,9.982356,-0.254344,1.88245
211717.448,1919.27500000001,360.387851032723,17.073187,17.073501,7.352929,-1.132398,4.73292
211719.771,1921.598,360.2920064387,11.22643,11.22684,4.832906,-1.084814,3.22619
211722.123,1923.95000000001,359.873039246138,12.383855,12.39094,5.268257,0.185098,0.53901
