124634,0,342.706,0.0,0.0,0,0,-0.35
124639,5.0,345.946,17.100486,17.110661,17.110661,-0.020077,-7.98938
124640,6.0,347.454,17.593285,17.657795,17.657795,0.547134,-45.7722
124641,7.0,345.742,17.709429,17.791987,17.791987,0.134192,4.99185
124642,8.0,346.046,17.907835,17.910415,17.910415,0.118428,-7.68252
124643,9.0,345.631,17.385682,17.390634,17.390634,-0.519781,4.64916
124644,10.0,345.552,17.236429,17.23661,17.23661,-0.154024,-0.88048
124645,11.0,346.358,17.119691,17.138654,17.138654,-0.097956,-9.54909
124646,12.0,346.173,16.841623,16.842639,16.842639,-0.296015,1.49024
124647,13.0,345.811,17.376377,17.380148,17.380148,0.537509,-24.96898
124648,14.0,345.264,17.504131,17.512676,17.512676,0.132528,-1.38899
124649,15.0,344.418,17.038705,17.059695,17.059695,-0.452981,6.69654
124650,16.0,343.583,16.833893,16.854589,16.854589,-0.205106,4.32646
124651,17.0,342.854,16.566093,16.582125,16.582125,-0.272464,4.60099
124652,18.0,342.487,16.581791,16.585851,16.585851,0.003726,-0.17871
124653,19.0,341.721,16.229054,16.247122,16.247122,-0.338729,5.70557
124654,20.0,341.158,15.82301,15.833023,15.833023,-0.414099,5.5259
124655,21.0,340.188,15.284357,15.315106,15.315106,-0.517917,9.12078
124656,22.0,339.57,14.947427,14.960197,14.960197,-0.354909,5.83969
124657,23.0,339.031,14.544008,14.553993,14.553993,-0.406204,6.05265
124658,24.0,338.539,14.140672,14.149229,14.149229,-0.404764,5.97059
124659,25.0,337.202,13.737427,13.802336,13.802336,-0.346893,10.53032
124700,26.0,336.724,13.26502,13.273629,13.273629,-0.528707,7.23662
124701,27.0,336.756,13.33148,13.331519,13.331519,0.05789,-0.31444
124702,28.0,336.193,11.715489,11.729009,11.729009,-1.60251,15.2269
124703,29.0,335.184,10.638162,10.685906,10.685906,-1.043103,13.14575
124704,30.0,335.287,9.02217,9.022758,9.022758,-1.663148,8.77765
124705,31.0,333.339,7.406179,7.65808,7.65808,-1.364678,17.75339
124706,32.0,334.364,5.925368,6.013369,6.013369,-1.644711,0.11034
124707,33.0,334.253,4.781899,4.783187,4.783187,-1.230182,4.17832
124708,34.0,333.622,4.107702,4.155884,4.155884,-0.627303,5.18903
124709,35.0,334.301,3.840544,3.900105,3.900105,-0.255779,-10.36469
124710,36.0,334.145,3.775719,3.778941,3.778941,-0.121164,1.15383
124711,37.0,334.137,3.56904,3.569048,3.569048,-0.209893,0.45247
124712,38.0,333.841,3.302038,3.315278,3.315278,-0.25377,2.14271
124713,39.0,333.503,2.699412,2.720491,2.720491,-0.594787,2.7868
124714,40.0,333.255,1.031408,1.060805,1.060805,-1.659686,2.20516
124715,41.0,333.339,0.279427,0.291779,0.291779,-0.769026,-0.19297
124716,42.0,333.247,0.356163,0.367853,0.367853,0.076074,-0.33463
124717,43.0,332.908,0.08459,0.349394,0.349394,-0.018459,-0.316
124718,44.0,333.566,0.740573,0.990662,0.990662,0.641268,-14.06104
124719,45.0,333.331,1.751984,1.767674,1.767674,0.777012,0.35111
124720,46.0,333.339,2.314735,2.314749,2.314749,0.547075,-2.32558
124721,47.0,332.731,2.500529,2.573385,2.573385,0.258636,2.98796
124722,48.0,332.081,2.764013,2.839413,2.839413,0.266028,3.20124
124723,49.0,333.167,2.76027,2.966224,2.966224,0.126811,-21.25099
124724,50.0,332.512,2.693355,2.771856,2.771856,-0.194368,3.98411
124725,51.0,332.042,2.836456,2.875131,2.875131,0.103275,2.43653
124726,52.0,331.511,3.096946,3.142139,3.142139,0.267008,2.49397
124727,53.0,332.021,3.704651,3.739591,3.739591,0.597452,-13.523
124728,54.0,331.933,4.174239,4.175167,4.175167,0.435576,-3.4915
124729,55.0,331.151,4.712895,4.777332,4.777332,0.602165,2.89814
124730,56.0,331.027,5.185049,5.186532,5.186532,0.4092,-3.72643
124731,57.0,330.943,5.72372,5.724336,5.724336,0.537804,-6.57339
124732,58.0,331.793,6.060771,6.120085,6.120085,0.395749,-19.6852
124733,59.0,330.567,6.127115,6.248569,6.248569,0.128484,6.82531
124734,60.0,330.604,5.857186,5.857303,5.857303,-0.391266,1.32392
124735,61.0,330.847,5.386725,5.392203,5.392203,-0.4651,0.21601
124736,62.0,330.528,4.981992,4.992195,4.992195,-0.400008,3.11417
124737,63.0,330.089,4.848055,4.86789,4.86789,-0.124305,2.9758
124738,64.0,329.442,4.981995,5.023831,5.023831,0.155941,3.37421
124739,65.0,329.222,5.11665,5.121377,5.121377,0.097546,1.09013
124740,66.0,330.089,4.914756,4.990643,4.990643,-0.130734,-14.33303
124741,67.0,329.746,4.580476,4.5933,4.5933,-0.397343,3.11233
124742,68.0,329.674,4.309387,4.309989,4.309989,-0.283311,1.1685
124743,69.0,328.38,3.770715,3.986568,3.986568,-0.323421,8.21944
124744,70.0,329.207,3.302056,3.404042,3.404042,-0.582526,-11.44141
124745,71.0,328.348,2.356457,2.508141,2.508141,-0.895901,6.13935
124746,72.0,327.769,1.349713,1.468662,1.468662,-1.039479,4.01069
124747,73.0,328.004,0.237935,0.334422,0.334422,-1.13424,-0.09828
124748,74.0,329.574,0.602486,1.681633,1.681633,1.347211,-34.74188
124749,75.0,329.442,0.831195,0.841611,0.841611,-0.840022,0.89876
124750,76.0,328.731,0.909308,1.15428,1.15428,0.312669,3.63512
124751,77.0,330.253,0.632521,1.648201,1.648201,0.493921,-30.95622
124752,78.0,329.09,0.519583,1.273788,1.273788,-0.374413,6.74229
124753,79.0,327.693,0.253773,1.419863,1.419863,0.146075,7.70149
124754,80.0,328.496,0.139714,0.815064,0.815064,-0.604799,-14.69325
124755,81.0,327.777,0.475151,0.861818,0.861818,0.046754,3.84411
124756,82.0,328.403,0.277065,0.684574,0.684574,-0.177244,-12.03663
124757,83.0,328.644,0.404904,0.471199,0.471199,-0.213375,-0.25019
124758,84.0,329.606,0.139714,0.972093,0.972093,0.500894,-19.66186
124759,85.0,328.823,0.237935,0.818353,0.818353,-0.15374,4.3067
124800,86.0,328.168,0.202452,0.685574,0.685574,-0.132779,3.53717
124801,87.0,328.66,0.139714,0.511453,0.511453,-0.174121,-9.55527
124802,88.0,328.052,0.169182,0.631099,0.631099,0.119646,3.16378
124803,89.0,328.636,0.084591,0.590095,0.590095,-0.041004,-11.44243
124804,90.0,328.636,0.0,0.0,0.0,-0.590095,-0.35
124805,91.0,329.73,0.139714,1.102885,1.102885,1.102885,-23.62062
124806,92.0,328.964,0.139714,0.778637,0.778637,-0.324248,4.27969
124807,93.0,328.755,0.111195,0.236739,0.236739,-0.541898,-0.25418
124808,94.0,328.245,0.084591,0.516968,0.516968,0.280229,2.54845
124809,95.0,329.051,0.139714,0.81802,0.81802,0.301052,-16.21005
124810,96.0,328.184,0.0,0.867,0.0,-0.81802,-0.35
124811,97.0,328.723,0.169182,0.564928,0.564928,0.564928,-11.25604
124812,98.0,329.442,0.139714,0.732449,0.732449,0.167521,-14.30588
124813,99.0,327.558,0.084591,1.885898,1.885898,1.153449,9.39279
124814,100.0,328.715,0.111195,1.162331,1.162331,-0.723567,-20.76128
124815,101.0,328.216,0.111195,0.511239,0.511239,-0.651092,2.76518
124816,102.0,329.669,0.0,1.453,0.0,-0.511239,-0.35
124817,103.0,329.003,0.139714,0.680497,0.680497,0.680497,3.27463
124818,104.0,328.779,0.0,0.224,0.0,-0.680497,-0.35
124819,105.0,329.653,0.084591,0.878084,0.878084,0.878084,-18.54577
124820,106.0,329.238,0.084591,0.423533,0.423533,-0.454551,-0.20029
124821,107.0,329.059,0.0,0.179,0.0,-0.423533,-0.35
124822,108.0,329.981,0.111195,0.928681,0.928681,0.928681,-19.64123
124823,109.0,329.489,0.0,0.492,0.0,-0.928681,-0.35
124824,110.0,329.989,0.0,0.5,0.0,0.0,-0.35
124825,111.0,330.145,0.0,0.156,0.0,0.0,-0.35
124826,112.0,330.528,0.0,0.383,0.0,0.0,-0.35
124827,113.0,329.714,0.0,0.814,0.0,0.0,-0.35
124828,114.0,329.331,0.0,0.383,0.0,0.0,-0.35
124829,115.0,330.013,0.0,0.682,0.0,0.0,-0.35
124830,116.0,327.386,0.0,2.627,0.0,0.0,-0.35
124831,117.0,328.831,0.0,1.445,0.0,0.0,-0.35
124832,118.0,329.167,0.0,0.336,0.0,0.0,-0.35
124833,119.0,329.706,0.0,0.539,0.0,0.0,-0.35
124834,120.0,329.801,0.084591,0.127203,0.127203,0.127203,-0.34851
124835,121.0,329.37,0.111195,0.445113,0.445113,0.31791,-0.75877
124836,122.0,329.246,0.538674,0.552762,0.552762,0.107649,0.37739
124837,123.0,328.129,3.367503,3.547924,3.547924,2.995162,0.1589
124838,124.0,327.941,5.608355,5.611506,5.611506,2.063582,-21.30526
124839,125.0,327.006,7.299225,7.358866,7.358866,1.74736,-9.99753
124840,126.0,327.973,8.513752,8.568492,8.568492,1.209626,-36.69056
124841,127.0,326.855,7.748127,7.828371,7.828371,-0.740121,10.25519
124842,128.0,327.785,6.395833,6.463093,6.463093,-1.365278,0.07937
124843,129.0,325.92,5.736292,6.031855,6.031855,-0.431238,12.48408
124844,130.0,326.075,5.198415,5.200725,5.200725,-0.83113,1.76967
124845,131.0,325.896,4.660722,4.664158,4.664158,-0.536567,2.57219
124846,132.0,326.044,4.52357,4.525991,4.525991,-0.138167,-0.61319
124847,133.0,324.45,2.375763,2.860959,2.860959,-1.665032,11.88476
124848,134.0,325.513,0.519586,1.18319,1.18319,-1.677769,-16.67547
124849,135.0,325.098,0.277066,0.49899,0.49899,-0.6842,-0.1063
124850,136.0,325.037,0.0,0.061,0.0,-0.49899,-0.35
124851,137.0,324.765,0.44478,0.521357,0.521357,0.521357,1.1028
124852,138.0,324.958,0.977998,0.99686,0.99686,0.475503,-4.73402
124853,139.0,324.794,1.596099,1.604503,1.604503,0.607643,0.16174
124854,140.0,325.177,1.626746,1.671224,1.671224,0.066721,-7.5004
124855,141.0,325.365,2.119293,2.127616,2.127616,0.456392,-5.28497
124856,142.0,325.795,2.712684,2.746554,2.746554,0.618938,-11.22534
124857,143.0,325.293,3.32607,3.36374,3.36374,0.617186,1.62057
124858,144.0,324.131,3.724,3.901079,3.901079,0.537339,5.46205
124859,145.0,325.832,4.296438,4.620907,4.620907,0.719828,-38.46522
124900,146.0,325.153,4.296439,4.349762,4.349762,-0.271145,4.64565
124901,147.0,324.741,3.764021,3.786503,3.786503,-0.563259,3.61358
124902,148.0,325.005,3.03041,3.041888,3.041888,-0.744615,-0.273
124903,149.0,325.137,1.900613,1.905192,1.905192,-1.136696,0.32732
124904,150.0,325.24,1.484608,1.488177,1.488177,-0.417015,-0.68543
124905,151.0,325.637,1.189674,1.254167,1.254167,-0.23401,-7.09467
124906,152.0,326.707,1.077353,1.518417,1.518417,0.26425,-21.42437
124907,153.0,324.498,0.437331,2.251875,2.251875,0.733458,11.6056
124908,154.0,324.498,0.452752,0.452752,0.452752,-1.799123,0.16762
124909,155.0,325.085,0.562373,0.812916,0.812916,0.360164,-12.06147
124910,156.0,325.481,0.374034,0.544718,0.544718,-0.268198,-7.5735
124911,157.0,326.028,0.0,0.547,0.0,-0.544718,-0.35
124912,158.0,325.193,0.084592,0.839274,0.839274,0.839274,4.12051
124913,159.0,325.473,0.0,0.28,0.0,-0.839274,-0.35
124914,160.0,324.575,0.084592,0.901975,0.901975,0.901975,4.42485
124915,161.0,324.889,0.084592,0.325195,0.325195,-0.57678,-0.21171
124916,162.0,325.497,0.0,0.608,0.0,-0.325195,-0.35
124917,163.0,324.575,0.0,0.922,0.0,0.0,-0.35
124918,164.0,325.153,0.084592,0.584157,0.584157,0.584157,-12.04947
124919,165.0,325.497,0.139714,0.37129,0.37129,-0.212867,-0.27147
124920,166.0,325.153,0.084592,0.354248,0.354248,-0.017042,-0.31583
124921,167.0,325.92,0.169183,0.785437,0.785437,0.431189,-15.64658
124922,168.0,324.818,0.084592,1.105242,1.105242,0.319805,5.88832
124923,169.0,324.522,0.139714,0.327316,0.327316,-0.777926,-0.17213
124924,170.0,324.147,0.0,0.375,0.0,-0.327316,-0.35
124925,171.0,324.701,0.0,0.554,0.0,0.0,-0.35
124926,172.0,324.506,0.0,0.195,0.0,0.0,-0.35
124927,173.0,324.442,0.0,0.064,0.0,0.0,-0.35
124928,174.0,324.215,0.0,0.227,0.0,0.0,-0.35
124929,175.0,323.703,0.0,0.512,0.0,0.0,-0.35
124930,176.0,324.974,0.0,1.271,0.0,0.0,-0.35
124931,177.0,324.194,0.0,0.78,0.0,0.0,-0.35
124932,178.0,324.873,0.084592,0.684249,0.684249,0.684249,-14.22731
124933,179.0,325.412,0.0,0.539,0.0,-0.684249,-0.35
124934,180.0,325.412,0.084592,0.084592,0.084592,0.084592,-0.34689
124935,181.0,325.085,0.139714,0.355597,0.355597,0.271005,-0.64362
124936,182.0,325.069,0.0,0.016,0.0,-0.355597,-0.35
124937,183.0,325.28,0.084592,0.227325,0.227325,0.227325,-0.51809
124938,184.0,326.427,0.084592,1.150115,1.150115,0.92279,-24.32725
124939,185.0,326.239,0.0,0.188,0.0,-1.150115,-0.35
124940,186.0,324.765,0.084592,1.476425,1.476425,1.476425,6.99153
124941,187.0,325.317,0.111195,0.563088,0.563088,-0.913337,-9.86279
124942,188.0,324.881,0.084592,0.44413,0.44413,-0.118958,-0.28056
124943,189.0,324.215,0.0,0.666,0.0,-0.44413,-0.35
124944,190.0,324.326,0.084592,0.139559,0.139559,0.139559,-0.34938
124945,191.0,322.82,0.111195,1.510099,1.510099,1.37054,7.2436
124946,192.0,323.304,0.0,0.484,0.0,-1.510099,-0.35
124947,193.0,323.708,0.0,0.404,0.0,0.0,-0.35
124948,194.0,323.404,0.0,0.304,0.0,0.0,-0.35
124949,195.0,324.202,0.0,0.798,0.0,0.0,-0.35
124950,196.0,325.005,0.0,0.803,0.0,0.0,-0.35
124951,197.0,325.84,0.0,0.835,0.0,0.0,-0.35
124952,198.0,324.007,0.0,1.833,0.0,0.0,-0.35
124953,199.0,323.763,0.0,0.244,0.0,0.0,-0.35
124954,200.0,323.903,0.0,0.14,0.0,0.0,-0.35
124955,201.0,323.734,0.0,0.169,0.0,0.0,-0.35
124956,202.0,323.896,0.0,0.162,0.0,0.0,-0.35
124957,203.0,323.671,0.0,0.225,0.0,0.0,-0.35
124958,204.0,323.671,0.0,0.0,0.0,0.0,-0.35
124959,205.0,323.576,0.0,0.095,0.0,0.0,-0.35
125000,206.0,323.209,0.0,0.367,0.0,0.0,-0.35
125001,207.0,323.967,0.139714,0.770768,0.770768,0.770768,-15.98083
125002,208.0,323.959,0.084592,0.084969,0.084969,-0.685799,-0.30843
125003,209.0,324.326,0.0,0.367,0.0,-0.084969,-0.35
125004,210.0,324.366,0.139714,0.145327,0.145327,0.145327,-0.34984
125005,211.0,325.647,1.955999,2.338139,2.338139,2.192812,-34.5988
125006,212.0,325.396,5.25124,5.257235,5.257235,2.919096,-27.40082
125007,213.0,326.614,7.668334,7.764462,7.764462,2.507227,-59.85195
125008,214.0,326.326,8.172042,8.177115,8.177115,0.412653,0.12865
125009,215.0,325.256,8.887235,8.951415,8.951415,0.7743,2.64197
125010,216.0,325.256,8.415594,8.415594,8.415594,-0.535821,3.12902
125011,217.0,325.256,8.083817,8.083817,8.083817,-0.331777,2.01534
125012,218.0,324.622,8.109204,8.13395,8.13395,0.050133,3.8598
125013,219.0,325.927,7.434454,7.548121,7.548121,-0.585829,-14.45375
125014,220.0,326.255,6.611776,6.619907,6.619907,-0.928214,1.9916
125015,221.0,326.004,5.435959,5.441751,5.441751,-1.178156,5.36051
125016,222.0,327.73,4.941687,5.234438,5.234438,-0.207313,-30.03506
125017,223.0,328.121,4.880254,4.895892,4.895892,-0.338546,-3.1603
125018,224.0,327.246,4.785492,4.864829,4.864829,-0.031063,5.22124
125019,225.0,327.848,4.559863,4.59943,4.59943,-0.265399,-8.20747
125020,226.0,326.834,4.516847,4.629266,4.629266,0.029836,5.82921
125021,227.0,328.184,3.846892,4.076895,4.076895,-0.552371,-20.82856
125022,228.0,328.644,2.872104,2.908708,2.908708,-1.168187,-1.69153
125023,229.0,328.097,0.754491,0.931915,0.931915,-1.976793,3.96485
125024,230.0,327.737,0.893573,0.963365,0.963365,0.03145,1.7901
125025,231.0,328.707,1.720717,1.975289,1.975289,1.011924,-22.50664
125026,232.0,328.364,1.850102,1.881628,1.881628,-0.093661,1.89382
125027,233.0,328.06,1.189676,1.227902,1.227902,-0.653726,1.97974
125028,234.0,327.941,0.419144,0.43571,0.43571,-0.792192,-0.10957
125029,235.0,328.216,0.356172,0.449982,0.449982,0.014272,-0.31486
125030,236.0,328.208,0.139715,0.139944,0.139944,-0.310038,-0.31242
125031,237.0,327.661,0.139715,0.564561,0.564561,0.424617,2.71006
125032,238.0,328.879,0.084592,1.220934,1.220934,0.656373,-25.16853
125033,239.0,329.011,0.111195,0.172593,0.172593,-1.048341,-0.2288
125034,240.0,328.427,0.139715,0.60048,0.60048,0.427887,2.91626
125035,241.0,328.292,0.084592,0.159314,0.159314,-0.441166,-0.29494
125036,242.0,327.949,0.084592,0.353277,0.353277,0.193963,-0.58796
125037,243.0,328.292,0.0,0.343,0.0,-0.353277,-0.35
125038,244.0,328.364,0.139715,0.157176,0.157176,0.157176,-0.44445
125039,245.0,327.825,0.0,0.539,0.0,-0.157176,-0.35
125040,246.0,328.245,0.084592,0.428434,0.428434,0.428434,-0.83695
125041,247.0,328.435,0.0,0.19,0.0,-0.428434,-0.35
125042,248.0,328.06,0.111195,0.391138,0.391138,0.391138,-0.76575
125043,249.0,327.582,0.0,0.478,0.0,-0.391138,-0.35
125044,250.0,328.028,0.084592,0.453951,0.453951,0.453951,-0.88883
125045,251.0,327.801,0.084592,0.24225,0.24225,-0.211701,-0.29893
125046,252.0,328.068,0.0,0.267,0.0,-0.24225,-0.35
125047,253.0,328.105,0.0,0.037,0.0,0.0,-0.35
125048,254.0,327.209,0.0,0.896,0.0,0.0,-0.35
125049,255.0,327.214,0.0,0.005,0.0,0.0,-0.35
125050,256.0,326.622,0.0,0.592,0.0,0.0,-0.35
125051,257.0,326.715,0.0,0.093,0.0,0.0,-0.35
125052,258.0,328.387,0.0,1.672,0.0,0.0,-0.35
125053,259.0,328.06,0.0,0.327,0.0,0.0,-0.35
125054,260.0,327.457,0.0,0.603,0.0,0.0,-0.35
125055,261.0,327.848,0.084592,0.400046,0.400046,0.400046,-0.78225
125056,262.0,326.834,0.0,1.014,0.0,-0.400046,-0.35
125057,263.0,327.988,0.139715,1.162427,1.162427,1.162427,-25.03168
125058,264.0,327.442,0.0,0.546,0.0,-1.162427,-0.35
125059,265.0,328.168,0.0,0.726,0.0,0.0,-0.35
125100,266.0,327.011,0.0,1.157,0.0,0.0,-0.35
125101,267.0,327.074,0.0,0.063,0.0,0.0,-0.35
125102,268.0,325.888,0.0,1.186,0.0,0.0,-0.35
125103,269.0,326.466,0.0,0.578,0.0,0.0,-0.35
125104,270.0,326.223,0.0,0.243,0.0,0.0,-0.35
125105,271.0,326.834,0.0,0.611,0.0,0.0,-0.35
125106,272.0,327.925,0.084592,1.094275,1.094275,1.094275,-23.52769
125107,273.0,328.036,0.0,0.111,0.0,-1.094275,-0.35
125108,274.0,327.193,0.0,0.843,0.0,0.0,-0.35
125109,275.0,328.488,0.0,1.295,0.0,0.0,-0.35
125110,276.0,326.85,0.0,1.638,0.0,0.0,-0.35
125111,277.0,327.13,0.0,0.28,0.0,0.0,-0.35
125112,278.0,328.081,0.0,0.951,0.0,0.0,-0.35
125113,279.0,327.996,0.0,0.085,0.0,0.0,-0.35
125114,280.0,327.605,0.0,0.391,0.0,0.0,-0.35
125115,281.0,327.55,0.0,0.055,0.0,0.0,-0.35
125116,282.0,327.41,0.0,0.14,0.0,0.0,-0.35
125117,283.0,328.3,0.0,0.89,0.0,0.0,-0.35
125118,284.0,328.448,0.0,0.148,0.0,0.0,-0.35
125119,285.0,328.073,0.0,0.375,0.0,0.0,-0.35
125120,286.0,328.216,0.0,0.143,0.0,0.0,-0.35
125121,287.0,327.386,0.0,0.83,0.0,0.0,-0.35
125122,288.0,328.987,0.0,1.601,0.0,0.0,-0.35
125123,289.0,327.833,0.139715,1.162427,1.162427,1.162427,5.60685
125124,290.0,328.871,3.672331,3.81621,3.81621,2.653783,-39.31065
125125,291.0,329.127,6.272862,6.278084,6.278084,2.461874,-33.85802
125126,292.0,328.324,8.446465,8.48455,8.48455,2.206466,-24.57928
125127,293.0,328.871,9.172867,9.189162,9.189162,0.704612,-20.60953
125128,294.0,329.621,9.206717,9.237215,9.237215,0.048053,-12.6127
125129,295.0,330.972,8.552821,8.658865,8.658865,-0.57835,-13.73819
125130,296.0,331.418,9.185476,9.196298,9.196298,0.537433,-15.62456
125131,297.0,332.76,9.563568,9.657267,9.657267,0.460969,-31.80564
125132,298.0,335.239,10.453462,10.743385,10.743385,1.086118,-67.56614
125133,299.0,336.787,10.730152,10.841239,10.841239,0.097854,-28.54052
125134,300.0,336.098,10.983298,11.004888,11.004888,0.163649,3.74338
125135,301.0,335.902,10.788065,10.789845,10.789845,-0.215043,3.29153
125136,302.0,335.123,10.514289,10.543108,10.543108,-0.246737,6.78031
125137,303.0,335.271,10.46073,10.461777,10.461777,-0.081331,0.39863
125138,304.0,335.865,9.870435,9.888292,9.888292,-0.573485,0.57953
125139,305.0,336.827,9.206765,9.256887,9.256887,-0.631405,-4.29394
125140,306.0,338.061,9.3484,9.429493,9.429493,0.172606,-24.2402
125141,307.0,337.757,9.258819,9.263809,9.263809,-0.165684,3.24109
125142,308.0,338.28,9.92256,9.936334,9.936334,0.672525,-20.21926
125143,309.0,337.342,10.022734,10.066531,10.066531,0.130197,5.3312
125144,310.0,338.484,9.799258,9.865578,9.865578,-0.200953,-15.13298
125145,311.0,339.202,9.287681,9.315393,9.315393,-0.550185,-0.96309
125146,312.0,340.336,9.009741,9.080825,9.080825,-0.234568,-15.03723
125147,313.0,340.064,8.894634,8.898792,8.898792,-0.182033,3.05948
125148,314.0,341.055,8.870811,8.925994,8.925994,0.027202,-17.01937
125149,315.0,342.392,8.92911,9.028653,9.028653,0.102659,-25.02774
125150,316.0,343.628,8.929114,9.014254,9.014254,-0.014399,-20.99135
125151,317.0,343.496,8.849138,8.850122,8.850122,-0.164132,2.14824
125152,318.0,344.622,8.769843,8.841833,8.841833,-0.008289,-19.04629
125153,319.0,344.96,8.790319,8.796815,8.796815,-0.045018,-3.16513
125154,320.0,347.211,8.870833,9.151977,9.151977,0.355162,-47.26593
125155,321.0,348.073,9.542917,9.58177,9.58177,0.429793,-21.88479
125156,322.0,349.225,10.874863,10.93571,10.93571,1.35394,-47.96425
125157,323.0,349.529,11.268027,11.272127,11.272127,0.336417,-9.62221
125158,324.0,350.897,11.603863,11.684222,11.684222,0.412095,-32.03713
125159,325.0,352.189,11.917952,11.987779,11.987779,0.303557,-28.08119
125200,326.0,352.512,11.779241,11.783668,11.783668,-0.204111,0.50156
125201,327.0,353.334,12.115622,12.143475,12.143475,0.359807,-20.33556
125202,328.0,354.256,12.553598,12.58741,12.58741,0.443935,-24.74508
125203,329.0,355.957,13.29828,13.406627,13.406627,0.819217,-50.64361
125204,330.0,357.067,13.520303,13.565791,13.565791,0.159164,-21.81003
125205,331.0,357.749,13.829124,13.84593,13.84593,0.280139,-16.98221
125206,332.0,358.682,14.001164,14.032216,14.032216,0.186286,-19.39414
125207,333.0,359.514,14.154651,14.179082,14.179082,0.146866,-16.42723
125208,334.0,360.296,14.213943,14.235439,14.235439,0.056357,-12.94655
125209,335.0,361.097,14.117249,14.139954,14.139954,-0.095485,-9.03911
125210,336.0,362.78,13.167454,13.274574,13.274574,-0.86538,-5.90057
125211,337.0,363.226,11.963304,11.971614,11.971614,-1.30296,7.57214
125212,338.0,363.618,10.50949,10.516799,10.516799,-1.454815,7.48726
125213,339.0,365.076,9.199361,9.314183,9.314183,-1.202616,-3.30126
125214,340.0,364.997,7.945813,7.946206,7.946206,-1.367977,7.26345
125215,341.0,364.191,6.718682,6.766855,6.766855,-1.179351,9.6204
125216,342.0,364.865,4.802085,4.849154,4.849154,-1.917701,1.66725
125217,343.0,365.853,2.561731,2.745653,2.745653,-2.103501,-7.27388
125218,344.0,366.683,1.481222,1.697916,1.697916,-1.047737,-12.41801
125219,345.0,366.315,0.685849,0.77834,0.77834,-0.919576,2.25836
125220,346.0,366.691,0.838304,0.918766,0.918766,0.140426,-7.62028
125221,347.0,367.89,0.333585,1.24454,1.24454,0.325774,-24.0118
125222,348.0,366.942,1.039237,1.406669,1.406669,0.162129,5.10087
125223,349.0,367.092,1.586373,1.593449,1.593449,0.18678,-3.37777
125224,350.0,367.568,1.44244,1.51895,1.51895,-0.074499,-8.90309
125225,351.0,367.053,1.184357,1.291482,1.291482,-0.227468,2.90221
125226,352.0,367.108,0.740611,0.74265,0.74265,-0.548832,-0.39454
125227,353.0,367.185,0.650856,0.655395,0.655395,-0.087255,-1.53795
125228,354.0,366.73,0.452753,0.641881,0.641881,-0.013514,2.33252
125229,355.0,367.1,0.253791,0.448676,0.448676,-0.193205,-0.26028
125230,356.0,367.396,0.202462,0.358618,0.358618,-0.090058,-0.30002
125231,357.0,367.124,0.139717,0.305786,0.305786,-0.052832,-0.31407
125232,358.0,366.244,0.084597,0.884057,0.884057,0.578271,4.49716
125233,359.0,365.985,0.084597,0.272466,0.272466,-0.611591,-0.22856
125234,360.0,367.452,0.139717,1.473638,1.473638,1.201172,-31.82997
125235,361.0,366.957,0.084597,0.502177,0.502177,-0.971461,2.83239
125236,362.0,366.886,0.139717,0.156723,0.156723,-0.345454,-0.30465
125237,363.0,367.539,0.139717,0.66778,0.66778,0.511057,-13.4779
125238,364.0,366.873,0.111195,0.675219,0.675219,0.007439,3.54324
125239,365.0,367.695,0.111195,0.829487,0.829487,0.154268,-16.28303
125240,366.0,366.881,0.139717,0.825904,0.825904,-0.003583,4.41383
125241,367.0,367.671,0.111195,0.797787,0.797787,-0.028117,-15.3755
125242,368.0,367.631,0.139717,0.14533,0.14533,-0.652457,-0.28174
125243,369.0,367.874,0.279435,0.370314,0.370314,0.224984,-0.62212
125244,370.0,367.547,3.448716,3.464184,3.464184,3.09387,-16.20842
125245,371.0,367.703,8.372609,8.374063,8.374063,4.909879,-81.78088
125246,372.0,368.072,10.376415,10.382974,10.382974,2.008911,-45.01881
125247,373.0,369.56,10.836142,10.93783,10.93783,0.554856,-37.22156
125248,374.0,368.807,10.435113,10.462246,10.462246,-0.475584,8.01276
125249,375.0,369.93,9.379529,9.446518,9.446518,-1.015728,-0.22378
125250,376.0,370.556,9.607935,9.628307,9.628307,0.181789,-12.61876
125251,377.0,372.126,10.57519,10.691097,10.691097,1.06279,-49.38347
125252,378.0,371.264,11.507573,11.539813,11.539813,0.848716,0.1254
125253,379.0,372.604,11.85069,11.926208,11.926208,0.386395,-30.96022
125254,380.0,373.492,11.913332,11.946381,11.946381,0.020173,-13.57156
125255,381.0,373.843,12.022328,12.027451,12.027451,0.08107,-4.49816
125256,382.0,374.943,11.60419,11.656209,11.656209,-0.371242,-8.81242
125257,383.0,374.731,10.884194,10.886258,10.886258,-0.769951,6.95749
125258,384.0,375.672,9.743878,9.789211,9.789211,-1.097047,1.54289
125259,385.0,375.265,8.074111,8.084362,8.084362,-1.704849,10.88067
125300,386.0,375.775,6.626642,6.646239,6.646239,-1.438123,2.95046
125301,387.0,376.568,6.282547,6.332397,6.332397,-0.313842,-9.79976
125302,388.0,376.911,6.302452,6.311778,6.311778,-0.020619,-4.75795
125303,389.0,376.557,7.098676,7.107497,7.107497,0.795719,-6.93197
125304,390.0,377.854,7.422464,7.534931,7.534931,0.427434,-29.39547
125305,391.0,378.034,7.822257,7.824328,7.824328,0.289397,-5.75791
125306,392.0,377.759,7.975831,7.980571,7.980571,0.156243,1.27921
125307,393.0,376.927,7.60594,7.65131,7.65131,-0.329261,6.66234
125308,394.0,376.369,7.098678,7.120575,7.120575,-0.530735,5.76271
125309,395.0,376.261,7.200956,7.201765,7.201765,0.08119,0.61545
125310,396.0,376.01,6.789942,6.79458,6.79458,-0.407185,3.36261
125311,397.0,375.365,6.732748,6.763573,6.763573,-0.031007,4.12765
125312,398.0,375.445,6.621812,6.622296,6.622296,-0.141277,0.3608
125313,399.0,375.146,5.534986,5.543056,5.543056,-1.07924,5.39531
125314,400.0,374.763,4.228794,4.246102,4.246102,-1.296954,5.47198
125315,401.0,374.707,3.577666,3.578104,3.578104,-0.667998,1.69382
125316,402.0,374.839,2.499203,2.502686,2.502686,-1.075418,0.68933
125317,403.0,374.002,1.157468,1.428391,1.428391,-1.074295,5.49848
125318,404.0,373.341,0.477897,0.815663,0.815663,-0.612728,3.82312
125319,405.0,373.169,0.672512,0.694159,0.694159,-0.121504,0.75074
125320,406.0,374.01,0.748084,1.125571,1.125571,0.431412,-17.27063
125321,407.0,372.895,0.555975,1.245926,1.245926,0.120355,6.09503
125322,408.0,373.735,0.475875,0.965431,0.965431,-0.280495,-15.80465
125323,409.0,373.703,0.22239,0.22468,0.22468,-0.740751,-0.23282
125324,410.0,374.448,0.0846,0.749788,0.749788,0.525108,-15.33954
125325,411.0,374.62,0.0,0.172,0.0,-0.749788,-0.35
125326,412.0,374.982,0.139719,0.388028,0.388028,0.388028,-0.76006
125327,413.0,373.938,0.22239,1.067424,1.067424,0.679396,5.33245
125328,414.0,374.337,0.139719,0.422756,0.422756,-0.644668,-0.15336
125329,415.0,374.034,0.237938,0.385258,0.385258,-0.037498,-0.3082
125330,416.0,374.369,0.237938,0.410901,0.410901,0.025643,-0.32066
125331,417.0,374.485,0.139719,0.181597,0.181597,-0.229304,-0.30984
125332,418.0,374.102,0.111195,0.398815,0.398815,0.217218,-0.63696
125333,419.0,373.325,0.0846,0.781592,0.781592,0.382777,4.0193
125334,420.0,373.687,0.0,0.362,0.0,-0.781592,-0.35
125335,421.0,372.739,0.0846,0.951767,0.951767,0.951767,4.66308
125336,422.0,373.421,0.0846,0.687227,0.687227,-0.26454,-13.00116
125337,423.0,372.918,0.111195,0.515144,0.515144,-0.172083,2.64512
125338,424.0,373.257,0.44478,0.559241,0.559241,0.044097,-6.80236
125339,425.0,373.365,2.348846,2.351327,2.351327,1.792086,-10.07119
125340,426.0,373.679,4.829044,4.839242,4.839242,2.487915,-28.73241
125341,427.0,372.44,7.629103,7.729057,7.729057,2.889815,-22.96387
125342,428.0,372.258,8.339017,8.341003,8.341003,0.611946,-9.66107
125343,429.0,370.958,8.596206,8.693949,8.693949,0.352946,6.20297
125344,430.0,371.719,7.750159,7.787432,7.787432,-0.906517,0.16571
125345,431.0,371.465,7.326773,7.331174,7.331174,-0.456258,3.77977
125346,432.0,371.465,8.121618,8.121618,8.121618,0.790444,-15.69416
125347,433.0,371.624,9.594512,9.595829,9.595829,1.474211,-28.06325
125348,434.0,372.102,10.834068,10.844607,10.844607,1.248778,-32.46116
125349,435.0,372.047,11.870687,11.870814,11.870814,1.026207,-27.75141
125350,436.0,371.225,12.256519,12.284053,12.284053,0.413239,2.68774
125351,437.0,372.543,12.11082,12.182326,12.182326,-0.101727,-18.87653
125352,438.0,371.632,11.867497,11.902412,11.902412,-0.279914,8.17479
125353,439.0,371.978,11.563936,11.569111,11.569111,-0.333301,1.18698
125354,440.0,371.655,11.365279,11.369867,11.369867,-0.199244,4.077
125355,441.0,371.507,11.595037,11.595981,11.595981,0.226114,0.23261
125356,442.0,372.134,11.614744,11.631656,11.631656,0.035675,-9.02661
125357,443.0,371.225,11.801606,11.836561,11.836561,0.204905,4.77113
125358,444.0,370.572,12.034265,12.051969,12.051969,0.215408,3.29148
125359,445.0,370.715,12.330607,12.331436,12.331436,0.279467,-5.38973
125400,446.0,372.158,12.223438,12.308318,12.308318,-0.023118,-23.20056
125401,447.0,371.404,12.19964,12.222919,12.222919,-0.085399,5.92315
125402,448.0,371.56,12.116929,12.117934,12.117934,-0.104985,0.86812
125403,449.0,371.719,11.845503,11.84657,11.84657,-0.271364,1.93145
125404,450.0,372.29,11.951588,11.96522,11.96522,0.11865,-9.74842
125405,451.0,371.201,12.011098,12.060365,12.060365,0.095145,6.65051
125406,452.0,371.209,12.116914,12.116917,12.116917,0.056552,0.5717
125407,453.0,371.286,11.823025,11.823276,11.823276,-0.293641,2.55129
125408,454.0,372.213,11.160357,11.19879,11.19879,-0.624486,-0.43317
125409,455.0,371.859,9.542751,9.549315,9.549315,-1.649475,11.91714
125410,456.0,371.743,7.382839,7.38375,7.38375,-2.165565,10.41831
125411,457.0,371.592,5.779608,5.78158,5.78158,-1.60217,6.49418
125412,458.0,371.576,4.433411,4.43344,4.43344,-1.34814,3.65121
125413,459.0,371.703,3.036992,3.039647,3.039647,-1.393793,1.67434
125414,460.0,372.305,1.644878,1.751579,1.751579,-1.288068,-7.04373
125415,461.0,373.497,0.672512,1.368626,1.368626,-0.382953,-22.00443
125416,462.0,372.691,0.672512,1.049718,1.049718,-0.318908,4.58208
125417,463.0,372.815,2.826987,2.829706,2.829706,1.779988,-11.86164
125418,464.0,373.162,5.46831,5.479308,5.479308,2.649602,-34.04954
125419,465.0,373.201,8.013316,8.01341,8.01341,2.534102,-38.57533
125420,466.0,373.341,9.631226,9.632243,9.632243,1.618833,-30.53541
125421,467.0,373.97,9.456746,9.477641,9.477641,-0.154602,-6.3956
125422,468.0,375.357,8.89717,9.004632,9.004632,-0.473009,-15.7684
125423,469.0,375.069,8.308005,8.312996,8.312996,-0.691636,5.50399
125424,470.0,374.895,7.607828,7.609817,7.609817,-0.703179,4.52926
125425,471.0,375.592,6.944661,6.97955,6.97955,-0.630267,-2.94098
125426,472.0,375.78,6.742273,6.744893,6.744893,-0.234657,0.13201
125427,473.0,376.599,6.430496,6.48244,6.48244,-0.262453,-10.81388
125428,474.0,376.48,5.779545,5.78077,5.78077,-0.70167,3.25115
125429,475.0,377.823,5.113707,5.287121,5.287121,-0.493649,-19.58854
125430,476.0,376.7,3.993189,4.148094,4.148094,-1.139027,9.26733
125431,477.0,376.816,2.964921,2.967189,2.967189,-1.180905,1.30075
125432,478.0,376.715,1.937063,1.939694,1.939694,-1.027495,1.57162
125433,479.0,376.676,1.014957,1.015706,1.015706,-0.923988,0.51398
125434,480.0,375.939,1.068593,1.298099,1.298099,0.282393,3.79415
125435,481.0,376.568,1.353588,1.492595,1.492595,0.194496,-12.671
125436,482.0,376.047,1.394087,1.48826,1.48826,-0.004335,2.78521
125437,483.0,376.919,0.874734,1.235129,1.235129,-0.253131,-16.26291
125438,484.0,377.006,0.685867,0.691363,0.691363,-0.543766,-1.0918
125439,485.0,376.605,0.253798,0.474567,0.474567,-0.216796,-0.24853
125440,486.0,376.496,0.111195,0.155709,0.155709,-0.318858,-0.30738
125441,487.0,376.795,0.111195,0.319007,0.319007,0.163298,-0.54556
125442,488.0,376.301,0.084599,0.501192,0.501192,0.182185,2.48634
125443,489.0,376.457,0.084599,0.177463,0.177463,-0.323729,-0.30091
125444,490.0,376.409,0.0,0.048,0.0,-0.177463,-0.35
125445,491.0,376.903,0.084599,0.501192,0.501192,0.501192,-10.2688
125446,492.0,376.166,0.0,0.737,0.0,-0.501192,-0.35
125447,493.0,375.828,0.139719,0.365739,0.365739,0.365739,-0.7204
125448,494.0,376.377,0.084599,0.55548,0.55548,0.189741,-11.03045
125449,495.0,376.636,0.084599,0.272467,0.272467,-0.283013,-0.28115
125450,496.0,376.198,0.139719,0.459745,0.459745,0.187278,-0.65363
125451,497.0,376.66,0.084599,0.469682,0.469682,0.009937,-0.31213
125452,498.0,376.568,0.139719,0.167288,0.167288,-0.302394,-0.30582
125453,499.0,376.919,0.084599,0.361051,0.361051,0.193763,-0.59306
125454,500.0,377.429,0.139719,0.528792,0.528792,0.167741,-10.24983
125455,501.0,377.807,0.084599,0.387351,0.387351,-0.141441,-0.28433
125456,502.0,376.974,0.404932,0.926207,0.926207,0.538856,4.23712
125457,503.0,377.265,4.311826,4.321635,4.321635,3.395428,-33.65721
125458,504.0,378.121,7.721292,7.768596,7.768596,3.446961,-67.27508
125459,505.0,378.253,9.279075,9.280014,9.280014,1.511418,-27.44357
125500,506.0,378.771,9.779882,9.793591,9.793591,0.513577,-16.92752
125501,507.0,379.149,9.515911,9.523415,9.523415,-0.270176,-0.04552
125502,508.0,379.36,8.565156,8.567755,8.567755,-0.95566,4.09211
125503,509.0,379.265,8.503588,8.504118,8.504118,-0.063637,1.35585
125504,510.0,378.998,8.565164,8.569324,8.569324,0.065206,1.70895
125505,511.0,379.086,7.615667,7.616176,7.616176,-0.953148,4.14113
125506,512.0,379.532,6.127091,6.143302,6.143302,-1.472874,2.96572
125507,513.0,379.659,3.801411,3.803532,3.803532,-2.33977,4.48389
125508,514.0,380.106,2.900258,2.934503,2.934503,-0.869029,-3.10578
125509,515.0,380.695,2.973928,3.031694,3.031694,0.097191,-11.4435
125510,516.0,381.292,4.174531,4.217003,4.217003,1.185309,-20.51438
125511,517.0,381.99,5.656684,5.699585,5.699585,1.482582,-28.79162
125512,518.0,382.603,7.141559,7.16782,7.16782,1.468235,-30.70805
125513,519.0,383.041,7.744478,7.756854,7.756854,0.589034,-15.33264
125514,520.0,383.192,8.362736,8.364099,8.364099,0.607245,-10.53594
125515,521.0,384.117,8.820038,8.86841,8.86841,0.504311,-24.11895
125516,522.0,384.032,8.955331,8.955734,8.955734,0.087324,0.57763
125517,523.0,384.172,8.890202,8.891304,8.891304,-0.06443,0.06876
125518,524.0,383.821,8.88778,8.894708,8.894708,0.003404,2.54426
125519,525.0,384.172,9.224655,9.231331,9.231331,0.336623,-10.149
125520,526.0,384.103,9.437481,9.437733,9.437733,0.206402,-0.1368
125521,527.0,385.287,9.17259,9.24869,9.24869,-0.189043,-16.68848
125522,528.0,384.967,8.514425,8.520436,8.520436,-0.728254,5.9813
125523,529.0,384.96,7.887851,7.887854,7.887854,-0.632582,3.3872
125524,530.0,385.004,7.274154,7.274287,7.274287,-0.613567,2.71291
125525,531.0,384.566,6.800212,6.814303,6.814303,-0.459984,4.65836
125526,532.0,385.398,6.599506,6.651744,6.651744,-0.162559,-12.22827
125527,533.0,384.354,5.925055,6.016328,6.016328,-0.635416,8.46887
125528,534.0,386.035,5.203939,5.468706,5.468706,-0.547622,-25.3139
125529,535.0,386.505,4.656774,4.680432,4.680432,-0.788274,-0.75004
125530,536.0,386.23,3.50354,3.514316,3.514316,-1.166116,3.9531
125531,537.0,386.513,2.49191,2.507928,2.507928,-1.006388,-0.27871
125532,538.0,386.489,2.561812,2.561924,2.561924,0.053996,-0.06864
125533,539.0,386.075,1.358966,1.420629,1.420629,-1.141295,3.11131
125534,540.0,385.258,0.333585,0.882478,0.882478,-0.538151,4.71325
125535,541.0,385.398,0.752842,0.765748,0.765748,-0.11673,-2.66249
125536,542.0,385.525,1.487216,1.492629,1.492629,0.726881,-4.51655
125537,543.0,385.327,1.36658,1.38085,1.38085,-0.111779,1.00143
125538,544.0,384.698,0.650864,0.905133,0.905133,-0.475717,3.60585
125539,545.0,385.131,0.277092,0.514071,0.514071,-0.391062,-8.19061
125540,546.0,385.438,0.084601,0.318444,0.318444,-0.195627,-0.28588
125541,547.0,385.195,0.13972,0.280304,0.280304,-0.03814,-0.31949
125542,548.0,385.485,0.111195,0.310587,0.310587,0.030283,-0.32867
125543,549.0,384.944,0.111195,0.552309,0.552309,0.241722,2.73681
125544,550.0,385.533,0.084601,0.595045,0.595045,0.042736,-11.63582
125545,551.0,385.454,0.0,0.079,0.0,-0.595045,-0.35
125546,552.0,385.673,0.084601,0.234773,0.234773,0.234773,-0.52705
125547,553.0,385.131,0.084601,0.548563,0.548563,0.31379,2.71956
125548,554.0,385.414,0.111195,0.304061,0.304061,-0.244502,-0.28004
125549,555.0,385.908,0.202468,0.533882,0.533882,0.229821,-10.00558
125550,556.0,385.76,1.012352,1.023113,1.023113,0.489231,0.29744
125551,557.0,385.964,4.039736,4.044883,4.044883,3.02177,-27.2213
125552,558.0,385.398,5.794237,5.821816,5.821816,1.776933,-11.61777
125553,559.0,385.995,7.562183,7.585712,7.585712,1.763896,-35.87729
125554,560.0,385.987,7.835764,7.835768,7.835768,0.250056,-6.61748
125555,561.0,387.66,7.218326,7.409667,7.409667,-0.426101,-24.13413
125556,562.0,386.703,6.736915,6.804548,6.804548,-0.605119,8.22543
125557,563.0,387.353,7.742876,7.770111,7.770111,0.965563,-25.22592
125558,564.0,387.919,8.015397,8.035356,8.035356,0.265245,-12.88801
125559,565.0,387.25,8.687344,8.713065,8.713065,0.677709,0.90294
125600,566.0,387.66,9.111116,9.120336,9.120336,0.407271,-12.53882
125601,567.0,387.087,9.076933,9.095001,9.095001,-0.025335,4.00224
125602,568.0,386.529,8.645617,8.663606,8.663606,-0.431395,5.92107
125603,569.0,387.266,8.574546,8.606162,8.606162,-0.057444,-10.78166
125604,570.0,386.151,8.160381,8.236203,8.236203,-0.369959,8.67258
125605,571.0,386.373,8.292795,8.295766,8.295766,0.059563,-2.88657
125606,572.0,386.035,8.147004,8.154013,8.154013,-0.141753,3.07434
125607,573.0,386.09,8.416966,8.417145,8.417145,0.263132,-2.9994
125608,574.0,385.335,8.619138,8.652142,8.652142,0.234997,3.66515
125609,575.0,386.122,9.089733,9.123739,9.123739,0.471597,-21.00109
125610,576.0,386.341,9.160501,9.163119,9.163119,0.03938,-2.19902
125611,577.0,385.327,8.893794,8.951411,8.951411,-0.211708,7.5029
125612,578.0,386.207,8.622392,8.667182,8.667182,-0.284229,-9.63795
125613,579.0,386.954,8.015449,8.050182,8.050182,-0.617,-2.37256
125614,580.0,386.513,7.54642,7.559294,7.559294,-0.490888,5.09834
125615,581.0,386.175,7.086472,7.094528,7.094528,-0.464766,4.20894
125616,582.0,386.648,6.884004,6.900234,6.900234,-0.194294,-4.67063
125617,583.0,385.94,5.859019,5.901641,5.901641,-0.998593,7.73688
125618,584.0,385.884,5.184482,5.184784,5.184784,-0.716857,2.62796
125619,585.0,385.263,3.237747,3.296763,3.296763,-1.888021,7.17576
125620,586.0,384.746,1.425551,1.516405,1.516405,-1.780358,4.34667
125621,587.0,384.331,0.475877,0.631414,0.631414,-0.884991,2.42426
125622,588.0,384.415,0.554192,0.560522,0.560522,-0.070892,-1.73562
125623,589.0,384.151,0.955815,0.991604,0.991604,0.431082,1.00606
125624,590.0,385.617,0.752847,1.648009,1.648009,0.656405,-30.40013
125625,591.0,384.944,0.613814,0.910877,0.910877,-0.737132,4.00137
125626,592.0,383.694,0.650867,1.409301,1.409301,0.498424,6.56271
125627,593.0,385.226,0.202471,1.545321,1.545321,0.13602,-29.98792
125628,594.0,384.841,0.139721,0.409569,0.409569,-1.135752,-0.04135
125629,595.0,385.131,0.139721,0.321903,0.321903,-0.087666,-0.30559
125630,596.0,385.044,0.0,0.087,0.0,-0.321903,-0.35
125631,597.0,383.969,0.084602,1.078324,1.078324,1.078324,5.255
125632,598.0,384.502,0.139721,0.551009,0.551009,-0.527315,-9.94004
125633,599.0,385.311,0.084602,0.813412,0.813412,0.262403,-16.20469
125634,600.0,384.439,0.169204,0.888265,0.888265,0.074853,4.71267
125635,601.0,384.37,0.0,0.069,0.0,-0.888265,-0.35
125636,602.0,384.156,0.084602,0.230116,0.230116,0.230116,-0.52142
125637,603.0,384.518,0.0,0.362,0.0,-0.230116,-0.35
125638,604.0,383.834,0.0,0.684,0.0,0.0,-0.35
125639,605.0,383.702,0.0,0.132,0.0,0.0,-0.35
125640,606.0,384.135,0.084602,0.441188,0.441188,0.441188,-0.86256
125641,607.0,384.135,0.111195,0.111195,0.111195,-0.329993,-0.31883
125642,608.0,384.127,0.084602,0.08498,0.08498,-0.026215,-0.34135
125643,609.0,384.095,0.0,0.032,0.0,-0.08498,-0.35
125644,610.0,384.502,0.279441,0.493697,0.493697,0.493697,-0.97476
125645,611.0,384.479,1.561468,1.561637,1.561637,1.06794,-3.65329
125646,612.0,384.809,4.103678,4.116925,4.116925,2.555288,-26.27678
125647,613.0,383.482,6.604638,6.736629,6.736629,2.619704,-11.62537
125648,614.0,384.135,8.553663,8.578552,8.578552,1.841923,-41.34067
125649,615.0,383.985,9.577664,9.578838,9.578838,1.000286,-19.65241
125650,616.0,383.889,9.526805,9.527289,9.527289,-0.051549,1.4634
125651,617.0,384.204,10.141484,10.146375,10.146375,0.619086,-15.30422
125652,618.0,383.702,10.290964,10.303201,10.303201,0.156826,2.67163
125653,619.0,383.757,10.457923,10.458068,10.458068,0.154867,-0.91571
125654,620.0,384.127,10.247404,10.254081,10.254081,-0.203987,-0.18232
125655,621.0,383.482,9.969845,9.990688,9.990688,-0.263393,5.94697
125656,622.0,383.929,9.494023,9.50454,9.50454,-0.486148,0.75705
125657,623.0,383.562,9.437676,9.444809,9.444809,-0.059731,3.05697
125658,624.0,383.985,8.954952,8.964937,8.964937,-0.479872,0.6379
125659,625.0,383.482,8.421711,8.436719,8.436719,-0.528218,5.99837
125700,626.0,382.674,8.019113,8.059717,8.059717,-0.377002,6.87727
125701,627.0,382.973,7.542104,7.548028,7.548028,-0.511689,0.92186
125702,628.0,382.798,7.070011,7.072177,7.072177,-0.475851,3.30713
125703,629.0,382.46,6.401481,6.410398,6.410398,-0.661779,4.68886
125704,630.0,382.431,5.521081,5.521158,5.521158,-0.88924,3.20712
125705,631.0,382.132,4.578463,4.588215,4.588215,-0.932943,4.30051
125706,632.0,382.988,3.771057,3.86699,3.86699,-0.721225,-10.26671
125707,633.0,382.949,2.594194,2.594488,2.594488,-1.272502,2.04129
125708,634.0,382.877,1.816377,1.817803,1.817803,-0.776685,1.05238
125709,635.0,382.587,2.591152,2.60733,2.60733,0.789527,0.34031
125710,636.0,382.188,3.960783,3.980829,3.980829,1.373499,-4.61022
125711,637.0,382.492,6.329486,6.336782,6.336782,2.355953,-33.72765
125712,638.0,383.025,8.42174,8.438589,8.438589,2.101807,-42.89554
125713,639.0,383.443,9.921183,9.929985,9.929985,1.491396,-34.23811
125714,640.0,383.208,9.633242,9.636108,9.636108,-0.293877,3.65386
125715,641.0,383.905,8.004176,8.034466,8.034466,-1.601642,3.97584
125716,642.0,384.008,5.132748,5.133781,5.133781,-2.900685,8.27069
125717,643.0,383.427,2.712887,2.774404,2.774404,-2.359377,7.08649
125718,644.0,383.152,1.720731,1.742567,1.742567,-1.031837,2.44237
125719,645.0,383.012,2.375266,2.379389,2.379389,0.636822,-0.22535
125720,646.0,382.753,2.760454,2.772578,2.772578,0.393189,0.74542
125721,647.0,384.095,3.632761,3.872714,3.872714,1.100136,-33.59738
125722,648.0,382.571,3.951763,4.235447,4.235447,0.362733,7.90859
125723,649.0,381.921,3.484933,3.545033,3.545033,-0.690414,5.14732
125724,650.0,381.559,3.627397,3.645415,3.645415,0.100382,1.84444
125725,651.0,382.83,5.553236,5.69683,5.69683,2.051415,-46.28155
125726,652.0,382.869,7.138178,7.138284,7.138284,1.441454,-19.1381
125727,653.0,382.32,7.437585,7.457819,7.457819,0.319535,2.1295
125728,654.0,379.878,8.32247,8.673343,8.673343,1.215524,8.39061
125729,655.0,379.91,8.086031,8.086095,8.086095,-0.587248,3.0445
125730,656.0,379.038,7.01613,7.070111,7.070111,-1.015984,9.56592
125731,657.0,379.448,6.287486,6.30084,6.30084,-0.769271,0.7221
125732,658.0,378.732,5.947584,5.990527,5.990527,-0.310313,5.4225
125733,659.0,378.214,5.941209,5.963748,5.963748,-0.026779,3.2806
125734,660.0,377.704,7.862753,7.879276,7.879276,1.915528,-22.84334
125735,661.0,377.421,9.34415,9.348435,9.348435,1.469159,-25.17349
125736,662.0,376.269,10.987024,11.047253,11.047253,1.698818,-19.07873
125737,663.0,375.592,11.61876,11.638467,11.638467,0.591214,0.78579
125738,664.0,374.485,11.523499,11.576549,11.576549,-0.061918,7.71687
125739,665.0,374.8,9.530358,9.535562,9.535562,-2.040987,10.23981
125740,666.0,373.851,6.970602,7.034905,7.034905,-2.500657,16.11985
125741,667.0,374.792,4.929127,5.018145,5.018145,-2.01676,0.62774
125742,668.0,373.843,2.826299,2.98137,2.98137,-2.036775,8.94771
125743,669.0,373.751,1.12475,1.128507,1.128507,-1.852863,1.50617
125744,670.0,373.82,0.475879,0.480856,0.480856,-0.647651,-0.12548
125745,671.0,374.166,0.437396,0.557702,0.557702,0.076846,-6.97432
125746,672.0,374.166,0.674921,0.674921,0.674921,0.117219,-0.33808
125747,673.0,374.604,0.650874,0.784526,0.784526,0.109605,-8.77539
125748,674.0,373.6,0.512105,1.127061,1.127061,0.342535,5.30636
125749,675.0,374.298,0.419167,0.81419,0.81419,-0.312871,-13.13005
125750,676.0,374.282,0.23794,0.238477,0.238477,-0.575713,-0.24874
125751,677.0,373.664,0.111195,0.627924,0.627924,0.389447,3.12185
125752,678.0,373.687,0.111195,0.113549,0.113549,-0.514375,-0.30588
125753,679.0,374.063,0.139722,0.401121,0.401121,0.287572,-0.69434
125754,680.0,373.608,0.0,0.455,0.0,-0.401121,-0.35
125755,681.0,373.6,0.084605,0.084983,0.084983,0.084983,-0.3469
125756,682.0,373.397,0.111195,0.231459,0.231459,0.146476,-0.34991
125757,683.0,374.221,0.084605,0.828332,0.828332,0.596873,-17.04563
125758,684.0,373.568,0.111195,0.6624,0.6624,-0.165932,3.53473
125759,685.0,374.353,0.0,0.785,0.0,-0.6624,-0.35
125800,686.0,374.25,0.23794,0.259276,0.259276,0.259276,-0.55807
125801,687.0,373.962,2.177754,2.196715,2.196715,1.937439,-3.81925
125802,688.0,372.847,4.716865,4.846859,4.846859,2.650144,-5.58865
125803,689.0,373.162,7.249366,7.256206,7.256206,2.409347,-38.64171
125804,690.0,373.035,9.478492,9.479343,9.479343,2.223137,-42.74512
125805,691.0,372.831,10.35541,10.357419,10.357419,0.878076,-18.00578
125806,692.0,372.823,10.642131,10.642134,10.642134,0.284715,-9.96487
125807,693.0,372.776,11.141166,11.141265,11.141265,0.499131,-14.45428
125808,694.0,373.405,11.641189,11.658169,11.658169,0.516904,-20.13065
125810,696.0,371.719,27.387427,27.439274,13.719637,1.030734,-18.63044
125811,697.0,371.835,13.319545,13.32005,13.32005,-0.399587,2.78688
125812,698.0,372.282,14.788925,14.795679,14.795679,1.475629,-48.14714
125813,699.0,373.249,14.929157,14.960442,14.960442,0.164763,-20.02963
125814,700.0,373.098,15.239578,15.240326,15.240326,0.279884,-2.70423
125815,701.0,371.264,15.706083,15.812798,15.812798,0.572472,3.69656
125816,702.0,371.484,16.044225,16.045734,16.045734,0.232936,-8.45259
125817,703.0,372.926,16.488138,16.551074,16.551074,0.50534,-41.45659
125818,704.0,373.859,16.734084,16.760073,16.760073,0.208999,-22.08652
125819,705.0,372.596,16.838329,16.88563,16.88563,0.125557,3.48362
125820,706.0,373.711,16.623257,16.660609,16.660609,-0.225021,-11.25171
125821,707.0,371.891,16.062286,16.165068,16.165068,-0.495541,13.32412
125822,708.0,372.667,15.515265,15.534659,15.534659,-0.630409,-0.03362
125823,709.0,373.09,14.947129,14.953113,14.953113,-0.581546,1.83352
125824,710.0,372.456,14.297185,14.311235,14.311235,-0.641878,8.70154
125825,711.0,373.177,13.370189,13.389615,13.389615,-0.92162,3.37837
125826,712.0,372.66,12.009052,12.020176,12.020176,-1.369439,13.71795
125827,713.0,372.572,12.578977,12.579285,12.579285,0.559109,-17.64278
125828,714.0,373.233,12.127628,12.145628,12.145628,-0.433657,0.29031
125829,715.0,372.48,10.785908,10.812161,10.812161,-1.333467,13.60955
125830,716.0,373.13,10.923676,10.942998,10.942998,0.130837,-11.83179
125831,717.0,372.509,10.602267,10.620439,10.620439,-0.322559,6.36431
125832,718.0,371.827,10.821577,10.843046,10.843046,0.222607,3.31817
125833,719.0,372.017,11.247517,11.249122,11.249122,0.406076,-8.95996
125834,720.0,371.648,11.212137,11.218207,11.218207,-0.030915,3.19203
125835,721.0,371.185,11.019997,11.029719,11.029719,-0.188488,4.72288
125836,722.0,370.855,10.788894,10.79394,10.79394,-0.235779,4.19539
125837,723.0,368.754,9.229179,9.465302,9.465302,-1.328638,20.10773
125838,724.0,369.161,7.784105,7.794738,7.794738,-1.670564,5.70868
125839,725.0,369.013,6.449861,6.451559,6.451559,-1.343179,6.19678
125840,726.0,368.479,5.915156,5.939211,5.939211,-0.512348,5.0639
125841,727.0,368.659,6.557187,6.559657,6.559657,0.620446,-9.80363
125842,728.0,367.639,8.003128,8.067866,8.067866,1.508209,-7.26562
125843,729.0,368.556,8.385752,8.435741,8.435741,0.367875,-21.44174
125844,730.0,367.428,7.424685,7.509883,7.509883,-0.925858,10.95612
125845,731.0,367.766,7.087074,7.09513,7.09513,-0.414753,0.10548
125846,732.0,368.424,7.221017,7.250934,7.250934,0.155804,-12.99897
125847,733.0,368.855,7.326801,7.339467,7.339467,0.088533,-7.62062
125848,734.0,369.066,5.263181,5.267409,5.267409,-2.072058,5.32565
125849,735.0,368.699,2.558883,2.585067,2.585067,-2.682342,6.06428
125850,736.0,369.098,1.505579,1.557553,1.557553,-1.027514,-4.46376
125851,737.0,369.764,1.781206,1.901644,1.901644,0.344091,-13.98555
125852,738.0,369.185,1.687364,1.783939,1.783939,-0.117705,3.26495
125853,739.0,369.034,0.831357,0.844959,0.844959,-0.93898,1.05931
125854,740.0,369.764,0.423053,0.843726,0.843726,-0.001233,-14.24217
125855,741.0,369.671,0.139726,0.167846,0.167846,-0.67588,-0.26885
125856,742.0,370.197,0.769572,0.932157,0.932157,0.764311,-11.67376
125857,743.0,368.918,0.769572,1.492676,1.492676,0.560519,6.65826
125858,744.0,368.87,0.769572,0.771067,0.771067,-0.721609,0.32016
125859,745.0,368.392,0.423053,0.638324,0.638324,-0.132743,2.50942
125900,746.0,368.464,0.084611,0.111099,0.111099,-0.527225,-0.30599
125901,747.0,369.061,0.169221,0.62052,0.62052,0.509421,-12.35729
125902,748.0,368.667,0.139726,0.418042,0.418042,-0.202478,-0.26413
125903,749.0,369.272,0.084611,0.610888,0.610888,0.192846,-12.12351
125904,750.0,369.843,0.0,0.571,0.0,-0.610888,-0.35
125905,751.0,369.616,0.0,0.227,0.0,0.0,-0.35
125906,752.0,370.345,0.084611,0.733894,0.733894,0.733894,-15.32033
125907,753.0,369.859,0.0,0.486,0.0,-0.733894,-0.35
125908,754.0,369.217,0.139726,0.657029,0.657029,0.657029,3.15274
125909,755.0,368.722,0.084611,0.502179,0.502179,-0.15485,2.5915
125910,756.0,368.479,0.169221,0.296116,0.296116,-0.206063,-0.28856
125911,757.0,369.56,0.169221,1.094165,1.094165,0.798049,-22.69383
125912,758.0,369.304,0.169221,0.306874,0.306874,-0.787291,-0.18155
125913,759.0,369.568,0.338443,0.429231,0.429231,0.122357,-0.34374
125914,760.0,367.758,2.433462,3.032794,3.032794,2.603563,5.70874
125915,761.0,368.675,4.993268,5.076772,5.076772,2.043978,-37.04987
125916,762.0,368.086,4.927534,4.962611,4.962611,-0.114161,3.82678
125917,763.0,368.802,4.032278,4.095354,4.095354,-0.867257,-5.97628
125918,764.0,367.626,2.216952,2.509553,2.509553,-1.585801,8.98389
125919,765.0,368.564,0.562376,1.093668,1.093668,-1.415885,-15.14257
125920,766.0,369.536,1.26916,1.598609,1.598609,0.504941,-20.30409
125921,767.0,369.898,0.679756,0.770138,0.770138,-0.828471,-5.87795
125922,768.0,369.121,0.613843,0.990218,0.990218,0.22008,4.08514
125923,769.0,369.882,0.279451,0.810687,0.810687,-0.179531,-14.56694
125924,770.0,369.803,0.437422,0.444499,0.444499,-0.366188,-0.21595
125925,771.0,369.452,1.122195,1.175807,1.175807,0.731308,1.26943
125926,772.0,369.771,1.184549,1.226751,1.226751,0.050944,-6.29477
125927,773.0,369.034,2.707541,2.806055,2.806055,1.579304,1.5401
125928,774.0,369.034,4.48878,4.48878,4.48878,1.682725,-16.62023
125929,775.0,368.974,5.634065,5.634384,5.634384,1.145604,-13.67278
125930,776.0,369.505,6.071718,6.094893,6.094893,0.460509,-14.27553
125931,777.0,369.129,5.909189,5.921139,5.921139,-0.173754,2.96844
125932,778.0,370.189,5.197102,5.3041,5.3041,-0.617039,-12.79237
125933,779.0,369.962,5.091346,5.096404,5.096404,-0.207696,2.04307
125934,780.0,370.102,5.386564,5.388383,5.388383,0.291979,-4.5123
125935,781.0,370.564,5.114363,5.135188,5.135188,-0.253195,-5.16137
125936,782.0,370.54,4.074975,4.075045,4.075045,-1.060143,2.6898
125937,783.0,370.982,1.780297,1.834345,1.834345,-2.2407,-0.32302
125938,784.0,371.233,0.607454,0.657268,0.657268,-1.177077,-3.49305
125939,785.0,370.918,0.477944,0.572412,0.572412,-0.084856,1.5432
125940,786.0,371.381,1.27402,1.355542,1.355542,0.78313,-11.0188
125941,787.0,370.464,3.390369,3.512191,3.512191,2.156649,0.79584
125942,788.0,370.141,4.538083,4.549564,4.549564,1.037373,-4.7885
125943,789.0,370.281,4.893517,4.895519,4.895519,0.345955,-4.91567
125944,790.0,370.126,5.221901,5.2242,5.2242,0.328681,0.01059
125945,791.0,370.281,4.5666,4.56923,4.56923,-0.65497,0.92607
125946,792.0,369.882,2.771185,2.799762,2.799762,-1.769468,5.10501
125947,793.0,369.771,1.635476,1.639238,1.639238,-1.160524,1.54953
125948,794.0,369.639,0.475883,0.493851,0.493851,-1.145387,0.02497
125949,795.0,370.078,0.607454,0.749481,0.749481,0.25563,-9.01348
125950,796.0,370.046,0.674945,0.675703,0.675703,-0.073778,-0.07786
125951,797.0,370.377,0.35624,0.48628,0.48628,-0.189423,-0.25384
125952,798.0,370.041,0.437421,0.551574,0.551574,0.065294,1.61272
125953,799.0,370.237,0.35624,0.406599,0.406599,-0.144975,-0.28022
125954,800.0,369.727,0.344148,0.615254,0.615254,0.208655,2.56664
125955,801.0,370.974,0.111195,1.251948,1.251948,0.636694,-25.7127
125956,802.0,370.855,0.253831,0.280341,0.280341,-0.971607,-0.16577
125957,803.0,370.297,0.519698,0.762528,0.762528,0.482187,2.71543
125958,804.0,371.249,1.18646,1.521181,1.521181,0.758653,-20.62435
125959,805.0,370.902,1.701023,1.736055,1.736055,0.214874,1.58139
130000,806.0,370.855,1.837304,1.837905,1.837905,0.10185,-0.0292
130001,807.0,370.353,1.691226,1.764156,1.764156,-0.073749,2.77258
130002,808.0,370.289,1.232463,1.234124,1.234124,-0.530032,0.51002
130003,809.0,370.377,0.754619,0.759733,0.759733,-0.474391,-1.12191
130004,810.0,370.165,0.60262,0.638823,0.638823,-0.12091,0.97227
130005,811.0,370.369,0.53875,0.57608,0.57608,-0.062743,-4.06252
130006,812.0,370.377,0.333585,0.333681,0.333681,-0.242399,-0.27364
130007,813.0,369.679,0.279451,0.751862,0.751862,0.418181,3.55254
130008,814.0,369.121,0.277118,0.623024,0.623024,-0.128838,2.96647
130009,815.0,369.412,0.253831,0.386149,0.386149,-0.236875,-0.26288
130010,816.0,369.993,0.08461,0.587129,0.587129,0.20098,-11.66595
130011,817.0,369.679,0.08461,0.3252,0.3252,-0.261929,-0.27185
130012,818.0,369.679,0.111195,0.111195,0.111195,-0.214005,-0.32641
130013,819.0,369.835,0.0,0.156,0.0,-0.111195,-0.35
130014,820.0,370.934,0.08461,1.102252,1.102252,1.102252,-23.7149
130015,821.0,369.523,0.139726,1.417901,1.417901,0.315649,7.64092
130016,822.0,369.491,0.202485,0.204998,0.204998,-1.212903,-0.18623
130017,823.0,369.719,0.169221,0.283936,0.283936,0.078938,-0.33862
130018,824.0,370.03,0.202485,0.371108,0.371108,0.087172,-0.33692
130019,825.0,370.078,0.169221,0.175897,0.175897,-0.195211,-0.31463
130020,826.0,370.313,0.253831,0.345912,0.345912,0.170015,-0.56664
130021,827.0,369.372,0.202485,0.962539,0.962539,0.616627,4.80714
130022,828.0,369.875,0.253831,0.563418,0.563418,-0.399121,-9.48505
130023,829.0,368.926,0.202485,0.970361,0.970361,0.406943,4.97061
130024,830.0,369.333,0.169221,0.440777,0.440777,-0.529584,-0.17477
130025,831.0,369.396,0.344148,0.349867,0.349867,-0.09091,-0.30107
130026,832.0,368.77,0.337472,0.711171,0.711171,0.361304,3.16788
130027,833.0,369.592,0.22239,0.851552,0.851552,0.140381,-16.25995
130028,834.0,371.005,0.374051,1.461671,1.461671,0.610119,-29.05337
130029,835.0,370.799,0.279451,0.347173,0.347173,-1.114498,-0.0927
130030,836.0,370.691,0.71248,0.720619,0.720619,0.373446,0.17662
130031,837.0,371.201,1.359508,1.45202,1.45202,0.731401,-11.90168
130032,838.0,370.274,2.728467,2.881642,2.881642,1.429622,2.82505
130033,839.0,370.046,4.113418,4.119732,4.119732,1.23809,-7.242
130034,840.0,370.902,5.619967,5.684784,5.684784,1.565052,-32.73934
130035,841.0,370.715,7.118752,7.121208,7.121208,1.436424,-19.2022
130036,842.0,370.675,7.871519,7.871621,7.871621,0.750413,-13.80676
130037,843.0,369.695,7.908473,7.968962,7.968962,0.097341,5.6172
130038,844.0,369.436,7.75121,7.755536,7.755536,-0.213426,2.8652
130039,845.0,369.782,7.354678,7.362812,7.362812,-0.392724,0.05965
130040,846.0,370.046,7.156765,7.161633,7.161633,-0.201179,-0.34288
130041,847.0,368.667,7.395747,7.523211,7.523211,0.361578,6.72189
130042,848.0,368.353,7.197246,7.204092,7.204092,-0.319119,3.49671
130043,849.0,368.268,5.387777,5.388448,5.388448,-1.815644,6.37928
130044,850.0,368.072,3.118172,3.124326,3.124326,-2.264122,5.20992
130045,851.0,368.038,1.189748,1.190234,1.190234,-1.934092,1.3013
130046,852.0,368.321,0.512112,0.585105,0.585105,-0.605129,-4.96236
130047,853.0,367.602,1.21329,1.410331,1.410331,0.825226,3.23192
130048,854.0,367.89,1.031513,1.070963,1.070963,-0.339368,-4.89891
130049,855.0,368.244,0.809936,0.883919,0.883919,-0.187044,-6.62314
130050,856.0,368.345,0.419176,0.431172,0.431172,-0.452747,-0.19805
130051,857.0,368.416,0.08461,0.110453,0.110453,-0.320719,-0.31964
130052,858.0,368.997,0.613841,0.845199,0.845199,0.734746,-12.58389
130053,859.0,368.997,1.556729,1.556729,1.556729,0.71153,-2.9915
130054,860.0,368.878,3.211237,3.213441,3.213441,1.656712,-9.50935
130055,861.0,368.823,6.086994,6.087243,6.087243,2.873802,-35.72375
130056,862.0,369.201,7.282497,7.2923,7.2923,1.205057,-22.67999
130057,863.0,369.333,7.54326,7.544415,7.544415,0.252115,-4.22253
130058,864.0,368.094,7.994039,8.089485,8.089485,0.54507,4.9897
130059,865.0,369.28,6.977282,7.077363,7.077363,-1.012122,-6.91796
130100,866.0,368.894,5.953208,5.965709,5.965709,-1.111654,6.32194
130101,867.0,369.082,6.248647,6.251474,6.251474,0.285765,-5.56143
130102,868.0,368.918,6.023626,6.025858,6.025858,-0.225616,1.95205
130103,869.0,368.691,5.527927,5.532586,5.532586,-0.493272,3.06842
130104,870.0,367.969,6.498147,6.538134,6.538134,1.005548,0.56177
130105,871.0,368.345,8.133162,8.141849,8.141849,1.603715,-30.7368
130106,872.0,368.575,8.582908,8.585989,8.585989,0.44414,-9.47445
130107,873.0,367.798,8.652201,8.687019,8.687019,0.10103,4.47531
130108,874.0,368.556,7.945522,7.981597,7.981597,-0.705422,-1.3026
130109,875.0,368.981,6.655895,6.66945,6.66945,-1.312147,2.96892
130110,876.0,368.863,5.972425,5.973591,5.973591,-0.695859,3.3246
130111,877.0,368.26,5.553364,5.586006,5.586006,-0.387585,4.90925
130112,878.0,368.292,5.439036,5.439131,5.439131,-0.146875,0.43263
130113,879.0,367.177,4.962887,5.086598,5.086598,-0.352533,7.59069
130114,880.0,367.005,4.59997,4.603184,4.603184,-0.483414,2.36288
130115,881.0,367.499,4.20712,4.236024,4.236024,-0.36716,-5.57302
130116,882.0,367.343,4.566515,4.569179,4.569179,0.333155,0.06609
130117,883.0,369.177,5.174228,5.489644,5.489644,0.920465,-44.16015
130118,884.0,369.333,6.047599,6.049611,6.049611,0.559967,-8.17485
130119,885.0,367.851,5.741389,5.929576,5.929576,-0.120035,9.15632
130120,886.0,368.802,5.988536,6.063577,6.063577,0.134001,-18.48427
130121,887.0,369.547,4.65467,4.713914,4.713914,-1.349663,-0.78831
130122,888.0,368.778,4.577887,4.642027,4.642027,-0.071887,4.69573
130123,889.0,369.121,4.30143,4.315084,4.315084,-0.326943,-2.9081
130124,890.0,368.754,4.042395,4.059021,4.059021,-0.256063,2.73766
130125,891.0,368.228,3.180003,3.223212,3.223212,-0.835809,4.54784
130126,892.0,368.619,2.033652,2.070899,2.070899,-1.152313,-2.60495
130127,893.0,368.588,1.586578,1.58688,1.58688,-0.484019,0.41766
130128,894.0,369.066,1.157563,1.252372,1.252372,-0.334508,-8.41644
130129,895.0,369.288,0.909474,0.936177,0.936177,-0.316195,-3.79308
130130,896.0,369.687,1.78026,1.824425,1.824425,0.888248,-10.74454
130131,897.0,369.875,3.262849,3.268261,3.268261,1.443836,-12.3389
130132,898.0,369.851,4.40106,4.401125,4.401125,1.132864,-11.05746
130133,899.0,369.066,5.416102,5.472694,5.472694,1.071569,1.22993
130134,900.0,369.209,5.847527,5.849275,5.849275,0.376581,-5.65407
130135,901.0,369.185,5.229018,5.229073,5.229073,-0.620202,2.16982
130136,902.0,368.659,4.749818,4.778854,4.778854,-0.450219,4.37665
130137,903.0,369.576,3.653437,3.766761,3.766761,-1.012093,-9.45929
130138,904.0,369.201,2.794301,2.819352,2.819352,-0.947409,3.62745
130139,905.0,369.317,2.308663,2.311576,2.311576,-0.507776,-0.12705
130140,906.0,369.304,2.115218,2.115258,2.115258,-0.196318,0.1533
130141,907.0,369.6,1.953325,1.975625,1.975625,-0.139633,-4.96023
130142,908.0,369.771,1.87463,1.882413,1.882413,-0.093212,-2.76496
130143,909.0,368.87,2.024817,2.216232,2.216232,0.333819,4.6008
130144,910.0,369.46,0.679744,0.900084,0.900084,-1.316148,-9.17701
130145,911.0,369.232,1.186439,1.208148,1.208148,0.308064,0.84994
130146,912.0,369.719,2.93037,2.970562,2.970562,1.762414,-19.24174
130147,913.0,368.942,5.299782,5.356437,5.356437,2.385875,-12.17809
130148,914.0,369.505,6.768443,6.791818,6.791818,1.435381,-28.34962
130149,915.0,369.061,6.743027,6.757629,6.757629,-0.034189,2.98131
130150,916.0,369.177,6.177441,6.17853,6.17853,-0.579099,1.65782
130151,917.0,369.082,4.996869,4.997772,4.997772,-1.180758,4.1172
130152,918.0,368.894,3.813884,3.818515,3.818515,-1.179257,3.71803
130153,919.0,368.292,2.463712,2.536194,2.536194,-1.282321,5.25135
130154,920.0,368.683,1.897914,1.937772,1.937772,-0.598422,-5.06666
130155,921.0,369.09,1.900809,1.943894,1.943894,0.006122,-7.68785
130156,922.0,369.491,2.517008,2.548751,2.548751,0.604857,-10.41097
130157,923.0,369.225,1.807829,1.827293,1.827293,-0.721458,2.11617
130158,924.0,368.604,1.522959,1.644702,1.644702,-0.182591,3.54779
130159,925.0,368.26,1.667963,1.703067,1.703067,0.058365,1.72194
130200,926.0,369.288,2.119494,2.35564,2.35564,0.652573,-22.60505
130201,927.0,369.264,1.44081,1.441009,1.441009,-0.914631,0.68756
130202,928.0,369.24,0.169218,0.170911,0.170911,-1.270098,-0.20772
130203,929.0,369.185,2.676378,2.676943,2.676943,2.506032,-13.31919
130204,930.0,369.153,4.043085,4.043212,4.043212,1.366269,-11.85019
130205,931.0,369.946,4.980312,5.04305,5.04305,0.999838,-24.12645
130206,932.0,368.596,4.965196,5.145452,5.145452,0.102402,7.5879
130207,933.0,369.137,5.234702,5.262584,5.262584,0.117132,-10.43286
130208,934.0,368.95,5.07199,5.075437,5.075437,-0.187147,1.74667
130209,935.0,368.4,4.67708,4.709307,4.709307,-0.36613,4.25713
130210,936.0,369.584,4.200311,4.363997,4.363997,-0.34531,-18.99218
130211,937.0,369.082,4.258705,4.28819,4.28819,-0.075807,3.11788
130212,938.0,369.24,4.784375,4.786984,4.786984,0.498794,-6.67071
130213,939.0,369.835,5.56039,5.592134,5.592134,0.80515,-19.03919
130214,940.0,369.898,5.893938,5.894275,5.894275,0.302141,-3.25589
130215,941.0,368.038,5.480647,5.787667,5.787667,-0.106608,11.26408
130216,942.0,368.802,4.980313,5.038573,5.038573,-0.749094,-6.15819
130217,943.0,369.129,4.331211,4.343537,4.343537,-0.695036,-0.07148
130218,944.0,368.588,4.653023,4.684368,4.684368,0.340831,2.25218
130219,945.0,368.715,4.62215,4.623894,4.623894,-0.060474,-0.85732
130220,946.0,368.77,5.226846,5.227136,5.227136,0.603242,-6.04012
130221,947.0,368.345,5.348076,5.364936,5.364936,0.1378,2.15501
130222,948.0,368.635,5.105742,5.113971,5.113971,-0.250965,-1.87005
130223,949.0,368.926,5.348076,5.355987,5.355987,0.242016,-6.90107
130224,950.0,368.966,4.839564,4.83973,4.83973,-0.516257,1.32495
130225,951.0,368.839,5.830286,5.831669,5.831669,0.991939,-11.12047
130226,952.0,370.221,5.673465,5.839361,5.839361,0.007692,-25.39581
130227,953.0,371.764,6.725133,6.899874,6.899874,1.060513,-42.49079
130228,954.0,370.4,6.122315,6.272418,6.272418,-0.627456,10.40628
130229,955.0,369.742,8.70591,8.73074,8.73074,2.458322,-32.90338
130230,956.0,368.556,8.001409,8.088828,8.088828,-0.641912,10.32424
130231,957.0,369.6,7.480746,7.553244,7.553244,-0.535584,-10.14103
130232,958.0,369.499,5.558469,5.559386,5.559386,-1.993858,7.25317
130233,959.0,371.185,4.78982,5.07789,5.07789,-0.481496,-26.6285
130234,960.0,371.732,2.867667,2.91937,2.91937,-2.15852,0.45609
130235,961.0,371.537,2.598493,2.605799,2.605799,-0.313571,1.48191
130236,962.0,370.472,3.803364,3.949659,3.949659,1.34386,3.02114
130237,963.0,369.655,6.141485,6.19559,6.19559,2.245931,-13.93683
130238,964.0,370.133,8.73282,8.745892,8.745892,2.550302,-50.72122
130239,965.0,369.764,10.858085,10.864353,10.864353,2.118461,-42.54285
130240,966.0,370.041,11.444188,11.44754,11.44754,0.583187,-14.7053
130241,967.0,369.851,10.831032,10.832698,10.832698,-0.614842,5.81176
130242,968.0,368.527,9.73384,9.823473,9.823473,-1.009225,14.11487
130243,969.0,368.017,7.803309,7.819957,7.819957,-2.003516,12.54994
130244,970.0,368.384,6.129156,6.140134,6.140134,-1.679823,4.16434
130245,971.0,367.092,4.729865,4.903151,4.903151,-1.236983,11.10175
130246,972.0,367.539,2.693905,2.730738,2.730738,-2.172413,0.79837
130247,973.0,368.117,1.012425,1.1658,1.1658,-1.564938,-7.60371
130248,974.0,367.766,0.562376,0.662924,0.662924,-0.502876,1.92578
130249,975.0,368.487,1.593094,1.748654,1.748654,1.08573,-17.55289
130250,976.0,369.034,3.451194,3.494274,3.494274,1.74562,-21.94881
130251,977.0,369.576,6.323318,6.346504,6.346504,2.85223,-44.59788
130254,980.0,369.695,41.703591,41.703761,13.901254,2.51825,-66.01769
130255,981.0,370.305,10.120153,10.138521,10.138521,-3.762733,19.5987
130256,982.0,370.173,9.205888,9.206834,9.206834,-0.931687,6.37909
130257,983.0,371.058,8.681987,8.726977,8.726977,-0.479857,-6.30448
130258,984.0,370.791,10.563518,10.566892,10.566892,1.839915,-37.3171
130259,985.0,370.242,9.340591,9.356711,9.356711,-1.210181,10.41429
130300,986.0,370.345,9.878354,9.878891,9.878891,0.52218,-9.10388
130301,987.0,370.556,9.916327,9.918571,9.918571,0.03968,-1.76925
130302,988.0,370.392,9.607948,9.609347,9.609347,-0.309224,3.32338
130303,989.0,371.193,8.588723,8.625993,8.625993,-0.983354,0.87266
130304,990.0,370.958,8.454626,8.457891,8.457891,-0.168102,2.67425
130305,991.0,370.488,8.84288,8.855361,8.855361,0.39747,1.17546
130306,992.0,370.141,9.046442,9.053095,9.053095,0.197734,1.50794
130307,993.0,370.086,8.161206,8.161391,8.161391,-0.891704,5.04054
130308,994.0,370.424,6.449861,6.458711,6.458711,-1.70268,4.76655
130309,995.0,369.906,4.925143,4.952309,4.952309,-1.506402,7.46596
130310,996.0,369.483,6.628689,6.642172,6.642172,1.689863,-16.41772
130312,998.0,370.44,23.446295,23.465817,11.732909,2.545369,-64.24385
130313,999.0,371.592,5.757683,5.871799,5.871799,-5.86111,13.76958
130314,1000.0,370.894,7.918725,7.949429,7.949429,2.07763,-22.03975
130315,1001.0,370.966,6.052734,6.053163,6.053163,-1.896266,6.53883
130316,1002.0,370.823,6.177428,6.179083,6.179083,0.12592,0.59158
130317,1003.0,370.958,6.379392,6.380821,6.380821,0.201738,-3.50272
130318,1004.0,371.09,5.419514,5.421121,5.421121,-0.9597,2.44134
130319,1005.0,372.134,5.821747,5.914616,5.914616,0.493495,-24.49703
130320,1006.0,369.93,6.96991,7.310079,7.310079,1.395463,7.05722
130321,1007.0,370.424,7.618021,7.634021,7.634021,0.323942,-12.3266
130322,1008.0,372.321,7.953985,8.177071,8.177071,0.54305,-43.17038
130323,1009.0,371.389,7.7506,7.806434,7.806434,-0.370637,7.47655
130324,1010.0,370.691,6.783284,6.819102,6.819102,-0.987332,8.27083
130325,1011.0,371.648,5.922601,5.999421,5.999421,-0.819681,-7.30928
130326,1012.0,371.272,5.585273,5.597915,5.597915,-0.401506,3.65088
130327,1013.0,370.887,4.952442,4.967384,4.967384,-0.630531,4.15873
130328,1014.0,370.297,4.770588,4.806933,4.806933,-0.160451,3.93743
130329,1015.0,369.946,4.701054,4.714139,4.714139,-0.092794,2.35502
130330,1016.0,369.922,4.866808,4.866867,4.866867,0.152728,-0.20786
130331,1017.0,369.946,5.087461,5.087518,5.087518,0.220651,-1.47721
130332,1018.0,368.894,5.668772,5.76556,5.76556,0.678042,3.94699
130333,1019.0,368.157,5.517512,5.566516,5.566516,-0.199044,5.0585
130334,1020.0,368.22,5.686194,5.686543,5.686543,0.120027,-1.15961
130335,1021.0,368.376,5.587813,5.58999,5.58999,-0.096553,-0.58102
130336,1022.0,367.311,5.88326,5.978878,5.978878,0.388888,4.97469
130337,1023.0,368.604,6.98974,7.108327,7.108327,1.129449,-38.9741
130338,1024.0,369.061,7.529375,7.543231,7.543231,0.434904,-13.23989
130339,1025.0,368.659,6.8332,6.845015,6.845015,-0.698216,5.42059
130340,1026.0,367.766,6.148282,6.212794,6.212794,-0.632221,7.68126
130341,1027.0,368.353,5.527902,5.558981,5.558981,-0.653813,-2.82936
130342,1028.0,367.248,5.194031,5.310271,5.310271,-0.24871,7.27798
130343,1029.0,366.833,5.811659,5.826458,5.826458,0.516187,0.81235
130344,1030.0,366.989,6.229861,6.231814,6.231814,0.405356,-6.40902
130345,1031.0,365.57,6.216579,6.376473,6.376473,0.144659,7.88073
130346,1032.0,364.051,6.027528,6.215984,6.215984,-0.160489,9.56765
130347,1033.0,364.622,5.204306,5.235536,5.235536,-0.980448,-0.14791
130348,1034.0,364.112,3.771216,3.805544,3.805544,-1.429992,6.12382
130349,1035.0,364.143,2.92722,2.927384,2.927384,-0.87816,1.23875
130350,1036.0,364.394,2.892306,2.903177,2.903177,-0.024207,-4.21535
130351,1037.0,364.175,4.278233,4.283834,4.283834,1.380657,-9.07608
130352,1038.0,363.581,7.064957,7.089884,7.089884,2.80605,-30.39131
130353,1039.0,364.067,7.368356,7.384366,7.384366,0.294482,-11.67916
130354,1040.0,363.25,6.973877,7.02157,7.02157,-0.362796,6.52064
130355,1041.0,362.436,6.215999,6.26907,6.26907,-0.7525,7.69587
130356,1042.0,362.011,5.149142,5.166652,5.166652,-1.102418,5.91504
130357,1043.0,361.691,4.074802,4.087347,4.087347,-1.079305,4.45032
130358,1044.0,361.313,3.74185,3.760894,3.760894,-0.326453,2.8836
