165007,0,1056.0,0.0,0.0,0,0,-0.35
165011,4.0,1058.0,42.147406,42.194832,10.548708,2.637177,-55.28455
165013,6.0,1061.0,19.887296,20.112298,10.056149,-0.246279,-19.02844
165015,8.0,1064.0,19.647228,19.874948,9.937474,-0.059337,-22.43426
165017,10.0,1065.0,18.620771,18.647603,9.323802,-0.306836,-1.17294
165019,12.0,1068.0,16.502544,16.773013,8.386507,-0.468648,-17.07554
165021,14.0,1071.0,14.246094,14.558543,7.279272,-0.553618,-17.28225
165023,16.0,1075.0,11.994001,12.643419,6.32171,-0.478781,-28.10907
165025,18.0,1074.0,9.46592,9.518595,4.759297,-0.781207,4.60104
165027,20.0,1073.0,8.885424,8.941519,4.47076,-0.144268,2.94902
165029,22.0,1075.0,7.477337,7.740191,3.870096,-0.300332,-14.69998
165031,24.0,1076.0,4.247358,4.36349,2.181745,-0.844176,-5.22543
165033,26.0,1077.0,2.187413,2.405156,1.202578,-0.489583,-7.7158
165035,28.0,1076.0,1.842842,2.09668,1.04834,-0.077119,2.37162
165037,30.0,1075.0,2.009025,2.244144,1.122072,0.036866,2.31269
165039,32.0,1078.0,2.644709,3.99931,1.999655,0.438792,-27.57224
165041,34.0,1076.0,2.324096,3.066174,1.533087,-0.233284,5.15325
165043,36.0,1076.0,0.573585,0.573585,0.286792,-0.623148,-0.23303
165045,38.0,1077.0,0.729138,1.237595,0.618798,0.166003,-9.1
165047,40.0,1080.0,0.396577,3.026099,1.513049,0.447126,-27.3442
165049,42.0,1079.0,0.185325,1.017028,0.508514,-0.502268,2.42185
165051,44.0,1077.0,0.0,2.0,0.0,-0.254257,-0.35
165053,46.0,1078.0,0.141038,1.009897,0.504948,0.252474,-9.17393
165055,48.0,1080.0,0.0,2.0,0.0,-0.252474,-0.35
165057,50.0,1079.0,0.0,1.0,0.0,0.0,-0.35
165059,52.0,1079.0,2.123679,2.123679,1.061839,0.53092,-1.63192
165101,54.0,1080.0,6.498349,6.574841,3.287421,1.112791,-14.71256
165103,56.0,1081.0,10.013732,10.063539,5.03177,0.872174,-15.51335
165105,58.0,1083.0,12.024028,12.189226,6.094613,0.531422,-21.87267
165107,60.0,1083.0,13.262795,13.262795,6.631397,0.268392,-5.38813
165109,62.0,1084.0,13.725845,13.762224,6.881112,0.124858,-8.65667
165111,64.0,1084.0,14.225086,14.225086,7.112543,0.115715,-0.18245
165113,66.0,1086.0,14.790555,14.925164,7.462582,0.17502,-17.98795
165115,68.0,1089.0,15.359162,15.649405,7.824702,0.18106,-26.79029
165117,70.0,1089.0,15.676648,15.676648,7.838324,0.006811,0.29819
165119,72.0,1093.0,16.046403,16.537443,8.268722,0.215199,-36.00933
165121,74.0,1094.0,15.496499,15.528731,7.764366,-0.252178,-3.34661
165123,76.0,1095.0,15.496506,15.528738,7.764369,2.0e-06,-6.83129
165125,78.0,1098.0,16.046424,16.324452,8.162226,0.198929,-27.04079
165127,80.0,1102.0,16.088115,16.57792,8.28896,0.063367,-33.77037
165129,82.0,1104.0,15.731018,15.857646,7.928823,-0.180068,-12.96295
165131,84.0,1106.0,16.067269,16.191267,8.095634,0.083406,-16.64719
165133,86.0,1108.0,16.044813,16.168983,8.084491,-0.005572,-15.36931
165135,88.0,1110.0,15.900242,16.025532,8.012766,-0.035863,-14.96329
165137,90.0,1113.0,16.704479,16.97173,8.485865,0.23655,-27.60843
165139,92.0,1112.0,17.993474,18.02124,9.01062,0.262377,1.79691
165141,94.0,1113.0,18.945148,18.971522,9.485761,0.237571,-10.21506
165143,96.0,1116.0,19.8233,20.049021,10.02451,0.269374,-28.25757
165145,98.0,1114.0,20.144549,20.243588,10.121794,0.048642,5.51308
165147,100.0,1115.0,20.556568,20.580876,10.290438,0.084322,-7.43
165149,102.0,1111.0,20.279663,20.670383,10.335192,0.022377,10.87107
165151,104.0,1109.0,20.234251,20.332853,10.166427,-0.084382,6.2334
165153,106.0,1109.0,19.987744,19.987744,9.993872,-0.086278,1.02115
165155,108.0,1107.0,20.773487,20.869541,10.434771,0.220449,4.59386
165157,110.0,1106.0,20.679077,20.703242,10.351621,-0.041575,3.43253
165159,112.0,1107.0,19.90327,19.928376,9.964188,-0.193716,-2.58151
165201,114.0,1104.0,19.438786,19.668919,9.83446,-0.064864,8.67456
165203,116.0,1101.0,19.133454,19.367216,9.683608,-0.075426,8.70595
165205,118.0,1099.0,17.064566,17.181368,8.590684,-0.546462,8.08527
165207,120.0,1096.0,12.475416,12.831056,6.415528,-1.087578,11.67102
165209,122.0,1097.0,5.65599,5.743711,2.871856,-1.771836,-0.02589
165211,124.0,1095.0,0.705212,2.120689,1.060345,-0.905756,5.43523
165213,126.0,1092.0,1.951776,3.579026,1.789513,0.364584,7.23571
165215,128.0,1095.0,0.623442,3.064095,1.532048,-0.128732,-25.78418
165217,130.0,1093.0,0.0,2.0,0.0,-0.766024,-0.35
165219,132.0,1093.0,0.185325,0.185325,0.092662,0.046331,-0.34505
165221,134.0,1094.0,0.0,1.0,0.0,-0.046331,-0.35
165223,136.0,1094.0,0.0,0.0,0.0,0.0,-0.35
165225,138.0,1094.0,0.185325,0.185325,0.092662,0.046331,-0.34505
165227,140.0,1094.0,0.465782,0.465782,0.232891,0.070115,-0.3405
165229,142.0,1092.0,6.858471,7.144132,3.572066,1.669588,1.97087
165231,144.0,1095.0,10.087878,10.524509,5.262254,0.845094,-33.00752
165233,146.0,1094.0,11.059193,11.104312,5.552156,0.144951,2.27681
165235,148.0,1095.0,13.577606,13.614381,6.807191,0.627518,-14.75411
165237,150.0,1097.0,15.094583,15.226504,7.613252,0.40303,-21.07325
165239,152.0,1098.0,15.396289,15.428731,7.714365,0.050556,-7.54264
165241,154.0,1101.0,17.366156,17.623376,8.811688,0.548662,-32.52088
165243,156.0,1102.0,18.129321,18.15688,9.07844,0.133376,-8.51381
165245,158.0,1103.0,18.252366,18.279739,9.13987,0.030715,-6.83545
165247,160.0,1104.0,19.262439,19.288379,9.644189,0.25216,-10.4706
165249,162.0,1105.0,19.755988,19.781281,9.89064,0.123225,-8.21484
165251,164.0,1105.0,19.756007,19.756007,9.878004,-0.006318,0.58403
165253,166.0,1109.0,19.035095,19.450832,9.725416,-0.076294,-30.97866
165255,168.0,1110.0,19.120626,19.146758,9.573379,-0.076018,-4.87529
165257,170.0,1108.0,17.826479,17.938321,8.96916,-0.302109,7.07572
165259,172.0,1111.0,12.244064,12.606233,6.303116,-1.333022,-9.81947
165301,174.0,1108.0,5.471556,6.240026,3.120013,-1.591552,10.31726
165303,176.0,1105.0,2.375352,3.826525,1.913263,-0.603375,8.20217
165305,178.0,1103.0,4.750704,5.154531,2.577265,0.332001,4.59406
165307,180.0,1105.0,9.043975,9.262477,4.631238,1.026986,-25.0149
165309,182.0,1103.0,12.549538,12.707907,6.353953,0.861358,2.47625
165311,184.0,1109.0,13.547174,14.816408,7.408204,0.527125,-57.54954
165313,186.0,1108.0,13.850729,13.886781,6.94339,-0.232407,3.68793
165315,188.0,1107.0,14.681926,14.715942,7.357971,0.207291,2.06698
165317,190.0,1105.0,15.448959,15.577879,7.78894,0.215485,4.62657
165319,192.0,1104.0,12.3084,12.348956,6.174478,-0.807231,5.39905
165321,194.0,1101.0,5.969851,6.681251,3.340626,-1.416926,10.21243
165323,196.0,1097.0,2.264307,4.596421,2.298211,-0.521208,10.85284
165325,198.0,1097.0,4.193935,4.193935,2.096967,-0.100622,-0.07365
165327,200.0,1095.0,8.382232,8.617529,4.308765,1.105899,2.66768
165329,202.0,1096.0,13.298214,13.33576,6.66788,1.179558,-21.19464
165331,204.0,1098.0,15.758701,15.885108,7.942554,0.637337,-24.5078
165333,206.0,1097.0,16.022489,16.053665,8.026833,0.042139,2.76383
165335,208.0,1100.0,15.496176,15.783899,7.89195,-0.067442,-23.29868
165337,210.0,1101.0,16.114114,16.145113,8.072556,0.090303,-8.02147
165339,212.0,1108.0,15.279633,16.806761,8.40338,0.165412,-61.4567
165341,214.0,1109.0,14.241527,14.276593,7.138296,-0.632542,0.04936
165343,216.0,1112.0,13.029701,13.370606,6.685303,-0.226497,-21.95569
165345,218.0,1113.0,10.586455,10.63358,5.31679,-0.684257,-1.1436
165347,220.0,1113.0,6.17242,6.17242,3.08621,-1.11529,1.71684
165349,222.0,1115.0,2.169738,2.950892,1.475446,-0.805382,-15.30604
165351,224.0,1115.0,3.57639,3.57639,1.788195,0.156374,-1.31856
165353,226.0,1115.0,7.639896,7.639896,3.819948,1.015877,-8.28211
165355,228.0,1117.0,9.810229,10.012022,5.006011,0.593031,-21.72369
165357,230.0,1119.0,7.984353,8.231033,4.115516,-0.445247,-13.4379
165359,232.0,1118.0,4.339481,4.453211,2.226606,-0.944455,3.53536
165401,234.0,1117.0,2.246326,2.458857,1.229429,-0.498588,2.66756
165403,236.0,1117.0,3.630079,3.630079,1.81504,0.292805,-1.77388
165405,238.0,1119.0,6.987984,7.268557,3.634279,0.909619,-22.71828
165407,240.0,1118.0,11.086027,11.131037,5.565519,0.96562,-0.14134
165409,242.0,1121.0,13.431538,13.762493,6.881247,0.657864,-32.64344
165411,244.0,1117.0,14.551151,15.090924,7.545462,0.332107,9.3575
165413,246.0,1116.0,15.858561,15.890059,7.945029,0.199784,2.09385
165415,248.0,1113.0,17.399008,17.655749,8.827874,0.441422,6.15922
165417,250.0,1110.0,14.964353,15.262105,7.631052,-0.598411,10.51378
165419,252.0,1107.0,11.850033,12.223882,6.111941,-0.759556,10.40616
165421,254.0,1102.0,12.414799,13.383842,6.691921,0.28999,12.16968
165423,256.0,1099.0,14.623904,14.928448,7.464224,0.386152,6.55314
165425,258.0,1100.0,16.535559,16.565769,8.282885,0.409331,-12.68358
165427,260.0,1095.0,15.99342,16.756774,8.378387,0.047751,13.15611
165429,262.0,1094.0,20.702971,20.727108,10.363554,0.992584,-13.15247
165431,264.0,1093.0,22.719417,22.741414,11.370707,0.503576,0.30191
165433,266.0,1093.0,22.3094,22.3094,11.1547,-0.108003,1.3464
165435,268.0,1095.0,23.232413,23.318341,11.65917,0.252235,-19.26202
165437,270.0,1096.0,23.672661,23.693773,11.846887,0.093859,-7.19303
165439,272.0,1096.0,24.622658,24.622658,12.311329,0.232221,-9.63428
165441,274.0,1098.0,24.211355,24.29382,12.14691,-0.08221,-12.03125
165443,276.0,1097.0,24.067203,24.087969,12.043985,-0.051463,3.81858
165445,278.0,1096.0,22.916689,22.938497,11.469249,-0.287368,5.09147
165447,280.0,1098.0,21.220049,21.314091,10.657046,-0.406102,-6.76052
165449,282.0,1096.0,20.241511,20.340078,10.170039,-0.243504,7.09103
165451,284.0,1098.0,18.911556,19.017017,9.508509,-0.330765,-9.32708
165453,286.0,1097.0,21.823968,21.846866,10.923433,0.707462,-8.83237
165455,288.0,1095.0,22.570258,22.658697,11.329348,0.202958,4.70768
165457,290.0,1094.0,22.358257,22.380608,11.190304,-0.069522,3.722
165459,292.0,1095.0,22.076632,22.099269,11.049634,-0.070335,-4.18358
165501,294.0,1094.0,22.376513,22.398846,11.199423,0.074895,2.86718
165503,296.0,1096.0,21.975973,22.066794,11.033397,-0.083013,-12.67306
165505,298.0,1095.0,20.029193,20.054141,10.027071,-0.503163,5.83702
165507,300.0,1096.0,19.381446,19.407226,9.703613,-0.161729,-3.32606
165509,302.0,1094.0,21.001831,21.096846,10.548423,0.422405,3.4669
165511,304.0,1096.0,20.827747,20.923553,10.461776,-0.043323,-13.73707
165513,306.0,1097.0,20.311028,20.33563,10.167815,-0.146981,-3.27474
165515,308.0,1103.0,19.638,20.534144,10.267072,0.049629,-50.44809
165517,310.0,1105.0,18.764677,18.870959,9.43548,-0.415796,-7.97068
165519,312.0,1110.0,18.225332,18.89875,9.449375,0.006947,-41.25255
165521,314.0,1112.0,17.556539,17.670089,8.835045,-0.307165,-10.34948
165523,316.0,1119.0,16.479091,17.904202,8.952101,0.058528,-59.71531
165525,318.0,1122.0,16.109687,16.386641,8.193321,-0.37939,-18.60876
165527,320.0,1127.0,13.912545,14.783738,7.391869,-0.400726,-36.60473
165529,322.0,1129.0,13.985732,14.128011,7.064006,-0.163931,-13.73682
165531,324.0,1135.0,15.262188,16.399219,8.19961,0.567802,-58.61282
165533,326.0,1136.0,15.242021,15.27479,7.637395,-0.281108,-3.05503
165535,328.0,1140.0,14.719589,15.253403,7.626702,-0.005346,-32.99512
165537,330.0,1145.0,15.385939,16.177983,8.088991,0.231145,-44.96454
165539,332.0,1150.0,15.115621,15.921118,7.960559,-0.064216,-40.77234
165541,334.0,1152.0,14.089237,14.230481,7.115241,-0.422659,-10.42914
165543,336.0,1155.0,16.883279,17.147744,8.573872,0.729315,-35.13409
165545,338.0,1157.0,17.425677,17.540075,8.770037,0.098083,-16.73571
165547,340.0,1161.0,17.960938,18.400959,9.20048,0.215222,-36.02753
165549,342.0,1160.0,18.31912,18.346393,9.173197,-0.013642,3.13244
165551,344.0,1161.0,18.19686,18.224317,9.112158,-0.030519,-5.85378
165553,346.0,1162.0,18.255389,18.282758,9.141379,0.01461,-6.57545
165555,348.0,1163.0,18.742827,18.769485,9.384742,0.121681,-8.27787
165557,350.0,1164.0,18.523114,18.550088,9.275044,-0.054849,-5.382
165559,352.0,1166.0,18.325323,18.434138,9.217069,-0.028987,-14.56327
165601,354.0,1167.0,17.975275,18.003069,9.001535,-0.107767,-4.66389
165603,356.0,1170.0,17.961353,18.210167,9.105084,0.051774,-24.64937
165605,358.0,1174.0,17.740417,18.185774,9.092887,-0.006099,-32.4458
165607,360.0,1175.0,17.771599,17.799712,8.899856,-0.096515,-4.89966
165609,362.0,1176.0,17.729026,17.757206,8.878603,-0.010626,-6.26835
165611,364.0,1177.0,17.272477,17.301401,8.6507,-0.113951,-4.7655
165613,366.0,1180.0,17.233656,17.492824,8.746412,0.047856,-24.68861
165615,368.0,1182.0,17.640654,17.753666,8.876833,0.065211,-16.19668
165617,370.0,1183.0,17.148975,17.178107,8.589054,-0.143889,-4.34297
165619,372.0,1183.0,16.646147,16.646147,8.323073,-0.132991,0.96236
165621,374.0,1186.0,17.666381,17.919292,8.959646,0.318286,-28.9405
165623,376.0,1187.0,19.239106,19.265078,9.632539,0.336447,-11.91894
165625,378.0,1192.0,18.75165,19.406812,9.703406,0.035433,-41.65322
165627,380.0,1195.0,18.019566,18.267588,9.133794,-0.284806,-19.1711
165629,382.0,1197.0,18.589707,18.696984,9.348492,0.107349,-16.77629
165631,384.0,1199.0,18.493132,18.600966,9.300483,-0.024005,-14.61129
165633,386.0,1198.0,18.271357,18.298702,9.149351,-0.075566,3.42909
165635,388.0,1198.0,18.069758,18.069758,9.034879,-0.057236,0.72711
165637,390.0,1203.0,18.278014,18.949559,9.474779,0.21995,-44.83914
165639,392.0,1205.0,18.963635,19.068808,9.534404,0.029813,-15.42532
165641,394.0,1207.0,19.011432,19.116342,9.558171,0.011883,-15.11251
165643,396.0,1209.0,19.790632,19.891433,9.945717,0.193773,-18.18877
165645,398.0,1210.0,21.10316,21.12684,10.56342,0.308852,-11.58598
165647,400.0,1207.0,21.251412,21.462118,10.731059,0.083819,7.96715
165649,402.0,1207.0,20.40968,20.40968,10.20484,-0.263109,2.00973
165651,404.0,1209.0,18.875732,18.981393,9.490696,-0.357072,-8.90535
165653,406.0,1209.0,18.23032,18.23032,9.11516,-0.187768,1.36829
165655,408.0,1205.0,18.661619,19.085493,9.542746,0.213793,9.81825
165657,410.0,1203.0,16.546499,16.666932,8.333466,-0.60464,8.23897
165659,412.0,1204.0,15.5758,15.607868,7.803934,-0.264766,-3.14325
165701,414.0,1203.0,16.581904,16.61203,8.306015,0.251041,1.8673
165703,416.0,1204.0,14.644029,14.678133,7.339066,-0.483475,-0.66364
165705,418.0,1204.0,10.456967,10.456967,5.228484,-1.055291,2.99791
165707,420.0,1204.0,6.273965,6.273965,3.136983,-1.045751,1.63544
165709,422.0,1202.0,2.584933,3.268314,1.634157,-0.751413,5.622
165711,424.0,1201.0,4.229042,4.345664,2.172832,0.269338,2.1078
165713,426.0,1200.0,9.294361,9.348003,4.674001,1.250584,-3.2936
165715,428.0,1203.0,12.084515,12.451325,6.225663,0.775831,-33.39437
165717,430.0,1203.0,13.42016,13.42016,6.71008,0.242208,-5.13645
165719,432.0,1204.0,15.235492,15.268275,7.634138,0.462029,-13.15596
165721,434.0,1205.0,17.409791,17.438486,8.719243,0.542553,-14.91492
165723,436.0,1207.0,17.512353,17.626188,8.813094,0.046925,-15.9269
165725,438.0,1209.0,16.829141,16.947565,8.473783,-0.169656,-12.75573
165727,440.0,1212.0,16.200473,16.475901,8.237951,-0.117916,-22.39905
165729,442.0,1215.0,14.469331,14.777061,7.38853,-0.424711,-18.83612
165731,444.0,1219.0,13.791186,14.359555,7.179777,-0.104377,-31.88617
165733,446.0,1221.0,13.032699,13.185266,6.592633,-0.293572,-12.50833
165735,448.0,1221.0,10.701098,10.701098,5.350549,-0.621042,1.84678
165737,450.0,1222.0,6.801341,6.874462,3.437231,-0.956659,-2.3088
165739,452.0,1221.0,3.773956,3.904196,1.952098,-0.742567,3.16755
165741,454.0,1221.0,5.738169,5.738169,2.869085,0.458494,-3.45313
165743,456.0,1222.0,9.607806,9.659707,4.829854,0.980385,-16.19061
165745,458.0,1224.0,10.473614,10.662861,5.33143,0.250788,-18.72359
165747,460.0,1225.0,11.865831,11.907895,5.953947,0.311259,-10.72295
165749,462.0,1229.0,13.122188,13.718302,6.859151,0.452602,-38.8504
165751,464.0,1229.0,13.285228,13.285228,6.642614,-0.108268,0.58766
165753,466.0,1230.0,13.192505,13.230351,6.615176,-0.013719,-7.0548
165755,468.0,1233.0,14.494133,14.801347,7.400674,0.392749,-29.58991
165757,470.0,1237.0,14.364441,14.910975,7.455488,0.027407,-33.49171
165759,472.0,1238.0,14.728052,14.761961,7.380981,-0.037253,-6.47576
165801,474.0,1239.0,14.447382,14.481949,7.240975,-0.070003,-6.10981
165803,476.0,1240.0,14.155387,14.190665,7.095333,-0.072821,-6.14065
165805,478.0,1238.0,14.701682,14.837097,7.418549,0.161608,4.84194
165807,480.0,1237.0,14.965924,14.999296,7.499648,0.04055,2.72685
165809,482.0,1235.0,15.32871,15.458633,7.729317,0.114835,5.03817
165811,484.0,1232.0,14.060748,14.377227,7.188613,-0.270352,9.07984
165813,486.0,1232.0,8.03024,8.03024,4.01512,-1.586747,3.34466
165815,488.0,1228.0,4.652406,6.135543,3.067771,-0.473674,11.05017
165817,490.0,1226.0,1.937232,2.784397,1.392199,-0.837786,5.57033
165819,492.0,1223.0,0.37065,3.02281,1.511405,0.059603,7.51146
165821,494.0,1224.0,5.206322,5.301489,2.650745,0.56967,-11.06417
165823,496.0,1223.0,9.397008,9.450067,4.725033,1.037144,0.03466
165825,498.0,1226.0,11.496413,11.881394,5.940697,0.607832,-31.31395
165827,500.0,1227.0,14.417203,14.451842,7.225921,0.642612,-15.28057
165829,502.0,1227.0,14.557968,14.557968,7.278984,0.026532,0.16665
165831,504.0,1229.0,15.384816,15.51427,7.757135,0.239075,-18.86704
165833,506.0,1226.0,16.372825,16.645402,8.322701,0.282783,6.92072
165835,508.0,1229.0,17.368014,17.625207,8.812604,0.244952,-27.763
165837,510.0,1223.0,18.73157,19.669055,9.834528,0.510962,13.46536
165839,512.0,1221.0,19.749104,19.850116,9.925058,0.045265,5.51077
165841,514.0,1220.0,20.896427,20.920341,10.46017,0.267556,1.73401
165843,516.0,1217.0,21.504442,21.712692,10.856346,0.198088,7.32023
165845,518.0,1216.0,22.753107,22.775072,11.387536,0.265595,1.73147
165847,520.0,1214.0,24.127176,24.209928,12.104964,0.358714,3.75235
165849,522.0,1212.0,24.790636,24.871181,12.43559,0.165313,4.7793
165851,524.0,1211.0,25.459146,25.478778,12.739389,0.151899,2.06763
165853,526.0,1204.0,26.416936,27.328639,13.66432,0.462466,14.72709
165855,528.0,1200.0,27.295907,27.587434,13.793717,0.064698,9.71856
165857,530.0,1198.0,27.799672,27.871522,13.935761,0.071022,4.37128
165859,532.0,1198.0,28.389693,28.389693,14.194847,0.129543,-1.46329
165901,534.0,1193.0,29.075141,29.50193,14.750965,0.278059,9.89098
165903,536.0,1188.0,29.667019,30.085412,15.042706,0.145871,10.66167
165905,538.0,1188.0,29.425199,29.425199,14.7126,-0.165053,0.39453
165907,540.0,1183.0,28.165458,28.605822,14.302911,-0.204845,13.96548
165909,542.0,1182.0,26.813,26.831641,13.415821,-0.443545,5.81249
165911,544.0,1177.0,25.250801,25.741075,12.870538,-0.272641,15.25916
165913,546.0,1173.0,25.34583,25.659522,12.829761,-0.020389,10.96799
165915,548.0,1168.0,25.225072,25.715837,12.857919,0.014079,13.31352
165917,550.0,1165.0,24.916437,25.096391,12.548195,-0.154862,9.42999
165919,552.0,1164.0,23.855544,23.876494,11.938247,-0.304974,5.33505
165921,554.0,1162.0,23.598103,23.682704,11.841352,-0.048447,6.29504
165923,556.0,1164.0,23.069905,23.156435,11.578218,-0.131567,-11.35941
165925,558.0,1162.0,22.072444,22.162869,11.081435,-0.248391,7.34888
165927,560.0,1160.0,22.474027,22.562843,11.281422,0.099993,5.32006
165929,562.0,1151.0,23.457977,25.12522,12.56261,0.640594,19.71423
165931,564.0,1145.0,22.346291,23.137777,11.568888,-0.496861,19.38665
165933,566.0,1138.0,20.477201,21.640605,10.820302,-0.374293,20.98815
165935,568.0,1133.0,20.993175,21.580393,10.790197,-0.015053,13.73224
165937,570.0,1128.0,21.836591,22.401713,11.200856,0.20533,12.48091
165939,572.0,1126.0,22.915074,23.002187,11.501094,0.150119,5.03275
165941,574.0,1120.0,21.215289,22.047415,11.023707,-0.238694,17.66618
165943,576.0,1113.0,17.983394,19.297732,9.648866,-0.687421,22.21473
165945,578.0,1109.0,18.242693,18.676077,9.338038,-0.155414,11.64477
165947,580.0,1103.0,17.316536,18.32655,9.163275,-0.087381,16.47463
165949,582.0,1101.0,19.72426,19.825398,9.912699,0.374712,3.78249
165951,584.0,1099.0,18.717813,18.824359,9.41218,-0.25026,6.93814
165953,586.0,1095.0,19.454767,19.861721,9.93086,0.25934,9.58171
165955,588.0,1094.0,16.805816,16.835541,8.417771,-0.756544,6.35602
165957,590.0,1091.0,17.062265,17.323997,8.661999,0.122114,7.64451
165959,592.0,1094.0,22.054345,22.257451,11.128726,1.233364,-47.41874
170001,594.0,1093.0,23.08714,23.108787,11.554394,0.212834,2.05575
170003,596.0,1092.0,21.268876,21.292371,10.646186,-0.454104,5.80082
170005,598.0,1093.0,21.452645,21.475939,10.73797,0.045892,-6.5761
170007,600.0,1094.0,24.269391,24.289985,12.144992,0.703511,-20.28413
170009,602.0,1095.0,22.809357,22.831267,11.415634,-0.364679,0.3496
170011,604.0,1097.0,20.517801,20.615047,10.307523,-0.554056,-4.44336
170013,606.0,1098.0,20.320019,20.344611,10.172305,-0.067609,-4.70871
170015,608.0,1096.0,20.110751,20.209956,10.104978,-0.033664,5.95216
170017,610.0,1092.0,21.078622,21.454796,10.727398,0.31121,9.27467
170019,612.0,1091.0,22.246543,22.269007,11.134504,0.203553,2.10298
170021,614.0,1092.0,22.309578,22.331978,11.165989,0.015742,-5.82906
170023,616.0,1091.0,21.705475,21.728499,10.864249,-0.15087,4.13634
170025,618.0,1093.0,21.887275,21.978462,10.989231,0.062491,-15.54397
170027,620.0,1092.0,22.079104,22.101738,11.050869,0.030819,3.1119
170029,622.0,1095.0,21.335259,21.545145,10.772572,-0.139149,-20.47562
170031,624.0,1093.0,21.304633,21.398303,10.699152,-0.03671,6.05269
170033,626.0,1092.0,21.58235,21.605504,10.802752,0.0518,2.96448
170035,628.0,1095.0,20.807917,21.023068,10.511534,-0.145609,-20.52847
170037,630.0,1097.0,19.849156,19.949661,9.974831,-0.268351,-9.97747
170039,632.0,1100.0,19.4027,19.633256,9.816628,-0.079102,-22.15155
170041,634.0,1102.0,18.315202,18.424077,9.212038,-0.302295,-10.0819
170043,636.0,1107.0,16.876178,17.601289,8.800645,-0.205697,-38.15804
170045,638.0,1109.0,15.667863,15.794997,7.897498,-0.451573,-9.16801
170047,640.0,1114.0,14.504927,15.342519,7.67126,-0.113119,-40.23679
170049,642.0,1116.0,14.27614,14.415554,7.207777,-0.231742,-12.77707
170051,644.0,1120.0,12.874149,13.481236,6.740618,-0.233579,-30.56001
170053,646.0,1123.0,10.69523,11.108013,5.554006,-0.593306,-19.14076
170055,648.0,1127.0,10.704831,11.427747,5.713874,0.079934,-34.49862
170057,650.0,1128.0,12.174806,12.215805,6.107903,0.197015,-9.51726
170059,652.0,1134.0,11.990582,13.407985,6.703992,0.298045,-54.38881
170101,654.0,1134.0,11.673134,11.673134,5.836567,-0.433713,1.47199
170103,656.0,1139.0,11.905931,12.913217,6.456609,0.310021,-45.7454
170105,658.0,1141.0,11.121591,11.29999,5.649995,-0.403307,-12.19145
170107,660.0,1144.0,11.47899,11.864536,5.932268,0.141137,-26.37934
170109,662.0,1146.0,12.313308,12.474677,6.237338,0.152535,-17.75782
170111,664.0,1150.0,12.143269,12.785108,6.392554,0.077608,-34.35717
170113,666.0,1151.0,12.69712,12.736438,6.368219,-0.012167,-7.15606
170115,668.0,1152.0,14.909979,14.943476,7.471738,0.55176,-14.26952
170117,670.0,1155.0,16.685476,16.953026,8.476513,0.502388,-31.61958
170119,672.0,1158.0,16.454499,16.725745,8.362873,-0.05682,-23.236
170121,674.0,1158.0,16.096936,16.096936,8.048468,-0.157203,1.01756
170123,676.0,1156.0,15.755141,15.881576,7.940788,-0.05384,5.75682
170125,678.0,1161.0,15.452816,16.241599,8.120799,0.090005,-42.92709
170127,680.0,1163.0,16.200368,16.323355,8.161677,0.020439,-15.7208
170129,682.0,1163.0,16.478812,16.478812,8.239406,0.038865,0.1981
170131,684.0,1165.0,16.227196,16.349981,8.174991,-0.032208,-14.95069
170133,686.0,1170.0,16.040902,16.8021,8.40105,0.113029,-43.21701
170135,688.0,1173.0,15.658236,15.943034,7.971517,-0.214766,-21.1734
170137,690.0,1171.0,15.586754,15.714544,7.857272,-0.057123,5.75935
170139,692.0,1171.0,16.429442,16.429442,8.214721,0.178725,-5.36616
170141,694.0,1176.0,16.529456,17.269132,8.634566,0.209922,-44.66887
170143,696.0,1176.0,15.121327,15.121327,7.560663,-0.536951,2.44689
170145,698.0,1177.0,14.980537,15.013877,7.506938,-0.026863,-6.56237
170147,700.0,1175.0,15.851354,15.977028,7.988514,0.240788,4.51682
170149,702.0,1178.0,16.850912,17.115877,8.557939,0.284712,-28.34849
170151,704.0,1179.0,16.786585,16.816344,8.408172,-0.074883,-5.48691
170153,706.0,1183.0,16.30295,16.786488,8.393244,-0.007464,-32.68947
170155,708.0,1185.0,17.066805,17.183592,8.591796,0.099276,-16.78884
170157,710.0,1185.0,17.54228,17.54228,8.77114,0.089672,0.00803
170159,712.0,1188.0,18.581101,18.821725,9.410862,0.319861,-29.05256
170201,714.0,1190.0,18.446259,18.554365,9.277183,-0.066839,-13.91351
170203,716.0,1193.0,18.763486,19.0018,9.5009,0.111858,-25.55248
170205,718.0,1195.0,18.71518,18.821742,9.410871,-0.045014,-14.21248
170207,720.0,1196.0,18.667815,18.69458,9.34729,-0.031791,-5.7325
170209,722.0,1196.0,18.862918,18.862918,9.431459,0.042085,0.28776
170211,724.0,1199.0,18.833013,19.070458,9.535229,0.051885,-24.52866
170213,726.0,1202.0,18.522748,18.764119,9.38206,-0.076585,-22.42831
170215,728.0,1202.0,18.367305,18.367305,9.183652,-0.099204,0.95221
170217,730.0,1201.0,19.967727,19.992752,9.996376,0.406362,1.00966
170219,732.0,1204.0,21.592792,21.800199,10.900099,0.451862,-31.8627
170221,734.0,1203.0,22.14539,22.167957,11.083978,0.091939,2.75442
170223,736.0,1206.0,22.02128,22.224688,11.112344,0.014183,-23.28729
170225,738.0,1209.0,20.551376,20.769185,10.384593,-0.363875,-16.58691
170227,740.0,1207.0,19.614418,19.71612,9.85806,-0.263267,7.11509
170229,742.0,1205.0,19.811296,19.911992,9.955996,0.048968,5.49441
170231,744.0,1203.0,19.702916,19.804164,9.902082,-0.026957,5.88755
170233,746.0,1204.0,18.360575,18.387787,9.193893,-0.354095,-0.52601
170235,748.0,1202.0,16.606677,16.726677,8.363338,-0.415277,7.41321
170237,750.0,1203.0,13.852673,13.88872,6.94436,-0.709489,0.24776
170239,752.0,1200.0,9.344039,9.81382,4.90691,-1.018725,10.4858
170241,754.0,1201.0,4.260168,4.37596,2.18798,-1.359465,-3.20798
170243,756.0,1199.0,3.183597,3.759693,1.879846,-0.154067,5.14465
170245,758.0,1201.0,7.751015,8.004888,4.002444,1.061299,-24.29121
170247,760.0,1199.0,12.550573,12.708929,6.354465,1.176011,1.41704
170249,762.0,1200.0,14.314229,14.349116,7.174558,0.410047,-12.26884
170251,764.0,1201.0,15.446741,15.479077,7.739538,0.28249,-10.73353
170253,766.0,1200.0,16.821328,16.851026,8.425513,0.342988,1.45396
170255,768.0,1205.0,17.304657,18.012528,9.006264,0.290375,-45.96167
170257,770.0,1205.0,16.410038,16.410038,8.205019,-0.400622,2.10402
170259,772.0,1209.0,15.957975,16.451656,8.225828,0.010404,-33.01366
170301,774.0,1211.0,15.226576,15.357363,7.678682,-0.273573,-11.85444
170303,776.0,1214.0,15.351726,15.642106,7.821053,0.071185,-25.26434
170305,778.0,1217.0,14.71987,15.022469,7.511234,-0.15491,-22.30865
170307,780.0,1218.0,12.37186,12.412208,6.206104,-0.652565,-0.28709
170309,782.0,1217.0,7.647501,7.712605,3.856303,-1.174901,4.95398
170311,784.0,1217.0,3.736327,3.736327,1.868163,-0.99407,0.77967
170313,786.0,1217.0,5.88795,5.88795,2.943975,0.537906,-3.95078
170315,788.0,1218.0,10.127116,10.176369,5.088184,1.072105,-17.3956
170317,790.0,1220.0,12.437919,12.597691,6.298846,0.605331,-22.83195
170319,792.0,1221.0,12.945551,12.984117,6.492058,0.096606,-8.37174
170321,794.0,1223.0,13.764911,13.909449,6.954724,0.231333,-18.69869
170323,796.0,1226.0,14.494134,14.801349,7.400674,0.222975,-27.35369
170325,798.0,1228.0,15.248682,15.379282,7.689641,0.144483,-17.56693
170327,800.0,1233.0,16.237239,16.989641,8.494821,0.40259,-47.58193
170329,802.0,1236.0,17.047944,17.309893,8.654946,0.080063,-25.21229
170331,804.0,1238.0,17.439861,17.554166,8.777083,0.061068,-16.15918
170333,806.0,1238.0,16.656243,16.656243,8.328121,-0.224481,1.36614
170335,808.0,1236.0,16.656241,16.775887,8.387943,0.029911,5.44381
170337,810.0,1233.0,17.537893,17.792631,8.896315,0.254186,7.03128
170339,812.0,1234.0,17.355799,17.384584,8.692292,-0.102011,-4.92867
170341,814.0,1228.0,14.155383,15.374487,7.687244,-0.502524,17.9371
170343,816.0,1225.0,8.896712,9.388903,4.694451,-1.496397,11.53988
170345,818.0,1224.0,4.375337,4.488159,2.24408,-1.225186,3.87903
170347,820.0,1221.0,5.329179,6.115566,3.057783,0.406852,7.02434
170349,822.0,1220.0,9.767266,9.818323,4.909162,0.92569,0.23932
170351,824.0,1223.0,12.968907,13.311369,6.655685,0.873261,-35.00565
170353,826.0,1225.0,14.698733,14.834175,7.417088,0.380701,-20.70731
170355,828.0,1223.0,16.118427,16.242035,8.121017,0.351965,4.03529
170357,830.0,1224.0,18.309664,18.336951,9.168476,0.523729,-14.87588
170359,832.0,1225.0,20.542596,20.566922,10.283461,0.557493,-16.09805
170401,834.0,1225.0,21.878882,21.878882,10.939441,0.32799,-10.19159
170403,836.0,1221.0,22.870839,23.217995,11.608997,0.334778,9.09498
170405,838.0,1220.0,23.863901,23.884844,11.942422,0.166713,2.35226
170407,840.0,1216.0,25.085797,25.4027,12.70135,0.379464,8.35401
170409,842.0,1214.0,26.322406,26.398277,13.199139,0.248895,3.66154
170411,844.0,1210.0,27.298187,27.58969,13.794845,0.297853,8.01438
170413,846.0,1209.0,27.792513,27.810497,13.905249,0.055202,1.91349
170415,848.0,1207.0,29.615027,29.682484,14.841242,0.467996,0.52033
170417,850.0,1203.0,29.394296,29.66521,14.832605,-0.004319,9.43287
170419,852.0,1202.0,29.855768,29.87251,14.936255,0.051825,1.11327
170421,854.0,1198.0,30.360088,30.622459,15.311229,0.187487,7.47811
170423,856.0,1194.0,31.006837,31.26378,15.63189,0.16033,7.38972
170425,858.0,1191.0,31.25315,31.396805,15.698403,0.033257,5.78378
170427,860.0,1188.0,30.957751,31.102771,15.551385,-0.073509,6.79697
170429,862.0,1182.0,30.383589,30.970349,15.485174,-0.033105,14.31288
170431,864.0,1182.0,30.62821,30.62821,15.314105,-0.085535,-0.69793
170433,866.0,1174.0,29.409059,30.477742,15.238871,-0.037617,19.75294
170435,868.0,1170.0,28.427533,28.707571,14.353786,-0.442543,13.14223
170437,870.0,1165.0,26.62696,27.092342,13.546171,-0.403808,15.8583
170439,872.0,1165.0,27.961542,27.961542,13.980771,0.2173,-12.10009
170441,874.0,1164.0,26.139375,26.158497,13.079248,-0.450762,6.00444
170443,876.0,1164.0,25.170261,25.170261,12.585131,-0.247058,2.23481
170445,878.0,1160.0,24.455157,24.780127,12.390063,-0.097534,11.72909
170447,880.0,1154.0,23.945918,24.68617,12.343085,-0.023489,16.46347
170449,882.0,1148.0,23.040621,23.809036,11.904518,-0.219284,17.77028
170451,884.0,1142.0,21.438761,22.262536,11.131268,-0.386625,18.56487
170453,886.0,1135.0,20.87357,22.016038,11.008019,-0.061624,19.22684
170455,888.0,1127.0,21.900838,23.316233,11.658117,0.325049,19.5432
170457,890.0,1124.0,22.09089,22.293663,11.146832,-0.255643,10.0065
170459,892.0,1120.0,21.083681,21.459767,10.729884,-0.208474,12.22632
170501,894.0,1114.0,20.463522,21.325003,10.662501,-0.033691,16.41786
170503,896.0,1108.0,20.281541,21.150435,10.575218,-0.043642,16.46132
170505,898.0,1105.0,19.140503,19.374181,9.68709,-0.444064,10.59713
170507,900.0,1099.0,20.473407,21.334488,10.667244,0.490077,13.46068
170509,902.0,1097.0,18.950731,19.055975,9.527988,-0.569628,8.57789
170511,904.0,1097.0,20.646816,20.646816,10.323408,0.39771,-10.86502
170513,906.0,1094.0,20.375687,20.595354,10.297677,-0.012866,8.46244
170515,908.0,1094.0,17.506388,17.506388,8.753194,-0.772241,4.0024
170517,910.0,1092.0,16.707379,16.82666,8.41333,-0.169932,6.33771
170519,912.0,1091.0,17.052991,17.082286,8.541143,0.063906,2.70851
170521,914.0,1092.0,16.993566,17.022964,8.511482,-0.01483,-6.34271
170523,916.0,1091.0,17.700079,17.728305,8.864152,0.176335,2.20512
170525,918.0,1091.0,19.245783,19.245783,9.622891,0.379369,-9.77603
170527,920.0,1093.0,21.457575,21.55058,10.77529,0.5762,-25.46228
170529,922.0,1096.0,20.920034,21.134044,10.567022,-0.104134,-21.27112
170531,924.0,1096.0,19.622506,19.622506,9.811253,-0.377884,2.50625
170533,926.0,1096.0,18.679809,18.679809,9.339904,-0.235675,1.65429
170535,928.0,1096.0,16.438886,16.438886,8.219443,-0.560231,2.80419
170537,930.0,1096.0,17.871525,17.871525,8.935763,0.35816,-8.71317
170539,932.0,1096.0,20.968322,20.968322,10.484161,0.774199,-18.06962
170541,934.0,1095.0,21.998393,22.02111,11.010555,0.263197,1.75267
170543,936.0,1094.0,22.239928,22.262399,11.131199,0.060322,2.94697
170545,938.0,1093.0,22.32668,22.349064,11.174532,0.021666,3.1799
170547,940.0,1093.0,22.316894,22.316894,11.158447,-0.008042,0.75654
170549,942.0,1092.0,21.727637,21.750637,10.875318,-0.141565,4.08503
170551,944.0,1093.0,20.825342,20.849337,10.424669,-0.225325,-1.64907
170553,946.0,1094.0,20.027592,20.052542,10.026271,-0.199199,-2.43676
170555,948.0,1093.0,19.334294,19.360138,9.680069,-0.173101,4.01216
170557,950.0,1094.0,18.735688,18.762356,9.381178,-0.149445,-3.74871
170559,952.0,1097.0,18.588408,18.828938,9.414469,0.016646,-23.96873
170601,954.0,1097.0,18.412015,18.412015,9.206008,-0.10423,0.98174
170603,956.0,1102.0,17.551969,18.25025,9.125125,-0.040442,-40.60195
170605,958.0,1104.0,16.504956,16.62569,8.312845,-0.40614,-9.35993
170607,960.0,1111.0,15.804686,17.285488,8.642744,0.16495,-61.43359
170609,962.0,1117.0,15.027223,16.180773,8.090387,-0.276179,-46.38854
170611,964.0,1118.0,13.881479,13.917452,6.958726,-0.56583,-0.27426
170613,966.0,1120.0,11.926924,12.093449,6.046724,-0.456001,-11.2169
170615,968.0,1125.0,11.074811,12.151191,6.075596,0.014436,-42.45922
170617,970.0,1130.0,12.599207,13.555073,6.777537,0.35097,-46.31295
170619,972.0,1131.0,13.018595,13.056945,6.528473,-0.124532,-5.79567
170621,974.0,1136.0,11.859183,12.870129,6.435064,-0.046705,-41.65497
170623,976.0,1139.0,12.128698,12.494211,6.247105,-0.093979,-23.74593
170625,978.0,1141.0,12.046855,12.211745,6.105873,-0.070616,-15.33848
170627,980.0,1143.0,12.342965,12.503951,6.251975,0.073051,-16.87276
170629,982.0,1147.0,12.47477,13.100377,6.550188,0.149107,-35.16206
170631,984.0,1150.0,12.069925,12.437166,6.218583,-0.165803,-22.96496
170633,986.0,1152.0,11.530937,11.703098,5.851549,-0.183517,-14.27387
170635,988.0,1153.0,13.092945,13.131078,6.565539,0.356995,-11.40236
170637,990.0,1156.0,14.858832,15.158657,7.579329,0.506895,-31.19228
170639,992.0,1157.0,16.386645,16.417129,8.208565,0.314618,-11.27397
170641,994.0,1159.0,16.628143,16.747989,8.373995,0.082715,-16.58109
170643,996.0,1158.0,16.764906,16.794704,8.397352,0.011678,2.9295
170645,998.0,1161.0,17.434809,17.691031,8.845515,0.224082,-27.43412
170647,1000.0,1161.0,17.394543,17.394543,8.697271,-0.074122,0.758
170649,1002.0,1166.0,17.786085,18.475519,9.23776,0.270244,-45.66186
170651,1004.0,1164.0,17.788407,17.900486,8.950243,-0.143758,6.31955
170653,1006.0,1170.0,17.463479,18.465456,9.232728,0.141242,-52.27118
170655,1008.0,1169.0,16.653812,16.683809,8.341904,-0.445412,4.94265
170657,1010.0,1172.0,16.42945,16.701102,8.350551,0.004323,-24.15077
170659,1012.0,1175.0,16.727886,16.994769,8.497385,0.073417,-25.14422
170701,1014.0,1177.0,16.850925,16.969198,8.484599,-0.006393,-15.21276
170703,1016.0,1178.0,16.747373,16.777202,8.388601,-0.047999,-5.89785
170705,1018.0,1179.0,17.008603,17.037975,8.518987,0.065193,-7.55602
170707,1020.0,1179.0,17.526151,17.526151,8.763076,0.122045,-0.1426
170709,1022.0,1180.0,17.116904,17.14609,8.573045,-0.095015,-5.09845
170711,1024.0,1183.0,16.65379,16.921842,8.460921,-0.056062,-23.20318
170713,1026.0,1185.0,15.788022,15.914196,7.957098,-0.251912,-11.9289
170715,1028.0,1186.0,15.124743,15.157765,7.578883,-0.189107,-4.34638
170717,1030.0,1187.0,16.36236,16.392889,8.196445,0.308781,-11.18724
170719,1032.0,1189.0,18.185539,18.295186,9.147593,0.475574,-22.80817
170721,1034.0,1192.0,17.874886,18.124888,9.062444,-0.042575,-23.14063
170723,1036.0,1192.0,17.55198,17.55198,8.77599,-0.143227,1.09041
170725,1038.0,1195.0,17.622992,17.876517,8.938258,0.081134,-25.16423
170727,1040.0,1199.0,17.351328,17.80642,8.90321,-0.017524,-32.33842
170729,1042.0,1201.0,17.747872,17.860206,8.930103,0.013447,-15.36123
170731,1044.0,1199.0,17.598377,17.71166,8.85583,-0.037137,5.80165
170733,1046.0,1203.0,17.597342,18.046231,9.023115,0.083643,-33.91491
170735,1048.0,1203.0,17.367582,17.367582,8.683791,-0.169662,1.19481
170737,1050.0,1206.0,17.132332,17.39301,8.696505,0.006357,-24.06127
170739,1052.0,1205.0,17.271085,17.300011,8.650006,-0.02325,3.11454
170741,1054.0,1204.0,19.795433,19.820675,9.910337,0.630166,-0.15634
170743,1056.0,1206.0,21.470531,21.56348,10.78174,0.435701,-22.77811
170745,1058.0,1205.0,20.632823,20.657042,10.328521,-0.226609,4.43927
170747,1060.0,1207.0,18.307169,18.416092,9.208046,-0.560238,-5.86308
170749,1062.0,1208.0,17.889735,17.917662,8.958831,-0.124607,-4.42109
170751,1064.0,1206.0,17.611315,17.724515,8.862257,-0.048287,5.85472
170753,1066.0,1203.0,17.018491,17.280886,8.640443,-0.110907,8.70838
170755,1068.0,1205.0,17.127925,17.244299,8.622149,-0.009147,-15.12018
170757,1070.0,1204.0,16.560371,16.590537,8.295268,-0.163441,3.68797
170759,1072.0,1204.0,15.082908,15.082908,7.541454,-0.376907,1.80026
170801,1074.0,1204.0,11.373881,11.373881,5.686941,-0.927256,2.90979
170803,1076.0,1206.0,6.274833,6.585858,3.292929,-1.197006,-9.91528
170805,1078.0,1203.0,4.89071,5.737512,2.868756,-0.212087,7.98976
170807,1080.0,1201.0,8.617332,8.846379,4.423189,0.777217,3.38008
170809,1082.0,1206.0,12.243674,13.225262,6.612631,1.094721,-55.01722
170811,1084.0,1204.0,13.839287,13.983056,6.991528,0.189448,4.73342
170813,1086.0,1202.0,14.966798,15.099836,7.549918,0.279195,4.37411
170815,1088.0,1203.0,16.499737,16.530012,8.265006,0.357544,-11.9184
170817,1090.0,1203.0,17.061153,17.061153,8.530577,0.132785,-0.20149
170819,1092.0,1207.0,16.545113,17.021773,8.510887,-0.009845,-32.61041
170821,1094.0,1210.0,16.242569,16.517296,8.258648,-0.126119,-22.26674
170823,1096.0,1213.0,16.186378,16.462043,8.231021,-0.013814,-23.92793
170825,1098.0,1216.0,14.969347,15.267002,7.633501,-0.29876,-20.27916
170827,1100.0,1218.0,13.6075,13.753692,6.876846,-0.378328,-11.23058
170829,1102.0,1220.0,11.397378,11.571527,5.785763,-0.545541,-10.58865
170831,1104.0,1220.0,7.911662,7.911662,3.955831,-0.914966,1.88286
170833,1106.0,1221.0,3.900988,4.027121,2.013561,-0.971135,-5.06828
170835,1108.0,1219.0,4.658003,5.06922,2.53461,0.260524,4.69401
170837,1110.0,1221.0,9.072787,9.290611,4.645306,1.055348,-25.27163
170839,1112.0,1221.0,12.640715,12.640715,6.320357,0.837525,-11.53993
170841,1114.0,1226.0,14.125707,14.984512,7.492256,0.58595,-49.65771
170843,1116.0,1226.0,14.784687,14.784687,7.392344,-0.049956,0.47572
170845,1118.0,1229.0,14.494134,14.801349,7.400674,0.004165,-24.47184
170847,1120.0,1233.0,14.47009,15.012778,7.506389,0.052858,-33.81691
170849,1122.0,1235.0,14.28736,14.426665,7.213332,-0.146529,-13.86931
170851,1124.0,1235.0,14.311709,14.311709,7.155855,-0.028739,0.36556
170853,1126.0,1238.0,14.392807,14.702139,7.351069,0.097607,-25.71077
170855,1128.0,1237.0,14.364439,14.399205,7.199602,-0.075734,3.14665
170857,1130.0,1240.0,14.001196,14.31899,7.159495,-0.020053,-24.24217
170859,1132.0,1238.0,14.211497,14.351538,7.175769,0.008137,5.42167
170901,1134.0,1237.0,14.814924,14.848636,7.424318,0.124275,2.3918
170903,1136.0,1236.0,15.147268,15.180242,7.590121,0.082901,2.56384
170905,1138.0,1234.0,14.129356,14.270203,7.135102,-0.22751,6.30807
170907,1140.0,1229.0,10.57199,11.694741,5.847371,-0.643866,15.11068
170909,1142.0,1227.0,5.646741,5.990466,2.995233,-1.426069,7.34245
170911,1144.0,1225.0,1.234677,2.35041,1.175205,-0.910014,5.50197
170913,1146.0,1221.0,1.641798,4.323829,2.161915,0.493355,9.643
170915,1148.0,1220.0,0.7546,1.252765,0.626383,-0.767766,2.55044
170917,1150.0,1222.0,0.396582,2.03894,1.01947,0.196544,-17.89783
170919,1152.0,1221.0,3.338829,3.485366,1.742683,0.361606,2.04982
170921,1154.0,1222.0,6.903735,6.975784,3.487892,0.872605,-13.56332
170923,1156.0,1222.0,10.290462,10.290462,5.145231,0.82867,-9.347
170925,1158.0,1224.0,11.995219,12.160809,6.080404,0.467586,-21.17465
170927,1160.0,1224.0,11.058169,11.058169,5.529085,-0.275659,0.91045
170929,1162.0,1224.0,9.620198,9.620198,4.810099,-0.359493,0.95524
170931,1164.0,1223.0,10.61947,10.666449,5.333225,0.261563,1.9443
170933,1166.0,1223.0,13.275376,13.275376,6.637688,0.652232,-9.92519
170935,1168.0,1226.0,15.242805,15.535222,7.767611,0.564961,-32.10218
170937,1170.0,1224.0,16.008307,16.132758,8.066379,0.149384,4.90494
170939,1172.0,1221.0,17.093208,17.354474,8.677237,0.305429,6.80159
170941,1174.0,1220.0,17.87924,17.907183,8.953592,0.138178,2.38601
170943,1176.0,1219.0,18.902033,18.928467,9.464233,0.25532,1.81893
170945,1178.0,1218.0,19.777312,19.802577,9.901289,0.218528,2.00332
170947,1180.0,1213.0,20.918904,21.50815,10.754075,0.426393,11.21228
170949,1182.0,1212.0,21.887308,21.91014,10.95507,0.100497,2.6945
170951,1184.0,1209.0,23.024349,23.218972,11.609486,0.327208,6.54481
170953,1186.0,1209.0,23.875688,23.875688,11.937844,0.164179,-0.22862
170955,1188.0,1205.0,24.663057,24.985324,12.492662,0.277409,9.19421
170957,1190.0,1203.0,25.660477,25.7383,12.86915,0.188244,4.32766
170959,1192.0,1200.0,26.667273,26.835489,13.417745,0.274298,5.90527
171001,1194.0,1194.0,27.178591,27.832999,13.916499,0.249377,13.45989
171003,1196.0,1193.0,27.996807,28.014661,14.00733,0.045415,1.90964
171005,1198.0,1189.0,28.512211,28.791426,14.395713,0.194192,8.26578
171007,1200.0,1187.0,28.607539,28.677365,14.338683,-0.028515,4.81229
171009,1202.0,1183.0,28.907665,29.183096,14.591548,0.126432,8.61662
171011,1204.0,1181.0,29.042975,29.111757,14.555879,-0.017835,4.56509
171013,1206.0,1177.0,29.621237,29.890093,14.945046,0.194584,7.76847
171015,1208.0,1175.0,28.705775,28.775363,14.387681,-0.278682,6.6817
171017,1210.0,1172.0,25.723047,25.897397,12.948698,-0.719492,13.09167
171019,1212.0,1167.0,23.509306,24.03513,12.017565,-0.465567,16.85263
171021,1214.0,1165.0,21.929169,22.020183,11.010091,-0.503737,8.81884
171023,1216.0,1167.0,21.032145,21.127024,10.563512,-0.223289,-10.30845
171025,1218.0,1164.0,22.123198,22.325678,11.162839,0.299664,6.72782
171027,1220.0,1163.0,22.692583,22.714606,11.357303,0.097232,2.74546
171029,1222.0,1165.0,22.167505,22.257545,11.128772,-0.114266,-12.00416
171031,1224.0,1158.0,20.585224,21.742848,10.871424,-0.128674,19.59052
171033,1226.0,1147.0,18.856617,21.830529,10.915264,0.02192,29.11689
171035,1228.0,1144.0,16.837425,17.102599,8.551299,-1.181983,13.54348
171037,1230.0,1133.0,13.004746,17.03301,8.516505,-0.017397,29.04267
171039,1232.0,1128.0,10.258845,11.412445,5.706222,-1.405142,17.34993
171041,1234.0,1124.0,13.385983,13.970846,6.985423,0.6396,8.26297
171043,1236.0,1124.0,15.902936,15.902936,7.951468,0.483023,-9.49748
171045,1238.0,1123.0,16.384004,16.414493,8.207247,0.12789,2.40587
171047,1240.0,1121.0,17.478308,17.592363,8.796181,0.294467,4.25048
171049,1242.0,1117.0,19.192895,19.605285,9.802643,0.503231,8.31806
171051,1244.0,1120.0,20.33653,20.556616,10.278308,0.237832,-27.70013
171053,1246.0,1115.0,19.543991,20.173437,10.086719,-0.095794,14.07207
171055,1248.0,1113.0,16.550745,16.671148,8.335574,-0.875573,9.43644
171057,1250.0,1105.0,12.641053,14.95982,7.47991,-0.427832,22.75998
171059,1252.0,1100.0,8.104771,9.522988,4.761494,-1.359208,16.44715
171101,1254.0,1096.0,3.438669,5.274888,2.637444,-1.062025,11.72893
171103,1256.0,1093.0,2.35799,3.815772,1.907886,-0.364779,7.95901
171105,1258.0,1092.0,5.876281,5.960762,2.980381,0.536248,1.63661
171107,1260.0,1094.0,9.3989,9.609335,4.804667,0.912143,-24.29908
171109,1262.0,1092.0,11.865033,12.032414,6.016207,0.60577,3.41284
171111,1264.0,1097.0,12.470588,13.435608,6.717804,0.350799,-46.29241
171113,1266.0,1096.0,12.037135,12.078602,6.039301,-0.339252,3.83233
171115,1268.0,1096.0,10.229342,10.229342,5.114671,-0.462315,1.31869
171117,1270.0,1097.0,7.382165,7.449588,3.724794,-0.694939,-3.47347
171119,1272.0,1100.0,5.01948,5.847665,2.923832,-0.400481,-23.67698
171121,1274.0,1101.0,2.598973,2.784719,1.392359,-0.765737,-6.81601
171123,1276.0,1101.0,1.054595,1.054595,0.527298,-0.43253,-0.18814
171125,1278.0,1103.0,0.141045,2.004967,1.002484,0.237593,-17.96959
171127,1280.0,1102.0,0.33752,1.055424,0.527712,-0.237386,2.35444
171129,1282.0,1104.0,0.56418,2.078052,1.039026,0.255657,-18.00882
171131,1284.0,1101.0,3.967231,4.973824,2.486912,0.723943,6.68357
171133,1286.0,1101.0,6.612053,6.612053,3.306027,0.409558,-3.64206
171135,1288.0,1104.0,7.976407,8.521917,4.260958,0.477465,-29.00741
171137,1290.0,1104.0,7.418152,7.418152,3.709076,-0.275941,0.48782
171139,1292.0,1106.0,6.676014,6.969158,3.484579,-0.112248,-16.18066
171141,1294.0,1106.0,6.397536,6.397536,3.198768,-0.142906,0.1457
171143,1296.0,1105.0,8.482988,8.541726,4.270863,0.536048,1.37821
171145,1298.0,1106.0,11.667663,11.710438,5.855219,0.792178,-15.70884
171147,1300.0,1105.0,14.056787,14.092312,7.046156,0.595469,0.62216
171149,1302.0,1108.0,15.863251,16.144433,8.072217,0.513031,-31.55334
171151,1304.0,1107.0,17.153811,17.182934,8.591467,0.259625,1.82179
171153,1306.0,1106.0,17.527218,17.555722,8.777861,0.093197,2.58992
171155,1308.0,1106.0,17.029825,17.029825,8.514912,-0.131474,0.99026
171157,1310.0,1106.0,16.446128,16.446128,8.223064,-0.145924,1.00176
171159,1312.0,1103.0,16.536708,16.806627,8.403314,0.090125,7.77557
171201,1314.0,1101.0,16.109562,16.233237,8.116619,-0.143347,6.16527
171203,1316.0,1100.0,16.077256,16.108326,8.054163,-0.031228,3.07891
171205,1318.0,1100.0,15.638668,15.638668,7.819334,-0.117415,0.81051
171207,1320.0,1098.0,15.436577,15.5656,7.7828,-0.018267,5.58991
171209,1322.0,1098.0,15.832842,15.832842,7.916421,0.06681,0.05443
171211,1324.0,1097.0,15.403556,15.435982,7.717991,-0.099215,3.31645
171213,1326.0,1095.0,14.393312,14.531601,7.265801,-0.226095,6.33216
171215,1328.0,1090.0,11.619425,12.649547,6.324773,-0.470514,14.73782
171217,1330.0,1091.0,13.30657,13.344093,6.672046,0.173636,-9.25751
171219,1332.0,1092.0,15.256642,15.289379,7.64469,0.486322,-13.48877
171221,1334.0,1094.0,14.611787,14.748028,7.374014,-0.135338,-13.9175
171223,1336.0,1096.0,15.456608,15.585465,7.792732,0.209359,-18.45435
171225,1338.0,1097.0,15.2686,15.301312,7.650656,-0.071038,-5.90315
171227,1340.0,1098.0,14.270137,14.305132,7.152566,-0.249045,-3.86824
171229,1342.0,1098.0,12.872979,12.872979,6.43649,-0.358038,1.40798
171231,1344.0,1097.0,11.393236,11.437037,5.718519,-0.358986,3.80493
171233,1346.0,1097.0,9.06561,9.06561,4.532805,-0.592857,1.43867
171235,1348.0,1101.0,5.423176,6.738756,3.369378,-0.581713,-30.87927
171237,1350.0,1099.0,2.561789,3.250041,1.62502,-0.872179,5.72155
171239,1352.0,1097.0,1.630229,2.580242,1.290121,-0.167449,5.05914
171241,1354.0,1099.0,3.875338,4.360992,2.180496,0.445188,-18.9605
171243,1356.0,1096.0,8.765117,9.264301,4.632151,1.225828,4.80903
171245,1358.0,1099.0,11.626008,12.006834,6.003417,0.685633,-32.19206
171247,1360.0,1100.0,13.057378,13.095615,6.547807,0.272195,-10.40778
171249,1362.0,1102.0,14.456759,14.594447,7.297224,0.374709,-20.58582
171251,1364.0,1102.0,15.953302,15.953302,7.976651,0.339714,-7.49413
171253,1366.0,1105.0,16.76593,17.032216,8.516108,0.269728,-28.1128
171255,1368.0,1103.0,17.563415,17.676921,8.838461,0.161177,4.87247
171257,1370.0,1106.0,18.370178,18.613528,9.306764,0.234151,-27.60969
171259,1372.0,1108.0,19.098924,19.203356,9.601678,0.147457,-17.40845
171301,1374.0,1109.0,19.334052,19.359896,9.679948,0.039135,-6.80311
171303,1376.0,1111.0,18.686697,18.79342,9.39671,-0.141619,-12.59963
171305,1378.0,1113.0,17.366399,17.481184,8.740592,-0.328059,-10.11089
171307,1380.0,1114.0,16.225404,16.256191,8.128095,-0.306248,-2.27495
171309,1382.0,1118.0,15.731016,16.231601,8.1158,-0.006147,-32.80866
171311,1384.0,1115.0,15.908858,16.189249,8.094624,-0.010588,8.18918
171313,1386.0,1113.0,16.321742,16.443822,8.221911,0.063644,5.28317
171315,1388.0,1109.0,17.050329,17.513244,8.756622,0.267355,9.57211
171317,1390.0,1105.0,17.641367,18.089163,9.044582,0.14398,10.15397
171319,1392.0,1105.0,16.22536,16.22536,8.11268,-0.465951,2.35625
171321,1394.0,1106.0,14.310132,14.34503,7.172515,-0.470082,-1.03144
171323,1396.0,1099.0,14.173947,15.80825,7.904125,0.365805,16.98118
171325,1398.0,1096.0,15.088267,15.383622,7.691811,-0.106157,8.53463
171327,1400.0,1097.0,15.360032,15.39255,7.696275,0.002232,-6.88531
171329,1402.0,1093.0,14.081546,14.638646,7.319323,-0.188476,11.39209
171331,1404.0,1090.0,8.452305,8.968916,4.484458,-1.417432,11.16808
171333,1406.0,1087.0,0.923843,3.139026,1.569513,-1.457473,8.77489
171335,1408.0,1084.0,1.983214,3.596267,1.798134,0.11431,7.473
171337,1410.0,1083.0,0.866285,1.323046,0.661523,-0.568305,2.49761
171339,1412.0,1082.0,0.0,1.0,0.0,-0.330762,-0.35
171341,1414.0,1084.0,0.0,2.0,0.0,0.0,-0.35
171343,1416.0,1083.0,0.0,1.0,0.0,0.0,-0.35
171345,1418.0,1083.0,0.0,0.0,0.0,0.0,-0.35
171431,1464.0,1083.0,0.0,0.0,0.0,0.0,-0.35
171433,1466.0,1084.0,0.141038,1.009897,0.504948,0.252474,-9.17393
171435,1468.0,1084.0,0.0,0.0,0.0,-0.252474,-0.35
171437,1470.0,1084.0,0.0,0.0,0.0,0.0,-0.35
171439,1472.0,1086.0,0.0,2.0,0.0,0.0,-0.35
171441,1474.0,1084.0,0.0,2.0,0.0,0.0,-0.35
171443,1476.0,1084.0,0.0,0.0,0.0,0.0,-0.35
171445,1478.0,1084.0,0.0,0.0,0.0,0.0,-0.35
171447,1480.0,1084.0,0.0,0.0,0.0,0.0,-0.35
171449,1482.0,1084.0,0.0,0.0,0.0,0.0,-0.35
171451,1484.0,1083.0,0.0,1.0,0.0,0.0,-0.35
171453,1486.0,1087.0,0.0,4.0,0.0,0.0,-0.35
171455,1488.0,1083.0,0.0,4.0,0.0,0.0,-0.35
171457,1490.0,1082.0,0.0,1.0,0.0,0.0,-0.35
171459,1492.0,1085.0,0.0,3.0,0.0,0.0,-0.35
171501,1494.0,1085.0,0.0,0.0,0.0,0.0,-0.35
171503,1496.0,1083.0,0.0,2.0,0.0,0.0,-0.35
171505,1498.0,1084.0,0.0,1.0,0.0,0.0,-0.35
171507,1500.0,1085.0,0.0,1.0,0.0,0.0,-0.35
171509,1502.0,1085.0,2.18741,2.18741,1.093705,0.546853,-1.70144
171511,1504.0,1086.0,9.9351,9.985299,4.99265,1.949473,-25.03643
171513,1506.0,1084.0,16.14657,16.269964,8.134982,1.571166,-8.01588
171515,1508.0,1085.0,18.499227,18.526236,9.263118,0.564068,-15.58731
171517,1510.0,1086.0,20.450539,20.474974,10.237487,0.487184,-14.78179
171519,1512.0,1085.0,21.457825,21.481114,10.740557,0.251535,1.8227
171521,1514.0,1086.0,21.739644,21.762631,10.881316,0.070379,-7.0009
171523,1516.0,1083.0,22.180974,22.382931,11.191465,0.155075,7.58558
171525,1518.0,1078.0,23.177744,23.710922,11.855461,0.331998,11.70253
171527,1520.0,1075.0,23.626194,23.815899,11.90795,0.026244,8.43425
171529,1522.0,1071.0,24.3441,24.670533,12.335267,0.213659,9.72757
171531,1524.0,1070.0,25.032489,25.052455,12.526228,0.09548,2.58982
171533,1526.0,1066.0,25.582383,25.89321,12.946605,0.210189,9.32032
171535,1528.0,1070.0,25.863872,26.171356,13.085678,0.069536,-33.11962
171537,1530.0,1064.0,25.595146,26.289,13.1445,0.029411,15.62513
