150730,0,970.0,0.0,0.0,0,0,-0.35
150734,4.0,976.0,37.289926,37.769545,9.442386,2.360597,-63.34413
150736,6.0,976.0,17.927218,17.927218,8.963609,-0.239389,1.58362
150738,8.0,976.0,17.372459,17.372459,8.68623,-0.138689,1.05481
150740,10.0,978.0,16.974257,17.091676,8.545838,-0.070196,-14.21429
150742,12.0,984.0,16.933739,17.965286,8.982643,0.218402,-53.52997
150744,14.0,986.0,16.502534,16.623285,8.311643,-0.3355,-10.40384
150746,16.0,991.0,16.220475,16.973621,8.486811,0.087584,-42.81463
150748,18.0,991.0,16.220475,16.220475,8.110238,-0.188286,1.16369
150750,20.0,990.0,16.079446,16.110511,8.055256,-0.027491,3.06366
150752,22.0,994.0,15.524183,16.031228,8.015614,-0.019821,-32.64764
150754,24.0,995.0,15.954572,15.98588,7.99294,-0.011337,-6.58907
150756,26.0,998.0,16.228945,16.503898,8.251949,0.129504,-26.01949
150758,28.0,998.0,16.257492,16.257492,8.128746,-0.061602,0.62219
150800,30.0,1000.0,16.48698,16.607845,8.303923,0.087588,-16.6642
150802,32.0,1003.0,15.391057,15.680709,7.840355,-0.231784,-21.02829
150804,34.0,1007.0,16.904634,17.371432,8.685716,0.42268,-39.22431
150807,37.0,1008.0,17.800521,17.828588,5.942863,-0.914284,1.28725
150810,40.0,1015.0,32.683924,33.425123,11.141708,1.732948,-71.8941
150812,42.0,1016.0,16.362714,16.393243,8.196621,-1.472543,4.15754
150814,44.0,1017.0,16.00373,16.034943,8.017471,-0.089575,-5.46426
150816,46.0,1017.0,15.265888,15.265888,7.632944,-0.192264,1.08261
150818,48.0,1023.0,14.905107,16.067427,8.033714,0.200385,-53.24857
150820,50.0,1023.0,15.042608,15.042608,7.521304,-0.256205,1.3145
150822,52.0,1024.0,15.656621,15.688524,7.844262,0.161479,-9.05726
150824,54.0,1028.0,16.107508,16.596741,8.29837,0.227054,-36.1846
150826,56.0,1026.0,16.873095,16.991213,8.495607,0.098618,5.14618
150828,58.0,1028.0,18.137881,18.247814,9.123907,0.31415,-20.17103
150830,60.0,1027.0,18.455973,18.483045,9.241522,0.058807,2.78726
150832,62.0,1024.0,19.048227,19.283022,9.641511,0.199994,7.29389
150835,65.0,1026.0,17.568263,17.681738,5.893913,-1.249199,0.57278
150838,68.0,1021.0,34.041031,34.406276,11.468759,1.858282,-12.879
150841,71.0,1019.0,17.112017,17.228498,5.742833,-1.908642,9.38938
150843,73.0,1021.0,16.064097,16.18812,8.09406,1.175614,-32.37946
150846,76.0,1013.0,35.455658,36.34699,12.115663,1.340534,6.1076
150848,78.0,1013.0,20.842779,20.842779,10.421389,-0.847137,5.2913
150851,81.0,1014.0,22.310261,22.332661,7.44422,-0.99239,2.46659
150855,85.0,1009.0,39.574205,39.888817,9.972204,0.631996,3.71855
150858,88.0,1009.0,32.44928,32.44928,10.816427,0.281408,-9.18306
150900,90.0,1005.0,7.752906,8.723964,4.361982,-3.227222,17.84234
150902,92.0,1006.0,1.364535,1.691732,0.845866,-1.758058,-6.21102
150904,94.0,1005.0,0.898015,1.344035,0.672018,-0.086924,2.33031
150906,96.0,1007.0,0.931564,2.206312,1.103156,0.215569,-17.9424
150908,98.0,1006.0,0.0,1.0,0.0,-0.551578,-0.35
150910,100.0,1004.0,0.0,2.0,0.0,0.0,-0.35
150912,102.0,1004.0,0.0,0.0,0.0,0.0,-0.35
150914,104.0,1006.0,0.0,2.0,0.0,0.0,-0.35
150916,106.0,1005.0,0.0,1.0,0.0,0.0,-0.35
150918,108.0,1007.0,0.0,2.0,0.0,0.0,-0.35
150920,110.0,1008.0,0.232891,1.026761,0.513381,0.256691,-9.17937
150922,112.0,1007.0,3.793145,3.922748,1.961374,0.723996,1.64898
150924,114.0,1006.0,6.195568,6.275752,3.137876,0.588251,1.51839
150926,116.0,1008.0,10.411934,10.602281,5.30114,1.081632,-26.55623
150928,118.0,1009.0,12.497986,12.537928,6.268964,0.483912,-12.72294
150930,120.0,1012.0,13.543647,13.871927,6.935964,0.3335,-28.68453
150932,122.0,1012.0,14.241134,14.241134,7.120567,0.092302,-0.09372
150934,124.0,1012.0,15.070588,15.070588,7.535294,0.207364,-5.30137
150936,126.0,1014.0,15.511417,15.639822,7.819911,0.142308,-17.52098
150938,128.0,1018.0,15.616249,16.120398,8.060199,0.120144,-34.63884
150940,130.0,1014.0,16.143235,16.631418,8.315709,0.127755,10.20213
150942,132.0,1015.0,16.99626,17.025653,8.512826,0.098559,-8.05899
150944,134.0,1018.0,16.697328,16.964692,8.482346,-0.01524,-23.80556
150946,136.0,1019.0,16.844098,16.873756,8.436878,-0.022734,-6.25202
150948,138.0,1019.0,16.782726,16.782726,8.391363,-0.022757,0.48581
150950,140.0,1019.0,17.278021,17.278021,8.639011,0.123824,-0.15499
150952,142.0,1020.0,17.492476,17.521036,8.760518,0.060753,-7.42279
150954,144.0,1022.0,16.538468,16.65896,8.32948,-0.215519,-12.16654
150956,146.0,1019.0,12.374119,12.732589,6.366294,-0.981593,11.28091
150958,148.0,1016.0,6.532217,7.188175,3.594087,-1.386104,10.36495
151000,150.0,1018.0,3.24932,3.815505,1.907753,-0.843167,-14.44318
151002,152.0,1018.0,4.573906,4.573906,2.286953,0.1896,-1.7261
151004,154.0,1020.0,7.532588,7.793579,3.89679,0.804919,-22.34311
151006,156.0,1017.0,9.795411,10.244514,5.122257,0.612734,6.19669
151008,158.0,1020.0,11.342122,11.732167,5.866083,0.371913,-28.79157
151010,160.0,1019.0,11.677812,11.72055,5.860275,-0.002904,2.74013
151012,162.0,1017.0,13.60156,13.747816,6.873908,0.506817,3.57948
151014,164.0,1013.0,13.926528,14.489589,7.244795,0.185443,9.94317
151016,166.0,1012.0,13.73617,13.772522,6.886261,-0.179267,3.48186
151018,168.0,1010.0,11.262174,11.438381,5.71919,-0.583536,7.08217
151020,170.0,1009.0,5.271029,5.365049,2.682524,-1.518333,4.61508
151022,172.0,1007.0,2.826968,3.462911,1.731455,-0.475535,5.41551
151024,174.0,1007.0,6.206988,6.206988,3.103494,0.68602,-4.96558
151026,176.0,1011.0,10.398085,11.140923,5.570462,1.233484,-45.95726
151028,178.0,1012.0,12.279898,12.320548,6.160274,0.294906,-10.59151
151030,180.0,1013.0,11.618111,11.661068,5.830534,-0.16487,-5.75034
151032,182.0,1016.0,11.054836,11.454667,5.727334,-0.0516,-24.42567
151034,184.0,1019.0,11.31716,11.708036,5.854018,0.063342,-25.57252
151036,186.0,1018.0,11.374149,11.418024,5.709012,-0.072503,2.93641
151038,188.0,1019.0,11.327783,11.371836,5.685918,-0.011547,-7.38883
151040,190.0,1024.0,12.159774,13.147627,6.573814,0.443948,-47.33833
151042,192.0,1025.0,13.06519,13.103404,6.551702,-0.011056,-7.10527
151044,194.0,1029.0,12.552522,13.174437,6.587219,0.017759,-33.61906
151046,196.0,1029.0,11.277629,11.277629,5.638814,-0.474203,1.52958
151048,198.0,1028.0,9.741507,9.792699,4.896349,-0.371233,3.6069
151050,200.0,1030.0,6.463683,6.766032,3.383016,-0.756666,-12.34928
151052,202.0,1032.0,3.950201,4.42765,2.213825,-0.584596,-14.92069
151054,204.0,1034.0,5.716307,6.056085,3.028043,0.407109,-19.19684
151056,206.0,1036.0,8.453532,8.686898,4.343449,0.657703,-21.71759
151058,208.0,1038.0,9.429149,9.638924,4.819462,0.238007,-18.53656
151100,210.0,1033.0,7.189812,8.757477,4.378738,-0.220362,13.4984
151102,212.0,1033.0,5.019692,5.019692,2.509846,-0.934446,1.08944
151104,214.0,1034.0,6.264735,6.344044,3.172022,0.331088,-10.10304
151106,216.0,1035.0,10.797834,10.844041,5.42202,1.124999,-18.44182
151108,218.0,1032.0,14.480159,14.787664,7.393832,0.985906,4.21274
151111,221.0,1028.0,17.892999,18.334651,6.11155,-0.427427,8.46573
151114,224.0,1025.0,41.461549,41.569941,13.856647,2.581699,-52.73997
151116,226.0,1020.0,23.286221,23.81697,11.908485,-0.974081,19.93559
151118,228.0,1013.0,23.810325,24.817969,12.408984,0.250249,17.22851
151120,230.0,1010.0,20.920611,21.134615,10.567308,-0.920838,13.57807
151122,232.0,1009.0,20.088435,20.113309,10.056655,-0.255327,4.52949
151124,234.0,1007.0,22.06419,22.154649,11.077325,0.510335,2.90037
151127,237.0,1006.0,21.693198,21.716234,7.238745,-1.279527,6.90124
151130,240.0,1008.0,41.5073,41.555456,13.851819,2.204358,-62.80332
151132,242.0,1006.0,18.319108,18.42796,9.21398,-2.31892,16.98175
151135,245.0,1006.0,15.406115,15.406115,5.135372,-1.359536,3.76519
151138,248.0,1008.0,31.987196,32.04966,10.68322,1.849283,-43.78917
151140,250.0,1007.0,16.288071,16.318739,8.15937,-1.261925,8.40874
151142,252.0,1009.0,16.685035,16.804475,8.402237,0.121434,-17.15068
151145,255.0,1009.0,16.836463,16.836463,5.612154,-0.930028,2.87496
151148,258.0,1009.0,30.738411,30.738411,10.246137,1.544661,-31.69587
151150,260.0,1008.0,19.114088,19.140229,9.570115,-0.338011,4.8255
151152,262.0,1008.0,20.145254,20.145254,10.072627,0.251256,-7.96305
151154,264.0,1010.0,19.677394,19.778773,9.889386,-0.091621,-13.16049
151156,266.0,1008.0,19.377349,19.480289,9.740144,-0.074621,6.11438
151158,268.0,1007.0,18.729322,18.755999,9.378,-0.181072,3.98983
151200,270.0,1009.0,18.58009,18.687422,9.343711,-0.017144,-14.7006
151202,272.0,1010.0,18.395094,18.422255,9.211127,-0.066292,-5.22017
151204,274.0,1009.0,17.735661,17.763831,8.881915,-0.164606,3.80914
151206,276.0,1010.0,17.533772,17.562265,8.781133,-0.050391,-5.68013
151208,278.0,1012.0,17.429844,17.544214,8.772107,-0.004513,-15.12991
151210,280.0,1013.0,17.289441,17.318336,8.659168,-0.05647,-5.64226
151212,282.0,1013.0,16.681733,16.681733,8.340867,-0.15915,1.0822
151214,284.0,1017.0,15.294829,15.809232,7.904616,-0.218125,-29.90132
151216,286.0,1018.0,13.806058,13.842226,6.921113,-0.491751,-1.05708
151218,288.0,1022.0,12.127988,12.770595,6.385297,-0.267908,-30.43091
151220,290.0,1023.0,10.572831,10.620016,5.310008,-0.537644,-2.53904
151222,292.0,1024.0,10.904053,10.949812,5.474906,0.082449,-8.37341
151224,294.0,1027.0,10.409452,10.833129,5.416565,-0.02917,-24.76525
151226,296.0,1029.0,9.380673,9.591508,4.795754,-0.310406,-13.85276
151228,298.0,1032.0,8.520265,9.032991,4.516495,-0.139629,-24.19057
151230,300.0,1035.0,8.399481,8.919153,4.459576,-0.028459,-25.10353
151232,302.0,1038.0,7.660655,8.227128,4.113564,-0.173006,-24.16225
151234,304.0,1042.0,7.39392,8.406549,4.203274,0.044855,-34.46806
151236,306.0,1042.0,6.320619,6.320619,3.16031,-0.521482,0.7731
151238,308.0,1043.0,6.299606,6.378483,3.189241,0.014466,-8.31136
151241,311.0,1047.0,9.416451,10.230814,3.410271,0.073677,-23.16413
151245,315.0,1050.0,20.076835,20.299737,5.074934,0.416166,-15.81375
151248,318.0,1057.0,16.735425,18.14041,6.046803,0.323956,-42.88829
151251,321.0,1057.0,10.46243,10.46243,3.487477,-0.853109,1.50273
151254,324.0,1062.0,20.122146,20.734048,6.911349,1.141291,-41.52454
151257,327.0,1066.0,9.807614,10.591945,3.530648,-1.1269,-15.60269
151300,330.0,1067.0,19.402372,19.428125,6.476042,0.981798,-15.6648
151302,332.0,1070.0,10.217491,10.648809,5.324404,-0.575819,-19.61829
151305,335.0,1074.0,11.385137,12.067367,4.022456,-0.433983,-19.43833
151307,337.0,1075.0,12.621811,12.661363,6.330682,1.154113,-20.30837
151309,339.0,1072.0,13.487359,13.816977,6.908489,0.288904,6.96732
151311,341.0,1072.0,13.519039,13.519039,6.75952,-0.074485,0.48524
151313,343.0,1075.0,13.922102,14.241661,7.120831,0.180655,-26.79751
151315,345.0,1077.0,14.155145,14.295738,7.147869,0.013519,-15.9418
151318,348.0,1079.0,26.582209,26.657341,8.88578,0.579304,-18.50244
151320,350.0,1081.0,13.406818,13.555175,6.777588,-1.054096,-3.17703
151323,353.0,1081.0,13.623749,13.623749,4.54125,-0.745446,1.80888
151326,356.0,1085.0,28.476843,28.756401,9.585467,1.681406,-49.39896
151328,358.0,1089.0,14.698981,15.233517,7.616759,-0.984354,-19.72762
151330,360.0,1088.0,14.698981,14.732958,7.366479,-0.12514,3.36328
151332,362.0,1091.0,14.884819,15.184131,7.592065,0.112793,-25.87407
151334,364.0,1091.0,14.8675,14.8675,7.43375,-0.079157,0.59649
151337,367.0,1093.0,14.867498,15.001416,5.000472,-0.811093,-3.40442
151340,370.0,1096.0,30.050339,30.199717,10.066572,1.6887,-44.96068
151342,372.0,1099.0,15.025165,15.321736,7.660868,-1.202852,-7.92719
151344,374.0,1101.0,14.980522,15.113439,7.55672,-0.052074,-14.93268
151347,377.0,1102.0,14.815418,14.849128,4.949709,-0.869004,0.59811
151351,381.0,1108.0,29.434464,30.039768,7.509942,0.640058,-32.93297
151353,383.0,1109.0,15.024813,15.058054,7.529027,0.009543,-7.04112
151355,385.0,1109.0,15.758813,15.758813,7.879406,0.17519,-5.09293
151357,387.0,1109.0,15.418077,15.418077,7.709038,-0.085184,0.66037
151359,389.0,1111.0,15.27516,15.405536,7.702768,-0.003135,-15.5404
151402,392.0,1113.0,31.530381,31.593748,10.531249,0.942827,-26.37022
151405,395.0,1114.0,16.022625,16.053801,5.351267,-1.726661,3.24842
151407,397.0,1116.0,16.161729,16.285008,8.142504,1.395619,-35.65468
151411,401.0,1117.0,32.255064,32.270562,8.067641,-0.018716,-2.09427
151415,405.0,1119.0,31.449783,31.513312,7.878328,-0.047328,-6.13014
151419,409.0,1120.0,35.001922,35.016204,8.754051,0.218931,-5.52784
151422,412.0,1122.0,36.793989,36.848305,12.282768,1.176239,-33.738
151424,414.0,1125.0,18.552451,18.793441,9.39672,-1.443024,-0.11738
151426,416.0,1123.0,18.20049,18.310047,9.155024,-0.120848,6.24679
151428,418.0,1121.0,17.640903,17.753914,8.876957,-0.139033,6.28365
151430,420.0,1119.0,16.942037,17.059678,8.529839,-0.173559,6.37633
151433,423.0,1121.0,16.313778,16.435917,5.478639,-1.017067,-0.56294
151435,425.0,1116.0,15.102092,15.908274,7.954137,1.237749,8.11012
151437,427.0,1116.0,14.415146,14.415146,7.207573,-0.373282,1.68671
151439,429.0,1117.0,14.081547,14.11701,7.058505,-0.074534,-6.13456
151441,431.0,1118.0,11.292472,11.336663,5.668331,-0.695087,-0.50014
151443,433.0,1113.0,6.27483,8.023309,4.011655,-0.828338,14.71558
151445,435.0,1114.0,2.561908,2.750159,1.375079,-1.318288,-5.49193
151447,437.0,1116.0,3.903738,4.386248,2.193124,0.409023,-18.826
151448,438.0,1116.0,8.181859,8.181859,8.181859,5.988735,-89.94458
151451,441.0,1115.0,11.023866,11.069129,3.68971,-1.497383,4.60078
151453,443.0,1116.0,12.58067,12.620351,6.310175,1.310233,-22.02655
151455,445.0,1118.0,13.514297,13.661487,6.830743,0.260284,-19.039
151457,447.0,1120.0,13.969742,14.112182,7.056091,0.112674,-17.21596
151459,449.0,1119.0,13.880841,13.916815,6.958408,-0.048841,3.01464
151502,452.0,1126.0,26.962964,27.856802,9.285601,0.775731,-51.11061
151505,455.0,1130.0,11.815652,12.474359,4.15812,-1.70916,-9.85865
151508,458.0,1131.0,25.417265,25.436929,8.478976,1.440285,-25.40593
151511,461.0,1135.0,13.533237,14.111998,4.703999,-1.258326,-11.81487
151513,463.0,1135.0,12.84482,12.84482,6.42241,0.859206,-11.97278
151515,465.0,1135.0,10.151683,10.151683,5.075841,-0.673285,1.87253
151516,466.0,1132.0,6.563061,7.216216,7.216216,2.140375,7.66721
151518,468.0,1135.0,4.265261,5.214638,2.607319,-2.304449,-15.15407
151520,470.0,1135.0,6.339457,6.339457,3.169729,0.281205,-2.78086
151522,472.0,1135.0,9.275902,9.275902,4.637951,0.734111,-7.6693
151525,475.0,1138.0,12.15982,12.524425,4.174808,-0.154381,-15.53534
151529,479.0,1143.0,25.631928,26.115048,6.528762,0.588489,-27.17511
151533,483.0,1145.0,28.128833,28.199845,7.049961,0.1303,-8.70904
151535,485.0,1149.0,14.965931,15.491258,7.745629,0.347834,-37.82314
151537,487.0,1150.0,16.112272,16.143275,8.071637,0.163004,-9.06876
151539,489.0,1149.0,17.173782,17.202871,8.601436,0.264899,1.79655
151542,492.0,1149.0,33.176329,33.176329,11.058776,0.819113,-19.98014
151544,494.0,1149.0,16.601201,16.601201,8.300601,-1.379087,6.43463
151547,497.0,1146.0,17.258718,17.517515,5.839172,-0.820476,7.86231
151550,500.0,1142.0,29.950187,30.216117,10.072039,1.410956,-0.02632
151552,502.0,1136.0,8.155514,10.124842,5.062421,-2.504809,22.35752
151554,504.0,1135.0,3.591108,3.727741,1.863871,-1.599275,3.97129
151556,506.0,1137.0,4.982793,5.369193,2.684596,0.410362,-19.05746
151558,508.0,1138.0,9.188288,9.242545,4.621273,0.968339,-15.78834
151601,511.0,1137.0,12.136197,12.177326,4.059109,-0.187388,2.10931
151605,515.0,1139.0,26.564355,26.639537,6.659884,0.650194,-14.90761
151607,517.0,1136.0,15.88572,16.166511,8.083256,0.711686,5.09621
151609,519.0,1134.0,17.879205,17.990719,8.995359,0.456052,3.4711
151613,523.0,1133.0,39.109406,39.122188,9.780547,0.196297,0.82039
151615,525.0,1130.0,21.199956,21.411169,10.705584,0.462518,5.81922
151617,527.0,1125.0,22.173235,22.729987,11.364994,0.329705,11.73494
151619,529.0,1122.0,23.254266,23.44698,11.72349,0.179248,7.45969
151623,533.0,1119.0,48.579204,48.671748,12.167937,0.111112,4.00437
151625,535.0,1113.0,25.430416,26.128644,13.064322,0.448193,12.77741
151627,537.0,1109.0,26.716952,27.014728,13.507364,0.221521,8.80785
151629,539.0,1106.0,27.799711,27.961114,13.980557,0.236596,5.7105
151631,541.0,1102.0,29.441109,29.711595,14.855798,0.437621,5.94089
151633,543.0,1098.0,29.566998,29.836343,14.918171,0.031186,9.08579
151635,545.0,1099.0,29.750688,29.767489,14.883745,-0.017213,-5.5066
151637,547.0,1093.0,30.255139,30.844342,15.422171,0.269213,11.90103
151641,551.0,1086.0,61.459442,61.856795,15.464199,0.010507,7.48444
151643,553.0,1078.0,29.431822,30.499707,15.249853,-0.107173,20.30828
151645,555.0,1078.0,28.795815,28.795815,14.397908,-0.425973,2.60669
151647,557.0,1079.0,27.845898,27.863848,13.931924,-0.232992,-1.17098
151649,559.0,1076.0,27.416381,27.580028,13.790014,-0.070955,8.11812
151651,561.0,1077.0,26.147332,26.166448,13.083224,-0.353395,0.13595
151653,563.0,1078.0,25.998963,26.018188,13.009094,-0.037065,-4.43892
151655,565.0,1072.0,26.185508,26.864118,13.432059,0.211483,14.13448
151657,567.0,1064.0,26.601572,27.778475,13.889237,0.228589,18.83367
151659,569.0,1058.0,26.080965,26.762226,13.381113,-0.254062,17.47314
151701,571.0,1056.0,25.478192,25.55657,12.778285,-0.301414,7.70858
151703,573.0,1051.0,25.275373,25.76518,12.88259,0.052153,13.04094
151705,575.0,1045.0,24.753104,25.469906,12.734953,-0.073818,16.58155
151707,577.0,1035.0,25.969284,27.82811,13.914055,0.589551,21.34889
151709,579.0,1035.0,25.747018,25.747018,12.873509,-0.520273,3.96408
151711,581.0,1028.0,24.485322,25.466272,12.733136,-0.070187,19.15566
151713,583.0,1019.0,22.360615,24.103882,12.051941,-0.340598,26.43629
151715,585.0,1013.0,17.850929,18.832304,9.416152,-1.317894,22.65021
151717,587.0,1011.0,13.185254,13.336076,6.668038,-1.374057,10.25513
151719,589.0,1007.0,14.643505,15.179995,7.589997,0.46098,8.83676
151721,591.0,1006.0,16.329512,16.360103,8.180052,0.295027,1.68163
151723,593.0,1004.0,16.321937,16.444015,8.222007,0.020977,5.46949
151725,595.0,1006.0,18.199688,18.309251,9.154625,0.466309,-22.6547
151727,597.0,1006.0,16.653593,16.653593,8.326796,-0.413914,2.20276
151729,599.0,1001.0,17.589676,18.286517,9.143258,0.408231,11.47596
151731,601.0,1004.0,19.444049,19.674121,9.837061,0.346902,-29.59595
151733,603.0,1006.0,20.315236,20.413447,10.206724,0.184831,-18.00278
151735,605.0,1007.0,20.255267,20.279937,10.139968,-0.033378,-5.34079
151737,607.0,1005.0,19.28604,19.389465,9.694733,-0.222618,6.86699
151739,609.0,1006.0,19.269705,19.295635,9.647817,-0.023458,-5.73584
151743,613.0,1008.0,38.374584,38.426667,9.606667,-0.010288,-5.97888
151747,617.0,1008.0,36.599651,36.599651,9.149913,-0.114189,1.02113
151749,619.0,1010.0,17.890343,18.001788,9.000894,-0.074509,-13.92185
151751,621.0,1008.0,19.347969,19.451065,9.725532,0.362319,3.86219
151753,623.0,1006.0,22.334154,22.423524,11.211762,0.743115,1.4996
151757,627.0,1009.0,42.935347,43.040028,10.760007,-0.112939,-7.88915
151759,629.0,1011.0,20.818887,20.914733,10.457366,-0.15132,-11.72684
151801,631.0,1010.0,20.295847,20.320468,10.160234,-0.148566,3.98159
151803,633.0,1011.0,20.906601,20.930503,10.465251,0.152508,-8.65086
151806,636.0,1012.0,41.025328,41.037514,13.679171,1.071307,-28.66504
151808,638.0,1012.0,18.764078,18.764078,9.382039,-2.148566,11.1669
151811,641.0,1013.0,18.431656,18.458763,6.152921,-1.076373,1.93648
151813,643.0,1015.0,17.149216,17.265445,8.632723,1.239901,-34.30081
151815,645.0,1017.0,15.27973,15.410066,7.705033,-0.463845,-9.21973
151817,647.0,1018.0,14.030302,14.065894,7.032947,-0.336043,-2.8713
151819,649.0,1021.0,14.21645,14.529537,7.264769,0.115911,-25.95765
151821,651.0,1024.0,14.360544,14.670557,7.335278,0.035254,-24.89567
151823,653.0,1029.0,12.829164,13.769076,6.884538,-0.22537,-39.28243
151825,655.0,1034.0,10.610252,11.729341,5.864671,-0.509933,-37.04587
151829,659.0,1040.0,19.009572,19.933987,4.983497,-0.220294,-23.22232
151831,661.0,1041.0,8.69719,8.754491,4.377245,-0.303126,-5.53313
151835,665.0,1050.0,23.701537,25.352768,6.338192,0.490237,-43.38526
151837,667.0,1053.0,11.896462,12.268896,6.134448,-0.101872,-23.71351
151839,669.0,1053.0,11.498304,11.498304,5.749152,-0.192648,0.71024
151841,671.0,1058.0,13.33651,14.242981,7.12149,0.686169,-50.66273
151843,673.0,1060.0,13.927177,14.070048,7.035024,-0.043233,-15.26555
151845,675.0,1061.0,12.375958,12.416293,6.208147,-0.413438,-2.77606
151849,679.0,1067.0,22.999549,23.769293,5.942323,-0.066456,-24.183
151851,681.0,1070.0,11.851686,12.225485,6.112742,0.085209,-25.75967
151853,683.0,1070.0,12.315218,12.315218,6.157609,0.022433,0.08839
151855,685.0,1071.0,13.720568,13.756961,6.878481,0.360436,-11.54138
151857,687.0,1074.0,14.666065,14.969751,7.484876,0.303198,-28.42491
151859,689.0,1073.0,14.485809,14.520285,7.260142,-0.112367,3.29662
151901,691.0,1075.0,14.264359,14.403886,7.201943,-0.0291,-15.37882
151903,693.0,1076.0,14.326372,14.36123,7.180615,-0.010664,-6.8933
151905,695.0,1078.0,13.801535,13.945694,6.972847,-0.103884,-14.5385
151907,697.0,1079.0,13.920504,13.956376,6.978188,0.002671,-7.12973
151909,699.0,1081.0,12.662453,12.819427,6.409713,-0.284238,-12.76739
151911,701.0,1079.0,12.236662,12.399028,6.199514,-0.1051,5.70434
151913,703.0,1082.0,14.17269,14.486723,7.243362,0.521924,-31.19555
151915,705.0,1085.0,14.494604,14.801808,7.400904,0.078771,-25.45223
151917,707.0,1085.0,13.687376,13.687376,6.843688,-0.278608,1.23626
151919,709.0,1084.0,13.462893,13.499981,6.749991,-0.046849,2.9821
151921,711.0,1087.0,13.762445,14.085627,7.042813,0.146411,-26.36924
151923,713.0,1091.0,13.572963,14.1501,7.07505,0.016119,-33.45587
151926,716.0,1091.0,27.018547,27.018547,9.006182,0.643711,-13.35948
151928,718.0,1094.0,13.572957,13.900546,6.950273,-1.027955,-11.84963
151931,721.0,1097.0,13.305722,13.63973,4.546577,-0.801232,-10.09202
151935,725.0,1098.0,26.160911,26.180017,6.545004,0.499607,-8.69224
151937,727.0,1103.0,12.837346,13.7767,6.88835,0.171673,-44.14838
151939,729.0,1102.0,12.543067,12.582866,6.291433,-0.298459,3.76509
151941,731.0,1104.0,12.844665,12.999439,6.499719,0.104143,-17.18607
151943,733.0,1104.0,12.926062,12.926062,6.463031,-0.018344,0.2529
151945,735.0,1107.0,13.524307,13.853046,6.926523,0.231746,-27.42946
151947,737.0,1109.0,13.30294,13.452443,6.726221,-0.100151,-14.70976
151949,739.0,1108.0,13.342518,13.37994,6.68997,-0.018126,2.87297
151951,741.0,1109.0,13.645483,13.682076,6.841038,0.075534,-8.06161
151953,743.0,1111.0,13.78259,13.926944,6.963472,0.061217,-16.58999
151955,745.0,1112.0,13.83087,13.866974,6.933487,-0.014992,-6.92685
151957,747.0,1115.0,13.865634,14.186465,7.093233,0.079873,-25.52632
151959,749.0,1113.0,13.735599,13.880443,6.940221,-0.076506,5.71107
152001,751.0,1116.0,13.880422,14.200919,7.10046,0.080119,-25.52809
152003,753.0,1119.0,14.261515,14.573634,7.286817,0.093179,-25.66212
152005,755.0,1116.0,14.794284,15.095391,7.547696,0.13044,7.56593
152007,757.0,1119.0,15.043031,15.339256,7.669628,0.060966,-25.15643
152009,759.0,1120.0,15.177515,15.210423,7.605211,-0.032209,-6.45166
152011,761.0,1119.0,15.32533,15.357921,7.678961,0.036875,2.7566
152013,763.0,1120.0,15.39765,15.430088,7.715044,0.018041,-7.09776
152015,765.0,1121.0,15.997922,16.029145,8.014573,0.149765,-8.88251
152017,767.0,1120.0,15.898297,15.929716,7.964858,-0.024857,3.04071
152021,771.0,1119.0,30.724554,30.740823,7.685206,-0.069913,1.89314
152023,773.0,1120.0,14.843272,14.876919,7.438459,-0.123374,-5.31091
152025,775.0,1119.0,14.839962,14.873616,7.436808,-0.000825,2.88529
152027,777.0,1120.0,13.845394,13.88146,6.94073,-0.248039,-4.04577
152029,779.0,1118.0,12.908027,13.06205,6.531025,-0.204853,6.09885
152031,781.0,1118.0,12.519601,12.519601,6.259801,-0.135612,0.62036
152033,783.0,1118.0,12.604287,12.604287,6.302144,0.021171,0.10423
152035,785.0,1119.0,12.122608,12.163783,6.081892,-0.110126,-6.19229
152037,787.0,1116.0,11.454771,11.841105,5.920553,-0.080669,8.18318
152039,789.0,1117.0,10.14448,10.193648,5.096824,-0.411865,-3.94842
152040,790.0,1116.0,7.807474,7.871254,7.871254,2.77443,-24.03972
152043,793.0,1117.0,6.046246,6.128384,2.042795,-1.94282,0.18028
152045,795.0,1116.0,9.089882,9.144723,4.572361,1.264783,-3.15355
152047,797.0,1116.0,11.850882,11.850882,5.925441,0.67654,-9.13082
152049,799.0,1120.0,13.13254,13.728204,6.864102,0.46933,-39.056
152051,801.0,1121.0,13.862493,13.898515,6.949257,0.042578,-7.63343
152053,803.0,1120.0,13.92653,13.962387,6.981193,0.015968,2.7779
152055,805.0,1124.0,14.808067,15.338802,7.669401,0.344104,-37.75054
152057,807.0,1126.0,14.916636,15.050117,7.525059,-0.072171,-14.67782
152059,809.0,1127.0,14.828339,14.86202,7.43101,-0.047025,-6.32493
152101,811.0,1130.0,12.693415,13.043112,6.521556,-0.454727,-19.42646
152103,813.0,1133.0,12.763146,13.110984,6.555492,0.016968,-24.8913
152105,815.0,1135.0,12.555492,12.713787,6.356893,-0.099299,-14.90392
152107,817.0,1134.0,11.624745,11.667677,5.833839,-0.261527,3.53611
152109,819.0,1133.0,10.482836,10.530425,5.265212,-0.284314,3.46949
152111,821.0,1136.0,10.09052,10.527041,5.263521,-0.000846,-25.0855
152113,823.0,1137.0,8.417199,8.476393,4.238196,-0.512662,-4.06806
152115,825.0,1135.0,6.815888,7.103262,3.551631,-0.343283,5.77224
152117,827.0,1137.0,7.358107,7.625073,3.812536,0.130453,-17.67024
152119,829.0,1141.0,10.609565,11.338557,5.669278,0.928371,-43.06685
152121,831.0,1142.0,13.206513,13.244319,6.622159,0.47644,-12.8284
152123,833.0,1142.0,13.55715,13.55715,6.778575,0.078208,-0.06054
152125,835.0,1143.0,14.1047,14.140105,7.070053,0.145739,-8.90129
152127,837.0,1145.0,13.973463,14.115866,7.057933,-0.00606,-15.7248
152129,839.0,1149.0,14.155391,14.709694,7.354847,0.148457,-35.10416
152131,841.0,1147.0,14.272971,14.412415,7.206207,-0.07432,5.73942
152133,843.0,1150.0,15.176801,15.470465,7.735232,0.264512,-27.94392
152135,845.0,1152.0,15.431154,15.560222,7.780111,0.022439,-15.86855
152137,847.0,1151.0,15.066273,15.099424,7.549712,-0.115199,3.35366
152139,849.0,1147.0,15.30078,15.814989,7.907494,0.178891,9.97172
152141,851.0,1147.0,16.185686,16.185686,8.092843,0.092675,-0.0451
152143,853.0,1145.0,16.783294,16.90204,8.45102,0.179088,4.78248
152145,855.0,1140.0,15.796297,16.568736,8.284368,-0.083326,13.72257
152147,857.0,1140.0,11.928536,11.928536,5.964268,-1.16005,3.80654
152149,859.0,1138.0,7.418361,7.683234,3.841617,-1.061326,7.30961
152151,861.0,1137.0,5.003772,5.102718,2.551359,-0.645129,3.31946
152153,863.0,1138.0,6.041339,6.123543,3.061771,0.255206,-9.65511
152155,865.0,1136.0,9.758672,9.96151,4.980755,0.959492,2.71843
152157,867.0,1138.0,12.84115,12.995966,6.497983,0.758614,-24.75535
152159,869.0,1140.0,13.363456,13.512289,6.756145,0.129081,-17.4515
152201,871.0,1139.0,13.275365,13.312976,6.656488,-0.049828,2.98101
152203,873.0,1138.0,14.000927,14.036593,7.018297,0.180904,2.16823
152205,875.0,1137.0,15.346531,15.379077,7.689539,0.335621,1.54106
152207,877.0,1137.0,16.146282,16.146282,8.073141,0.191801,-5.45876
152209,879.0,1129.0,17.547642,19.285221,9.64261,0.784734,17.29195
152211,881.0,1127.0,18.647037,18.753986,9.376993,-0.132808,6.34534
152213,883.0,1127.0,20.184214,20.184214,10.092107,0.357557,-9.88206
152215,885.0,1123.0,21.251739,21.624902,10.812451,0.360172,8.98942
152217,887.0,1122.0,21.995069,22.017789,11.008895,0.098222,2.71267
152219,889.0,1118.0,21.720208,22.085457,11.042729,0.016917,10.98161
152221,891.0,1118.0,22.688904,22.688904,11.344452,0.150862,-0.17468
152223,893.0,1113.0,25.001753,25.496816,12.748408,0.701978,8.73826
152225,895.0,1110.0,26.431615,26.601321,13.300661,0.276127,5.98909
152227,897.0,1107.0,27.21336,27.378221,13.68911,0.194224,6.26209
152229,899.0,1103.0,27.840609,28.126491,14.063246,0.187068,8.60546
152231,901.0,1103.0,28.125502,28.125502,14.062751,-0.000247,-0.38738
152233,903.0,1096.0,28.675339,29.517369,14.758684,0.347967,14.534
152235,905.0,1093.0,30.123175,30.272193,15.136096,0.188706,5.04157
152237,907.0,1089.0,30.345284,30.607781,15.30389,0.083897,8.32823
152239,909.0,1087.0,30.579718,30.645051,15.322525,0.009317,3.72255
152241,911.0,1082.0,30.854443,31.256946,15.628473,0.152974,10.05505
152243,913.0,1078.0,28.360881,28.641571,14.320785,-0.653844,14.76407
152245,915.0,1078.0,25.794811,25.794811,12.897406,-0.71169,5.2615
152247,917.0,1079.0,24.698307,24.718543,12.359271,-0.269068,-0.11642
152249,919.0,1076.0,25.115019,25.29356,12.64678,0.143755,7.38197
152251,921.0,1075.0,24.064459,24.085227,12.042614,-0.302083,5.41653
152253,923.0,1073.0,23.608304,23.692868,11.846434,-0.09809,6.6084
152255,925.0,1070.0,23.953129,24.140265,12.070132,0.111849,7.95509
152257,927.0,1064.0,26.317118,26.992419,13.49621,0.713039,10.50031
152259,929.0,1057.0,25.559299,26.500524,13.250262,-0.122974,19.2194
152301,931.0,1051.0,22.703132,23.482593,11.741297,-0.754483,21.05775
152303,933.0,1044.0,21.258144,22.38099,11.190495,-0.275401,20.52381
152305,935.0,1041.0,19.237493,19.470006,9.735003,-0.727746,12.07642
152307,937.0,1038.0,19.636726,19.864567,9.932283,0.09864,7.82995
152309,939.0,1035.0,20.781221,20.996646,10.498323,0.28302,6.84392
152311,941.0,1031.0,20.584405,20.969447,10.484724,-0.006799,11.05018
152313,943.0,1024.0,20.434072,21.599798,10.799899,0.157588,17.94163
152315,945.0,1018.0,19.24516,20.158774,10.079387,-0.360256,18.07999
152317,947.0,1016.0,17.200955,17.316837,8.658419,-0.710484,8.86452
152319,949.0,1015.0,17.938399,17.96625,8.983125,0.162353,2.27402
152321,951.0,1010.0,18.079989,18.758624,9.379312,0.198094,12.49507
152323,953.0,1010.0,16.629058,16.629058,8.314529,-0.532392,2.72029
152325,955.0,1009.0,19.440096,19.4658,9.7329,0.709186,-6.87871
152327,957.0,1008.0,18.829844,18.856379,9.42819,-0.152355,3.85701
152329,959.0,1005.0,17.90704,18.156599,9.0783,-0.174945,9.09178
152331,961.0,1005.0,17.694133,17.694133,8.847066,-0.115617,0.97585
152333,963.0,1007.0,17.208037,17.323871,8.661936,-0.092565,-13.81368
152335,965.0,1007.0,16.083207,16.083207,8.041604,-0.310166,1.66844
152337,967.0,1008.0,17.028071,17.057409,8.528704,0.24355,-10.25651
152339,969.0,1011.0,17.364257,17.621505,8.810752,0.141024,-26.12673
152341,971.0,1011.0,18.419351,18.419351,9.209675,0.199461,-6.39109
152343,973.0,1009.0,18.914816,19.02026,9.51013,0.150227,4.94643
152345,975.0,1011.0,18.854491,18.96027,9.480135,-0.014997,-14.68031
152347,977.0,1011.0,19.038828,19.038828,9.519414,0.019639,0.41095
152349,979.0,1012.0,18.547757,18.574694,9.287347,-0.116033,-4.36014
152351,981.0,1009.0,17.902275,18.151899,9.075949,-0.105699,8.7585
152353,983.0,1008.0,19.243845,19.269809,9.634905,0.279478,1.69463
152355,985.0,1008.0,20.624005,20.624005,10.312002,0.338548,-9.76917
152357,987.0,1009.0,19.968478,19.993502,9.996751,-0.157625,-3.19651
152359,989.0,1010.0,19.563475,19.589016,9.794508,-0.101121,-4.31858
152401,991.0,1011.0,19.300104,19.325993,9.662996,-0.065756,-5.00213
152403,993.0,1013.0,19.343851,19.446968,9.723484,0.030244,-15.36205
152405,995.0,1013.0,19.143762,19.143762,9.571881,-0.075801,0.90011
152407,997.0,1011.0,18.222163,18.331591,9.165795,-0.203043,6.64899
152409,999.0,1011.0,18.457986,18.457986,9.228993,0.031599,0.32241
152411,1001.0,1013.0,17.773032,17.885208,8.942604,-0.143194,-12.85833
152413,1003.0,1014.0,16.737057,16.766905,8.383452,-0.279576,-2.44117
152415,1005.0,1014.0,15.826754,15.826754,7.913377,-0.235038,1.31921
152417,1007.0,1016.0,14.653912,14.789764,7.394882,-0.259247,-12.27401
152419,1009.0,1019.0,13.249919,13.585299,6.792649,-0.301117,-20.97473
152421,1011.0,1022.0,11.668329,12.047818,6.023909,-0.38437,-20.73918
152423,1013.0,1023.0,9.648499,9.700183,4.850091,-0.586909,-2.69071
152425,1015.0,1025.0,9.658752,9.863644,4.931822,0.040866,-16.82063
152427,1017.0,1030.0,9.996928,11.177593,5.588796,0.328487,-45.72008
152429,1019.0,1033.0,8.62945,9.13605,4.568025,-0.510386,-21.14869
152431,1021.0,1033.0,7.918552,7.918552,3.959276,-0.304374,0.605
152433,1023.0,1038.0,7.76998,9.239729,4.619865,0.330294,-45.45722
152435,1025.0,1038.0,7.103209,7.103209,3.551605,-0.53413,0.93721
152437,1027.0,1040.0,8.629444,8.858177,4.429089,0.438742,-20.06722
152439,1029.0,1043.0,10.168327,10.601644,5.300822,0.435866,-29.19333
152441,1031.0,1045.0,9.563862,9.770745,4.885372,-0.207725,-14.66974
152443,1033.0,1048.0,8.766683,9.265783,4.632891,-0.126241,-24.23828
152445,1035.0,1049.0,8.367718,8.42726,4.21363,-0.20963,-6.36956
152447,1037.0,1050.0,8.784634,8.841369,4.420684,0.103527,-8.69651
152449,1039.0,1052.0,8.022228,8.267777,4.133889,-0.143397,-15.63874
152451,1041.0,1056.0,6.959211,8.026868,4.013434,-0.060227,-33.75653
152453,1043.0,1057.0,7.460337,7.52706,3.76353,-0.124952,-7.2324
152455,1045.0,1059.0,9.300768,9.513374,4.756687,0.496579,-20.71743
152457,1047.0,1063.0,9.681432,10.475214,5.237607,0.24046,-36.07134
152459,1049.0,1063.0,9.781695,9.781695,4.890848,-0.173379,0.49595
152501,1051.0,1064.0,9.376202,9.429377,4.714689,-0.08808,-7.05762
152503,1053.0,1068.0,9.065117,9.908398,4.954199,0.119755,-34.97018
152505,1055.0,1068.0,9.466869,9.466869,4.733435,-0.110382,0.30985
152507,1057.0,1073.0,9.896744,11.088081,5.54404,0.405302,-46.46586
152509,1059.0,1071.0,10.634885,10.821311,5.410655,-0.066692,5.47812
152511,1061.0,1071.0,12.23876,12.23876,6.11938,0.354362,-5.9166
152513,1063.0,1073.0,14.093426,14.234628,7.117314,0.498967,-22.10007
152515,1065.0,1072.0,14.485809,14.520285,7.260142,0.071414,2.59019
152517,1067.0,1075.0,14.630458,14.934868,7.467434,0.103646,-25.76944
152519,1069.0,1076.0,14.684088,14.718099,7.35905,-0.054192,-6.26017
152521,1071.0,1078.0,14.571182,14.707799,7.353899,-0.002575,-15.66733
152523,1073.0,1080.0,13.865368,14.00887,7.004435,-0.174732,-13.63914
152525,1075.0,1080.0,14.17928,14.17928,7.08964,0.042603,0.09089
152527,1077.0,1083.0,14.032792,14.349886,7.174943,0.042651,-25.03491
152529,1079.0,1084.0,13.629625,13.666261,6.83313,-0.170907,-5.06576
152531,1081.0,1085.0,13.649116,13.685699,6.84285,0.00486,-7.20016
152533,1083.0,1086.0,13.542575,13.579445,6.789723,-0.026563,-6.83731
152535,1085.0,1087.0,13.095621,13.133746,6.566873,-0.111425,-5.92807
152537,1087.0,1090.0,13.223745,13.559772,6.779886,0.106507,-25.90536
152539,1089.0,1092.0,13.727462,13.87239,6.936195,0.078154,-16.80468
152541,1091.0,1092.0,13.902685,13.902685,6.951342,0.007574,0.20931
152543,1093.0,1094.0,13.727457,13.872386,6.936193,-0.007575,-15.74646
152545,1095.0,1099.0,13.727455,14.60969,7.304845,0.184326,-44.30228
152547,1097.0,1098.0,13.727453,13.763828,6.881914,-0.211466,3.59788
152549,1099.0,1098.0,13.622208,13.622208,6.811104,-0.035405,0.3512
152551,1101.0,1101.0,13.024616,13.365651,6.682825,-0.06414,-23.88903
152553,1103.0,1104.0,13.010105,13.35151,6.675755,-0.003535,-24.6122
152555,1105.0,1107.0,13.185663,13.522637,6.761318,0.042782,-25.14136
152557,1107.0,1105.0,13.132331,13.283754,6.641877,-0.059721,5.61116
152559,1109.0,1106.0,13.943428,13.979241,6.989621,0.173872,-9.25616
152601,1111.0,1107.0,14.623988,14.658139,7.329069,0.169724,-9.19444
152603,1113.0,1108.0,13.838219,13.874304,6.937152,-0.195958,-4.69129
152605,1115.0,1107.0,13.07323,13.11142,6.55571,-0.190721,3.4579
152607,1117.0,1110.0,13.65719,13.982805,6.991403,0.217846,-27.26204
152609,1119.0,1113.0,14.179104,14.492998,7.246499,0.127548,-26.11201
152611,1121.0,1112.0,14.307132,14.342037,7.171019,-0.03774,2.99891
152613,1123.0,1113.0,14.658115,14.692186,7.346093,0.087537,-8.11951
152615,1125.0,1115.0,14.353651,14.492319,7.246159,-0.049967,-15.09353
152617,1127.0,1120.0,14.261782,15.112857,7.556428,0.155135,-43.90785
152619,1129.0,1117.0,14.581327,14.886742,7.443371,-0.056529,8.29945
152621,1131.0,1117.0,14.690724,14.690724,7.345362,-0.049005,0.4665
152623,1133.0,1121.0,15.030818,15.553954,7.776977,0.215807,-36.00371
152625,1135.0,1120.0,14.688781,14.722781,7.361391,-0.207793,3.68436
152627,1137.0,1119.0,14.08975,14.125192,7.062596,-0.149398,3.40355
152629,1139.0,1119.0,16.08433,16.08433,8.042165,0.489785,-9.70275
152631,1141.0,1120.0,16.53449,16.564702,8.282351,0.120093,-8.4221
152633,1143.0,1120.0,15.631351,15.631351,7.815676,-0.233338,1.28908
152635,1145.0,1119.0,15.196911,15.229777,7.614888,-0.100394,3.30477
152637,1147.0,1120.0,14.734117,14.768013,7.384006,-0.115441,-5.44546
152639,1149.0,1118.0,15.142383,15.273892,7.636946,0.12647,4.98787
152641,1151.0,1120.0,15.952854,16.077734,8.038867,0.20096,-18.34223
152643,1153.0,1118.0,16.00147,16.125974,8.062987,0.01206,5.49161
152645,1155.0,1118.0,14.081525,14.081525,7.040762,-0.511112,2.15109
152647,1157.0,1118.0,12.375986,12.375986,6.187993,-0.426385,1.56113
152649,1159.0,1117.0,12.462593,12.502649,6.251324,0.031666,2.66228
152651,1161.0,1115.0,11.908013,12.074799,6.0374,-0.106962,5.68604
152653,1163.0,1114.0,11.479228,11.522702,5.761351,-0.138024,3.14277
152655,1165.0,1117.0,9.867541,10.313504,5.156752,-0.3023,-22.35086
152657,1167.0,1115.0,6.987024,7.267634,3.633817,-0.761468,6.59859
152659,1169.0,1113.0,5.975075,6.300914,3.150457,-0.24168,5.49677
152701,1171.0,1114.0,6.660443,6.735095,3.367547,0.108545,-8.83059
152703,1173.0,1117.0,9.636529,10.092705,5.046353,0.839403,-32.69663
152705,1175.0,1116.0,11.397457,11.441242,5.720621,0.337134,1.6969
152707,1177.0,1116.0,11.606205,11.606205,5.803103,0.041241,0.00186
152709,1179.0,1116.0,12.62109,12.62109,6.310545,0.253721,-4.96645
152711,1181.0,1120.0,11.008205,11.712412,5.856206,-0.22717,-31.2748
152713,1183.0,1121.0,11.11636,11.161248,5.580624,-0.137791,-6.17034
152715,1185.0,1122.0,11.237346,11.281753,5.640876,0.030126,-7.82292
152717,1187.0,1125.0,9.73615,10.187866,5.093933,-0.273471,-22.66477
152719,1189.0,1128.0,9.575889,10.034822,5.017411,-0.038261,-24.82503
152721,1191.0,1130.0,9.635015,9.840402,4.920201,-0.048605,-16.04047
152723,1193.0,1129.0,9.681531,9.733038,4.866519,-0.026841,2.71087
152725,1195.0,1131.0,10.922115,11.10372,5.55186,0.34267,-19.6628
152727,1197.0,1134.0,11.062584,11.462145,5.731073,0.089607,-25.86565
152729,1199.0,1133.0,9.540768,9.593031,4.796516,-0.467279,3.82226
152731,1201.0,1132.0,7.858607,7.921976,3.960988,-0.417764,3.4401
152733,1203.0,1132.0,6.038151,6.038151,3.019075,-0.470957,0.64174
152735,1205.0,1135.0,6.928608,7.550206,3.775103,0.378014,-28.06467
152737,1207.0,1135.0,8.105142,8.105142,4.052571,0.138734,-0.32295
152739,1209.0,1135.0,10.382027,10.382027,5.191013,0.569221,-7.0316
152741,1211.0,1140.0,11.865638,12.876078,6.438039,0.623513,-49.33366
152743,1213.0,1140.0,12.31079,12.31079,6.155395,-0.141322,0.62162
152745,1215.0,1140.0,12.595749,12.595749,6.297875,0.07124,-0.06316
152747,1217.0,1143.0,12.595749,12.948084,6.474042,0.088083,-25.7344
152749,1219.0,1145.0,12.828207,12.983177,6.491589,0.008774,-16.08598
152751,1221.0,1143.0,12.282471,12.444239,6.22212,-0.134734,5.80509
152753,1223.0,1145.0,11.798562,11.966874,5.983437,-0.119341,-14.87379
152755,1225.0,1147.0,11.865824,12.033195,6.016597,0.01658,-16.31185
152757,1227.0,1148.0,11.737694,11.780215,5.890108,-0.063245,-6.78124
152759,1229.0,1149.0,11.293486,11.337673,5.668836,-0.110636,-6.39604
152801,1231.0,1145.0,11.136998,11.833542,5.916771,0.123968,10.13849
152803,1233.0,1145.0,11.683324,11.683324,5.841662,-0.037554,0.24816
152805,1235.0,1145.0,11.841293,11.841293,5.920646,0.039492,0.01548
152807,1237.0,1144.0,12.778473,12.817541,6.408771,0.244063,1.95365
152809,1239.0,1141.0,13.739583,14.063291,7.031645,0.311437,6.87624
152811,1241.0,1139.0,13.898501,14.041664,7.020832,-0.005406,5.45777
152813,1243.0,1139.0,11.944371,11.944371,5.972185,-0.524324,1.80196
152815,1245.0,1136.0,7.610094,8.180069,4.090035,-0.941075,9.80672
152817,1247.0,1133.0,3.346511,4.494345,2.247172,-0.921432,8.71385
152819,1249.0,1136.0,3.91476,4.932073,2.466037,0.109433,-26.3657
152821,1251.0,1137.0,7.541298,7.60731,3.803655,0.668809,-12.58563
152823,1253.0,1136.0,10.900519,10.946292,5.473146,0.834745,0.27662
152825,1255.0,1137.0,11.660961,11.703761,5.851881,0.189367,-9.42805
152827,1257.0,1137.0,11.338877,11.338877,5.669439,-0.091221,0.39013
152829,1259.0,1137.0,12.153171,12.153171,6.076586,0.203574,-4.24472
152831,1261.0,1135.0,13.3416,13.490674,6.745337,0.334376,4.21676
152833,1263.0,1131.0,14.726849,15.260409,7.630205,0.442434,8.90505
152835,1265.0,1132.0,15.870369,15.901843,7.950921,0.160358,-9.03795
152837,1267.0,1129.0,17.093199,17.354465,8.677232,0.363155,6.53688
152839,1269.0,1126.0,18.331621,18.575477,9.287738,0.305253,6.77181
152841,1271.0,1124.0,19.227038,19.330778,9.665389,0.188826,4.75281
152843,1273.0,1125.0,20.336778,20.361349,10.180674,0.257643,-10.60163
152845,1275.0,1123.0,21.194887,21.289041,10.64452,0.231923,4.52934
152847,1277.0,1118.0,22.348239,22.900738,11.450369,0.402925,11.28747
152849,1279.0,1115.0,23.011186,23.205919,11.60296,0.076295,8.08773
152851,1281.0,1113.0,23.948216,24.031584,12.015792,0.206416,4.78738
152853,1283.0,1112.0,25.096845,25.11676,12.55838,0.271294,1.39758
152855,1285.0,1106.0,26.038,26.720356,13.360178,0.400899,12.84944
152857,1287.0,1102.0,27.002972,27.297628,13.648814,0.144318,9.25215
152859,1289.0,1100.0,27.799647,27.871497,13.935749,0.143467,3.83907
152901,1291.0,1098.0,28.407032,28.47735,14.238675,0.151463,3.53199
152903,1293.0,1092.0,28.806493,29.424718,14.712359,0.236842,12.84862
152905,1295.0,1087.0,29.751445,30.168667,15.084333,0.185987,10.30631
152907,1297.0,1086.0,28.661061,28.678501,14.339251,-0.372541,4.82939
152909,1299.0,1083.0,27.684418,27.84649,13.923245,-0.208003,9.03775
152911,1301.0,1077.0,27.846466,28.485534,14.242767,0.159761,13.85492
152913,1303.0,1076.0,27.937866,27.955757,13.977879,-0.132444,3.25131
152915,1305.0,1077.0,26.800769,26.819419,13.40971,-0.284084,-0.50861
152917,1307.0,1077.0,28.119253,28.119253,14.059626,0.324958,-14.94283
152919,1309.0,1074.0,25.255017,25.432575,12.716287,-0.67167,12.82528
152921,1311.0,1070.0,25.197283,25.512802,12.756401,0.020057,10.74061
152923,1313.0,1071.0,25.837934,25.857278,12.928639,0.086119,-7.25519
152925,1315.0,1060.0,26.178889,28.396025,14.198013,0.634687,23.30795
152927,1317.0,1055.0,24.960088,25.455962,12.727981,-0.735016,18.4439
152929,1319.0,1049.0,22.599274,23.382198,11.691099,-0.518441,19.56994
152931,1321.0,1044.0,18.743884,19.399309,9.699655,-0.995722,18.6288
152933,1323.0,1038.0,14.177177,15.394555,7.697278,-1.001189,19.97411
152935,1325.0,1033.0,12.64071,13.593658,6.796829,-0.450225,14.82757
152937,1327.0,1032.0,11.553782,11.596977,5.798489,-0.49917,4.25788
152939,1329.0,1031.0,10.892779,10.938585,5.469293,-0.164598,3.1721
152941,1331.0,1028.0,11.996933,12.366341,6.183171,0.356939,6.7865
152943,1333.0,1026.0,14.131906,14.272728,7.136364,0.476597,3.64893
152945,1335.0,1026.0,15.85274,15.85274,7.92637,0.395003,-8.22695
152947,1337.0,1025.0,17.257803,17.286751,8.643376,0.358503,1.36816
152949,1339.0,1016.0,17.166736,19.3829,9.69145,0.524037,21.21368
152951,1341.0,1014.0,14.528322,14.665338,7.332669,-1.17939,10.04806
152953,1343.0,1014.0,12.225513,12.225513,6.112756,-0.609957,2.13163
152955,1345.0,1010.0,10.413931,11.155714,5.577857,-0.26745,11.28613
152957,1347.0,1005.0,7.865604,9.320286,4.660143,-0.458857,14.14401
152959,1349.0,1006.0,4.925338,5.025829,2.512914,-1.073615,-3.61253
153001,1351.0,1007.0,4.422022,4.533683,2.266841,-0.123037,-7.98397
153003,1353.0,1011.0,4.607563,6.101609,3.050805,0.391982,-36.5836
153005,1355.0,1007.0,6.970464,8.036626,4.018313,0.483754,9.33069
153007,1357.0,1007.0,8.794709,8.794709,4.397354,0.18952,-3.02395
153009,1359.0,1011.0,7.428176,8.436693,4.218347,-0.089504,-33.45615
153011,1361.0,1009.0,5.107957,5.485547,2.742774,-0.737786,6.13188
153013,1363.0,1009.0,6.340107,6.340107,3.170054,0.21364,-2.40015
153015,1365.0,1011.0,9.21514,9.429677,4.714839,0.772392,-23.00674
153017,1367.0,1018.0,10.600569,12.703231,6.351615,0.818388,-68.92499
153019,1369.0,1016.0,10.911529,11.093307,5.546654,-0.40248,6.48145
153021,1371.0,1017.0,11.851079,11.893195,5.946597,0.199971,-9.5415
153023,1373.0,1019.0,12.037149,12.20217,6.101085,0.077244,-16.94508
153025,1375.0,1020.0,10.569759,10.616959,5.308479,-0.396303,-3.87625
153027,1377.0,1019.0,7.557632,7.623504,3.811752,-0.748364,4.06185
153029,1379.0,1017.0,4.288806,4.732214,2.366107,-0.722822,5.93563
153031,1381.0,1019.0,3.603605,4.121404,2.060702,-0.152702,-16.70499
153033,1383.0,1020.0,7.636087,7.701287,3.850644,0.894971,-14.17782
153035,1385.0,1020.0,11.124465,11.124465,5.562233,0.855795,-10.35739
153037,1387.0,1018.0,13.856385,13.999978,6.999989,0.718878,2.77202
153039,1389.0,1018.0,15.066909,15.066909,7.533455,0.266733,-6.09589
153041,1391.0,1020.0,15.526526,15.654808,7.827404,0.146974,-17.58544
153043,1393.0,1018.0,15.986274,16.110896,8.055448,0.114022,5.05687
153045,1395.0,1017.0,16.309562,16.34019,8.170095,0.057323,2.71027
153047,1397.0,1020.0,15.891099,16.171798,8.085899,-0.042098,-23.57129
153049,1399.0,1018.0,15.723037,15.849729,7.924864,-0.080517,5.86741
153051,1401.0,1018.0,15.602712,15.602712,7.801356,-0.061754,0.57792
153053,1403.0,1016.0,15.348177,15.477937,7.738968,-0.031194,5.63823
153055,1405.0,1015.0,15.512875,15.545072,7.772536,0.016784,2.84782
153057,1407.0,1014.0,14.551958,14.586277,7.293139,-0.239698,3.79392
153059,1409.0,1011.0,15.543655,15.830515,7.915258,0.311059,6.82203
153101,1411.0,1008.0,12.724834,13.073691,6.536846,-0.689206,10.37386
153103,1413.0,1009.0,7.472075,7.538694,3.769347,-1.38375,0.11559
153105,1415.0,1008.0,2.286922,2.495999,1.247999,-1.260674,3.17748
153107,1417.0,1006.0,0.866312,2.179563,1.089782,-0.079109,4.97469
153109,1419.0,1007.0,0.396578,1.075767,0.537883,-0.27595,-8.67425
153111,1421.0,1008.0,0.461934,1.101537,0.550768,0.006443,-8.94134
153113,1423.0,1008.0,0.232891,0.232891,0.116446,-0.217161,-0.32754
153115,1425.0,1007.0,0.141043,1.009898,0.504949,0.194252,2.23441
153117,1427.0,1007.0,0.185325,0.185325,0.092662,-0.206143,-0.33267
153119,1429.0,1008.0,0.0,1.0,0.0,-0.046331,-0.35
153121,1431.0,1008.0,0.0,0.0,0.0,0.0,-0.35
153123,1433.0,1007.0,0.0,1.0,0.0,0.0,-0.35
153125,1435.0,1008.0,0.0,1.0,0.0,0.0,-0.35
153127,1437.0,1009.0,0.0,1.0,0.0,0.0,-0.35
153129,1439.0,1007.0,0.185325,2.008568,1.004284,0.502142,4.65534
153131,1441.0,1006.0,0.0,1.0,0.0,-0.502142,-0.35
153133,1443.0,1008.0,0.0,2.0,0.0,0.0,-0.35
153135,1445.0,1009.0,0.0,1.0,0.0,0.0,-0.35
153137,1447.0,1008.0,1.23462,1.5888,0.7944,0.3972,2.14188
153139,1449.0,1008.0,5.957927,5.957927,2.978963,1.092282,-6.93317
153141,1451.0,1008.0,10.243671,10.243671,5.121836,1.071437,-11.51967
153143,1453.0,1011.0,11.063779,11.463298,5.731649,0.304906,-28.06044
153145,1455.0,1009.0,12.053546,12.218346,6.109173,0.188762,4.74064
153147,1457.0,1008.0,14.872687,14.906267,7.453134,0.671981,0.23273
153149,1459.0,1013.0,15.807842,16.579743,8.289872,0.418369,-47.7356
153151,1461.0,1012.0,16.574913,16.605052,8.302526,0.006327,2.94448
153153,1463.0,1012.0,16.961129,16.961129,8.480565,0.08902,-0.00537
153155,1465.0,1011.0,16.241818,16.272573,8.136287,-0.172139,3.69627
153157,1467.0,1014.0,15.71883,16.00255,8.001275,-0.067506,-23.24538
153159,1469.0,1014.0,15.149142,15.149142,7.574571,-0.213352,1.15533
153201,1471.0,1014.0,13.740507,13.740507,6.870253,-0.352159,1.51068
153203,1473.0,1013.0,11.7715,11.813899,5.90695,-0.481651,4.24179
153205,1475.0,1014.0,8.004453,8.066676,4.033338,-0.936806,-1.26841
153207,1477.0,1014.0,3.58052,3.58052,1.79026,-1.121539,0.85333
153209,1479.0,1013.0,0.555975,1.144162,0.572081,-0.60909,2.47606
153211,1481.0,1012.0,0.796673,1.278549,0.639275,0.033597,2.28545
153213,1483.0,1013.0,0.465779,1.103155,0.551577,-0.043849,-8.89177
153215,1485.0,1014.0,0.14104,1.009897,0.504949,-0.023314,-8.92611
153217,1487.0,1013.0,0.0,1.0,0.0,-0.252475,-0.35
153219,1489.0,1013.0,0.0,0.0,0.0,0.0,-0.35
153221,1491.0,1015.0,0.0,2.0,0.0,0.0,-0.35
153223,1493.0,1015.0,0.0,0.0,0.0,0.0,-0.35
153225,1495.0,1014.0,0.0,1.0,0.0,0.0,-0.35
153227,1497.0,1015.0,0.14104,1.009897,0.504949,0.252475,-9.17394
153229,1499.0,1017.0,0.0,2.0,0.0,-0.252475,-0.35
153231,1501.0,1015.0,0.0,2.0,0.0,0.0,-0.35
153233,1503.0,1014.0,0.0,1.0,0.0,0.0,-0.35
153235,1505.0,1016.0,0.0,2.0,0.0,0.0,-0.35
153237,1507.0,1017.0,0.465779,1.103155,0.551577,0.275789,-9.20554
153239,1509.0,1016.0,4.424903,4.536493,2.268246,0.858335,1.39449
153241,1511.0,1017.0,8.976881,9.032408,4.516204,1.123979,-16.8881
153243,1513.0,1016.0,10.682781,10.729483,5.364741,0.424269,1.48101
153245,1515.0,1020.0,12.391044,13.020675,6.510337,0.572798,-40.07204
153247,1517.0,1021.0,13.94468,13.98049,6.990245,0.239954,-10.07663
153249,1519.0,1020.0,14.479348,14.513839,7.25692,0.133338,2.35239
153251,1521.0,1021.0,15.140562,15.173549,7.586775,0.164928,-9.11836
153253,1523.0,1024.0,15.813804,16.09585,8.047925,0.230575,-27.49304
153255,1525.0,1023.0,16.04647,16.0776,8.0388,-0.004562,2.96382
153257,1527.0,1025.0,15.593239,15.720977,7.860488,-0.089156,-14.27949
153259,1529.0,1025.0,15.496544,15.496544,7.748272,-0.056108,0.54751
153301,1531.0,1026.0,15.042614,15.075816,7.537908,-0.105182,-5.49724
153303,1533.0,1025.0,14.355822,14.390609,7.195305,-0.171301,3.51114
153305,1535.0,1023.0,14.038864,14.18061,7.090305,-0.0525,5.64225
153307,1537.0,1024.0,14.038859,14.074429,7.037215,-0.026545,-6.74361
153309,1539.0,1021.0,14.355805,14.665917,7.332959,0.147872,7.49214
153311,1541.0,1021.0,15.002574,15.002574,7.501287,0.084164,-0.04204
153313,1543.0,1019.0,15.496499,15.625027,7.812514,0.155614,4.87427
153315,1545.0,1019.0,16.459468,16.459468,8.229734,0.20861,-5.81723
153317,1547.0,1018.0,17.366337,17.395105,8.697552,0.233909,1.9376
153319,1549.0,1017.0,18.232571,18.259973,9.129987,0.216217,2.01739
153321,1551.0,1014.0,18.637972,18.877871,9.438936,0.154475,7.5196
153323,1553.0,1012.0,17.043121,17.160069,8.580035,-0.42945,7.54991
153325,1555.0,1010.0,14.037844,14.1796,7.0898,-0.745118,8.24217
153327,1557.0,1005.0,11.39952,12.447854,6.223927,-0.432937,14.57954
153329,1559.0,1002.0,8.313487,8.838216,4.419108,-0.90241,9.90846
153331,1561.0,1004.0,3.685678,4.193355,2.096677,-1.161215,-12.92238
153333,1563.0,1003.0,0.461921,1.101531,0.550766,-0.772956,2.51531
153335,1565.0,1000.0,1.004511,3.163707,1.581854,0.515544,7.13295
153337,1567.0,1002.0,0.282076,2.019794,1.009897,-0.285979,-17.02976
153339,1569.0,1002.0,0.0,0.0,0.0,-0.504949,-0.35
153341,1571.0,1003.0,0.0,1.0,0.0,0.0,-0.35
153343,1573.0,999.0,0.0,4.0,0.0,0.0,-0.35
153345,1575.0,1001.0,0.0,2.0,0.0,0.0,-0.35
153347,1577.0,1003.0,0.0,2.0,0.0,0.0,-0.35
153349,1579.0,1003.0,0.141038,0.141038,0.070519,0.03526,-0.34582
153351,1581.0,1001.0,0.0,2.0,0.0,-0.03526,-0.35
153353,1583.0,1001.0,0.141038,0.141038,0.070519,0.03526,-0.34582
153355,1585.0,1002.0,0.0,1.0,0.0,-0.03526,-0.35
153357,1587.0,1000.0,0.0,2.0,0.0,0.0,-0.35
153359,1589.0,1000.0,0.0,0.0,0.0,0.0,-0.35
153401,1591.0,1003.0,0.141038,3.003313,1.501657,0.750829,-28.14979
153403,1593.0,1002.0,0.0,1.0,0.0,-0.750829,-0.35
153405,1595.0,1002.0,0.141038,0.141038,0.070519,0.03526,-0.34582
153407,1597.0,1000.0,0.0,2.0,0.0,-0.03526,-0.35
153409,1599.0,1003.0,0.0,3.0,0.0,0.0,-0.35
153411,1601.0,1004.0,0.0,1.0,0.0,0.0,-0.35
153413,1603.0,1003.0,0.0,1.0,0.0,0.0,-0.35
153415,1605.0,1002.0,0.0,1.0,0.0,0.0,-0.35
153417,1607.0,1003.0,0.0,1.0,0.0,0.0,-0.35
153419,1609.0,1003.0,0.185325,0.185325,0.092662,0.046331,-0.34505
153421,1611.0,1002.0,0.0,1.0,0.0,-0.046331,-0.35
153423,1613.0,1001.0,0.0,1.0,0.0,0.0,-0.35
153425,1615.0,1004.0,0.0,3.0,0.0,0.0,-0.35
153427,1617.0,1003.0,0.0,1.0,0.0,0.0,-0.35
153429,1619.0,1002.0,0.593813,1.163019,0.58151,0.290755,2.2028
153431,1621.0,1002.0,5.809233,5.809233,2.904617,1.161554,-7.12639
153433,1623.0,1004.0,11.618465,11.789348,5.894674,1.495029,-31.85433
153435,1625.0,1001.0,14.134226,14.449095,7.224547,0.664937,5.51213
153437,1627.0,998.0,15.659625,15.944399,7.972199,0.373826,6.55374
153439,1629.0,997.0,16.924581,16.954098,8.477049,0.252425,1.85815
153441,1631.0,998.0,17.920475,17.948355,8.974177,0.248564,-10.36541
153443,1633.0,993.0,18.780953,19.435128,9.717564,0.371694,11.60572
153445,1635.0,989.0,19.0726,19.487536,9.743768,0.013102,10.85664
153447,1637.0,992.0,19.907967,20.132739,10.066369,0.161301,-26.32032
153449,1639.0,992.0,21.054703,21.054703,10.527351,0.230491,-7.96421
153451,1641.0,984.0,20.644893,22.140723,11.070362,0.271505,19.8836
153453,1643.0,980.0,18.791023,19.212041,9.606021,-0.73217,14.63211
153455,1645.0,977.0,15.976074,16.255305,8.127652,-0.739185,11.32897
153457,1647.0,977.0,11.7428,11.7428,5.8714,-1.128126,3.64225
153459,1649.0,975.0,10.592478,10.779638,5.389819,-0.240791,5.97258
153501,1651.0,973.0,13.149259,13.300489,6.650244,0.630212,3.18361
153503,1653.0,972.0,15.444511,15.476851,7.738425,0.544091,0.68449
153505,1655.0,974.0,17.114885,17.231346,8.615673,0.438624,-21.98182
