124150,0,376.21056046288,0.0,0.0,0,0,-0.35
124155,5.0,378.869680092374,23.454671,23.458928,11.729464,0.442181,-15.71662
124156,6.0,378.436607977437,12.320613,12.328222,12.328222,0.598758,-17.67802
124157,7.0,377.924770116379,12.790712,12.800949,12.800949,0.472727,0.66349
124158,8.0,377.358688821834,11.230684,11.244941,11.244941,-1.556008,22.5086
124159,9.0,377.295894646504,11.89943,11.899595,11.899595,0.654654,-29.44511
124200,10.0,377.220953891529,13.396265,13.396475,13.396475,1.49688,-68.84732
124201,11.0,376.799713547627,12.993322,13.000149,13.000149,-0.396326,9.91386
124203,13.0,376.674889723686,17.228794,17.229246,8.614623,-2.192763,18.67848
124206,16.0,375.700245749759,41.617207,41.628618,13.876206,1.753861,-75.35243
124207,17.0,376.10211120167,13.977646,13.983421,13.983421,0.107215,-8.97161
124208,18.0,376.077512038369,15.138269,15.138289,15.138289,1.154868,-66.12153
124209,19.0,375.331853681571,14.25598,14.275467,14.275467,-0.862822,18.61687
124210,20.0,373.560313103309,15.294474,15.39673,15.39673,1.121263,0.24069
124211,21.0,373.002943108402,15.294464,15.304617,15.304617,-0.092113,6.42699
124212,22.0,372.137491784569,14.649684,14.675226,14.675226,-0.629391,16.65376
124213,23.0,370.883203146824,15.124291,15.176213,15.176213,0.500987,4.54075
124214,24.0,369.982228010778,14.856886,14.88418,14.88418,-0.292033,12.41153
124215,25.0,369.382302226989,14.297928,14.310509,14.310509,-0.573671,13.58208
124216,26.0,368.828161882837,14.339824,14.350527,14.350527,0.040018,5.19645
124217,27.0,368.301854132387,10.92796,10.940627,10.940627,-3.4099,40.01841
124221,31.0,362.919481874861,66.859379,67.075677,16.768919,1.457073,-51.79675
124222,32.0,361.778196031263,14.249574,14.295205,14.295205,-2.473714,42.99436
124223,33.0,360.812925554915,14.383219,14.415573,14.415573,0.120368,7.76074
124224,34.0,359.711803690771,13.459959,13.504924,13.504924,-0.910649,22.18011
124226,36.0,356.901818230798,29.54876,29.682069,14.841035,0.668055,4.00187
124228,38.0,354.828125201525,28.601221,28.676297,14.338149,-0.251443,13.27963
124229,39.0,353.964485594732,14.188718,14.214977,14.214977,-0.123172,10.13242
124230,40.0,353.380330998111,11.494039,11.508874,11.508874,-2.706103,35.10086
124232,42.0,352.440440660424,28.177596,28.193267,14.096634,1.29388,-52.90722
124233,43.0,352.029986358688,11.074954,11.082557,11.082557,-3.014077,35.49164
124236,46.0,349.516213694049,45.465186,45.534626,15.178209,1.365217,-51.79397
124237,47.0,349.744741798395,13.53257,13.534499,13.534499,-1.64371,19.36244
124238,48.0,349.823524463432,11.949522,11.949781,11.949781,-1.584718,18.27548
124239,49.0,349.674246675296,12.609705,12.610588,12.610588,0.660807,-29.53763
124240,50.0,349.487540587989,12.983109,12.984452,12.984452,0.373864,-18.48867
124241,51.0,349.387081791242,12.76247,12.762866,12.762866,-0.221586,5.07019
124243,53.0,349.245105536242,22.073593,22.07405,11.037025,-0.862921,10.83586
124245,55.0,348.51703422957,29.96146,29.970305,14.985153,1.974064,-92.48896
124246,56.0,348.116924871872,10.485085,10.492716,10.492716,-4.492437,47.69033
124247,57.0,347.778794280281,12.554584,12.559136,12.559136,2.06642,-77.4496
124248,58.0,347.196437727106,12.690844,12.704199,12.704199,0.145063,5.14772
124249,59.0,346.887820443622,11.481894,11.486041,11.486041,-1.218158,17.11188
124250,60.0,347.033177760283,10.95639,10.957354,10.957354,-0.528687,5.51401
124252,62.0,347.562388127888,28.058078,28.063068,14.031534,1.53709,-65.947
124253,63.0,345.858061822673,15.700845,15.793076,15.793076,1.761542,-48.96181
124254,64.0,344.67614286052,12.319042,12.37561,12.37561,-3.417466,50.59102
124255,65.0,344.469174966968,11.074818,11.076752,11.076752,-1.298858,16.45908
124256,66.0,344.083660706537,13.488724,13.494232,13.494232,2.41748,-98.0335
124257,67.0,343.638317833916,13.95735,13.964453,13.964453,0.470221,-0.97527
124258,68.0,342.67374765269,12.69757,12.734154,12.734154,-1.230299,24.38946
124259,69.0,341.738408558457,7.475178,7.533469,7.533469,-5.200685,44.59536
124302,72.0,336.497949198772,46.451901,46.746567,15.582189,2.682907,-89.77477
124303,73.0,336.117469281939,14.225296,14.230383,14.230383,-1.351806,21.6699
124304,74.0,335.728227896711,14.759751,14.764883,14.764883,0.5345,-25.22585
124305,75.0,334.342060465761,14.523198,14.589199,14.589199,-0.175684,15.2932
124306,76.0,333.143355998126,13.414303,13.467755,13.467755,-1.121444,25.60938
124308,78.0,332.981928292727,27.147008,27.147488,13.573744,0.052994,1.29082
124310,80.0,333.361058871297,27.411702,27.414323,13.707162,0.066709,-1.35722
124311,81.0,334.129006666969,12.154447,12.178683,12.178683,-1.528479,11.90172
124312,82.0,334.700854601129,11.495069,11.509285,11.509285,-0.669398,3.60125
124313,83.0,335.135518644182,10.705338,10.714159,10.714159,-0.795126,5.35155
124315,85.0,335.430046221704,8.956211,8.961052,4.480526,-3.116817,11.61763
124317,87.0,335.518591848905,5.146667,5.147429,2.573714,-0.953406,1.82789
124319,89.0,335.780331395843,5.559102,5.565261,2.78263,0.104458,-3.87213
124325,95.0,336.185481609742,11.301781,11.309041,1.88484,-0.149632,-0.656
124326,96.0,336.472276568994,5.62615,5.633455,5.633455,3.748615,-70.47723
124327,97.0,336.506147204541,5.300519,5.300627,5.300627,-0.332828,1.70418
124330,100.0,337.271256106814,33.389895,33.39866,11.132887,1.944087,-67.28785
124332,102.0,337.191989983029,22.620773,22.620912,11.310456,0.088785,1.09375
124334,104.0,336.648371613813,21.669305,21.676122,10.838061,-0.236198,6.26246
124335,105.0,336.182205339527,10.790641,10.800706,10.800706,-0.037355,6.02676
124339,109.0,332.687710798797,72.147561,72.23214,18.058035,1.814332,-94.83241
124341,111.0,333.664593951139,32.344845,32.359594,16.179797,-0.939119,9.01676
124350,120.0,332.016451057815,120.614723,120.625983,13.402887,-0.308546,6.68516
124351,121.0,332.057557378424,13.121001,13.121066,13.121066,-0.281821,4.43512
124352,122.0,331.746934242257,13.241095,13.244738,13.244738,0.123672,2.66758
124353,123.0,331.48621013454,13.854655,13.857108,13.857108,0.61237,-28.98912
124354,124.0,331.318127029803,11.934306,11.935489,11.935489,-1.921619,24.0876
124356,126.0,331.234524487296,28.609233,28.609355,14.304678,1.184594,-62.18939
124357,127.0,330.820928453438,13.082565,13.089101,13.089101,-1.215577,19.55203
124358,128.0,330.278551088546,13.736834,13.747537,13.747537,0.658436,-22.0857
124359,129.0,329.920780595879,15.678489,15.682571,15.682571,1.935034,-96.61331
124400,130.0,329.30597389324,16.316067,16.327646,16.327646,0.645075,-30.19188
124401,131.0,328.632914796438,13.15406,13.171268,13.171268,-3.156378,45.06104
124402,132.0,327.627802672026,15.254198,15.287275,15.287275,2.116007,-82.45479
124403,133.0,326.451488089895,15.074708,15.120533,15.120533,-0.166742,13.06005
124404,134.0,324.763280658191,17.386368,17.468138,17.468138,2.347605,-93.93376
124405,135.0,323.683371368882,14.052207,14.093641,14.093641,-3.374497,53.61511
124406,136.0,323.407890792857,15.44516,15.447617,15.447617,1.353976,-69.81254
124407,137.0,323.432156197173,16.284741,16.284759,16.284759,0.837142,-34.0985
124408,138.0,323.382737262314,17.288444,17.288514,17.288514,1.003755,-70.36832
124409,139.0,323.218206930983,14.701028,14.701948,14.701948,-2.586566,36.49243
124411,141.0,319.851024168682,34.613918,34.777309,17.388654,1.343353,-40.12397
124412,142.0,320.888617225665,17.447156,17.477982,17.477982,0.089328,-27.34776
124413,143.0,320.815912824511,17.295347,17.2955,17.2955,-0.182482,2.23781
124414,144.0,321.679354563243,17.010643,17.032543,17.032543,-0.262957,-4.66987
124415,145.0,322.685224864103,13.736791,13.773569,13.773569,-3.258974,32.83912
124417,147.0,322.910940415272,31.920182,31.92098,15.96049,1.093461,-48.44298
124418,148.0,323.03764257244,14.268785,14.269348,14.269348,-1.691142,21.57598
124419,149.0,322.6122588486,15.402495,15.408368,15.408368,1.13902,-54.99985
124420,150.0,322.06926381215,14.524788,14.534935,14.534935,-0.873433,17.01256
124422,152.0,321.038094889553,32.23312,32.24961,16.124805,0.794935,-39.61279
124424,154.0,322.675041280345,36.194137,36.231135,18.115567,0.995381,-70.8037
124425,155.0,323.619430107142,14.961656,14.991432,14.991432,-3.124135,34.43633
124426,156.0,324.344466738653,14.344146,14.362458,14.362458,-0.628974,2.53129
124427,157.0,324.84052878368,13.676976,13.685969,13.685969,-0.676489,5.14525
124428,158.0,325.832086770957,14.929237,14.962129,14.962129,1.27616,-79.90604
124429,159.0,326.767778895794,12.59954,12.634237,12.634237,-2.327892,19.99951
124432,162.0,327.370641542785,52.155113,52.158597,17.386199,1.583987,-81.47447
124433,163.0,326.239847191115,16.131276,16.170861,16.170861,-1.215338,27.44944
124434,164.0,324.622254393933,15.573052,15.656837,15.656837,-0.514024,21.62876
124436,166.0,321.02386091262,37.390033,37.562787,18.781394,1.562278,-58.95322
124438,168.0,319.207530675999,41.413858,41.453669,20.726835,0.972721,-64.09016
124439,169.0,318.583515250309,19.444329,19.454339,19.454339,-1.272496,24.76107
124440,170.0,318.705016903589,19.01685,19.017239,19.017239,-0.4371,3.66465
124441,171.0,319.298148106926,19.104707,19.113912,19.113912,0.096673,-14.56217
124442,172.0,319.547414123393,18.369151,18.370842,18.370842,-0.74307,7.96019
124443,173.0,319.671374497279,19.654135,19.654525,19.654525,1.283683,-71.59931
124444,174.0,319.900697899735,18.199562,18.201007,18.201007,-1.453518,19.88607
124445,175.0,319.631812616232,16.814073,16.816223,16.816223,-1.384784,22.59646
124447,177.0,318.18647642934,37.085384,37.113538,18.556769,0.870273,-50.25671
124448,178.0,318.039917186428,15.056008,15.056721,15.056721,-3.500048,49.39963
124449,179.0,318.547435495438,16.425141,16.43298,16.43298,1.376259,-75.8449
124450,180.0,318.394820661466,16.379519,16.38023,16.38023,-0.05275,1.58777
124451,181.0,317.314242883271,16.404357,16.439908,16.439908,0.059678,8.1171
124452,182.0,315.975733218797,14.276328,14.338938,14.338938,-2.10097,39.98397
124454,184.0,312.846221079548,34.681464,34.822375,17.411188,1.536125,-54.0507
124455,185.0,311.183034421709,17.465238,17.54425,17.54425,0.133062,11.19291
124456,186.0,309.91881511388,17.572044,17.617462,17.617462,0.073212,8.53315
124458,188.0,309.194292239501,39.08509,39.091804,19.545902,0.96422,-72.36018
124459,189.0,309.752447330117,19.663109,19.671029,19.671029,0.125127,-15.23472
124501,191.0,310.725090348239,18.473438,18.499025,9.249513,-5.210758,40.48513
124508,198.0,309.929614301012,14.263424,14.28205,14.28205,-6.599544,79.72882
124510,200.0,310.030254166541,35.689806,35.689948,17.844974,1.781462,-89.80002
124511,201.0,309.681563917303,14.741399,14.745522,14.745522,-3.099452,45.0555
124512,202.0,309.453402252287,16.404228,16.405815,16.405815,1.660293,-92.80809
124513,203.0,308.979592772226,17.440676,17.447111,17.447111,1.041296,-60.61938
124514,204.0,308.056070593598,18.27503,18.29835,18.29835,0.851239,-41.74555
124515,205.0,306.824998626526,17.453891,17.497253,17.497253,-0.801097,22.20341
124517,207.0,305.416019616915,39.084741,39.110129,19.555065,1.028906,-66.05112
124518,208.0,304.678952371471,18.131952,18.146927,18.146927,-1.408138,27.7069
124519,209.0,304.332645054681,17.152586,17.156082,17.156082,-0.990845,17.32299
124521,211.0,304.29456054921,36.803159,36.803179,18.401589,0.622754,-56.53725
124523,213.0,303.215903625496,35.142047,35.158598,17.579299,-0.411145,9.84035
124524,214.0,302.818355784159,17.522626,17.527135,17.527135,-0.052164,2.90625
124525,215.0,302.860076380077,16.368897,16.368951,16.368951,-1.158184,16.2604
124528,218.0,303.414361426375,58.326393,58.329027,19.443009,1.024686,-57.29572
124529,219.0,304.163140695503,15.484158,15.502252,15.502252,-3.940757,48.75341
124530,220.0,304.33064146447,11.570202,11.571415,11.571415,-3.930837,41.43125
124531,221.0,304.165909387055,12.303775,12.304877,12.304877,0.733462,-30.67576
124532,222.0,303.612504576147,11.121329,11.135089,11.135089,-1.169788,18.32155
124533,223.0,303.607372008093,13.08236,13.082361,13.082361,1.947272,-86.88003
124534,224.0,303.629785070263,14.571812,14.571829,14.571829,1.489468,-58.98703
124535,225.0,304.113511087202,12.69992,12.709129,12.709129,-1.8627,18.78725
124536,226.0,303.600090811859,13.017897,13.028018,13.028018,0.318889,2.29706
124537,227.0,302.367861103236,11.859923,11.923764,11.923764,-1.104254,24.69377
124538,228.0,301.30051424693,6.268785,6.359001,6.359001,-5.564763,42.11879
124539,229.0,299.371040191839,10.491285,10.667236,10.667236,4.308235,-88.81393
124541,231.0,298.621506221075,11.648233,11.672323,5.836162,-2.415537,16.59399
124543,233.0,298.297353034307,7.292412,7.299613,3.649806,-1.093178,5.20683
124545,235.0,298.734344262756,7.129068,7.142449,3.571224,-0.039291,-4.79599
124555,245.0,298.958963875431,5.494973,5.499562,0.549956,-0.302127,-0.32573
124556,246.0,298.774106762462,1.828841,1.838159,1.838159,1.288203,-2.86867
124558,248.0,298.147957362694,4.804707,4.845335,2.422667,0.292254,2.11816
124559,249.0,297.870872285511,2.236574,2.253672,2.253672,-0.168995,2.76114
124604,254.0,297.705859026627,7.812375,7.814118,1.562824,-0.13817,0.3484
124605,255.0,298.053109709623,5.915207,5.925391,5.925391,4.362567,-86.52426
124606,256.0,297.903825218124,5.864043,5.865943,5.865943,-0.059448,2.14322
124607,257.0,297.682894203036,5.403145,5.40766,5.40766,-0.458283,4.63246
124609,259.0,296.444378103988,13.257377,13.315103,6.657552,0.624946,2.37228
124610,260.0,294.834530831283,9.324481,9.462429,9.462429,2.804877,-38.28801
124611,261.0,293.869885017744,10.931619,10.974098,10.974098,1.511669,-28.48443
124612,262.0,293.741579740269,11.353265,11.35399,11.35399,0.379892,-16.42339
124613,263.0,294.041274436979,11.373472,11.37742,11.37742,0.02343,-3.31731
124614,264.0,294.241222035246,11.238671,11.24045,11.24045,-0.13697,1.25306
124616,266.0,294.514421126594,29.259107,29.260382,14.630191,1.694871,-71.79333
124617,267.0,294.464360574293,13.154046,13.154141,13.154141,-1.47605,19.46901
124618,268.0,294.431881409496,13.304561,13.3046,13.3046,0.150459,-0.15915
124620,270.0,294.24691914052,18.189468,18.190408,9.095204,-2.104698,19.27962
124621,271.0,294.267866489359,11.570187,11.570205,11.570205,2.475001,-81.18711
124622,272.0,294.355536670206,8.647552,8.647996,8.647996,-2.922209,23.13387
124626,276.0,294.418804658181,65.033678,65.033709,16.258427,1.902608,-86.50534
124628,278.0,293.957761888287,16.585601,16.592008,8.296004,-3.981212,32.91362
124629,279.0,292.892553758272,10.724395,10.777166,10.777166,2.481162,-56.21528
124632,282.0,289.741183065514,37.578048,37.709957,12.569986,0.597607,4.23587
124633,283.0,289.681019648925,5.506744,5.507072,5.507072,-7.062914,36.20432
124634,284.0,289.273815399905,7.812245,7.82285,7.82285,2.315778,-47.39774
124636,286.0,289.780271651115,8.360007,8.375334,4.187667,-1.817591,4.87716
124638,288.0,290.108189521075,8.052641,8.059315,4.029658,-0.079004,-2.39683
124640,290.0,290.503462329926,5.145175,5.160336,2.580168,-0.724745,-0.06259
124646,296.0,289.944824732851,8.449029,8.467477,1.411246,-0.19482,0.91531
124652,302.0,290.181183631982,5.418078,5.423231,0.903872,-0.084562,-0.88804
124657,307.0,290.618139866612,5.758428,5.774982,1.154996,0.050225,-2.6174
124659,309.0,291.425284767052,8.683208,8.720641,4.36032,1.602662,-31.62865
124700,310.0,291.486615702046,1.085037,1.086769,1.086769,-3.273551,2.4725
124704,314.0,291.099919839239,4.437444,4.454261,1.113565,0.006699,0.65108
124705,315.0,291.005098116552,3.978103,3.979233,3.979233,2.865668,-34.08923
124707,317.0,290.471348556188,5.705676,5.730587,2.865294,-0.556969,3.85654
124709,319.0,290.63603416337,6.84266,6.844642,3.422321,0.278514,-4.13166
124710,320.0,290.689281062311,5.640134,5.640386,5.640386,2.218065,-37.29426
124711,321.0,290.673409073239,5.871117,5.871139,5.871139,0.230753,-6.86407
124712,322.0,290.262111143044,6.916524,6.928743,6.928743,1.057604,-13.86295
124713,323.0,289.890756619857,7.763226,7.772103,7.772103,0.84336,-13.23767
124714,324.0,289.652552989035,5.020099,5.025748,5.025748,-2.746355,14.98087
124716,326.0,289.199990293529,8.905671,8.917162,4.458581,-0.283584,3.43031
124717,327.0,289.321421616684,7.270687,7.2717,7.2717,2.813119,-62.55231
124718,328.0,289.520002305178,10.375976,10.377876,10.377876,3.106176,-98.4803
124719,329.0,289.941060651646,12.170045,12.177327,12.177327,1.799451,-72.12115
124720,330.0,290.091435653864,11.910159,11.911108,11.911108,-0.266219,3.35322
124722,332.0,288.3551986174,29.328795,29.380142,14.690071,1.389481,-48.89777
124723,333.0,287.693519620246,11.285611,11.304991,11.304991,-3.38508,42.19163
124726,336.0,288.719521617408,47.885074,47.896064,15.965355,1.553455,-77.64053
124727,337.0,288.724886738918,17.707016,17.707017,17.707017,1.741662,-85.57889
124728,338.0,288.744452658825,16.284027,16.284039,16.284039,-1.422978,20.33895
124730,340.0,290.017734320255,38.210267,38.231476,19.115738,1.41585,-92.60453
124731,341.0,290.295346482824,19.196529,19.198537,19.198537,0.082799,-6.85522
124732,342.0,290.65000197209,15.157307,15.161455,15.161455,-4.037082,52.5892
124734,344.0,290.555909025559,32.175681,32.175819,16.087909,0.463227,-37.19666
124735,345.0,290.67964698261,15.21703,15.217533,15.217533,-0.870376,11.16378
124736,346.0,290.586500409734,14.00516,14.00547,14.00547,-1.212063,17.20086
124737,347.0,290.030662241284,10.789871,10.804178,10.804178,-3.201292,37.78744
124738,348.0,288.904975787233,11.766917,11.820639,11.820639,1.016461,0.91167
124739,349.0,288.565056184487,8.238349,8.245359,8.245359,-3.57528,30.66135
124742,352.0,288.425671442262,5.986162,5.987785,1.995928,-2.083144,4.09732
124746,356.0,289.17525904263,4.997463,5.053367,1.263342,-0.183147,-4.67404
124747,357.0,288.441903346285,3.394446,3.472761,3.472761,2.209419,-0.30624
124752,362.0,289.434200058717,4.650168,4.754862,0.950972,-0.504358,-4.38991
124753,363.0,290.373038894418,5.101529,5.187198,5.187198,4.236226,-92.80244
124757,367.0,289.707761757565,5.418071,5.458763,1.364691,-0.955627,2.49167
124800,370.0,290.173366332637,8.297248,8.310302,2.770101,0.46847,-7.67046
124802,372.0,290.496220709022,11.526751,11.531271,5.765636,1.497768,-28.65737
124803,373.0,290.483580224956,6.761172,6.761183,6.761183,0.995547,-23.84999
124805,375.0,290.611688171305,13.832734,13.833327,6.916664,0.07774,-0.4198
124806,376.0,290.468248871746,8.41412,8.415343,8.415343,1.498679,-38.91912
124807,377.0,290.210994198807,10.046973,10.050266,10.050266,1.634923,-48.36405
124808,378.0,289.899186503376,12.229435,12.233409,12.233409,2.183143,-79.9996
124809,379.0,289.51561382712,12.115659,12.121729,12.121729,-0.11168,6.52525
124810,380.0,288.841674053376,8.769029,8.794889,8.794889,-3.32684,33.54394
124811,381.0,287.725595973494,9.028053,9.096778,9.096778,0.301889,8.54985
124812,382.0,287.752930447576,7.949407,7.949454,7.949454,-1.147324,8.89965
124813,383.0,287.673303766135,10.300306,10.300614,10.300614,2.35116,-77.57797
124814,384.0,287.706528012019,11.26927,11.269319,11.269319,0.968705,-27.87727
124815,385.0,287.65928454986,10.794219,10.794323,10.794323,-0.474996,6.58389
124816,386.0,287.462835034344,11.380088,11.381783,11.381783,0.58746,-21.6389
124817,387.0,286.523331473849,13.61712,13.649492,13.649492,2.267709,-76.72565
124818,388.0,286.430709328336,13.683531,13.683845,13.683845,0.034353,1.56966
124819,389.0,286.066091323023,13.127834,13.132897,13.132897,-0.550948,11.24273
124820,390.0,285.296575021493,11.380087,11.406075,11.406075,-1.726822,26.35591
124821,391.0,284.643817536416,10.131492,10.152499,10.152499,-1.253576,18.68907
124823,393.0,284.887302754323,24.732524,24.733722,12.366861,1.107181,-38.10306
124824,394.0,285.075063975633,10.089892,10.091639,10.091639,-2.275222,20.47534
124825,395.0,285.282822219105,8.769011,8.771472,8.771472,-1.320167,9.69275
124826,396.0,285.406726389233,9.832415,9.833195,9.833195,1.061723,-30.33207
124827,397.0,285.193516460363,7.877852,7.880737,7.880737,-1.952458,16.69872
124828,398.0,285.201586574912,7.791216,7.791221,7.791221,-0.089516,1.41074
124829,399.0,285.22117942367,4.993488,4.993526,4.993526,-2.797695,12.83729
124833,403.0,284.67826587626,5.496168,5.522917,1.380729,-0.903199,2.17036
124836,406.0,284.883157492713,6.574156,6.577348,2.192449,0.270573,-3.20139
124846,416.0,285.640124739946,7.411314,7.449871,0.744987,-0.144746,-1.94822
124853,423.0,285.016619481132,5.740928,5.774687,0.824955,0.011424,0.54301
124856,426.0,285.072007056318,0.423499,0.427106,0.142369,-0.227529,-0.30169
124903,433.0,285.094747969752,0.555975,0.55644,0.079491,-0.008983,-0.33876
124905,435.0,284.479237337828,15.709853,15.721906,7.860953,3.890731,-88.35363
124908,438.0,283.164316457769,39.537214,39.559074,13.186358,1.775135,-67.84644
124909,439.0,282.896988328398,13.736429,13.73903,13.73903,0.552672,-25.85956
124910,440.0,282.967128431077,13.895318,13.895495,13.895495,0.156465,-1.53281
124911,441.0,283.04075328146,9.817772,9.818048,9.818048,-4.077447,36.88729
124912,442.0,283.096135982829,11.278919,11.279055,11.279055,1.461007,-45.46288
124913,443.0,283.41635936464,10.300218,10.305195,10.305195,-0.97386,7.64361
124914,444.0,283.826409438687,9.156347,9.165524,9.165524,-1.139671,6.9534
124915,445.0,284.123350482515,5.829729,5.837287,5.837287,-3.328237,15.45397
124916,446.0,284.485602932726,6.461563,6.47171,6.47171,0.634423,-20.45655
124919,449.0,284.928150983227,11.70557,11.713933,3.904644,-0.855689,1.90627
124922,452.0,287.497669368866,31.818904,31.922485,10.640828,2.245395,-92.51261
124923,453.0,288.246495569103,8.420932,8.454161,8.454161,-2.186667,11.07414
124925,455.0,289.102641955205,23.910629,23.925952,11.962976,1.754408,-69.6963
124926,456.0,289.022501580492,12.282251,12.282513,12.282513,0.319537,-17.6409
124927,457.0,289.594836403092,13.755802,13.767703,13.767703,1.48519,-71.7689
124928,458.0,290.203778887491,12.007793,12.023224,12.023224,-1.744479,15.51548
124929,459.0,290.27608460572,14.141481,14.141666,14.141666,2.118442,-85.70038
124930,460.0,289.195620685191,13.415197,13.458637,13.458637,-0.683029,19.21445
124931,461.0,289.163859105888,13.780509,13.780546,13.780546,0.321909,-23.36273
124932,462.0,289.411348281143,12.41271,12.415177,12.415177,-1.365369,14.92603
124933,463.0,289.632874154598,13.60209,13.603894,13.603894,1.188717,-48.31233
124934,464.0,289.680617819459,14.243759,14.243839,14.243839,0.639945,-21.48792
124935,465.0,290.232232557377,14.991837,15.001982,15.001982,0.758143,-43.23738
124936,466.0,291.379896460421,13.003778,13.054324,13.054324,-1.947658,14.31775
124938,468.0,294.76192526127,29.30113,29.495666,14.747833,0.846755,-80.71803
124940,470.0,295.201377975557,32.306326,32.309315,16.154657,0.703412,-33.03952
124941,471.0,294.932642112439,14.822553,14.824989,14.824989,-1.329668,20.75787
124942,472.0,294.783526022684,15.499969,15.500687,15.500687,0.675698,-41.93514
124943,473.0,296.045477285763,16.356414,16.405023,16.405023,0.904336,-74.68235
124944,474.0,297.112603932402,17.710879,17.742998,17.742998,1.337975,-95.67208
124945,475.0,298.069741576225,17.287596,17.314072,17.314072,-0.428926,-3.05504
124947,477.0,299.684637243471,36.147403,36.183458,18.091729,0.388829,-36.98099
124948,478.0,300.960610503008,17.037078,17.084792,17.084792,-1.006937,3.15195
124949,479.0,301.925469912541,16.948797,16.976239,16.976239,-0.108553,-14.91063
124950,480.0,302.295154405331,17.287602,17.291554,17.291554,0.315315,-19.27444
124952,482.0,303.889882864018,37.310133,37.344199,18.672099,0.690272,-54.36862
124954,484.0,306.752388080259,39.583878,39.687244,19.843622,0.585762,-69.1554
124956,486.0,308.142739307405,37.836843,37.862379,18.931189,-0.456217,-1.05471
124957,487.0,308.850112516031,15.515316,15.531433,15.531433,-3.399756,41.59473
124958,488.0,309.955907419635,16.310453,16.347895,16.347895,0.816462,-65.50888
125000,490.0,312.651645912166,34.795144,34.899414,17.449707,0.550906,-61.12784
125002,492.0,314.257925488145,35.739448,35.775526,17.887763,0.219028,-27.42263
125003,493.0,314.472286150187,16.443388,16.444785,16.444785,-1.442978,18.98902
125004,494.0,314.423429678041,17.855381,17.855447,17.855447,1.410662,-95.83131
125005,495.0,314.629662757754,19.576772,19.577858,19.577858,1.722411,-99.92087
125006,496.0,315.843878968161,19.292242,19.330414,19.330414,-0.247444,-12.86645
125007,497.0,317.662294294691,17.702021,17.795173,17.795173,-1.535241,6.90352
125010,500.0,317.23814240058,63.410209,63.411627,21.137209,1.114012,-98.78737
125011,501.0,318.506903513002,19.140055,19.182061,19.182061,-1.955148,19.75333
125012,502.0,319.95625981419,16.932114,16.994031,16.994031,-2.18803,19.77617
125013,503.0,322.100419551388,17.278514,17.411045,17.411045,0.417014,-77.76309
125014,504.0,324.862633779633,15.93304,16.170702,16.170702,-1.240343,-13.32911
125015,505.0,326.708309715751,13.854164,13.976565,13.976565,-2.194137,12.38639
125016,506.0,327.407971093454,12.205161,12.225199,12.225199,-1.751366,15.0226
125017,507.0,327.362754745733,8.150057,8.150183,8.150183,-4.075016,31.40349
125018,508.0,327.725278019825,8.306321,8.314228,8.314228,0.164045,-10.94468
125019,509.0,328.186608337524,8.086475,8.099624,8.099624,-0.214604,-4.59748
125020,510.0,328.738334646975,6.974148,6.995937,6.995937,-1.103687,2.79052
125021,511.0,329.17170627838,8.939143,8.949642,8.949642,1.953705,-61.69195
125022,512.0,329.266559035136,9.65831,9.658776,9.658776,0.709134,-18.67362
125023,513.0,329.494963370477,11.149371,11.15171,11.15171,1.492934,-51.26914
125024,514.0,330.08899878876,10.858907,10.875143,10.875143,-0.276567,-2.58621
125030,520.0,339.677253460151,30.889584,30.984484,15.492242,-0.876592,1.61214
125032,522.0,345.112114499728,30.075879,30.562987,15.281494,-0.105374,-68.35631
125034,524.0,350.089001799971,28.455757,28.887705,14.443853,-0.41882,-48.19184
125035,525.0,351.722901543074,10.229933,10.359593,10.359593,-4.08426,25.21392
125037,527.0,354.859830792413,23.592649,23.800282,11.900141,0.770274,-67.83942
125038,528.0,355.821624393515,13.734035,13.767671,13.767671,1.86753,-99.4494
125039,529.0,356.874992237296,11.479157,11.527386,11.527386,-2.240285,15.73821
125040,530.0,357.710598656141,7.719116,7.764212,7.764212,-3.763174,19.88284
125042,532.0,359.75082844111,18.81421,18.924509,9.462254,0.849021,-50.06602
125044,534.0,363.006529769261,14.153555,14.523179,7.261589,-1.100333,-20.95055
125045,535.0,364.261645281937,9.277743,9.362256,9.362256,2.100667,-92.57674
125046,536.0,364.135760586196,6.189859,6.191139,6.191139,-3.171117,19.45599
125049,539.0,364.058809436399,5.82956,5.830068,1.943356,-1.415928,2.6316
125055,545.0,363.504463247124,6.291303,6.315678,1.052613,-0.148457,0.75311
125059,549.0,363.196881237489,4.99702,5.006478,1.251619,0.049752,0.4443
125113,563.0,363.504463247124,4.99702,5.006478,0.357606,-0.063858,-0.28164
125140,590.0,363.738894636361,2.921918,2.931308,0.108567,-0.009224,-0.33462
125143,593.0,361.889982329994,29.977857,30.034819,10.011606,3.301013,-88.18916
125145,595.0,359.719706391653,15.435958,15.471848,15.471848,2.027375,-78.44149
125148,598.0,354.033823673583,63.229977,63.48511,21.161703,1.896618,-96.9505
125150,600.0,351.682758274926,43.528072,43.591519,21.795759,0.317028,-1.51388
125152,602.0,348.306793587821,46.105346,46.22878,23.11439,0.659316,-6.06773
125153,603.0,347.312579405092,18.996305,19.022304,19.022304,-4.092086,76.53767
125154,604.0,348.098432779313,17.831674,17.848982,17.848982,-1.173322,10.24873
125155,605.0,346.223468903287,19.009325,19.101569,19.101569,1.252587,-41.18072
125156,606.0,341.84626568187,18.729663,19.23435,19.23435,0.132781,33.58021
125157,607.0,341.880660174235,17.870566,17.870599,17.870599,-1.363751,20.01347
125158,608.0,341.241913090038,17.770301,17.781777,17.781777,-0.088822,5.42809
125200,610.0,339.260348505652,39.134346,39.184482,19.592241,0.905232,-50.32772
125201,611.0,337.928609176246,18.98142,19.028081,19.028081,-0.56416,18.75511
125202,612.0,336.920780791134,13.10966,13.148342,13.148342,-5.879739,80.41164
125205,615.0,333.846386993844,37.597146,37.722637,12.574212,-0.191377,12.98561
125213,623.0,331.012329957504,163.792231,163.816748,20.477094,0.98786,-79.93945
125214,624.0,331.384608822322,18.134488,18.138309,18.138309,-2.338785,33.12916
125215,625.0,331.9411998949,18.778197,18.786443,18.786443,0.648134,-45.00585
125217,627.0,331.738512156083,40.37227,40.372778,20.186389,0.699973,-67.91717
125219,629.0,329.544441579826,44.82147,44.875139,22.437569,1.12559,-80.42933
125220,630.0,328.215831168966,17.847683,17.897067,17.897067,-4.540502,83.63059
125222,632.0,324.284830399888,37.793951,37.997836,18.998918,0.550926,5.21473
125223,633.0,323.027768220678,18.166297,18.209738,18.209738,-0.78918,22.13887
125225,635.0,321.937020782634,38.886623,38.901918,19.450959,0.62061,-45.94252
125226,636.0,321.090426602374,19.187515,19.206183,19.206183,-0.244776,8.81482
125227,637.0,320.08708225139,17.014501,17.044059,17.044059,-2.162124,41.22786
125229,639.0,321.114259499613,21.667287,21.691621,10.845811,-3.099124,27.41161
125231,641.0,320.385975035498,29.841196,29.850082,14.925041,2.039615,-94.98287
125233,643.0,318.793440332253,34.223439,34.260472,17.130236,1.102598,-52.30761
125234,644.0,316.696071622539,13.976472,14.132966,14.132966,-2.99727,57.92546
125237,647.0,316.899925580464,49.401161,49.401582,16.467194,0.778076,-32.86322
125241,651.0,313.773363172264,70.157782,70.227415,17.556854,0.272415,1.13182
125246,656.0,310.661194005996,87.987376,88.042398,17.60848,0.010325,3.84178
125247,657.0,310.473958000245,15.144534,15.145692,15.145692,-2.462788,35.75812
125248,658.0,310.422908495279,14.260898,14.260989,14.260989,-0.884703,12.73257
125250,660.0,308.202872643812,33.072448,33.146876,16.573438,1.156224,-42.31355
125251,661.0,306.666269362223,14.846266,14.925574,14.925574,-1.647864,36.38101
125253,663.0,304.449196837385,36.037055,36.10519,18.052595,1.563511,-74.0085
125255,665.0,300.823844025446,41.91358,42.070077,21.035039,1.491222,-72.32959
125258,668.0,298.037337439987,49.257576,49.33633,16.445443,-1.529865,30.44385
125304,674.0,288.853207144558,146.615035,146.902405,24.483734,1.339715,-99.31507
125306,676.0,285.74249794124,32.164995,32.315065,16.157532,-4.163101,74.36139
125316,686.0,279.374819764162,178.822723,178.835627,25.547947,0.376273,-16.37409
125318,688.0,276.059628889405,31.545688,31.719409,15.859705,-4.844121,84.14395
125319,689.0,274.367994848512,17.778554,17.858852,17.858852,1.999147,-78.82016
125326,696.0,271.347390764842,157.259191,157.288198,22.469743,0.658699,-68.69708
125333,703.0,264.918061169538,179.887136,180.001995,25.714571,0.463547,-13.24957
125334,704.0,265.514696174369,23.797728,23.805206,23.805206,-1.909365,27.78425
125335,705.0,265.670106530684,21.772061,21.772616,21.772616,-2.03259,33.06369
125340,710.0,260.042557380182,128.988678,129.11138,25.822276,0.809932,-19.70233
125343,713.0,258.635162552456,78.738752,78.751329,26.250443,0.142722,-10.58467
125348,718.0,253.439203555095,129.615919,129.720024,25.944005,-0.061288,-0.25175
125349,719.0,251.608898611107,24.727711,24.795357,24.795357,-1.148648,32.69909
125351,721.0,251.612771887292,48.050082,48.050082,24.025041,-0.385158,0.00966
125353,723.0,251.991111455192,44.919249,44.920842,22.460421,-0.78231,7.80531
125355,725.0,253.855193341564,47.409561,47.446193,23.723097,0.631338,-63.07376
125356,726.0,252.662248062254,23.831372,23.861211,23.861211,0.138114,-0.53118
125358,728.0,246.770802984049,48.614939,48.970618,24.485309,0.312049,10.30547
125400,730.0,245.119661661075,30.853611,30.89776,15.44888,-4.518215,70.67584
125411,741.0,241.936028340424,69.412171,69.475595,23.158532,-0.681927,15.83042
125413,743.0,242.418850282292,27.967217,27.971384,13.985692,-4.58642,56.96587
125419,749.0,239.050350071826,22.20416,22.20416,22.20416,-1.692748,27.90538
125420,750.0,237.610999888282,22.765553,22.811009,22.811009,0.606849,-6.58802
125421,751.0,237.527327902843,21.743532,21.743693,21.743693,-1.067316,16.16977
125423,753.0,235.755253197309,42.470926,42.507879,21.25394,-0.244877,7.54064
125424,754.0,235.314404680517,20.279234,20.284026,20.284026,-0.969914,17.72393
125427,757.0,233.734528961127,66.512582,66.531342,22.177114,0.631029,-62.28865
125433,763.0,231.870768111411,118.403153,118.417821,19.736303,-0.406802,6.57582
125436,766.0,227.526211630854,65.025121,65.170097,21.723366,0.662354,-5.73033
125437,767.0,227.719418560468,21.865217,21.866071,21.866071,0.142705,-10.27051
125438,768.0,228.380178800018,21.452316,21.462489,21.462489,-0.403582,-3.29909
125439,769.0,228.022320745103,21.369774,21.37277,21.37277,-0.089719,-0.25735
125440,770.0,228.67529737448,21.757605,21.767401,21.767401,0.394631,-36.00046
125441,771.0,229.523312292114,21.582997,21.59965,21.59965,-0.167751,-9.68003
125442,772.0,229.931533586137,21.582983,21.586843,21.586843,-0.012807,-8.78959
125443,773.0,229.639349778618,22.431063,22.432966,22.432966,0.846123,-85.50138
125444,774.0,229.790560286165,23.033929,23.034426,23.034426,0.60146,-36.57605
125445,775.0,229.498590429091,23.213571,23.215407,23.215407,0.180981,-8.53771
125446,776.0,228.722256441759,23.619929,23.632684,23.632684,0.417277,-9.87783
125452,782.0,222.960761271444,147.041828,147.15466,24.525777,0.148849,-3.76031
125454,784.0,223.448480190335,14.087922,14.137299,14.137299,-0.517942,-5.27626
125455,785.0,224.107307836764,11.192465,11.211838,11.211838,-2.925461,25.48512
125457,787.0,224.214522415504,8.946013,8.946655,4.473328,-3.369255,13.45151
125500,790.0,225.163477403217,25.461889,25.479567,8.493189,1.339954,-39.92691
125502,792.0,225.384201223593,6.009636,6.013688,3.006844,-2.743172,6.55013
125505,795.0,225.418352957628,7.027805,7.027888,2.342629,-0.221405,0.33528
125508,798.0,225.387578326292,6.424951,6.425025,2.141675,-0.066985,0.15991
125510,800.0,225.386142598741,7.39185,7.39185,3.695925,0.777125,-10.78709
125516,806.0,225.448693724856,7.130668,7.130942,1.18849,-0.417906,0.16619
125519,809.0,225.519758184917,5.117541,5.118035,1.706012,0.172507,-1.18339
125529,819.0,225.726684085591,6.262232,6.26565,0.626565,-0.107945,-0.48111
125531,821.0,225.438771777504,9.658236,9.662527,4.831263,2.102349,-29.26809
125533,823.0,225.355467006461,12.746045,12.746318,6.373159,0.770948,-17.22029
125534,824.0,225.306507711569,5.653035,5.653247,5.653247,-0.719912,4.58702
125536,826.0,225.253121504694,11.231613,11.23174,5.61587,-0.018689,0.79193
125537,827.0,225.234313310663,7.915601,7.915624,7.915624,2.299754,-59.33117
125538,828.0,225.217987809926,8.339619,8.339635,8.339635,0.424011,-15.03795
125539,829.0,225.247194934703,10.674713,10.674753,10.674753,2.335118,-70.9136
125540,830.0,225.321593079367,13.252549,13.252758,13.252758,2.578005,-98.76727
125544,834.0,230.656349639321,65.939212,66.154662,16.538665,0.821477,-72.95047
125545,835.0,230.738508496034,15.461891,15.462109,15.462109,-1.076556,14.46043
125548,838.0,231.20726552952,55.494083,55.496063,18.498688,1.012193,-52.965
125549,839.0,231.226767955351,19.681502,19.681512,19.681512,1.182824,-62.44199
125550,840.0,231.477398279825,19.929232,19.930808,19.930808,0.249296,-13.52968
125551,841.0,231.55616572685,20.258893,20.259047,20.259047,0.328239,-13.42169
125554,844.0,231.355294234665,66.828151,66.828453,22.276151,0.672368,-79.40833
125556,846.0,231.13314784121,41.811435,41.812025,20.906013,-0.685069,9.29288
125558,848.0,230.756243630733,41.708496,41.710199,20.855099,-0.025457,-2.45562
125600,850.0,230.956138108389,40.70685,40.707341,20.353671,-0.250714,-0.34853
125601,851.0,231.236021403526,20.36616,20.368083,20.368083,0.014412,-6.84998
125602,852.0,231.855048891384,18.846165,18.856329,18.856329,-1.511754,17.70882
125605,855.0,232.727622670477,65.287463,65.293293,21.764431,0.969367,-63.27065
125608,858.0,233.272543397831,63.637145,63.639478,21.213159,-0.183757,-3.08329
125609,859.0,233.747226993224,20.554322,20.559803,20.559803,-0.653356,3.65021
125610,860.0,233.612919934224,15.225809,15.226401,15.226401,-5.333402,75.01427
125612,862.0,233.752579652012,33.635605,33.635895,16.817948,0.795774,-34.52496
125615,865.0,232.748796338452,51.402773,51.412573,17.137524,0.106525,0.19899
125617,867.0,231.340906839174,38.119801,38.145791,19.072895,0.967686,-59.52061
125618,868.0,231.213007693894,18.033809,18.034262,18.034262,-1.038633,16.23172
125619,869.0,231.16259297636,18.198964,18.199033,18.199033,0.164771,-4.28176
125620,870.0,231.219796049675,17.18562,17.185715,17.185715,-1.013318,14.10548
125621,871.0,231.024855738276,16.378205,16.379366,16.379366,-0.806349,13.15977
125622,872.0,231.042629618738,16.367046,16.367055,16.367055,-0.012311,-0.50072
125623,873.0,231.078116825861,17.520842,17.520878,17.520878,1.153823,-54.13571
125624,874.0,231.426056612071,16.005031,16.008813,16.008813,-1.512065,18.56798
125625,875.0,231.717150163308,13.477473,13.480617,13.480617,-2.528196,29.56496
125627,877.0,231.58557393329,31.451549,31.451824,15.725912,1.122647,-66.85057
125628,878.0,231.772784026071,14.738577,14.739766,14.739766,-0.986146,12.07906
125629,879.0,232.081574038884,15.010304,15.01348,15.01348,0.273714,-13.84024
125630,880.0,232.069646291584,14.576417,14.576422,14.576422,-0.437058,6.55234
125631,881.0,231.999556863971,13.418057,13.41824,13.41824,-1.158182,16.01291
125632,882.0,231.776666870585,12.410807,12.412808,12.412808,-1.005432,15.06138
125633,883.0,231.752655097592,9.099444,9.099476,9.099476,-3.313332,28.64322
125634,884.0,231.641811963031,9.298922,9.299583,9.299583,0.200107,0.4667
125635,885.0,231.529920588538,7.580467,7.581293,7.581293,-1.71829,13.60369
125637,887.0,231.387712628268,11.2783,11.279196,5.639598,-0.970847,6.05429
125638,888.0,231.357485574291,8.42219,8.422244,8.422244,2.782646,-75.26326
125639,889.0,231.473517668015,9.46992,9.470631,9.470631,1.048387,-28.8136
125640,890.0,231.467766953752,10.599213,10.599215,10.599215,1.128584,-42.72708
125641,891.0,231.52628725967,12.7966,12.796734,12.796734,2.197519,-80.01156
125642,892.0,231.575528324714,11.068823,11.068932,11.068932,-1.727802,18.47797
125644,894.0,231.558850678956,11.103403,11.103416,5.551708,-2.758612,14.39409
125649,899.0,231.318006797565,11.032821,11.0334,11.0334,-5.806458,58.60431
125650,900.0,231.139026153731,11.659274,11.660648,11.660648,0.627248,-24.33719
125652,902.0,231.028756008821,27.23425,27.234474,13.617237,0.978294,-49.41747
125653,903.0,230.778053597967,14.765602,14.76773,14.76773,1.150493,-57.1151
125654,904.0,230.728390450788,11.494829,11.494936,11.494936,-3.272794,36.22147
125655,905.0,230.687019109353,12.187973,12.188043,12.188043,0.693107,-32.42638
125657,907.0,230.954009788261,23.448557,23.450077,11.725039,-0.231502,3.04201
125658,908.0,230.718296759557,9.276826,9.27982,9.27982,-2.445219,23.8089
125659,909.0,230.766251037783,6.937577,6.937743,6.937743,-2.342077,14.9806
125701,911.0,231.000646158721,13.159918,13.162005,6.581003,-0.17837,0.64745
125702,912.0,230.97283550007,7.683628,7.683678,7.683678,1.102675,-29.28254
125703,913.0,231.075286464602,8.362146,8.362774,8.362774,0.679096,-16.27359
125704,914.0,231.052307435685,8.436055,8.436087,8.436087,0.073313,0.6258
125705,915.0,230.972814784688,8.694166,8.69453,8.69453,0.258443,-0.29298
125706,916.0,230.905306495402,10.317288,10.317509,10.317509,1.622979,-55.21054
125707,917.0,231.111039781496,9.435825,9.438067,9.438067,-0.879442,6.88804
125708,918.0,231.16709256996,11.58795,11.588086,11.588086,2.150019,-70.87547
125709,919.0,231.054130107781,9.483471,9.484144,9.484144,-2.103942,20.2851
125710,920.0,230.928157250002,10.459781,10.46054,10.46054,0.976396,-33.69788
125711,921.0,230.924476696968,10.951019,10.95102,10.95102,0.49048,-23.02373
125712,922.0,230.758814580874,11.945551,11.9467,11.9467,0.99568,-38.94841
125713,923.0,230.847716768815,9.234525,9.234953,9.234953,-2.711747,23.04464
125714,924.0,230.913104533751,10.444112,10.444317,10.444317,1.209364,-34.7544
125715,925.0,230.865264065513,11.237822,11.237924,11.237924,0.793607,-32.75571
125716,926.0,230.786894251788,9.050679,9.051018,9.051018,-2.186906,19.73621
125718,928.0,230.729092292514,23.05343,23.053502,11.526751,1.237867,-49.86901
125719,929.0,230.784933276755,11.314006,11.314144,11.314144,-0.212607,3.3409
125720,930.0,230.775501292094,12.048655,12.048659,12.048659,0.734515,-34.37685
125721,931.0,230.833718952973,13.40626,13.406387,13.406387,1.357728,-49.64753
125722,932.0,230.767248798394,14.084558,14.084715,14.084715,0.678328,-38.53822
125723,933.0,230.816723718215,13.340066,13.340157,13.340157,-0.744558,9.91027
125724,934.0,230.820488802322,15.227985,15.227986,15.227986,1.887829,-79.68967
125725,935.0,230.890055131997,10.150752,10.15099,10.15099,-5.076996,47.42342
125726,936.0,230.925443889147,11.654498,11.654551,11.654551,1.503561,-47.69518
125727,937.0,230.986477054788,8.639014,8.63923,8.63923,-3.015321,24.07574
125728,938.0,231.020108610199,11.252501,11.252551,11.252551,2.613321,-84.18387
125729,939.0,230.881595297947,8.508236,8.509364,8.509364,-2.743187,23.36951
125730,940.0,230.836261072868,9.799804,9.799909,9.799909,1.290545,-42.98278
125731,941.0,230.792144103573,8.50823,8.508345,8.508345,-1.291564,11.3417
125732,942.0,230.739648321485,9.698897,9.699039,9.699039,1.190694,-39.34562
125733,943.0,230.66519588184,6.197395,6.197842,6.197842,-3.501197,20.8736
125734,944.0,230.592940578362,7.779908,7.780244,7.780244,1.582402,-39.70566
125735,945.0,230.577422062765,6.481567,6.481585,6.481585,-1.298659,8.36952
125737,947.0,230.440570657173,18.814939,18.815437,9.407718,1.463066,-45.39168
125738,948.0,230.449580717306,8.649045,8.64905,8.64905,-0.758668,6.8893
125739,949.0,230.380815676219,10.875453,10.875671,10.875671,2.226621,-78.38604
125740,950.0,230.323760216599,9.041207,9.041387,9.041387,-1.834284,16.63809
125741,951.0,230.296013984482,7.626223,7.626274,7.626274,-1.415113,10.84067
125742,952.0,230.266657176398,5.468801,5.46888,5.46888,-2.157394,11.38228
125743,953.0,230.228453162761,5.782363,5.78249,5.78249,0.31361,-7.54495
125744,954.0,230.19004035173,5.861999,5.862125,5.862125,0.079635,0.41938
125746,956.0,230.125037389709,6.231703,6.232042,3.116021,-1.373052,4.23957
125748,958.0,230.157171225469,6.88144,6.881515,3.440758,0.162369,-0.94195
125801,971.0,230.131024260992,8.194702,8.194743,0.630365,-0.216184,-0.12461
125803,973.0,230.153934682857,8.346306,8.346337,4.173169,1.771402,-21.24352
125805,975.0,230.040788468687,8.294109,8.29488,4.14744,-0.012865,0.77839
125807,977.0,229.869099296525,9.816245,9.817746,4.908873,0.380717,-5.81238
125808,978.0,229.88619524816,6.140625,6.140649,6.140649,1.231776,-20.86826
125810,980.0,229.836756139757,12.329173,12.329272,6.164636,0.011993,0.70523
125811,981.0,229.830879103318,5.468775,5.468778,5.468778,-0.695858,3.93427
125812,982.0,229.825074980531,7.565139,7.565141,7.565141,2.096363,-52.35078
125813,983.0,229.772589356578,6.27458,6.274799,6.274799,-1.290342,8.37121
125814,984.0,229.76461847252,7.250038,7.250042,7.250042,0.975243,-25.32819
125815,985.0,229.732217258919,8.015484,8.015549,8.015549,0.765507,-22.25179
125816,986.0,229.666628787757,10.776482,10.776681,10.776681,2.761132,-95.26178
125817,987.0,229.687685779656,7.832762,7.83279,7.83279,-2.943891,21.55759
125818,988.0,229.735238333955,9.092884,9.093008,9.093008,1.260218,-31.70959
125819,989.0,229.741443494432,11.188872,11.188873,11.188873,2.095865,-65.28801
125820,990.0,229.738649318419,10.950796,10.950797,10.950797,-0.238076,3.94946
125821,991.0,229.689027066748,6.486022,6.486212,6.486212,-4.464585,27.27745
125822,992.0,229.661375096733,5.762646,5.762713,5.762713,-0.723499,4.50605
125823,993.0,229.449980437797,9.180527,9.18296,9.18296,3.420247,-94.66869
125824,994.0,229.21467561956,6.188411,6.192883,6.192883,-2.990077,19.41936
125825,995.0,228.910134720305,6.707891,6.7148,6.7148,0.521917,0.18129
125827,997.0,228.481565036428,10.372818,10.381668,5.190834,-0.761983,5.87646
125828,998.0,228.303036233448,6.262119,6.264664,6.264664,1.07383,-18.59055
125829,999.0,228.103312041344,5.493175,5.496805,5.496805,-0.767859,6.03735
125831,1001.0,227.821679950666,7.80999,7.815066,3.907533,-0.794636,4.25485
125836,1006.0,227.420770778093,11.252262,11.259402,2.25188,-0.331131,1.34184
125837,1007.0,227.252863385672,5.958251,5.960616,5.960616,3.708736,-65.55239
125839,1009.0,227.984036429393,11.252251,11.275981,5.637991,-0.161312,-5.76568
125840,1010.0,228.497991040615,8.738283,8.753384,8.753384,3.115393,-94.02054
125841,1011.0,228.663064222275,8.97705,8.978568,8.978568,0.225184,-6.57205
125842,1012.0,228.475288813502,9.720628,9.722442,9.722442,0.743874,-22.18326
125843,1013.0,228.11991961679,11.319527,11.325104,11.325104,1.602662,-51.75484
125844,1014.0,227.676860603546,12.997739,13.005288,13.005288,1.680184,-62.65225
125845,1015.0,227.431640986778,12.97771,12.980027,12.980027,-0.025261,4.00318
125846,1016.0,227.42494792007,11.494493,11.494495,11.494495,-1.485532,17.23183
125847,1017.0,227.658816159614,13.719438,13.721432,13.721432,2.226937,-92.42578
125849,1019.0,227.693258473337,32.541908,32.541926,16.270963,1.274765,-55.47706
125850,1020.0,227.468988543863,16.266233,16.267779,16.267779,-0.003184,1.58818
125851,1021.0,227.147902512672,15.395938,15.399286,15.399286,-0.868493,15.12261
125852,1022.0,226.928679814937,14.836632,14.838251,14.838251,-0.561035,10.00499
125854,1024.0,226.12076234172,35.110307,35.119601,17.559801,1.360775,-80.51758
125855,1025.0,225.872956625714,14.554896,14.557005,14.557005,-3.002796,42.48064
125857,1027.0,219.32828431183,36.436938,37.020038,18.510019,1.976507,-6.34925
125858,1028.0,216.862417063817,14.838682,15.042174,15.042174,-3.467845,69.5453
125859,1029.0,216.23600769043,15.161621,15.174556,15.174556,0.132382,4.05196
125901,1031.0,216.23600769043,31.596386,31.596386,15.798193,0.311818,-6.91573
125903,1033.0,216.23600769043,34.047364,34.047364,17.023682,0.612745,-23.39271
125904,1034.0,216.23600769043,17.984677,17.984677,17.984677,0.960995,-73.67621
125905,1035.0,216.23600769043,16.659475,16.659475,16.659475,-1.325202,19.2527
125906,1036.0,216.23600769043,14.700159,14.700159,14.700159,-1.959316,26.69014
125908,1038.0,216.23600769043,32.220054,32.220054,16.110027,0.704934,-50.58498
125911,1041.0,216.23600769043,48.706275,48.706275,16.235425,0.041799,-1.04032
125912,1042.0,216.23600769043,14.835453,14.835453,14.835453,-1.399972,19.33143
125913,1043.0,216.576149063747,15.906611,15.910247,15.910247,1.074794,-54.11153
125914,1044.0,218.973840201829,10.843356,11.105282,11.105282,-4.804965,28.62964
125916,1046.0,222.239032826506,25.760306,25.966418,12.983209,0.938963,-78.47208
125918,1048.0,224.199364096926,23.193971,23.276666,11.638333,-0.672438,0.12565
125919,1049.0,224.465372085082,6.162678,6.168417,6.168417,-5.469916,28.74911
125920,1050.0,224.758528421175,7.947376,7.952781,7.952781,1.784364,-48.16
125921,1051.0,224.990382010981,6.149619,6.153988,6.153988,-1.798793,8.51674
125922,1052.0,224.999053459472,6.049882,6.049888,6.049888,-0.1041,1.02624
125924,1054.0,225.261996699272,6.772166,6.777268,3.388634,-1.330627,3.0308
125927,1057.0,225.513195311998,7.474421,7.478641,2.49288,-0.298585,-0.08222
125929,1059.0,225.713068019197,6.574137,6.577175,3.288587,0.397854,-5.80332
125933,1063.0,225.911541648702,8.376352,8.378703,2.094676,-0.298478,0.05775
125936,1066.0,226.10272751168,6.560501,6.563286,2.187762,0.031029,-1.46771
125939,1069.0,225.944952573377,5.614335,5.616551,1.872184,-0.105193,0.54743
125942,1072.0,225.818511157462,5.337356,5.338854,1.779618,-0.030855,0.31334
125944,1074.0,225.670245172423,6.412886,6.4146,3.2073,0.713841,-6.58131
125946,1076.0,225.300049279941,8.592546,8.600517,4.300258,0.546479,-0.23321
125948,1078.0,224.850611246759,7.993182,8.005808,4.002904,-0.148677,2.74133
125950,1080.0,224.441660359025,6.224558,6.237977,3.118989,-0.441958,3.14143
125952,1082.0,224.319801682758,5.301334,5.302735,2.651367,-0.233811,1.11263
125954,1084.0,224.147043364094,5.625551,5.628203,2.814102,0.081368,0.59285
125956,1086.0,224.309699626102,5.263523,5.266036,2.633018,-0.090542,-0.85236
130003,1093.0,224.571810187467,3.773108,3.782201,0.540314,-0.298958,-0.7343
130010,1100.0,224.62565320902,0.753009,0.754931,0.107847,-0.061781,-0.32959
130015,1105.0,228.549198128155,11.421724,11.662202,11.662202,-3.09786,13.53998
130016,1106.0,229.468770531268,8.391431,8.441666,8.441666,-3.220536,17.43584
130017,1107.0,229.356967474505,11.231363,11.23192,11.23192,2.790254,-99.10026
130018,1108.0,229.490382440623,9.720472,9.721388,9.721388,-1.510532,13.37764
130019,1109.0,229.526635689441,12.33141,12.331463,12.331463,2.610075,-91.84751
130020,1110.0,229.591381503844,12.464931,12.465099,12.465099,0.133636,-0.32823
130021,1111.0,229.636881447184,12.548728,12.54881,12.54881,0.083711,0.36445
130022,1112.0,229.704832906469,10.289309,10.289534,10.289534,-2.259276,21.84907
130023,1113.0,229.838439280768,8.506646,8.507695,8.507695,-1.781839,13.53957
130024,1114.0,230.140045784517,9.799253,9.803893,9.803893,1.296198,-42.55866
130025,1115.0,230.249015723803,9.536342,9.536965,9.536965,-0.266928,2.55827
130027,1117.0,230.289276903327,10.656928,10.657004,5.328502,-2.104232,10.38878
130028,1118.0,230.41106939862,5.299449,5.300849,5.300849,-0.027653,-0.99342
130029,1119.0,230.595142300598,6.07628,6.079067,6.079067,0.778218,-17.26576
130032,1122.0,230.293546054217,9.658179,9.662887,3.220962,-0.952702,3.76333
130034,1124.0,230.098906742316,6.004526,6.00768,3.00384,-0.108561,1.21974
130037,1127.0,230.304491225346,6.574136,6.57735,2.19245,-0.270463,-0.12597
130046,1136.0,230.347911962604,1.223144,1.223915,0.135991,-0.228495,-0.30373
130116,1166.0,230.230979899468,3.700181,3.702028,0.123401,-0.00042,-0.33351
130117,1167.0,230.194749902046,2.380686,2.380962,2.380962,2.257561,-16.71447
130119,1169.0,230.165991039398,9.72166,9.721702,4.860851,1.239945,-20.58076
130120,1170.0,230.101734286904,5.11999,5.120393,5.120393,0.259542,-0.25391
130121,1171.0,229.967347642001,7.225319,7.226569,7.226569,2.106176,-46.34942
130122,1172.0,229.812599391167,10.316708,10.317869,10.317869,3.0913,-98.72987
130123,1173.0,229.88410891587,4.972754,4.973268,4.973268,-5.344601,23.79387
130124,1174.0,229.996066063436,6.18828,6.189292,6.189292,1.216024,-23.55872
130125,1175.0,230.058803260345,5.131175,5.131558,5.131558,-1.057734,4.73923
130128,1178.0,230.328178603865,11.493721,11.496878,3.832293,-0.433088,0.88562
130130,1180.0,230.738903338935,16.366504,16.371657,8.185829,2.176768,-56.42619
130132,1182.0,230.5023798709,24.475068,24.476211,12.238106,2.026139,-79.98435
130133,1183.0,230.629343627603,14.455569,14.456126,14.456126,2.21802,-93.6449
130134,1184.0,230.364085664652,8.737893,8.741918,8.741918,-5.714208,48.64587
130137,1187.0,230.906710279288,45.292969,45.296219,15.09874,2.118941,-94.88969
130138,1188.0,231.172543762119,10.794207,10.79748,10.79748,-4.30126,41.22581
130139,1189.0,231.127604342809,11.422443,11.422531,11.422531,0.625051,-27.5921
130141,1191.0,232.66076033855,24.673407,24.720995,12.360497,0.468983,-33.31254
130142,1192.0,233.165821449945,9.832026,9.84499,9.84499,-2.515507,19.23432
130143,1193.0,234.023393564518,11.766277,11.797487,11.797487,1.952497,-88.89679
130144,1194.0,235.087948597201,10.131473,10.187248,10.187248,-1.610239,6.77147
130146,1196.0,236.18728537132,23.314216,23.34012,11.67006,0.741406,-36.03416
130147,1197.0,236.94810040654,10.617579,10.644803,10.644803,-1.025257,4.60997
130148,1198.0,237.353287294168,10.373575,10.381485,10.381485,-0.263318,0.29573
130150,1200.0,240.116776497003,20.288717,20.476057,10.238028,-0.071728,-33.54936
130152,1202.0,245.4371183631,22.109829,22.740945,11.370473,0.566223,-92.59978
130153,1203.0,246.140269390992,11.850844,11.871686,11.871686,0.501213,-32.20669
130154,1204.0,246.265812716924,13.476601,13.477186,13.477186,1.6055,-62.10435
130156,1206.0,246.741696542281,18.72536,18.731406,9.365703,-2.055742,16.50553
130201,1211.0,255.201923632094,67.079067,67.610478,13.522096,0.831279,-77.22809
130202,1212.0,254.835842547249,9.065353,9.072742,9.072742,-4.449354,40.93073
130204,1214.0,256.404017186234,19.197094,19.261038,9.630519,0.278888,-26.59533
130205,1215.0,258.349170225541,7.390665,7.642353,7.642353,-1.988166,-8.24526
130207,1217.0,260.210528942645,10.742154,10.902226,5.451113,-1.09562,-7.33356
130209,1219.0,260.690473427225,6.763559,6.780566,3.390283,-1.030415,1.14711
130214,1224.0,260.086313649411,7.406628,7.431228,1.486246,-0.380807,1.43541
130217,1227.0,258.928805251209,5.354106,5.477799,1.825933,0.113229,3.13636
130227,1237.0,260.082177049406,5.417945,5.539349,0.553935,-0.1272,-3.33175
130231,1241.0,260.354287208475,1.53715,1.561049,0.390262,-0.040918,-0.2835
130257,1267.0,260.458910414696,0.555975,0.565733,0.021759,-0.014173,-0.34682
130301,1271.0,262.165496269556,11.383605,11.389731,11.389731,-0.171724,0.1293
130302,1272.0,262.509178762926,9.259782,9.266158,9.266158,-2.123573,15.92722
130303,1273.0,262.824737131531,7.547531,7.554125,7.554125,-1.712033,9.71491
130304,1274.0,263.612108410273,8.244692,8.282204,8.282204,0.728079,-37.85575
130305,1275.0,264.553938488912,7.299823,7.36033,7.36033,-0.921874,-4.06251
130307,1277.0,265.882956782475,18.405288,18.453209,9.226604,0.933137,-41.36539
130311,1281.0,269.013608911414,12.608082,12.627373,12.627373,-3.248955,32.64117
130312,1282.0,269.824062525784,12.460202,12.486532,12.486532,-0.140841,-11.59638
130313,1283.0,270.610799819267,10.455654,10.485211,10.485211,-2.001321,13.45939
130314,1284.0,271.441999007193,8.621588,8.661563,8.661563,-1.823648,7.9489
130315,1285.0,271.885054134603,6.382639,6.397998,6.397998,-2.263565,9.77296
130316,1286.0,272.139354395874,5.474371,5.480274,5.480274,-0.917724,2.73268
130318,1288.0,272.469624260835,6.027944,6.036985,3.018493,-1.230891,1.95963
130321,1291.0,272.704886458812,5.943468,5.948122,1.982707,-0.345262,-0.15984
130323,1293.0,272.923448813194,5.781852,5.785982,2.892991,0.455142,-6.29839
130325,1295.0,273.191347701415,10.918011,10.921298,5.460649,1.283829,-23.05893
130328,1298.0,274.687097547419,33.736624,33.769765,11.256588,1.93198,-74.75776
130330,1300.0,277.575875743706,26.716591,26.872314,13.436157,1.089784,-80.21729
130333,1303.0,279.798383395624,33.717114,33.790284,11.263428,-0.724243,2.44802
130335,1305.0,280.344170322248,28.289756,28.295021,14.14751,1.442041,-62.5904
130337,1307.0,281.1229564117,32.004064,32.013538,16.006769,0.929629,-48.8386
130338,1308.0,280.630217097171,16.936284,16.943451,16.943451,0.936682,-51.71271
130339,1309.0,279.838866962646,17.438203,17.45615,17.45615,0.512699,-2.46476
130340,1310.0,278.812477876118,19.18576,19.213195,19.213195,1.757045,-96.87671
130341,1311.0,278.078454019601,13.427951,13.447998,13.447998,-5.765197,78.03701
130346,1316.0,243.94332206851,125.352412,129.917029,25.983406,2.507082,-9.31536
130347,1317.0,242.503440103077,22.393294,22.439538,22.439538,-3.543868,78.41887
130348,1318.0,243.804978358584,23.052549,23.089262,23.089262,0.649724,-74.4263
130349,1319.0,245.811744321282,22.977326,23.064791,23.064791,-0.024471,-48.11204
130350,1320.0,248.142941746545,21.5233,21.649178,21.649178,-1.415613,1.5539
130357,1327.0,280.82595731177,16.881947,16.882621,16.882621,-5.010559,74.34629
130359,1329.0,281.953579574734,38.725281,38.741695,19.370848,1.244113,-81.32838
130400,1330.0,282.615706001453,15.557986,15.57207,15.57207,-3.798778,47.72601
130401,1331.0,282.993266452763,13.170642,13.176053,13.176053,-2.396017,26.66797
130402,1332.0,283.300006203075,13.023029,13.026641,13.026641,-0.149412,0.53798
130403,1333.0,283.329826169005,15.288007,15.288036,15.288036,2.261395,-98.21184
130404,1334.0,283.576743037457,14.504301,14.506403,14.506403,-0.781633,8.78731
130405,1335.0,284.440443531196,14.043614,14.070149,14.070149,-0.436254,-1.15152
130406,1336.0,285.103687345098,12.707389,12.724686,12.724686,-1.345463,11.25207
130407,1337.0,285.784628418041,12.332849,12.351634,12.351634,-0.373052,-0.07813
130408,1338.0,286.287295015862,12.400335,12.410519,12.410519,0.058885,-10.00785
130409,1339.0,286.35554085663,11.241572,11.241779,11.241779,-1.16874,12.92948
130410,1340.0,286.288782669458,9.620989,9.621221,9.621221,-1.620558,15.95277
130411,1341.0,286.305178860683,10.25627,10.256283,10.256283,0.635062,-14.82943
130412,1342.0,286.318704598315,10.180993,10.181002,10.181002,-0.075281,1.94315
130413,1343.0,286.423928316039,10.131473,10.132019,10.132019,-0.048983,0.872
130414,1344.0,286.280074744998,10.043783,10.044813,10.044813,-0.087206,3.40817
130415,1345.0,285.866196921042,12.22236,12.229366,12.229366,2.184553,-76.97116
130416,1346.0,285.455674728077,11.433906,11.441273,11.441273,-0.788093,13.50314
130417,1347.0,285.025525220151,11.703836,11.711738,11.711738,0.270465,2.7154
130418,1348.0,284.883048362345,11.848956,11.849813,11.849813,0.138075,1.58462
130420,1350.0,284.767313403885,10.469371,10.470011,5.235005,-3.307404,16.59283
130431,1361.0,254.637648836938,133.379982,136.493151,22.748859,1.040904,14.70348
130433,1363.0,247.110067717856,41.107606,41.791144,20.895572,-0.926643,46.31797
130434,1364.0,247.549231884029,18.371472,18.37672,18.37672,-2.518852,35.84599
130439,1369.0,280.568378593952,12.019783,12.510342,12.510342,-7.095133,51.30415
130440,1370.0,281.447779368995,14.242006,14.26913,14.26913,1.758788,-94.96959
130441,1371.0,281.895054958297,13.682737,13.690045,13.690045,-0.579085,4.37583
130442,1372.0,282.203796226194,13.947483,13.9509,13.9509,0.260855,-12.67785
130443,1373.0,282.513870734077,10.320467,10.325124,10.325124,-3.625776,32.55583
130444,1374.0,282.918339450091,10.485989,10.493787,10.493787,0.168663,-11.783
130446,1376.0,283.853068258715,26.050816,26.06758,13.03379,1.270002,-56.95757
130447,1377.0,284.246015678555,10.116892,10.12452,10.12452,-2.90927,24.54204
130448,1378.0,284.515044029641,7.356003,7.360921,7.360921,-2.763599,16.80219
130449,1379.0,284.66047147134,10.288606,10.289634,10.289634,2.928713,-90.57063
130450,1380.0,285.010247804304,11.380024,11.385398,11.385398,1.095764,-41.97361
130451,1381.0,285.108193950455,11.553354,11.553769,11.553769,0.168371,-2.24168
130452,1382.0,285.149749794805,13.760713,13.760776,13.760776,2.207007,-86.12498
130453,1383.0,285.125404744778,10.592164,10.592192,10.592192,-3.168584,32.08369
130454,1384.0,284.956728338675,12.392333,12.393481,12.393481,1.801289,-71.19945
130455,1385.0,284.793151645052,14.260313,14.261251,14.261251,1.86777,-87.98593
130456,1386.0,284.635778666479,15.787115,15.7879,15.7879,1.526649,-83.86532
130457,1387.0,284.280154827595,14.361739,14.366141,14.366141,-1.421759,22.45316
130458,1388.0,284.200752255147,12.647124,12.647373,12.647373,-1.718768,22.06667
130459,1389.0,284.086171801324,13.942512,13.942983,13.942983,1.29561,-62.70464
130500,1390.0,283.709474077067,15.214124,15.218787,15.218787,1.275804,-61.71839
130501,1391.0,283.203437122265,14.575563,14.584345,14.584345,-0.634442,13.54168
130502,1392.0,282.492964757237,13.476217,13.494933,13.494933,-1.089412,20.89873
130503,1393.0,281.713162248654,13.864657,13.886569,13.886569,0.391636,3.06741
130504,1394.0,280.89238826691,14.54816,14.571294,14.571294,0.684725,-1.07079
130505,1395.0,280.074751866718,13.748459,13.77275,13.77275,-0.798544,18.35187
130506,1396.0,279.41804328965,10.240047,10.261084,10.261084,-3.511666,39.85954
130508,1398.0,277.868227639832,27.20157,27.245685,13.622843,1.680879,-57.07089
130509,1399.0,277.053546168056,10.48579,10.517391,10.517391,-3.105452,38.27164
130510,1400.0,276.505686477611,7.910813,7.929761,7.929761,-2.58763,24.3305
130511,1401.0,275.641136020033,9.548067,9.587129,9.587129,1.657368,-28.21645
130512,1402.0,274.356870268101,8.088667,8.189986,8.189986,-1.397143,22.70478
130513,1403.0,273.335504873695,6.262004,6.344753,6.344753,-1.845233,20.26192
130517,1407.0,277.97552420798,10.239958,10.318413,10.318413,-2.977603,17.9459
130518,1408.0,278.671996368197,7.809253,7.840249,7.840249,-2.478164,12.26977
130520,1410.0,280.620902746801,16.966327,17.077895,8.538947,0.349349,-33.99008
130521,1411.0,280.822151705369,5.183432,5.187337,5.187337,-3.35161,14.34781
130522,1412.0,281.22569647684,6.591664,6.604006,6.604006,1.416669,-37.59358
130524,1414.0,281.562096500295,6.469678,6.478418,3.239209,-1.682399,3.53472
130525,1415.0,281.710033982048,6.947018,6.948593,6.948593,3.709384,-79.73757
130526,1416.0,281.795280046031,6.155301,6.155891,6.155891,-0.792702,4.21282
130527,1417.0,281.941834276042,6.796946,6.798526,6.798526,0.642635,-14.61943
130528,1418.0,281.925759975069,5.354103,5.354127,5.354127,-1.444399,7.56342
130530,1420.0,282.111065655744,8.819314,8.821261,4.41063,-0.471748,1.32859
