221755,0,389.824,0.0,0.0,0,0,-0.35
221756,1.0,389.872,0.0,0.048,0.0,0.0,-0.35
221757,2.0,389.547,0.0,0.325,0.0,0.0,-0.35
221758,3.0,389.267,0.111195,0.301271,0.301271,0.301271,-0.5699
221759,4.0,389.267,0.0,0.0,0.0,-0.301271,-0.35
221800,5.0,389.539,0.0,0.272,0.0,0.0,-0.35
221801,6.0,389.145,0.0,0.394,0.0,0.0,-0.35
221802,7.0,389.507,0.084622,0.371759,0.371759,0.371759,-0.664
221803,8.0,389.145,0.27715,0.455912,0.455912,0.084153,-0.33608
221804,9.0,387.745,0.202504,1.41457,1.41457,0.958658,5.74473
221805,10.0,387.66,0.0,0.085,0.0,-1.41457,-0.35
221806,11.0,388.247,0.0,0.587,0.0,0.0,-0.35
221807,12.0,388.13,0.0,0.117,0.0,0.0,-0.35
221808,13.0,388.556,0.139733,0.448332,0.448332,0.448332,-0.78457
221809,14.0,388.611,0.0,0.055,0.0,-0.448332,-0.35
221810,15.0,388.64,0.0,0.029,0.0,0.0,-0.35
221811,16.0,388.68,0.0,0.04,0.0,0.0,-0.35
221812,17.0,389.338,0.0,0.658,0.0,0.0,-0.35
221813,18.0,388.64,0.0,0.698,0.0,0.0,-0.35
221814,19.0,388.849,0.0,0.209,0.0,0.0,-0.35
221815,20.0,388.688,0.253866,0.300614,0.300614,0.300614,-0.5691
221816,21.0,388.062,0.957038,1.14359,1.14359,0.842976,2.23849
221817,22.0,388.331,1.780536,1.800741,1.800741,0.657151,-6.13679
221818,23.0,388.471,2.894422,2.897805,2.897805,1.097064,-7.05303
221819,24.0,388.138,4.124098,4.13752,4.13752,1.239715,-4.40903
221820,25.0,388.471,5.348772,5.359128,5.359128,1.221608,-14.95956
221821,26.0,388.215,6.231187,6.236444,6.236444,0.877316,-6.78627
221822,27.0,388.363,6.657689,6.659334,6.659334,0.42289,-5.54956
221823,28.0,388.27,7.44695,7.447531,7.447531,0.788197,-10.41584
221824,29.0,388.138,7.820493,7.821607,7.821607,0.374076,-5.1244
221825,30.0,387.536,7.681954,7.705506,7.705506,-0.116101,3.56192
221826,31.0,388.006,7.446955,7.461772,7.461772,-0.243734,-2.89307
221827,32.0,386.933,7.225595,7.304831,7.304831,-0.156941,5.88221
221828,33.0,386.817,6.673434,6.674442,6.674442,-0.630389,2.75948
221829,34.0,386.392,5.985,6.000071,6.000071,-0.674371,4.08867
221830,35.0,386.035,4.825115,4.838304,4.838304,-1.161767,4.42962
221831,36.0,385.586,3.211357,3.242594,3.242594,-1.59571,4.52448
221832,37.0,385.99,2.13748,2.175324,2.175324,-1.06727,-2.49553
221833,38.0,386.075,2.37621,2.37773,2.37773,0.202406,-1.91408
221834,39.0,385.501,3.421122,3.468941,3.468941,1.091211,0.79722
221835,40.0,385.681,4.430271,4.433927,4.433927,0.964986,-9.08111
221836,41.0,385.633,4.828622,4.828861,4.828861,0.394934,-3.90211
221837,42.0,384.645,4.744091,4.845879,4.845879,0.017018,4.66589
221838,43.0,384.582,3.949408,3.949911,3.949911,-0.895968,1.95376
221839,44.0,384.095,3.25274,3.288995,3.288995,-0.660916,3.25565
221840,45.0,384.011,2.515195,2.516598,2.516598,-0.772397,1.17198
221841,46.0,384.304,1.69756,1.722661,1.722661,-0.793937,-2.387
221842,47.0,384.79,1.140561,1.239789,1.239789,-0.482872,-6.83754
221843,48.0,384.365,1.226068,1.297639,1.297639,0.05785,1.72524
221844,49.0,384.613,1.779119,1.796321,1.796321,0.498682,-5.33453
221845,50.0,384.312,2.223899,2.244176,2.244176,0.447855,0.75475
221846,51.0,384.111,2.119472,2.128981,2.128981,-0.115195,0.87669
221847,52.0,383.726,1.78113,1.822265,1.822265,-0.306716,1.88019
221848,53.0,383.794,1.014965,1.01724,1.01724,-0.805025,-0.20384
221849,54.0,383.649,0.333585,0.363736,0.363736,-0.653504,-0.20898
221850,55.0,383.3,0.084623,0.359113,0.359113,-0.004623,-0.3236
221851,56.0,383.522,0.111195,0.248291,0.248291,-0.110822,-0.31898
221852,57.0,383.509,0.084623,0.085616,0.085616,-0.162675,-0.33716
221853,58.0,383.445,0.0,0.064,0.0,-0.085616,-0.35
221854,59.0,382.867,0.084623,0.584162,0.584162,0.584162,2.27198
221855,60.0,383.068,0.0,0.201,0.0,-0.584162,-0.35
221856,61.0,382.611,0.139733,0.477885,0.477885,0.477885,-0.83621
221857,62.0,383.71,0.084623,1.102253,1.102253,0.624368,-18.75287
221858,63.0,383.107,0.139733,0.618978,0.618978,-0.483275,2.70329
221859,64.0,383.292,0.084623,0.203436,0.203436,-0.415542,-0.29457
221900,65.0,383.144,0.139733,0.203542,0.203542,0.000106,-0.33551
221901,66.0,383.144,0.084623,0.084623,0.084623,-0.118919,-0.3391
221902,67.0,382.922,0.0,0.222,0.0,-0.084623,-0.35
221903,68.0,383.12,0.0,0.198,0.0,0.0,-0.35
221904,69.0,382.899,0.111195,0.247397,0.247397,0.247397,-0.50888
221905,70.0,383.107,0.084623,0.224555,0.224555,-0.022842,-0.33151
221906,71.0,382.875,0.0,0.232,0.0,-0.224555,-0.35
221907,72.0,383.083,0.0,0.208,0.0,0.0,-0.35
221908,73.0,383.369,0.0,0.286,0.0,0.0,-0.35
221909,74.0,383.083,0.139733,0.31831,0.31831,0.31831,-0.59116
221910,75.0,383.438,0.084623,0.364947,0.364947,0.046637,-0.33223
221911,76.0,383.879,0.111195,0.454802,0.454802,0.089855,-0.33737
221912,77.0,383.438,0.084623,0.449046,0.449046,-0.005756,-0.31674
221913,78.0,382.928,0.111195,0.521981,0.521981,0.072935,2.09133
221914,79.0,383.686,0.084623,0.762709,0.762709,0.240728,-12.56871
221915,80.0,384.095,0.0,0.409,0.0,-0.762709,-0.35
221916,81.0,383.461,0.0,0.634,0.0,0.0,-0.35
221917,82.0,384.296,0.0,0.835,0.0,0.0,-0.35
221918,83.0,384.072,0.0,0.224,0.0,0.0,-0.35
221919,84.0,383.786,0.084623,0.298257,0.298257,0.298257,-0.56623
221920,85.0,384.381,0.0,0.595,0.0,-0.298257,-0.35
221921,86.0,384.265,0.084623,0.143586,0.143586,0.143586,-0.34975
221922,87.0,384.236,0.084623,0.089454,0.089454,-0.054132,-0.34128
221923,88.0,384.465,0.0,0.229,0.0,-0.089454,-0.35
221924,89.0,384.561,0.084623,0.127973,0.127973,0.127973,-0.34881
221925,90.0,384.613,0.0,0.052,0.0,-0.127973,-0.35
221926,91.0,384.814,0.0,0.201,0.0,0.0,-0.35
221927,92.0,384.328,0.111195,0.498558,0.498558,0.498558,-0.87402
221928,93.0,384.296,0.0,0.032,0.0,-0.498558,-0.35
221929,94.0,384.095,0.0,0.201,0.0,0.0,-0.35
221930,95.0,384.011,0.084623,0.119235,0.119235,0.119235,-0.34839
221931,96.0,383.733,0.0,0.278,0.0,-0.119235,-0.35
221932,97.0,384.127,0.782951,0.876498,0.876498,0.876498,-7.68102
221933,98.0,384.088,1.811033,1.811453,1.811453,0.934955,-2.92075
221934,99.0,383.329,2.562103,2.672163,2.672163,0.86071,2.33499
221935,100.0,383.546,2.893778,2.901903,2.901903,0.22974,-4.19226
221936,101.0,383.802,3.663674,3.672607,3.672607,0.770704,-8.13925
221937,102.0,384.164,4.881296,4.894701,4.894701,1.222094,-14.63314
221938,103.0,384.236,6.129284,6.129707,6.129707,1.235006,-12.23406
221939,104.0,384.986,6.773502,6.814898,6.814898,0.685191,-18.12977
221940,105.0,384.878,7.375635,7.376426,7.376426,0.561528,-7.34078
221941,106.0,385.123,8.826057,8.829457,8.829457,1.453031,-22.67354
221942,107.0,385.697,10.25448,10.270532,10.270532,1.441075,-30.58606
221943,108.0,386.36,11.184078,11.203713,11.203713,0.933181,-24.54444
221944,109.0,386.624,11.353117,11.356187,11.356187,0.152474,-3.90878
221945,110.0,387.311,11.090644,11.111901,11.111901,-0.244286,-3.53264
221946,111.0,387.76,10.749434,10.758807,10.758807,-0.353094,0.31417
221947,112.0,388.595,10.324616,10.358326,10.358326,-0.400481,-3.87691
221948,113.0,388.463,9.986144,9.987016,9.987016,-0.37131,2.93689
221949,114.0,389.523,9.647673,9.70573,9.70573,-0.281286,-10.03564
221950,115.0,390.382,9.563056,9.601558,9.601558,-0.104172,-9.68186
221951,116.0,390.831,9.224587,9.235508,9.235508,-0.36605,-0.06707
221952,117.0,390.45,8.719015,8.727335,8.727335,-0.508173,4.33097
221953,118.0,390.017,8.130662,8.142184,8.142184,-0.585151,4.67664
221954,119.0,390.931,7.703911,7.75794,7.75794,-0.384244,-7.99325
221955,120.0,391.465,7.111817,7.131836,7.131836,-0.626104,-0.16068
221956,121.0,391.898,6.350626,6.36537,6.36537,-0.766466,0.44865
221957,122.0,392.059,5.332413,5.334843,5.334843,-1.030527,1.95066
221958,123.0,392.252,4.061908,4.06649,4.06649,-1.268353,1.53071
221959,124.0,392.525,2.792561,2.805874,2.805874,-1.260616,0.26924
222000,125.0,392.477,1.865025,1.865643,1.865643,-0.940231,0.8613
222001,126.0,392.007,1.015477,1.11897,1.11897,-0.746673,2.36705
222002,127.0,392.236,0.253869,0.341893,0.341893,-0.777077,-0.19699
222003,128.0,392.231,0.0,0.005,0.0,-0.341893,-0.35
222004,129.0,392.4,0.084623,0.189003,0.189003,0.189003,-0.45341
222005,130.0,392.075,0.084623,0.335836,0.335836,0.146833,-0.34994
222006,131.0,391.819,0.084623,0.269624,0.269624,-0.066212,-0.32214
222007,132.0,392.501,0.0,0.682,0.0,-0.269624,-0.35
222008,133.0,392.3,0.0,0.201,0.0,0.0,-0.35
222009,134.0,391.798,0.0,0.502,0.0,0.0,-0.35
222010,135.0,391.975,0.0,0.177,0.0,0.0,-0.35
222011,136.0,391.51,0.0,0.465,0.0,0.0,-0.35
222012,137.0,391.774,0.111195,0.286462,0.286462,0.286462,-0.55218
222013,138.0,391.449,0.084623,0.335836,0.335836,0.049374,-0.33409
222014,139.0,391.077,0.0,0.372,0.0,-0.335836,-0.35
222015,140.0,391.209,0.084623,0.156796,0.156796,0.156796,-0.42757
222016,141.0,391.349,0.277153,0.310506,0.310506,0.15371,-0.50206
222017,142.0,391.65,1.015477,1.059148,1.059148,0.748642,-6.19226
222018,143.0,391.494,2.030954,2.036936,2.036936,0.977788,-1.59306
222019,144.0,391.465,3.386749,3.386873,3.386873,1.349937,-8.15961
222020,145.0,391.658,4.828639,4.832495,4.832495,1.445622,-13.58638
222021,146.0,392.168,5.417018,5.440973,5.440973,0.608478,-12.49545
222022,147.0,393.003,5.933001,5.991471,5.991471,0.550498,-17.50477
222023,148.0,393.536,7.027236,7.04742,7.04742,1.055949,-19.10425
222024,149.0,393.492,8.245261,8.245379,8.245379,1.197959,-17.98772
222025,150.0,394.163,9.038706,9.063578,9.063578,0.818199,-20.57947
222026,151.0,393.801,9.104131,9.111325,9.111325,0.047747,1.92396
222027,152.0,394.752,9.227806,9.276681,9.276681,0.165356,-15.39817
222028,153.0,395.827,9.935356,9.993344,9.993344,0.716663,-26.2636
222029,154.0,396.237,10.857083,10.864822,10.864822,0.871478,-19.04476
222030,155.0,395.952,11.593109,11.596612,11.596612,0.73179,-13.19204
222031,156.0,395.65,12.331396,12.335093,12.335093,0.738481,-14.40757
222032,157.0,396.546,13.07156,13.102232,13.102232,0.767139,-27.42353
222033,158.0,397.244,13.264292,13.282645,13.282645,0.180413,-11.85537
222034,159.0,397.738,13.182796,13.192048,13.192048,-0.090597,-2.72618
222035,160.0,398.412,12.987596,13.005073,13.005073,-0.186975,-3.53498
222036,161.0,398.179,12.79681,12.798931,12.798931,-0.206142,2.79706
222037,162.0,398.745,12.6639,12.676542,12.676542,-0.122389,-3.1564
222038,163.0,399.365,12.474581,12.489979,12.489979,-0.186563,-2.7055
222039,164.0,399.389,12.061603,12.061626,12.061626,-0.428353,3.22067
222040,165.0,399.302,11.541847,11.542175,11.542175,-0.519451,4.02421
222041,166.0,399.35,11.376873,11.376974,11.376974,-0.165201,1.36815
222042,167.0,399.791,11.047308,11.056107,11.056107,-0.320867,0.26763
222043,168.0,400.401,10.774708,10.791962,10.791962,-0.264145,-2.21856
222044,169.0,400.245,10.584869,10.586018,10.586018,-0.205944,2.38253
222045,170.0,400.525,10.809209,10.812835,10.812835,0.226817,-5.57222
222046,171.0,400.586,11.246177,11.246343,11.246343,0.433508,-5.83369
222047,172.0,400.269,11.600451,11.604781,11.604781,0.358438,0.20777
222048,173.0,399.968,11.757562,11.761415,11.761415,0.156634,1.27484
222049,174.0,399.358,11.702333,11.71822,11.71822,-0.043195,3.87395
222050,175.0,399.395,11.922545,11.922603,11.922603,0.204383,-1.1792
222051,176.0,399.844,12.552581,12.560609,12.560609,0.638006,-16.82799
222052,177.0,399.574,12.826941,12.829782,12.829782,0.269173,0.00427
222053,178.0,399.262,12.483463,12.487361,12.487361,-0.342421,4.14944
222054,179.0,399.395,12.06155,12.062283,12.062283,-0.425078,2.68356
222055,180.0,398.427,11.779107,11.818814,11.818814,-0.243469,6.73631
222056,181.0,398.708,11.920261,11.923573,11.923573,0.104759,-3.14151
222057,182.0,397.862,12.555612,12.584081,12.584081,0.660508,0.53475
222058,183.0,398.034,13.116097,13.117225,13.117225,0.533144,-10.89111
222059,184.0,397.817,13.223659,13.225439,13.225439,0.108214,0.48256
222100,185.0,397.22,13.162537,13.176069,13.176069,-0.04937,3.32755
222101,186.0,396.987,12.924602,12.926702,12.926702,-0.249367,3.00205
222102,187.0,397.003,12.876034,12.876044,12.876044,-0.050658,0.60553
222103,188.0,397.08,12.596821,12.597056,12.597056,-0.278988,1.86925
222104,189.0,396.67,11.995936,12.00294,12.00294,-0.594116,6.26462
222105,190.0,395.952,11.207037,11.230013,11.230013,-0.772927,8.28058
222106,191.0,396.213,10.040988,10.04438,10.04438,-1.185633,5.04754
222107,192.0,395.193,8.553658,8.614259,8.614259,-1.430121,11.17199
222108,193.0,394.559,6.738897,6.768655,6.768655,-1.845604,9.24022
222109,194.0,395.455,4.982862,5.062779,5.062779,-1.705876,-0.04362
222110,195.0,395.146,3.826755,3.839211,3.839211,-1.223568,3.67459
222111,196.0,395.471,3.840143,3.853871,3.853871,0.01466,-4.67866
222112,197.0,395.246,4.990031,4.995101,4.995101,1.14123,-7.2962
222113,198.0,395.843,6.563352,6.590447,6.590447,1.595346,-25.26895
222114,199.0,396.113,8.011124,8.015672,8.015672,1.425225,-21.06999
222115,200.0,396.409,9.315842,9.320543,9.320543,1.304871,-22.22202
222116,201.0,396.417,10.326168,10.326171,10.326171,1.005628,-14.33918
222117,202.0,396.641,10.399772,10.402184,10.402184,0.076013,-2.14271
222118,203.0,396.57,10.197731,10.197978,10.197978,-0.204206,1.88467
222119,204.0,397.059,10.033527,10.045436,10.045436,-0.152542,-2.73596
222120,205.0,397.545,10.018375,10.030157,10.030157,-0.015279,-4.93875
222121,206.0,397.143,9.685941,9.69428,9.69428,-0.335877,3.96642
222122,207.0,396.919,9.281236,9.283938,9.283938,-0.410342,3.34271
222123,208.0,398.15,8.819964,8.905455,8.905455,-0.378483,-12.02273
222124,209.0,397.838,8.73109,8.736663,8.736663,-0.168792,2.5707
222125,210.0,398.102,9.084593,9.088428,9.088428,0.351765,-7.20555
222126,211.0,397.846,9.391586,9.395074,9.395074,0.306646,0.26744
222127,212.0,398.034,9.383235,9.385118,9.385118,-0.009956,-0.52643
222128,213.0,398.242,9.13454,9.136907,9.136907,-0.248211,0.52793
222129,214.0,398.396,9.040127,9.041438,9.041438,-0.095469,0.09383
222130,215.0,398.496,9.315907,9.316444,9.316444,0.275006,-3.46921
222131,216.0,398.496,9.963488,9.963488,9.963488,0.647044,-13.73814
222132,217.0,398.142,10.389867,10.395896,10.395896,0.432408,0.06765
222133,218.0,398.211,10.239902,10.240135,10.240135,-0.155761,0.98861
222134,219.0,398.472,9.814315,9.817785,9.817785,-0.42235,1.26245
222135,220.0,398.832,8.932834,8.940085,8.940085,-0.8777,2.48582
222136,221.0,398.908,7.573454,7.573836,7.573836,-1.366249,4.90564
222137,222.0,398.219,5.736199,5.77743,5.77743,-1.796406,8.38942
222138,223.0,398.853,3.749429,3.802654,3.802654,-1.974776,0.55392
222139,224.0,398.311,2.264212,2.328179,2.328179,-1.474475,4.05459
222140,225.0,398.932,3.095087,3.156772,3.156772,0.828593,-13.75036
222141,226.0,399.466,4.729461,4.759513,4.759513,1.602741,-20.09657
222142,227.0,399.202,5.734839,5.740913,5.740913,0.9814,-6.77721
222143,228.0,399.783,6.463805,6.489864,6.489864,0.748951,-15.84275
222144,229.0,399.558,7.958043,7.961223,7.961223,1.471359,-17.98924
222145,230.0,399.587,9.207417,9.207463,9.207463,1.24624,-16.88233
222146,231.0,399.186,9.980702,9.988754,9.988754,0.781291,-9.55453
222147,232.0,399.402,10.314793,10.317055,10.317055,0.328301,-6.27555
222148,233.0,399.062,10.58972,10.595177,10.595177,0.278122,0.77522
222149,234.0,398.287,10.202723,10.232115,10.232115,-0.363062,6.0232
222150,235.0,396.578,9.358988,9.513745,9.513745,-0.71837,11.88695
222151,236.0,396.726,8.015715,8.017082,8.017082,-1.496663,5.4071
222152,237.0,396.454,6.510197,6.515877,6.515877,-1.501205,6.18504
222153,238.0,395.325,4.567415,4.704882,4.704882,-1.810995,9.48976
222154,239.0,395.658,2.461681,2.484102,2.484102,-2.22078,0.91877
222155,240.0,395.254,1.668291,1.716512,1.716512,-0.76759,2.3301
222156,241.0,395.579,2.410931,2.432738,2.432738,0.716226,-7.78504
222157,242.0,396.329,3.217737,3.303987,3.303987,0.871249,-16.20035
222158,243.0,396.036,3.317257,3.330172,3.330172,0.026185,1.24249
222159,244.0,395.394,2.899125,2.969358,2.969358,-0.360814,3.43392
222200,245.0,395.812,2.264208,2.302469,2.302469,-0.666889,-3.9672
222201,246.0,395.579,2.096362,2.109271,2.109271,-0.193198,1.10582
222202,247.0,396.269,2.713267,2.799628,2.799628,0.690357,-13.83095
222203,248.0,396.43,3.81247,3.815868,3.815868,1.01624,-8.28969
222204,249.0,396.546,5.092719,5.09404,5.09404,1.278172,-11.51144
222205,250.0,396.842,6.444159,6.450954,6.450954,1.356914,-17.63993
222206,251.0,396.879,7.843877,7.843964,7.843964,1.39301,-16.59797
222207,252.0,398.155,9.138022,9.22668,9.22668,1.382716,-38.87412
222208,253.0,398.985,10.300039,10.333427,10.333427,1.106747,-29.17363
222209,254.0,399.286,11.250905,11.254931,11.254931,0.921504,-18.60725
222210,255.0,399.815,11.937485,11.9492,11.9492,0.694269,-18.55903
222211,256.0,399.883,11.594172,11.594371,11.594371,-0.354829,2.38377
222212,257.0,400.525,11.013179,11.031875,11.031875,-0.562496,0.59671
222213,258.0,400.927,10.326782,10.334603,10.334603,-0.697272,2.13501
222214,259.0,401.191,9.192729,9.196519,9.196519,-1.138084,4.23824
222215,260.0,401.368,7.376381,7.378504,7.378504,-1.818015,5.89175
222216,261.0,401.733,5.297411,5.309971,5.309971,-2.068533,3.63596
222217,262.0,401.215,2.919859,2.965451,2.965451,-2.34452,5.69233
222218,263.0,401.123,1.324353,1.327545,1.327545,-1.637906,1.23482
222219,264.0,401.252,0.713843,0.725406,0.725406,-0.602139,-1.52485
222220,265.0,401.485,1.562211,1.579491,1.579491,0.854085,-5.88559
222221,266.0,401.833,3.531031,3.548138,3.548138,1.968647,-16.40246
222222,267.0,402.322,5.602136,5.623438,5.623438,2.0753,-25.71399
222223,268.0,402.275,6.45089,6.451061,6.451061,0.827623,-9.97252
222224,269.0,402.359,6.85957,6.860084,6.860084,0.409023,-4.44905
222225,270.0,402.222,6.969879,6.971225,6.971225,0.111141,0.47416
222226,271.0,402.106,6.242486,6.243564,6.243564,-0.727661,2.88299
222227,272.0,402.359,4.560549,4.567561,4.567561,-1.676003,2.495
222228,273.0,401.733,3.011815,3.076184,3.076184,-1.491377,5.06863
222229,274.0,401.664,3.240239,3.240973,3.240973,0.164789,-0.04471
222230,275.0,401.733,4.867375,4.867864,4.867864,1.626891,-13.11622
222231,276.0,401.548,6.946957,6.94942,6.94942,2.081556,-22.77739
222232,277.0,401.453,8.550796,8.551324,8.551324,1.601904,-23.4984
222233,278.0,400.959,9.420714,9.433657,9.433657,0.882333,-8.70128
222234,279.0,400.726,10.337983,10.340608,10.340608,0.906951,-14.93956
222235,280.0,400.658,11.313589,11.313794,11.313794,0.973186,-20.63962
222236,281.0,400.029,12.002758,12.019228,12.019228,0.705434,-0.26228
222237,282.0,399.389,12.934298,12.950122,12.950122,0.930894,-14.55696
222238,283.0,398.388,13.550468,13.58739,13.58739,0.637268,0.46525
222239,284.0,398.327,14.471576,14.471705,14.471705,0.884315,-27.11853
222240,285.0,396.972,15.231324,15.291477,15.291477,0.819772,-1.04254
222241,286.0,396.927,15.9071,15.907163,15.907163,0.615686,-24.80696
222242,287.0,396.485,16.046802,16.052888,16.052888,0.145725,-1.12078
222243,288.0,396.269,15.907119,15.908585,15.908585,-0.144303,0.18295
222244,289.0,396.229,16.006772,16.006822,16.006822,0.098237,-2.61633
222245,290.0,396.036,15.718175,15.71936,15.71936,-0.287462,1.32139
222246,291.0,396.06,15.370587,15.370606,15.370606,-0.348754,1.00471
222247,292.0,395.812,15.024321,15.026368,15.026368,-0.344238,2.49659
222248,293.0,395.014,14.938712,14.960011,14.960011,-0.066357,3.13994
222249,294.0,395.317,15.150037,15.153066,15.153066,0.193055,-7.08299
222250,295.0,394.519,15.64356,15.663901,15.663901,0.510835,-1.81766
222251,296.0,394.844,15.67599,15.679359,15.679359,0.015458,-3.40869
222252,297.0,394.667,15.395005,15.396022,15.396022,-0.283337,1.45426
222253,298.0,394.142,14.991982,15.001172,15.001172,-0.39485,4.19673
222254,299.0,394.134,14.441927,14.44193,14.44193,-0.559242,3.22983
222255,300.0,393.468,13.717362,13.73352,13.73352,-0.70841,7.67647
222256,301.0,393.312,12.658882,12.659843,12.659843,-1.073677,7.81907
222257,302.0,393.328,11.369252,11.369263,11.369263,-1.29058,7.71402
222258,303.0,393.211,9.70728,9.707985,9.707985,-1.661278,8.84682
222259,304.0,392.995,8.016038,8.018948,8.018948,-1.689037,7.88467
222300,305.0,392.556,6.125254,6.140966,6.140966,-1.877982,7.79254
222301,306.0,392.059,4.183715,4.213132,4.213132,-1.927834,6.25531
222302,307.0,392.532,2.162007,2.213143,2.213143,-1.999989,-0.29421
222303,308.0,392.532,0.793476,0.793476,0.793476,-1.419667,0.25206
222304,309.0,392.556,0.405036,0.405746,0.405746,-0.38773,-0.2449
222305,310.0,392.556,0.602758,0.602758,0.602758,0.197012,-0.68775
222307,312.0,392.308,5.499803,5.505392,2.752696,1.074969,-3.8563
222308,313.0,392.585,5.227904,5.235237,5.235237,2.482541,-24.5984
222309,314.0,392.617,6.026139,6.026224,6.026224,0.790987,-7.06314
222310,315.0,392.036,7.057316,7.081191,7.081191,1.054967,-5.11101
222311,316.0,392.107,8.561605,8.561899,8.561899,1.480708,-19.7439
222312,317.0,391.742,9.510191,9.517193,9.517193,0.955294,-12.0432
222313,318.0,391.79,9.88112,9.881237,9.881237,0.364044,-4.10767
222314,319.0,391.581,10.517353,10.51943,10.51943,0.638193,-11.05874
222315,320.0,391.65,11.097955,11.09817,11.09817,0.57874,-8.54353
222316,321.0,391.441,11.446275,11.448183,11.448183,0.350013,-0.25183
222317,322.0,391.557,11.170723,11.171325,11.171325,-0.276858,1.60621
222318,323.0,391.457,10.775503,10.775967,10.775967,-0.395358,3.14749
222319,324.0,391.518,11.140086,11.140253,11.140253,0.364286,-4.54887
222320,325.0,391.766,12.249859,12.252369,12.252369,1.112116,-22.68071
222321,326.0,391.999,13.486651,13.488663,13.488663,1.236294,-27.73388
222322,327.0,391.835,14.766644,14.767555,14.767555,1.278892,-35.83671
222323,328.0,391.705,15.529783,15.530327,15.530327,0.762772,-26.15005
222324,329.0,391.975,16.348503,16.350732,16.350732,0.820405,-24.17924
222325,330.0,392.501,16.692013,16.700299,16.700299,0.349567,-16.11368
222326,331.0,391.394,16.454426,16.491621,16.491621,-0.208678,4.42094
222327,332.0,392.152,16.005033,16.022972,16.022972,-0.468649,-2.02413
222328,333.0,392.448,15.555835,15.558651,15.558651,-0.464321,0.45156
222329,334.0,392.345,14.974786,14.97514,14.97514,-0.583511,3.57678
222330,335.0,391.256,14.185494,14.227233,14.227233,-0.747907,9.76953
222331,336.0,391.177,13.098901,13.09914,13.09914,-1.128093,7.75676
222332,337.0,391.224,12.249865,12.249955,12.249955,-0.849185,5.5448
222333,338.0,391.465,11.584076,11.586583,11.586583,-0.663372,3.2909
222334,339.0,391.333,11.958908,11.959636,11.959636,0.373053,-9.24957
222335,340.0,391.758,12.656607,12.66374,12.66374,0.704104,-17.93877
222336,341.0,392.112,13.314458,13.319163,13.319163,0.655423,-16.68101
222337,342.0,391.835,13.481514,13.48436,13.48436,0.165197,0.21066
222338,343.0,391.581,12.870712,12.873218,12.873218,-0.611142,5.38362
222339,344.0,391.79,11.88318,11.885018,11.885018,-0.9882,5.44825
222340,345.0,391.465,10.024521,10.029788,10.029788,-1.85523,11.07301
222341,346.0,390.955,8.194377,8.210233,8.210233,-1.819555,9.97596
222342,347.0,391.465,5.994389,6.016046,6.016046,-2.194187,4.0812
222343,348.0,391.0,4.979847,5.00151,5.00151,-1.014536,4.69132
222344,349.0,391.256,5.382177,5.388262,5.388262,0.386752,-6.45818
222345,350.0,391.425,7.194453,7.196437,7.196437,1.808175,-22.3118
222346,351.0,391.084,9.013563,9.020011,9.020011,1.823574,-24.21547
222347,352.0,390.868,10.51924,10.521458,10.521458,1.501447,-25.73291
222348,353.0,390.141,11.449202,11.47226,11.47226,0.950802,-10.02128
222349,354.0,390.289,12.661093,12.661958,12.661958,1.189698,-23.52071
222350,355.0,389.932,14.077298,14.081824,14.081824,1.419866,-33.53285
222351,356.0,389.631,15.312696,15.315654,15.315654,1.23383,-34.54091
222352,357.0,389.037,16.006477,16.017495,16.017495,0.701841,-18.59191
222353,358.0,388.857,16.537501,16.53848,16.53848,0.520985,-21.86278
222354,359.0,387.906,17.415246,17.441193,17.441193,0.902713,-22.87739
222355,360.0,387.179,18.161006,18.175551,18.175551,0.734358,-24.05414
222356,361.0,386.733,18.897016,18.902279,18.902279,0.726728,-30.7499
222357,362.0,387.026,19.261244,19.263473,19.263473,0.361194,-15.73642
222358,363.0,386.524,19.396776,19.403271,19.403271,0.139798,-4.66527
222359,364.0,387.475,19.496161,19.519342,19.519342,0.116071,-18.77736
222400,365.0,387.969,19.39679,19.403079,19.403079,-0.116263,-6.99058
222401,366.0,387.142,19.244896,19.262657,19.262657,-0.140422,-0.32374
222402,367.0,387.359,19.061536,19.062772,19.062772,-0.199885,-4.50252
222403,368.0,387.552,18.9937,18.994681,18.994681,-0.068091,-5.52468
222404,369.0,387.335,18.826274,18.827525,18.827525,-0.167156,-2.47853
222405,370.0,387.118,18.658881,18.660143,18.660143,-0.167382,-2.29141
222406,371.0,387.367,18.156897,18.158604,18.158604,-0.501539,-1.02841
222407,372.0,386.569,17.805421,17.823294,17.823294,-0.33531,2.80283
222408,373.0,386.423,17.286714,17.287331,17.287331,-0.535963,1.87354
222409,374.0,386.075,16.806628,16.810231,16.810231,-0.4771,2.71893
222410,375.0,385.208,16.280918,16.303987,16.303987,-0.506244,5.79204
222411,376.0,386.299,16.288131,16.324629,16.324629,0.020642,-15.98892
222412,377.0,386.083,16.784659,16.786048,16.786048,0.461419,-20.33052
222413,378.0,386.445,16.941446,16.945313,16.945313,0.159265,-8.51339
222414,379.0,386.6,16.608362,16.609085,16.609085,-0.336228,-0.65032
222415,380.0,387.311,16.088815,16.104517,16.104517,-0.504568,-1.57768
222416,381.0,387.396,15.652572,15.652802,15.652802,-0.451715,1.29652
222417,382.0,387.171,15.049785,15.051467,15.051467,-0.601335,4.24499
222418,383.0,387.118,14.678026,14.678122,14.678122,-0.373345,2.00202
222419,384.0,387.042,14.613626,14.613823,14.613823,-0.064299,-0.03639
222420,385.0,385.773,14.799955,14.85426,14.85426,0.240437,3.25407
222421,386.0,385.086,14.883206,14.899054,14.899054,0.044794,1.85934
222422,387.0,384.761,14.799945,14.803513,14.803513,-0.095541,1.22527
222423,388.0,383.686,14.863661,14.902484,14.902484,0.098971,3.30866
222424,389.0,383.068,14.761455,14.774386,14.774386,-0.128098,2.87214
222425,390.0,382.473,14.841643,14.853565,14.853565,0.079179,1.21316
222426,391.0,381.955,14.660169,14.669318,14.669318,-0.184247,2.87333
222427,392.0,381.49,14.792697,14.800004,14.800004,0.130686,0.27193
222428,393.0,381.152,14.952308,14.956127,14.956127,0.156123,-0.65237
222429,394.0,380.261,14.713172,14.740126,14.740126,-0.216001,4.8218
222430,395.0,379.461,14.159286,14.181868,14.181868,-0.558258,7.1125
222431,396.0,378.663,13.447662,13.471318,13.471318,-0.71055,8.40835
222432,397.0,377.313,12.659556,12.731334,12.731334,-0.739984,11.42871
222433,398.0,376.377,11.867371,11.904225,11.904225,-0.827109,9.97085
222434,399.0,375.799,10.916427,10.931719,10.931719,-0.972506,8.52274
222435,400.0,374.493,9.689819,9.777434,9.777434,-1.154285,12.15858
222436,401.0,373.642,8.50334,8.545818,8.545818,-1.231616,9.49347
222437,402.0,373.265,7.158606,7.168526,7.168526,-1.377292,6.78881
222438,403.0,372.3,5.933785,6.011741,6.011741,-1.156785,8.0629
222439,404.0,371.922,4.548594,4.564273,4.564273,-1.447468,4.98435
222440,405.0,371.822,3.204819,3.206379,3.206379,-1.357894,2.46675
222441,406.0,371.93,2.217488,2.220117,2.220117,-0.986262,0.35709
222442,407.0,371.336,1.509591,1.622252,1.622252,-0.597865,3.05743
222443,408.0,371.151,0.831558,0.851888,0.851888,-0.770364,0.90733
222444,409.0,371.079,0.13974,0.157199,0.157199,-0.694689,-0.28592
222445,410.0,371.951,0.084635,0.876098,0.876098,0.718899,-15.08791
222446,411.0,371.28,0.16927,0.692021,0.692021,-0.184077,2.94835
222447,412.0,371.204,0.16927,0.185549,0.185549,-0.506472,-0.29127
222448,413.0,372.06,0.202526,0.879632,0.879632,0.694083,-14.80019
222449,414.0,371.714,0.084635,0.356201,0.356201,-0.523431,-0.23433
222450,415.0,372.039,0.084635,0.335839,0.335839,-0.020362,-0.32275
222451,416.0,372.778,0.111195,0.747319,0.747319,0.41148,-12.47071
222452,417.0,371.983,0.084635,0.799492,0.799492,0.052173,3.46317
222453,418.0,372.083,0.084635,0.131008,0.131008,-0.668484,-0.29826
222454,419.0,373.32,0.084635,1.239892,1.239892,1.108884,-22.04067
222455,420.0,372.493,0.084635,0.831319,0.831319,-0.408573,3.80211
222456,421.0,372.316,0.084635,0.196194,0.196194,-0.635125,-0.27568
222457,422.0,373.056,0.084635,0.744824,0.744824,0.54863,-12.65186
222458,423.0,372.192,0.0,0.864,0.0,-0.744824,-0.35
222459,424.0,372.091,0.084635,0.131773,0.131773,0.131773,-0.34902
222500,425.0,373.389,0.084635,1.300756,1.300756,1.168983,-23.23699
222501,426.0,372.834,0.084635,0.561416,0.561416,-0.73934,2.52732
222502,427.0,372.81,0.0,0.024,0.0,-0.561416,-0.35
222503,428.0,372.308,0.084635,0.509085,0.509085,0.509085,1.94535
222504,429.0,372.432,0.084635,0.15013,0.15013,-0.358955,-0.31321
222505,430.0,372.308,0.0,0.124,0.0,-0.15013,-0.35
222506,431.0,372.538,0.084635,0.245078,0.245078,0.245078,-0.50646
222507,432.0,372.432,0.084635,0.135643,0.135643,-0.109435,-0.33315
222508,433.0,372.739,0.0,0.307,0.0,-0.135643,-0.35
222509,434.0,372.601,0.084635,0.161886,0.161886,0.161886,-0.43143
222510,435.0,372.839,0.0,0.238,0.0,-0.161886,-0.35
222511,436.0,372.955,0.084635,0.143593,0.143593,0.143593,-0.34975
222512,437.0,372.662,0.0,0.293,0.0,-0.143593,-0.35
222513,438.0,372.509,0.084635,0.174849,0.174849,0.174849,-0.44164
222514,439.0,372.076,0.111195,0.44705,0.44705,0.272201,-0.65517
222515,440.0,372.239,0.084635,0.183663,0.183663,-0.263387,-0.31349
222516,441.0,372.485,0.478053,0.537634,0.537634,0.353971,-4.45871
222517,442.0,372.34,2.175267,2.180095,2.180095,1.642461,-4.39028
222518,443.0,372.107,4.59053,4.59644,4.59644,2.416345,-15.85778
222519,444.0,372.015,5.789577,5.790308,5.790308,1.193868,-11.61943
222520,445.0,372.533,6.717338,6.737281,6.737281,0.946973,-17.23339
222521,446.0,372.955,8.104868,8.115846,8.115846,1.378565,-23.07814
222522,447.0,373.465,9.6665,9.679945,9.679945,1.564099,-30.34889
222523,448.0,373.613,11.282587,11.283557,11.283557,1.603612,-28.71951
222524,449.0,374.036,12.642381,12.649456,12.649456,1.365899,-31.50986
222525,450.0,375.373,13.52436,13.590287,13.590287,0.940831,-39.05944
222526,451.0,375.55,13.524351,13.525509,13.525509,-0.064778,-0.47016
222527,452.0,375.767,13.781727,13.783435,13.783435,0.257926,-6.2148
222528,453.0,376.322,14.002146,14.013141,14.013141,0.229706,-11.14209
222529,454.0,376.586,14.20422,14.206673,14.206673,0.193532,-5.79997
222530,455.0,377.265,14.351704,14.367757,14.367757,0.161084,-11.77697
222531,456.0,377.582,14.692992,14.696412,14.696412,0.328655,-10.21679
222532,457.0,378.827,15.123115,15.174275,15.174275,0.477863,-29.16981
222533,458.0,378.911,15.140474,15.140707,15.140707,-0.033568,-1.43323
222534,459.0,380.061,15.610185,15.652488,15.652488,0.511781,-29.09927
222535,460.0,380.354,16.061007,16.06368,16.06368,0.411192,-13.32067
222536,461.0,381.067,16.673265,16.688503,16.688503,0.624823,-26.55989
222537,462.0,382.433,16.845466,16.900759,16.900759,0.212256,-25.96514
222538,463.0,383.578,16.591615,16.631077,16.631077,-0.269682,-9.15707
222539,464.0,385.115,16.340415,16.412541,16.412541,-0.218536,-16.76746
222540,465.0,386.236,16.174651,16.213451,16.213451,-0.19909,-10.61082
222541,466.0,387.018,16.428407,16.447008,16.447008,0.233557,-16.82031
222542,467.0,388.239,17.362795,17.405674,17.405674,0.958666,-45.24754
222543,468.0,388.41,17.697245,17.698071,17.698071,0.292397,-9.91337
222544,469.0,388.154,17.612654,17.614514,17.614514,-0.083557,-1.72569
222545,470.0,388.432,17.101858,17.104118,17.104118,-0.510396,-0.20969
222546,471.0,387.937,16.851347,16.858615,16.858615,-0.245503,1.48909
222547,472.0,387.829,16.851348,16.851694,16.851694,-0.006921,-2.28982
222548,473.0,387.512,16.935937,16.938904,16.938904,0.08721,-2.15685
222549,474.0,387.945,16.930097,16.935633,16.935633,-0.003271,-5.15959
222550,475.0,387.536,16.851351,16.856314,16.856314,-0.079319,-0.27374
222551,476.0,387.282,16.878846,16.880757,16.880757,0.024443,-1.88179
222552,477.0,387.002,17.116154,17.118444,17.118444,0.237687,-3.77103
222553,478.0,386.135,17.621206,17.642522,17.642522,0.524078,-4.04313
222554,479.0,385.789,17.960454,17.963786,17.963786,0.321264,-5.18769
222555,480.0,385.85,18.166709,18.166811,18.166811,0.203025,-6.34025
222556,481.0,385.2,18.166716,18.178341,18.178341,0.01153,-1.29148
222557,482.0,384.413,17.738467,17.755916,17.755916,-0.422425,3.56265
222558,483.0,383.601,17.693603,17.712225,17.712225,-0.043691,0.472
222559,484.0,383.036,17.701144,17.710159,17.710159,-0.002066,-1.05597
222600,485.0,381.646,17.870293,17.924271,17.924271,0.214112,0.75186
222601,486.0,381.337,18.177706,18.180332,18.180332,0.256061,-5.06573
222602,487.0,380.24,18.419262,18.4519,18.4519,0.271568,-1.80589
222603,488.0,380.177,18.842624,18.842729,18.842729,0.390829,-26.36351
222604,489.0,379.181,18.93197,18.958151,18.958151,0.115422,-1.51742
222605,490.0,379.234,18.850627,18.850701,18.850701,-0.10745,-4.33087
222606,491.0,378.008,18.962942,19.002532,19.002532,0.151831,-0.81588
222607,492.0,377.791,18.90154,18.902785,18.902785,-0.099747,-3.1784
222608,493.0,377.366,18.901528,18.906305,18.906305,0.00352,-3.13976
222609,494.0,376.919,19.03207,19.037318,19.037318,0.131013,-4.3689
222610,495.0,376.253,19.392923,19.404356,19.404356,0.367038,-6.02141
222611,496.0,376.346,19.800888,19.801107,19.801107,0.396751,-14.3646
222612,497.0,375.915,20.004489,20.009132,20.009132,0.208025,-6.47681
222613,498.0,374.47,20.314834,20.36616,20.36616,0.357028,-3.63735
222614,499.0,374.385,20.651827,20.652002,20.652002,0.285842,-9.82149
222615,500.0,373.65,21.161062,21.173823,21.173823,0.521821,-9.95049
222616,501.0,373.389,21.497256,21.49884,21.49884,0.325017,-10.69973
222617,502.0,373.225,21.498119,21.498744,21.498744,-9.6e-05,-7.77591
222618,503.0,372.385,21.412624,21.429094,21.429094,-0.06965,-3.74267
222619,504.0,372.16,21.496969,21.498147,21.498147,0.069053,-8.20492
222620,505.0,370.91,21.588762,21.62492,21.62492,0.126773,-4.1282
222621,506.0,370.4,21.545512,21.551547,21.551547,-0.073373,-5.44354
222622,507.0,369.499,21.635702,21.654455,21.654455,0.102908,-5.58033
222623,508.0,368.849,21.622469,21.632237,21.632237,-0.022218,-5.42837
222624,509.0,367.391,21.361849,21.411548,21.411548,-0.220689,0.78433
222625,510.0,366.868,21.406984,21.413372,21.413372,0.001824,-5.96648
222626,511.0,366.064,21.555769,21.570758,21.570758,0.157386,-6.4836
222627,512.0,365.824,21.873896,21.875213,21.875213,0.304455,-11.18935
222628,513.0,365.755,21.993847,21.993955,21.993955,0.118742,-10.21748
222629,514.0,364.381,22.029747,22.072554,22.072554,0.078599,-3.71113
222630,515.0,363.456,21.957512,21.976987,21.976987,-0.095567,-3.84416
222631,516.0,362.616,21.903153,21.919254,21.919254,-0.057733,-4.56626
222632,517.0,361.427,21.892113,21.924377,21.924377,0.005123,-3.58297
222633,518.0,361.165,21.886935,21.888503,21.888503,-0.035874,-7.49854
222634,519.0,360.55,21.866294,21.874941,21.874941,-0.013562,-6.03815
222635,520.0,359.9,21.59641,21.60619,21.60619,-0.268751,-2.80989
222636,521.0,359.123,21.503165,21.517198,21.517198,-0.088992,-3.96199
222637,522.0,359.308,21.516073,21.516869,21.516869,-0.000329,-9.45491
222638,523.0,358.898,21.510813,21.51472,21.51472,-0.002149,-6.60646
222639,524.0,357.918,22.767303,22.788385,22.788385,1.273665,-57.10682
222640,525.0,357.025,22.660658,22.678246,22.678246,-0.110139,-4.86785
222641,526.0,357.302,22.760029,22.761715,22.761715,0.083469,-12.68472
222642,527.0,358.552,22.95517,22.989178,22.989178,0.227463,-30.99374
222643,528.0,358.56,22.838612,22.838614,22.838614,-0.150564,-8.94238
222644,529.0,359.308,22.624561,22.636922,22.636922,-0.201692,-11.59791
222645,530.0,359.538,22.532575,22.533749,22.533749,-0.103173,-10.06325
222646,531.0,359.754,22.489746,22.490783,22.490783,-0.042966,-10.5886
222647,532.0,360.093,22.615612,22.618152,22.618152,0.127369,-13.23194
222648,533.0,360.796,22.791898,22.802737,22.802737,0.184585,-20.44617
222649,534.0,360.655,22.674534,22.674972,22.674972,-0.127765,-8.24228
222650,535.0,361.25,22.423438,22.43133,22.43133,-0.243642,-10.11974
222651,536.0,361.057,22.374048,22.374881,22.374881,-0.056449,-8.3252
222652,537.0,362.199,22.763003,22.791631,22.791631,0.41675,-36.05635
222653,538.0,364.135,23.53252,23.612022,23.612022,0.820391,-65.49681
222654,539.0,364.164,24.200006,24.200024,24.200024,0.588002,-27.1928
222655,540.0,364.667,24.766769,24.771877,24.771877,0.571853,-35.16852
222656,541.0,364.545,24.665915,24.666217,24.666217,-0.10566,-11.74238
222657,542.0,365.229,24.632821,24.642316,24.642316,-0.023901,-16.50658
222658,543.0,366.873,24.868441,24.922722,24.922722,0.280406,-41.84346
222659,544.0,366.527,25.219211,25.221584,25.221584,0.298862,-16.56571
222700,545.0,366.278,25.235152,25.23638,25.23638,0.014796,-13.58368
222701,546.0,366.085,24.967899,24.968645,24.968645,-0.267735,-9.9581
222702,547.0,366.064,24.749622,24.749631,24.749631,-0.219014,-11.00454
222703,548.0,366.952,24.516149,24.532226,24.532226,-0.217405,-14.98899
222704,549.0,366.334,24.349055,24.356896,24.356896,-0.17533,-8.04987
222705,550.0,366.233,24.181991,24.182202,24.182202,-0.174694,-10.23176
222706,551.0,366.31,24.098476,24.098599,24.098599,-0.083603,-12.00652
222707,552.0,366.957,24.116696,24.125373,24.125373,0.026774,-16.04757
222708,553.0,367.467,24.182028,24.187405,24.187405,0.062032,-15.91521
222709,554.0,367.467,23.997225,23.997225,23.997225,-0.19018,-10.23692
222710,555.0,367.282,23.931494,23.932209,23.932209,-0.065016,-10.70608
222711,556.0,367.631,23.764507,23.76707,23.76707,-0.165139,-11.82193
222712,557.0,368.58,23.866413,23.885273,23.885273,0.118203,-23.0449
222713,558.0,369.103,23.848027,23.853761,23.853761,-0.031512,-14.3287
222714,559.0,369.853,23.729138,23.740987,23.740987,-0.112774,-14.28831
222715,560.0,370.007,23.54487,23.545374,23.545374,-0.195613,-10.20289
222716,561.0,371.272,23.277199,23.311547,23.311547,-0.233827,-14.69261
222717,562.0,371.188,23.227605,23.227757,23.227757,-0.08379,-9.84716
222718,563.0,371.389,23.0135,23.014377,23.014377,-0.21338,-9.42583
222719,564.0,372.023,22.968891,22.97764,22.97764,-0.036737,-13.39382
222720,565.0,372.71,23.030994,23.041239,23.041239,0.063599,-15.93277
222721,566.0,372.517,22.932174,22.932986,22.932986,-0.108253,-8.60184
222722,567.0,373.111,22.89699,22.904693,22.904693,-0.028293,-13.18407
222723,568.0,373.798,22.897004,22.907308,22.907308,0.002615,-13.97288
222724,569.0,373.851,22.979615,22.979677,22.979677,0.072369,-11.85162
222725,570.0,375.812,22.932232,23.015925,23.015925,0.036248,-35.22828
222726,571.0,377.35,22.955688,23.007152,23.007152,-0.008773,-26.78177
222727,572.0,378.224,22.677496,22.694332,22.694332,-0.31282,-11.06271
222728,573.0,378.224,22.513305,22.513305,22.513305,-0.181027,-8.09553
222729,574.0,378.747,22.357078,22.363194,22.363194,-0.150111,-10.6982
222730,575.0,378.964,22.30809,22.309145,22.309145,-0.054049,-10.20414
222731,576.0,379.197,22.347967,22.349182,22.349182,0.040037,-11.35817
222732,577.0,378.647,22.381188,22.387945,22.387945,0.038763,-7.68474
222733,578.0,378.903,22.443344,22.444804,22.444804,0.056859,-11.79798
222734,579.0,377.836,22.433156,22.458517,22.458517,0.013713,-5.06556
222735,580.0,376.988,22.433162,22.449184,22.449184,-0.009333,-5.84079
222736,581.0,375.759,22.433168,22.466808,22.466808,0.017624,-4.35092
222737,582.0,375.458,22.229013,22.231051,22.231051,-0.235757,-5.67065
222738,583.0,374.686,22.192275,22.205699,22.205699,-0.025352,-5.66014
222739,584.0,373.349,22.261576,22.301689,22.301689,0.09599,-4.43045
222740,585.0,371.999,22.259077,22.299978,22.299978,-0.001711,-3.31079
222741,586.0,370.879,22.344819,22.37287,22.37287,0.072892,-5.32204
222742,587.0,370.015,22.260187,22.276948,22.276948,-0.095922,-4.56781
222743,588.0,369.56,22.092323,22.097008,22.097008,-0.17994,-5.34878
222744,589.0,369.396,21.923071,21.923685,21.923685,-0.173323,-6.55801
222745,590.0,368.68,21.755809,21.767587,21.767587,-0.156098,-3.90016
222746,591.0,368.503,21.596021,21.596746,21.596746,-0.170841,-6.06967
222747,592.0,367.544,21.393199,21.414683,21.414683,-0.182063,-1.99069
222748,593.0,366.873,21.152142,21.162782,21.162782,-0.251901,-2.30642
222749,594.0,366.379,21.089931,21.095716,21.095716,-0.067066,-4.9488
222750,595.0,365.515,21.326381,21.343876,21.343876,0.24816,-6.79271
222751,596.0,365.047,21.480269,21.485367,21.485367,0.141491,-7.78408
222752,597.0,364.799,21.752659,21.754072,21.754072,0.268705,-10.57834
222753,598.0,363.874,21.795653,21.815272,21.815272,0.0612,-5.26834
222754,599.0,363.01,21.60231,21.619581,21.619581,-0.195691,-2.5765
222755,600.0,362.946,21.454366,21.454461,21.454461,-0.16512,-6.47088
222756,601.0,362.045,21.233462,21.252569,21.252569,-0.201892,-1.84392
222757,602.0,361.033,20.988869,21.013252,21.013252,-0.239317,-0.62175
222758,603.0,359.546,20.580352,20.634003,20.634003,-0.379249,3.51264
222759,604.0,358.845,19.69893,19.711399,19.711399,-0.922604,6.01384
222800,605.0,357.165,18.621228,18.696859,18.696859,-1.01454,12.2907
222801,606.0,356.354,17.422367,17.441232,17.441232,-1.255627,10.99059
222802,607.0,355.759,16.317573,16.328418,16.328418,-1.112814,9.28083
222803,608.0,355.175,15.301745,15.312886,15.312886,-1.015532,8.87921
222804,609.0,354.557,14.157733,14.171214,14.171214,-1.141672,10.25763
222805,610.0,353.796,13.275264,13.297058,13.297058,-0.874156,9.34303
222806,611.0,352.972,12.679717,12.706463,12.706463,-0.590595,8.01792
222807,612.0,352.723,12.239422,12.241954,12.241954,-0.464509,4.67301
222808,613.0,352.525,11.749741,11.751409,11.751409,-0.490545,4.46895
222809,614.0,351.452,10.936798,10.989307,10.989307,-0.762102,9.78946
222810,615.0,350.535,9.82934,9.872022,9.872022,-1.117285,10.19817
222811,616.0,350.29,9.111788,9.115081,9.115081,-0.756941,4.92071
222812,617.0,349.457,8.457909,8.49883,8.49883,-0.616251,6.84294
222813,618.0,348.871,8.216762,8.237632,8.237632,-0.261198,4.14845
222814,619.0,348.741,8.161456,8.162491,8.162491,-0.075141,1.22985
222815,620.0,348.102,7.702377,7.728838,7.728838,-0.433653,4.93002
222816,621.0,348.046,6.948068,6.948294,6.948294,-0.780544,3.08884
222817,622.0,347.684,6.339911,6.350237,6.350237,-0.598057,3.70038
222818,623.0,347.571,5.809999,5.811098,5.811098,-0.539139,2.14807
222819,624.0,347.301,6.04732,6.053345,6.053345,0.242247,0.68796
222820,625.0,346.638,5.506454,5.546224,5.546224,-0.507121,4.58267
222821,626.0,347.077,5.380129,5.39801,5.39801,-0.148214,-4.68293
222822,627.0,347.077,5.140111,5.140111,5.140111,-0.257899,0.67905
222823,628.0,346.794,5.140111,5.147896,5.147896,0.007785,1.36269
222824,629.0,347.008,5.681037,5.685066,5.685066,0.53717,-7.28058
222825,630.0,346.87,6.791333,6.792735,6.792735,1.107669,-12.18197
222826,631.0,346.87,7.906173,7.906173,7.906173,1.113438,-16.82725
222827,632.0,347.04,8.910076,8.911698,8.911698,1.005525,-15.14825
222828,633.0,347.177,9.572122,9.573102,9.573102,0.661404,-10.09579
222829,634.0,347.069,9.568754,9.569364,9.569364,-0.003738,0.99717
222830,635.0,347.309,12.346814,12.349146,12.349146,2.779782,-56.26383
222831,636.0,347.956,9.371381,9.393689,9.393689,-2.955457,10.81664
222832,637.0,348.548,7.996258,8.018143,8.018143,-1.375546,2.82916
222833,638.0,348.48,7.52783,7.528138,7.528138,-0.490005,2.36128
222834,639.0,348.572,11.6485,11.648863,11.648863,4.120725,-76.33808
222835,640.0,348.596,12.845868,12.845891,12.845891,1.197028,-22.09217
222836,641.0,349.412,10.91999,10.950435,10.950435,-1.895456,6.80669
222837,642.0,349.481,8.706521,8.706795,8.706795,-2.24364,9.50327
222838,643.0,349.204,8.566204,8.570681,8.570681,-0.136114,2.23829
222839,644.0,349.867,7.520143,7.549313,7.549313,-1.021368,0.83841
222840,645.0,350.427,6.9902,7.012595,7.012595,-0.536718,-1.3074
222841,646.0,351.167,7.185577,7.223581,7.223581,0.210986,-12.7208
222842,647.0,351.376,7.580797,7.583678,7.583678,0.360097,-6.08974
222843,648.0,351.122,7.580799,7.585053,7.585053,0.001375,1.45912
222844,649.0,351.516,7.880682,7.890525,7.890525,0.305472,-8.41988
222845,650.0,352.2,9.002584,9.028532,9.028532,1.138007,-25.4508
222846,651.0,352.068,10.024535,10.025404,10.025404,0.996872,-17.43125
222847,652.0,352.694,10.39857,10.417396,10.417396,0.391992,-13.91149
222848,653.0,352.771,10.749106,10.749382,10.749382,0.331986,-4.17048
222849,654.0,353.41,11.634842,11.652376,11.652376,0.902994,-24.06889
222850,655.0,354.898,12.718525,12.805273,12.805273,1.152897,-44.45874
222851,656.0,355.59,13.727725,13.745155,13.745155,0.939882,-29.02353
222852,657.0,356.716,14.776308,14.819148,14.819148,1.073993,-41.22122
222853,658.0,356.518,15.56087,15.56213,15.56213,0.742982,-24.66395
222854,659.0,357.873,16.246191,16.302599,16.302599,0.740469,-39.2848
222855,660.0,358.388,16.871841,16.879699,16.879699,0.5771,-22.37536
222856,661.0,358.09,17.521122,17.523656,17.523656,0.643957,-26.21872
222857,662.0,358.774,17.658781,17.672023,17.672023,0.148367,-13.92405
222858,663.0,359.778,17.403058,17.431995,17.431995,-0.240028,-7.8197
222859,664.0,359.646,17.599468,17.599963,17.599963,0.167968,-4.44027
222900,665.0,360.0,18.111351,18.11481,18.11481,0.514847,-19.82783
222901,666.0,360.928,18.485384,18.508663,18.508663,0.393853,-25.91897
222902,667.0,360.201,18.565051,18.57928,18.57928,0.070617,-1.91837
222903,668.0,360.896,18.939028,18.951775,18.951775,0.372495,-22.10495
222904,669.0,361.205,18.801029,18.803568,18.803568,-0.148207,-5.11977
222905,670.0,361.567,18.525099,18.528635,18.528635,-0.274933,-3.93032
222906,671.0,361.35,18.446052,18.447329,18.447329,-0.081306,-2.8259
222907,672.0,361.35,18.485437,18.485437,18.485437,0.038108,-4.96822
222908,673.0,361.335,18.957886,18.957892,18.957892,0.472455,-29.98643
222909,674.0,361.953,19.33194,19.341816,19.341816,0.383924,-21.72824
222910,675.0,362.553,19.33195,19.341258,19.341258,-0.000558,-9.33699
222911,676.0,363.179,18.997361,19.007672,19.007672,-0.333586,-5.15017
222912,677.0,362.492,18.721681,18.734281,18.734281,-0.273391,0.82412
222913,678.0,362.648,17.973619,17.974296,17.974296,-0.759985,1.82737
222914,679.0,362.862,17.225563,17.226893,17.226893,-0.747403,1.97687
222915,680.0,362.669,16.477515,16.478645,16.478645,-0.748248,4.39827
222916,681.0,363.425,15.827819,15.845863,15.845863,-0.632782,-0.63102
222917,682.0,363.496,15.021322,15.02149,15.02149,-0.824373,4.47882
222918,683.0,363.501,14.331685,14.331686,14.331686,-0.689804,4.13025
222919,684.0,363.348,13.44579,13.446661,13.446661,-0.885025,6.48933
222920,685.0,363.665,12.461569,12.465601,12.465601,-0.98106,5.02659
222921,686.0,363.039,10.92594,10.943858,10.943858,-1.521743,11.66878
222922,687.0,362.275,9.154215,9.186041,9.186041,-1.757817,11.87152
222923,688.0,362.423,7.283963,7.285467,7.285467,-1.900574,6.2302
222924,689.0,362.191,5.039799,5.045136,5.045136,-2.240331,6.60416
222925,690.0,362.64,3.031877,3.064943,3.064943,-1.980193,0.67877
222926,691.0,362.423,1.496317,1.51197,1.51197,-1.552973,1.92598
222927,692.0,362.399,0.512158,0.51272,0.51272,-0.99925,0.04863
222928,693.0,362.817,0.084641,0.426483,0.426483,-0.086237,-0.30179
222929,694.0,362.262,0.237952,0.60386,0.60386,0.177377,2.2775
222930,695.0,362.267,0.139744,0.139834,0.139834,-0.464026,-0.30862
222931,696.0,362.854,0.111195,0.597439,0.597439,0.457605,-10.02424
222932,697.0,362.138,0.139744,0.72951,0.72951,0.132071,3.05646
222933,698.0,362.484,0.237952,0.419925,0.419925,-0.309585,-0.25712
222934,699.0,363.356,1.771953,1.974893,1.974893,1.554968,-18.79419
222935,700.0,363.055,4.01603,4.027294,4.027294,2.052401,-9.99541
222936,701.0,362.901,5.649998,5.652096,5.652096,1.624802,-14.28522
222937,702.0,363.195,6.535889,6.542498,6.542498,0.890402,-12.81402
222938,703.0,362.946,7.79583,7.799806,7.799806,1.257308,-14.44905
222939,704.0,363.332,8.95762,8.965933,8.965933,1.166127,-21.01048
222940,705.0,363.411,9.154229,9.15457,9.15457,0.188637,-1.833
222941,706.0,363.203,8.780175,8.782639,8.782639,-0.371931,2.94965
222942,707.0,363.295,8.780177,8.780659,8.780659,-0.00198,-0.04886
222943,708.0,363.517,9.351998,9.354633,9.354633,0.573974,-9.97016
222944,709.0,364.088,10.276418,10.292269,10.292269,0.937636,-22.14549
222945,710.0,363.456,10.985813,11.003977,11.003977,0.711708,-0.15116
222946,711.0,363.203,11.461178,11.463971,11.463971,0.459994,-8.41766
222947,712.0,363.34,11.433517,11.434337,11.434337,-0.029634,0.20789
222948,713.0,363.348,11.217614,11.217617,11.217617,-0.21672,1.80547
222949,714.0,363.295,11.19548,11.195606,11.195606,-0.022011,1.03455
222950,715.0,362.994,11.580584,11.584495,11.584495,0.388889,-0.03716
222951,716.0,363.232,11.676374,11.678799,11.678799,0.094304,-2.32225
222952,717.0,363.295,8.466433,8.466668,8.466668,-3.212131,13.21592
222953,718.0,363.287,10.788232,10.788235,10.788235,2.321567,-44.21916
222954,719.0,363.826,10.737728,10.751247,10.751247,-0.036988,-5.09162
222955,720.0,363.433,10.971373,10.978409,10.978409,0.227162,1.29491
222956,721.0,363.85,11.066195,11.074049,11.074049,0.09564,-5.37783
222957,722.0,363.919,10.737739,10.73796,10.73796,-0.336089,2.02517
222958,723.0,364.204,10.69328,10.697077,10.697077,-0.040883,-0.99418
222959,724.0,364.489,11.066206,11.069876,11.069876,0.372799,-8.26507
223000,725.0,364.944,11.016033,11.025425,11.025425,-0.044451,-3.48401
223001,726.0,364.807,10.788261,10.789131,10.789131,-0.236294,2.49703
223002,727.0,364.405,10.693294,10.700848,10.700848,-0.088283,2.96781
223003,728.0,365.176,11.016044,11.042992,11.042992,0.342144,-15.4692
223004,729.0,365.301,11.066225,11.066931,11.066931,0.023939,-0.07514
223005,730.0,365.554,10.693305,10.696298,10.696298,-0.370633,1.31807
223006,731.0,366.064,10.737772,10.749877,10.749877,0.053579,-6.21402
223007,732.0,366.735,11.066236,11.08656,11.08656,0.336683,-13.77968
223008,733.0,366.109,11.110501,11.128122,11.128122,0.041562,3.40433
223009,734.0,366.78,10.69332,10.714351,10.714351,-0.413771,-0.64652
223010,735.0,367.338,10.693323,10.707872,10.707872,-0.006479,-5.94771
223011,736.0,367.483,10.971433,10.972391,10.972391,0.264519,-4.0788
223012,737.0,367.568,11.110516,11.110841,11.110841,0.13845,-0.84127
223013,738.0,368.078,10.693334,10.705489,10.705489,-0.405352,0.28001
223014,739.0,368.271,10.693338,10.695079,10.695079,-0.01041,-0.26282
223015,740.0,367.399,11.110527,11.144694,11.144694,0.449615,2.37261
223016,741.0,367.198,11.06627,11.068095,11.068095,-0.076599,2.01229
223017,742.0,367.816,10.693349,10.711192,10.711192,-0.356903,-0.79521
223018,743.0,367.816,10.737817,10.737817,10.737817,0.026625,0.46692
223019,744.0,368.841,10.971463,11.019239,11.019239,0.281422,-18.43295
223020,745.0,368.733,11.110546,11.111071,11.111071,0.091832,0.67141
223021,746.0,367.954,10.693363,10.7217,10.7217,-0.389371,6.32511
223236,881.0,368.263,1494.820792,1494.820824,11.072747,0.0026,0.62276
223237,882.0,367.829,8.723058,8.733848,8.733848,-2.338899,12.32747
223238,883.0,368.633,12.385466,12.411535,12.411535,3.677687,-83.70668
223239,884.0,369.074,15.940787,15.946886,15.946886,3.535351,-96.63491
223240,885.0,368.363,16.756103,16.77118,16.77118,0.824294,-22.2984
223242,887.0,369.198,35.125287,35.135211,17.567605,0.398213,-16.73127
223243,888.0,369.605,16.693492,16.698453,16.698453,-0.869152,2.38949
223244,889.0,371.481,16.956186,17.059648,17.059648,0.361195,-38.38038
223245,890.0,371.875,17.274344,17.278837,17.278837,0.219189,-10.97291
223246,891.0,372.461,17.167796,17.177794,17.177794,-0.101043,-5.13402
223247,892.0,372.895,17.116787,17.122289,17.122289,-0.055505,-4.73492
223248,893.0,373.119,16.982599,16.984077,16.984077,-0.138212,-2.91933
223249,894.0,373.011,16.687528,16.687877,16.687877,-0.2962,0.21182
223250,895.0,373.605,16.332429,16.343227,16.343227,-0.34465,-2.45354
223251,896.0,374.718,16.16846,16.206723,16.206723,-0.136504,-12.12985
223252,897.0,375.257,16.411638,16.420486,16.420486,0.213763,-12.38474
223253,898.0,375.743,16.630951,16.638051,16.638051,0.217565,-11.82798
223254,899.0,377.381,16.759757,16.839611,16.839611,0.20156,-29.95993
223255,900.0,377.823,16.520468,16.526379,16.526379,-0.313232,-2.12947
223256,901.0,378.1,16.279603,16.281959,16.281959,-0.24442,-1.69014
223257,902.0,378.51,16.214655,16.219838,16.219838,-0.062121,-3.70219
223258,903.0,378.547,16.08863,16.088672,16.088672,-0.131166,-1.27345
223259,904.0,379.305,15.632867,15.651233,15.651233,-0.437439,-2.00687
223300,905.0,379.722,15.763681,15.769195,15.769195,0.117962,-7.43856
223301,906.0,379.744,17.478557,17.478571,17.478571,1.709376,-47.61173
223302,907.0,379.839,18.009181,18.009432,18.009432,0.530861,-16.01774
223303,908.0,380.98,18.200631,18.23636,18.23636,0.226928,-24.03087
223304,909.0,380.835,18.159621,18.1602,18.1602,-0.07616,-2.89808
223305,910.0,381.067,18.238445,18.23992,18.23992,0.07972,-6.15313
223306,911.0,381.382,18.554851,18.557524,18.557524,0.317604,-13.89818
223307,912.0,381.482,18.955376,18.955639,18.955639,0.398115,-13.40867
223308,913.0,381.746,19.524236,19.52602,19.52602,0.570381,-22.24957
223309,914.0,381.931,19.57027,19.571144,19.571144,0.045124,-7.2531
223310,915.0,382.611,19.018642,19.030795,19.030795,-0.540349,-3.52812
223311,916.0,382.674,18.110761,18.11087,18.11087,-0.919925,3.56692
223312,917.0,383.67,17.236489,17.265242,17.265242,-0.845628,-0.94464
223313,918.0,384.236,16.133897,16.143822,16.143822,-1.12142,3.9061
223314,919.0,383.979,14.855972,14.858195,14.858195,-1.285627,9.42268
223315,920.0,383.654,13.510822,13.514731,13.514731,-1.343464,10.28868
223316,921.0,383.509,11.776318,11.77721,11.77721,-1.737521,11.33694
223317,922.0,383.786,10.337056,10.340767,10.340767,-1.436443,6.43304
223318,923.0,384.095,8.911259,8.916614,8.916614,-1.424153,5.07508
223319,924.0,384.428,7.84191,7.848977,7.848977,-1.067637,2.75924
223320,925.0,384.249,6.451662,6.454145,6.454145,-1.394832,5.36045
223321,926.0,383.649,4.829716,4.866843,4.866843,-1.587302,6.60511
223322,927.0,383.794,3.561382,3.564333,3.564333,-1.30251,1.47013
223323,928.0,384.196,2.611486,2.642246,2.642246,-0.922087,-2.16085
223324,929.0,384.051,1.82001,1.825777,1.825777,-0.816469,1.19159
223325,930.0,384.28,1.187128,1.209013,1.209013,-0.616764,-2.50225
223326,931.0,384.111,0.437689,0.469183,0.469183,-0.73983,-0.14848
223327,932.0,383.16,0.084666,0.954761,0.954761,0.485578,4.01102
223328,933.0,385.38,0.202577,2.229224,2.229224,1.274463,-39.88061
223329,934.0,384.698,0.169332,0.702707,0.702707,-1.526517,3.4591
223330,935.0,384.706,0.202577,0.202735,0.202735,-0.499972,-0.28647
223331,936.0,384.421,0.169332,0.331509,0.331509,0.128774,-0.34704
223332,937.0,384.373,0.139759,0.147772,0.147772,-0.183737,-0.32632
223333,938.0,384.188,0.084666,0.203453,0.203453,0.055681,-0.34099
223334,939.0,384.204,0.202577,0.203208,0.203208,-0.000245,-0.3355
223335,940.0,384.336,0.084666,0.156819,0.156819,-0.046389,-0.3353
223336,941.0,384.613,0.084666,0.28965,0.28965,0.132831,-0.34799
223337,942.0,384.457,0.084666,0.177495,0.177495,-0.112155,-0.32771
223338,943.0,384.476,0.139759,0.141045,0.141045,-0.03645,-0.33746
223339,944.0,384.706,0.084666,0.245088,0.245088,0.104043,-0.34488
223340,945.0,384.629,0.084666,0.114443,0.114443,-0.130645,-0.33461
223341,946.0,384.265,0.111195,0.380605,0.380605,0.266162,-0.60606
223342,947.0,384.312,0.084666,0.096836,0.096836,-0.283769,-0.32979
223343,948.0,384.761,0.139759,0.470248,0.470248,0.373412,-0.74848
223344,949.0,384.273,0.202577,0.528376,0.528376,0.058128,1.99085
223345,950.0,384.878,0.793782,0.998056,0.998056,0.46968,-10.53328
223346,951.0,384.738,2.01874,2.023589,2.023589,1.025533,-1.98126
223347,952.0,385.031,3.718922,3.730447,3.730447,1.706858,-14.47151
223348,953.0,385.393,5.313715,5.326031,5.326031,1.595584,-18.60801
223349,954.0,385.71,6.216462,6.22454,6.22454,0.898509,-12.89918
223350,955.0,385.781,7.173125,7.173476,7.173476,0.948936,-10.65463
223351,956.0,386.307,8.48765,8.503933,8.503933,1.330457,-24.80963
223352,957.0,387.15,9.938244,9.973933,9.973933,1.47,-34.77311
223353,958.0,387.612,11.330487,11.339902,11.339902,1.365969,-29.47059
223354,959.0,387.837,11.907785,11.909911,11.909911,0.570009,-11.26883
223355,960.0,388.085,12.387326,12.389809,12.389809,0.479898,-10.21104
223356,961.0,388.579,13.085651,13.094972,13.094972,0.705163,-19.67178
223357,962.0,389.05,14.171034,14.178859,14.178859,1.083887,-29.63567
223358,963.0,389.523,15.202608,15.209965,15.209965,1.031106,-30.58465
223359,964.0,389.84,15.815385,15.818562,15.818562,0.608597,-18.50871
223400,965.0,390.165,16.094614,16.097895,16.097895,0.279333,-10.41867
223401,966.0,390.839,15.924718,15.938975,15.938975,-0.15892,-4.47376
223402,967.0,390.931,15.815417,15.815684,15.815684,-0.123291,-1.36259
223403,968.0,390.289,15.815427,15.828453,15.828453,0.012769,1.07042
223404,969.0,391.51,16.23427,16.280122,16.280122,0.451669,-29.46355
223405,970.0,391.581,16.567906,16.568058,16.568058,0.287936,-7.04315
223406,971.0,392.015,16.513527,16.519229,16.519229,-0.048829,-4.20166
223407,972.0,393.151,16.483009,16.522109,16.522109,0.00288,-16.33761
223408,973.0,393.801,16.459414,16.472244,16.472244,-0.049865,-7.13832
223409,974.0,394.287,16.298579,16.305824,16.305824,-0.16642,-3.31992
223410,975.0,394.287,15.97046,15.97046,15.97046,-0.335364,0.58213
223411,976.0,394.829,15.986976,15.996161,15.996161,0.025701,-7.18618
223412,977.0,394.821,15.878177,15.878179,15.878179,-0.117982,-0.98171
223413,978.0,394.961,16.048339,16.04895,16.04895,0.170771,-4.58446
223414,979.0,395.169,16.299212,16.300539,16.300539,0.251589,-8.0071
223415,980.0,396.81,16.539895,16.621101,16.621101,0.320562,-33.04708
223416,981.0,398.367,16.331546,16.405598,16.405598,-0.215503,-17.17036
223417,982.0,398.684,16.00686,16.009998,16.009998,-0.3956,-0.48706
223418,983.0,399.225,15.426642,15.436125,15.436125,-0.573873,0.18571
223419,984.0,399.767,14.739207,14.749169,14.749169,-0.686956,1.37089
223420,985.0,400.068,13.976661,13.979902,13.979902,-0.769267,3.40373
223421,986.0,400.858,13.415206,13.438447,13.438447,-0.541455,-0.22531
223422,987.0,400.927,12.401204,12.401396,12.401396,-1.037051,6.54563
223423,988.0,401.3,11.569985,11.575996,11.575996,-0.8254,3.567
223424,989.0,401.331,10.664509,10.664554,10.664554,-0.911442,5.15485
223425,990.0,402.113,10.398144,10.427508,10.427508,-0.237046,-5.73218
223426,991.0,402.359,10.49288,10.495763,10.495763,0.068255,-2.33524
223427,992.0,402.375,10.149807,10.14982,10.14982,-0.345943,2.1574
223428,993.0,402.608,9.806811,9.809579,9.809579,-0.340241,1.00275
223429,994.0,402.608,9.258818,9.258818,9.258818,-0.550761,2.90036
223430,995.0,402.832,8.853592,8.856426,8.856426,-0.402392,1.04893
223431,996.0,403.469,8.074416,8.099504,8.099504,-0.756922,0.25114
223432,997.0,403.25,7.386613,7.389859,7.389859,-0.709645,3.81785
223433,998.0,403.453,6.155458,6.158805,6.158805,-1.231054,2.8315
223434,999.0,403.477,4.906447,4.906505,4.906505,-1.2523,2.87886
223435,1000.0,403.453,4.109943,4.110013,4.110013,-0.796492,1.65258
223436,1001.0,403.242,3.747726,3.753661,3.753661,-0.356352,1.57551
223437,1002.0,403.546,3.186292,3.200761,3.200761,-0.5529,-1.54007
223438,1003.0,403.398,2.607454,2.611651,2.611651,-0.58911,1.28681
223439,1004.0,404.027,1.937142,2.036703,2.036703,-0.574948,-7.99501
223440,1005.0,404.095,2.263837,2.264858,2.264858,0.228155,-1.72837
223441,1006.0,404.095,3.638924,3.638924,3.638924,1.374066,-9.38449
223442,1007.0,404.288,5.358913,5.362388,5.362388,1.723464,-17.11003
223443,1008.0,404.481,6.499507,6.502372,6.502372,1.139984,-13.79757
223444,1009.0,405.062,7.187634,7.211078,7.211078,0.708706,-16.02465
223445,1010.0,404.637,8.436643,8.447341,8.447341,1.236263,-12.89451
223446,1011.0,405.218,9.616083,9.633619,9.633619,1.186278,-25.46003
223447,1012.0,405.62,10.669055,10.676625,10.676625,1.043006,-21.71026
223448,1013.0,405.258,10.756558,10.762647,10.762647,0.086022,1.87883
223449,1014.0,406.341,11.100704,11.153409,11.153409,0.390762,-21.35086
223450,1015.0,406.658,11.661039,11.665347,11.665347,0.511938,-11.52126
223451,1016.0,406.93,12.546543,12.549491,12.549491,0.884144,-19.01598
223452,1017.0,406.867,13.343077,13.343226,13.343226,0.793735,-21.89609
223453,1018.0,407.665,14.248069,14.270398,14.270398,0.927172,-31.4147
223454,1019.0,408.03,14.738582,14.743101,14.743101,0.472703,-14.4891
223455,1020.0,408.759,15.035434,15.053097,15.053097,0.309996,-16.67935
223456,1021.0,408.711,15.504851,15.504925,15.504925,0.451828,-19.53457
223457,1022.0,409.456,15.497995,15.515891,15.515891,0.010966,-9.81685
223458,1023.0,409.441,15.417776,15.417784,15.417784,-0.098107,-0.71492
223459,1024.0,409.919,15.185952,15.193473,15.193473,-0.224311,-1.94704
223500,1025.0,410.075,15.336729,15.337522,15.337522,0.144049,-3.65288
223501,1026.0,410.712,15.425518,15.438665,15.438665,0.101143,-10.32298
223502,1027.0,410.849,15.282809,15.283423,15.283423,-0.155242,-0.90505
223503,1028.0,411.277,15.259211,15.265212,15.265212,-0.018211,-3.91637
223504,1029.0,411.959,15.21268,15.22796,15.22796,-0.037252,-7.48523
223505,1030.0,412.424,15.432336,15.43934,15.43934,0.21138,-10.34765
223506,1031.0,412.244,15.548985,15.550027,15.550027,0.110687,-1.61261
223507,1032.0,412.664,15.629499,15.635141,15.635141,0.085114,-6.57121
223508,1033.0,413.275,15.490566,15.502612,15.502612,-0.132529,-4.05136
223509,1034.0,412.989,15.571382,15.574008,15.574008,0.071396,-0.83526
223510,1035.0,414.036,15.607712,15.64279,15.64279,0.068782,-16.17139
223511,1036.0,414.477,15.885382,15.891502,15.891502,0.248712,-11.29261
223512,1037.0,415.074,16.141941,16.152977,16.152977,0.261475,-14.35031
223513,1038.0,415.005,16.360625,16.360771,16.360771,0.207794,-3.69789
223514,1039.0,415.214,16.835868,16.837165,16.837165,0.476394,-14.68408
223515,1040.0,416.144,17.449938,17.474702,17.474702,0.637537,-31.62351
223516,1041.0,416.718,17.866493,17.875711,17.875711,0.401009,-19.70609
223517,1042.0,417.346,17.946949,17.957933,17.957933,0.082222,-11.35332
223518,1043.0,417.719,17.808035,17.811941,17.811941,-0.145992,-4.38495
223519,1044.0,417.64,17.588828,17.589006,17.589006,-0.222935,-1.35588
223520,1045.0,418.308,17.391358,17.404182,17.404182,-0.184824,-5.04799
223521,1046.0,418.152,17.194006,17.194714,17.194714,-0.209468,-0.7277
223522,1047.0,418.3,16.626553,16.627212,16.627212,-0.567502,1.2274
223523,1048.0,418.525,15.841064,15.842661,15.842661,-0.784551,3.05344
223524,1049.0,418.818,14.98871,14.991574,14.991574,-0.851087,3.62757
223525,1050.0,418.75,14.205015,14.205178,14.205178,-0.786396,5.19149
223526,1051.0,418.921,13.734923,13.735987,13.735987,-0.469191,2.10749
223527,1052.0,419.595,13.35485,13.371848,13.371848,-0.364139,-0.7962
223528,1053.0,419.262,12.376707,12.381186,12.381186,-0.990662,8.17772
223529,1054.0,420.145,11.029267,11.064557,11.064557,-1.316629,3.50483
223530,1055.0,420.131,9.961501,9.961511,9.961511,-1.103046,5.89774
223531,1056.0,419.928,8.653751,8.656132,8.656132,-1.305379,6.80144
223532,1057.0,420.705,6.747308,6.791899,6.791899,-1.864233,2.62186
223533,1058.0,420.797,5.489717,5.490488,5.490488,-1.301411,3.08934
223534,1059.0,420.581,4.511709,4.516877,4.516877,-0.973611,3.14133
223535,1060.0,420.961,4.70125,4.716583,4.716583,0.199706,-6.76695
223536,1061.0,421.495,5.400023,5.426362,5.426362,0.709779,-13.76331
223537,1062.0,422.068,6.328103,6.353992,6.353992,0.92763,-17.43878
223538,1063.0,421.883,6.328104,6.330808,6.330808,-0.023184,1.08966
223539,1064.0,422.705,5.908907,5.965808,5.965808,-0.365,-8.39274
223540,1065.0,422.1,5.120517,5.156134,5.156134,-0.809674,4.9336
223541,1066.0,422.52,3.952932,3.975182,3.975182,-1.180952,0.22091
223542,1067.0,422.713,2.655573,2.662577,2.662577,-1.312605,0.6181
223543,1068.0,422.922,1.766952,1.77927,1.77927,-0.883307,-0.70002
223544,1069.0,422.893,1.118136,1.118512,1.118512,-0.660758,0.22553
223545,1070.0,422.977,0.698835,0.703865,0.703865,-0.414647,-1.04743
223546,1071.0,423.009,0.139767,0.143383,0.143383,-0.560482,-0.30087
223547,1072.0,423.03,0.237966,0.238891,0.238891,0.095508,-0.34402
223548,1073.0,423.955,0.978369,1.346414,1.346414,1.107523,-17.22254
223549,1074.0,424.039,2.376039,2.377524,2.377524,1.03111,-5.10492
223550,1075.0,423.551,3.583273,3.61635,3.61635,1.238826,0.06366
223551,1076.0,423.73,3.913478,3.917569,3.917569,0.301219,-4.15957
223552,1077.0,424.187,3.54612,3.575447,3.575447,-0.342122,-4.77608
223553,1078.0,424.335,3.040702,3.044302,3.044302,-0.531145,-0.04885
223554,1079.0,424.856,2.90108,2.947491,2.947491,-0.096811,-7.48516
223555,1080.0,425.041,3.738981,3.743555,3.743555,0.796064,-7.23076
223556,1081.0,424.785,4.601644,4.60876,4.60876,0.865205,-3.90662
223557,1082.0,424.56,4.936714,4.941839,4.941839,0.333079,0.29229
223558,1083.0,425.057,4.797431,4.823106,4.823106,-0.118733,-6.1407
223559,1084.0,425.081,4.218711,4.218779,4.218779,-0.604327,1.08256
223600,1085.0,425.041,3.604751,3.604973,3.604973,-0.613806,1.17545
223601,1086.0,425.345,2.456317,2.475057,2.475057,-1.129916,-0.26122
223602,1087.0,425.001,1.150178,1.200519,1.200519,-1.274538,2.11073
223603,1088.0,425.297,0.419302,0.513254,0.513254,-0.687265,-4.37903
223604,1089.0,425.001,0.084679,0.307874,0.307874,-0.20538,-0.29744
223605,1090.0,425.382,0.139767,0.405827,0.405827,0.097953,-0.34032
223606,1091.0,424.777,0.139767,0.620935,0.620935,0.215108,2.50342
223607,1092.0,425.546,0.169359,0.787428,0.787428,0.166493,-12.65294
223608,1093.0,424.972,0.111195,0.584671,0.584671,-0.202757,2.47565
223609,1094.0,425.205,0.084679,0.24791,0.24791,-0.336761,-0.29191
223610,1095.0,425.041,0.0,0.164,0.0,-0.24791,-0.35
223611,1096.0,424.777,0.0,0.264,0.0,0.0,-0.35
223612,1097.0,425.073,0.139767,0.327339,0.327339,0.327339,-0.60281
223613,1098.0,425.601,0.0,0.528,0.0,-0.327339,-0.35
223614,1099.0,425.073,0.139767,0.546186,0.546186,0.546186,2.05255
223615,1100.0,425.886,0.084679,0.817398,0.817398,0.271212,-13.49571
223616,1101.0,424.925,0.139767,0.971111,0.971111,0.153713,4.2119
223617,1102.0,425.366,0.139767,0.462619,0.462619,-0.508492,-0.20312
223618,1103.0,424.848,0.084679,0.524876,0.524876,0.062257,2.13215
223619,1104.0,425.289,0.111195,0.454802,0.454802,-0.070074,-0.30215
223620,1105.0,425.39,0.0,0.101,0.0,-0.454802,-0.35
223621,1106.0,425.366,0.084679,0.088015,0.088015,0.088015,-0.34748
223622,1107.0,425.289,0.084679,0.114453,0.114453,0.026438,-0.34331
223623,1108.0,425.102,0.111195,0.217562,0.217562,0.103109,-0.34536
223624,1109.0,425.429,0.084679,0.337786,0.337786,0.120224,-0.34559
223625,1110.0,425.421,0.0,0.008,0.0,-0.337786,-0.35
223626,1111.0,425.25,0.139767,0.220853,0.220853,0.220853,-0.48229
223627,1112.0,425.646,0.111195,0.411315,0.411315,0.190462,-0.57605
223628,1113.0,425.033,0.111195,0.623003,0.623003,0.211688,2.54238
223629,1114.0,425.102,0.084679,0.109232,0.109232,-0.513771,-0.31504
223630,1115.0,424.856,0.111195,0.269964,0.269964,0.160732,-0.48529
223631,1116.0,425.297,0.111195,0.454802,0.454802,0.184838,-0.5958
223632,1117.0,425.305,0.0,0.008,0.0,-0.454802,-0.35
223633,1118.0,425.738,0.0,0.433,0.0,0.0,-0.35
223634,1119.0,425.141,0.0,0.597,0.0,0.0,-0.35
223635,1120.0,425.345,0.0,0.204,0.0,0.0,-0.35
223636,1121.0,425.469,0.084679,0.150155,0.150155,0.150155,-0.42266
223637,1122.0,425.366,0.111195,0.151569,0.151569,0.001414,-0.3393
223638,1123.0,425.662,0.084679,0.307874,0.307874,0.156305,-0.50207
223639,1124.0,425.033,0.111195,0.638753,0.638753,0.330879,2.58103
223640,1125.0,425.458,0.0,0.425,0.0,-0.638753,-0.35
223641,1126.0,425.458,0.139767,0.139767,0.139767,0.139767,-0.3495
223642,1127.0,425.297,0.084679,0.181911,0.181911,0.042144,-0.34075
223643,1128.0,425.073,1.089343,1.112135,1.112135,0.930224,0.29254
223644,1129.0,425.39,2.576009,2.595441,2.595441,1.483306,-11.04684
223645,1130.0,425.601,4.140318,4.145691,4.145691,1.55025,-13.14986
223646,1131.0,426.103,5.367829,5.391251,5.391251,1.24556,-17.92321
223647,1132.0,426.407,5.765479,5.773488,5.773488,0.382237,-7.31425
223648,1133.0,426.407,6.041921,6.041921,6.041921,0.268433,-4.5499
223649,1134.0,426.679,6.180247,6.186229,6.186229,0.144308,-4.54289
223650,1135.0,426.492,6.258774,6.261567,6.261567,0.075338,0.79346
223651,1136.0,426.716,5.765486,5.769835,5.769835,-0.491732,0.40021
223652,1137.0,427.369,5.367838,5.407411,5.407411,-0.362424,-6.21037
223653,1138.0,427.284,4.754041,4.754801,4.754801,-0.65261,1.91147
223654,1139.0,428.069,4.417039,4.486253,4.486253,-0.268548,-9.80222
223655,1140.0,427.517,4.41704,4.451399,4.451399,-0.034854,2.67781
223656,1141.0,428.169,4.33938,4.388088,4.388088,-0.063311,-9.21384
223657,1142.0,428.021,4.278641,4.2812,4.2812,-0.106888,0.89161
223658,1143.0,428.875,4.140332,4.227489,4.227489,-0.053711,-12.56478
223659,1144.0,428.798,4.477508,4.47817,4.47817,0.250681,-0.19504
223700,1145.0,429.403,4.55553,4.595528,4.595528,0.117358,-9.73726
223701,1146.0,429.047,4.339384,4.353963,4.353963,-0.241565,2.17313
223702,1147.0,428.899,3.80324,3.806119,3.806119,-0.547844,1.64227
223703,1148.0,428.975,3.18954,3.190445,3.190445,-0.615674,0.47239
223704,1149.0,429.295,3.051379,3.068112,3.068112,-0.122333,-4.09884
223705,1150.0,429.821,3.327837,3.36915,3.36915,0.301038,-9.57275
223706,1151.0,429.868,3.664939,3.66524,3.66524,0.29609,-1.96369
223707,1152.0,429.821,3.60477,3.605076,3.605076,-0.060164,0.24229
223708,1153.0,429.876,3.129398,3.129881,3.129881,-0.475195,0.3366
223709,1154.0,429.744,2.576023,2.579403,2.579403,-0.550478,1.15095
223710,1155.0,429.868,2.040076,2.043841,2.043841,-0.535562,-0.26207
223711,1156.0,429.691,1.367175,1.378585,1.378585,-0.665256,1.03347
223712,1157.0,430.109,0.812695,0.913892,0.913892,-0.464693,-6.11362
223713,1158.0,429.961,0.33763,0.368643,0.368643,-0.545249,-0.2264
223714,1159.0,430.188,0.139768,0.266578,0.266578,-0.102065,-0.31783
223715,1160.0,429.9,0.950811,0.993472,0.993472,0.726894,0.73929
223716,1161.0,430.217,2.515464,2.535359,2.535359,1.541887,-11.15853
223717,1162.0,429.9,3.051383,3.067805,3.067805,0.532446,0.58784
223718,1163.0,430.048,2.576025,2.580273,2.580273,-0.487532,-0.25743
223719,1164.0,430.421,1.763377,1.802395,1.802395,-0.777878,-3.58895
223720,1165.0,430.561,0.892458,0.903373,0.903373,-0.899022,-1.04675
223721,1166.0,430.109,0.202601,0.495329,0.495329,-0.408044,-0.21682
223722,1167.0,430.473,0.0,0.364,0.0,-0.495329,-0.35
223723,1168.0,430.714,0.139768,0.278597,0.278597,0.278597,-0.54306
223724,1169.0,430.941,0.0,0.227,0.0,-0.278597,-0.35
223725,1170.0,430.722,0.0,0.219,0.0,0.0,-0.35
223726,1171.0,430.265,0.0,0.457,0.0,0.0,-0.35
223727,1172.0,430.706,0.139768,0.462619,0.462619,0.462619,-0.80918
223728,1173.0,430.637,0.0,0.069,0.0,-0.462619,-0.35
223729,1174.0,430.481,0.202601,0.255702,0.255702,0.255702,-0.51767
223730,1175.0,430.714,0.539025,0.587228,0.587228,0.331526,-4.24636
223731,1176.0,431.073,1.487739,1.53044,1.53044,0.943212,-8.06315
223732,1177.0,430.854,3.189546,3.197056,3.197056,1.666616,-6.308
223733,1178.0,431.134,4.892459,4.900464,4.900464,1.703408,-17.17302
223734,1179.0,431.507,5.704875,5.717056,5.717056,0.816592,-12.43899
223735,1180.0,431.11,5.964724,5.977921,5.977921,0.260865,1.23922
223736,1181.0,431.863,6.734181,6.776149,6.776149,0.798228,-19.39407
223737,1182.0,432.003,7.74489,7.746155,7.746155,0.970006,-12.72132
223738,1183.0,432.696,9.03273,9.059275,9.059275,1.31312,-28.22587
223739,1184.0,432.632,9.784937,9.785146,9.785146,0.725871,-13.71235
223740,1185.0,432.841,9.447998,9.45031,9.45031,-0.334836,0.99147
223741,1186.0,433.24,9.11111,9.119843,9.119843,-0.330467,-0.02051
223742,1187.0,434.318,9.309546,9.371752,9.371752,0.251909,-18.73822
223743,1188.0,434.923,9.92341,9.941835,9.941835,0.570083,-16.34991
223744,1189.0,435.304,10.028173,10.035408,10.035408,0.093573,-5.04033
223745,1190.0,435.467,10.113753,10.115066,10.115066,0.079658,-1.31113
223746,1191.0,435.531,10.450108,10.450304,10.450304,0.335238,-3.98624
223747,1192.0,435.087,11.158947,11.167776,11.167776,0.717472,-9.69044
223748,1193.0,435.539,11.957117,11.965657,11.965657,0.797881,-19.36224
223749,1194.0,436.921,12.770227,12.84479,12.84479,0.879133,-37.1381
223750,1195.0,436.913,13.633334,13.633336,13.633336,0.788546,-23.42112
223751,1196.0,438.683,14.433871,14.541992,14.541992,0.908656,-47.01335
223752,1197.0,439.019,15.188719,15.192435,15.192435,0.650443,-18.95827
223753,1198.0,439.267,15.666333,15.668296,15.668296,0.475861,-13.81561
223754,1199.0,439.804,16.020558,16.029555,16.029555,0.361259,-15.88965
223755,1200.0,440.432,16.344435,16.356496,16.356496,0.326941,-16.78202
223756,1201.0,441.156,16.468259,16.484166,16.484166,0.12767,-13.10112
223757,1202.0,442.898,16.421279,16.513418,16.513418,0.029252,-26.73153
223758,1203.0,443.675,16.498188,16.516475,16.516475,0.003057,-10.62139
223759,1204.0,444.063,16.621729,16.626257,16.626257,0.109782,-7.35557
223800,1205.0,445.012,16.698574,16.725519,16.725519,0.099262,-16.09626
223801,1206.0,446.285,16.899002,16.946882,16.946882,0.221363,-24.79101
223802,1207.0,447.717,16.899015,16.95958,16.95958,0.012698,-21.5817
223803,1208.0,447.873,16.852504,16.853226,16.853226,-0.106354,-2.73921
223804,1209.0,449.03,16.498264,16.538784,16.538784,-0.314442,-8.15518
223805,1210.0,449.839,16.452122,16.472001,16.472001,-0.066783,-9.23871
223806,1211.0,450.703,16.221021,16.244014,16.244014,-0.227987,-5.76543
223807,1212.0,451.015,16.067341,16.07037,16.07037,-0.173644,-2.23881
223808,1213.0,451.567,15.990626,16.000151,16.000151,-0.070219,-4.86424
223809,1214.0,452.323,15.913992,15.931938,15.931938,-0.068213,-8.14887
223810,1215.0,453.599,15.790135,15.841608,15.841608,-0.09033,-15.84895
223811,1216.0,453.723,15.188936,15.189443,15.189443,-0.652165,2.88147
223812,1217.0,454.476,14.310985,14.330781,14.330781,-0.858662,1.74439
223813,1218.0,454.4,13.356257,13.356473,13.356473,-0.974308,6.71853
223814,1219.0,455.311,12.801644,12.834018,12.834018,-0.522455,-0.69143
223815,1220.0,455.7,12.357366,12.363487,12.363487,-0.470531,1.63462
223816,1221.0,456.292,12.036479,12.051029,12.051029,-0.312458,-0.15204
223817,1222.0,457.092,11.63393,11.661403,11.661403,-0.389626,-2.12484
223818,1223.0,457.124,10.804225,10.804272,10.804272,-0.857131,4.94369
223819,1224.0,457.053,9.974237,9.974489,9.974489,-0.829783,4.85649
223820,1225.0,458.284,8.984798,9.068735,9.068735,-0.905754,-4.08278
223821,1226.0,458.501,6.926134,6.929533,6.929533,-2.139202,6.34132
223822,1227.0,458.424,4.554354,4.555005,4.555005,-2.374528,5.59188
223823,1228.0,458.892,2.532513,2.575393,2.575393,-1.979612,0.08169
223824,1229.0,459.296,1.622533,1.672073,1.672073,-0.90332,-3.93935
223825,1230.0,459.949,2.13911,2.23656,2.23656,0.564487,-12.28975
223826,1231.0,459.351,2.88876,2.950007,2.950007,0.713447,1.68555
223827,1232.0,460.813,3.798772,4.070394,4.070394,1.120387,-30.10654
223828,1233.0,460.348,4.867601,4.889761,4.889761,0.819367,0.28498
223829,1234.0,460.548,5.223945,5.227772,5.227772,0.338011,-5.09433
223830,1235.0,461.375,4.511288,4.586464,4.586464,-0.641308,-7.61942
223831,1236.0,461.04,3.996657,4.010672,4.010672,-0.575792,2.65505
223832,1237.0,461.655,4.075723,4.121862,4.121862,0.11119,-9.89251
223833,1238.0,461.732,4.947248,4.947847,4.947847,0.825985,-6.98429
223834,1239.0,461.756,5.183914,5.18397,5.18397,0.236123,-1.41274
223835,1240.0,462.372,4.670966,4.71141,4.71141,-0.47256,-5.37998
223836,1241.0,462.879,4.178159,4.208808,4.208808,-0.502602,-3.95609
223837,1242.0,462.575,3.953268,3.964939,3.964939,-0.243869,1.8542
223838,1243.0,463.68,4.194758,4.337859,4.337859,0.37292,-19.54554
223839,1244.0,463.508,4.386818,4.390188,4.390188,0.052329,0.68144
223840,1245.0,463.944,4.178338,4.201024,4.201024,-0.189164,-4.97406
223841,1246.0,464.303,4.581218,4.595262,4.595262,0.394238,-7.88053
223842,1247.0,464.81,5.255174,5.279574,5.279574,0.684312,-12.98582
223843,1248.0,464.739,5.525836,5.526292,5.526292,0.246718,-0.25354
223844,1249.0,465.035,5.322298,5.330522,5.330522,-0.19577,-2.02366
223845,1250.0,464.919,5.929435,5.93057,5.93057,0.600048,-5.81675
223846,1251.0,465.526,6.670353,6.697914,6.697914,0.767344,-16.64942
223847,1252.0,465.566,6.670355,6.670475,6.670475,-0.027439,0.06899
223848,1253.0,465.003,6.333244,6.358219,6.358219,-0.312256,3.77773
223849,1254.0,465.682,6.400266,6.436183,6.436183,0.077964,-10.33052
223850,1255.0,465.682,6.333248,6.333248,6.333248,-0.102935,0.4555
223851,1256.0,465.659,6.468487,6.468528,6.468528,0.13528,-0.16246
223852,1257.0,465.231,6.939267,6.952454,6.952454,0.483926,0.60035
223853,1258.0,465.511,7.074247,7.079786,7.079786,0.127332,-4.41113
223854,1259.0,465.822,7.007535,7.014433,7.014433,-0.065353,-2.71337
223855,1260.0,465.291,7.007538,7.027627,7.027627,0.013194,2.68086
223856,1261.0,465.41,6.872296,6.873326,6.873326,-0.154301,0.13733
223857,1262.0,465.526,6.670378,6.671386,6.671386,-0.20194,0.27177
223858,1263.0,464.623,6.739532,6.799758,6.799758,0.128372,4.04893
223859,1264.0,464.684,6.673772,6.674051,6.674051,-0.125707,0.28718
223900,1265.0,465.722,6.816751,6.895327,6.895327,0.221276,-17.58797
223901,1266.0,465.542,7.090445,7.092729,7.092729,0.197402,0.38663
223902,1267.0,464.855,7.026949,7.060451,7.060451,-0.032278,3.5802
223903,1268.0,464.763,7.101338,7.101934,7.101934,0.041483,0.50479
223904,1269.0,464.995,6.963905,6.967769,6.967769,-0.134165,-0.69123
223905,1270.0,465.339,7.252944,7.261097,7.261097,0.293328,-7.37463
223906,1271.0,464.84,7.839426,7.855291,7.855291,0.594194,0.39355
223907,1272.0,465.291,8.451694,8.463719,8.463719,0.608428,-13.59576
223908,1273.0,465.291,8.514679,8.514679,8.514679,0.05096,0.14035
223909,1274.0,465.659,8.915677,8.923269,8.923269,0.40859,-9.66
223910,1275.0,465.947,9.253321,9.257802,9.257802,0.334533,-7.36679
223911,1276.0,466.919,9.865201,9.91297,9.91297,0.655168,-23.56889
223912,1277.0,467.714,10.065687,10.097033,10.097033,0.184063,-13.12472
223913,1278.0,467.965,9.928616,9.931788,9.931788,-0.165245,0.10882
223914,1279.0,470.576,10.202846,10.531637,10.531637,0.599849,-49.20287
223915,1280.0,471.604,10.540482,10.590493,10.590493,0.058856,-14.63583
223916,1281.0,471.9,11.089716,11.093666,11.093666,0.503173,-10.80795
223917,1282.0,472.827,11.56476,11.601853,11.601853,0.508187,-21.17201
223918,1283.0,473.538,12.177372,12.198111,12.198111,0.596258,-19.73068
223919,1284.0,474.262,12.503089,12.524033,12.524033,0.325922,-14.8194
223920,1285.0,474.613,12.302774,12.30778,12.30778,-0.216253,0.31765
223921,1286.0,475.269,11.215786,11.234954,11.234954,-1.072826,3.38585
223922,1287.0,475.409,9.863924,9.864917,9.864917,-1.370037,6.37777
223923,1288.0,475.869,8.813279,8.825275,8.825275,-1.039642,2.64073
223924,1289.0,475.824,8.230435,8.230558,8.230558,-0.594717,2.90492
223925,1290.0,476.455,7.531887,7.558272,7.558272,-0.672286,-0.28285
223926,1291.0,477.623,6.655936,6.757641,6.757641,-0.800631,-8.41743
223927,1292.0,477.071,5.091343,5.121179,5.121179,-1.636462,6.7153
223928,1293.0,477.095,3.26817,3.268258,3.268258,-1.852921,2.70645
223929,1294.0,478.622,1.625458,2.230211,2.230211,-1.038047,-20.42339
223930,1295.0,478.418,0.614105,0.647102,0.647102,-1.583109,1.16121
223931,1296.0,478.233,0.139772,0.231865,0.231865,-0.415237,-0.28686
223932,1297.0,478.178,0.0,0.055,0.0,-0.231865,-0.35
223933,1298.0,477.779,0.139772,0.422773,0.422773,0.422773,-0.7422
223934,1299.0,477.594,0.139772,0.231865,0.231865,-0.190908,-0.31204
223935,1300.0,478.638,0.0,1.044,0.0,-0.231865,-0.35
223936,1301.0,477.71,0.139772,0.938467,0.938467,0.938467,3.69863
223937,1302.0,477.702,0.139772,0.140001,0.140001,-0.798466,-0.2859
223938,1303.0,478.178,0.111195,0.488815,0.488815,0.348814,-0.74465
223939,1304.0,478.062,0.0,0.116,0.0,-0.488815,-0.35
223940,1305.0,478.075,0.111195,0.111952,0.111952,0.111952,-0.34809
223941,1306.0,478.162,0.111195,0.141185,0.141185,0.029233,-0.34194
223942,1307.0,477.998,0.139772,0.215481,0.215481,0.074296,-0.3424
223943,1308.0,478.138,0.202612,0.246276,0.246276,0.030795,-0.33612
223944,1309.0,478.075,1.08939,1.09121,1.09121,0.844934,-1.10675
223945,1310.0,478.498,2.238848,2.278458,2.278458,1.187248,-10.955
223946,1311.0,478.601,3.070526,3.072253,3.072253,0.793795,-5.21326
223947,1312.0,478.841,3.406914,3.415357,3.415357,0.343104,-5.25098
223948,1313.0,479.224,3.684632,3.704484,3.704484,0.289127,-7.29538
223949,1314.0,479.652,4.020999,4.043713,4.043713,0.339229,-8.41423
223950,1315.0,479.496,4.101676,4.104642,4.104642,0.060929,0.57287
223951,1316.0,479.449,4.101677,4.101946,4.101946,-0.002696,0.18135
223952,1317.0,478.918,4.101678,4.135907,4.135907,0.033961,2.40971
223953,1318.0,478.35,4.183755,4.222136,4.222136,0.086229,2.48402
223954,1319.0,478.366,4.127667,4.127698,4.127698,-0.094438,0.06752
223955,1320.0,478.709,3.988205,4.002927,4.002927,-0.124771,-4.02228
223956,1321.0,477.602,3.709349,3.87101,3.87101,-0.131917,5.44024
223957,1322.0,477.451,3.235239,3.238761,3.238761,-0.632249,1.5947
223958,1323.0,477.227,2.761581,2.770651,2.770651,-0.46811,1.54267
223959,1324.0,477.391,2.203328,2.209423,2.209423,-0.561228,-0.41568
224000,1325.0,477.203,1.450598,1.462729,1.462729,-0.746694,1.17657
224001,1326.0,477.311,0.475426,0.487538,0.487538,-0.975191,-0.08503
224002,1327.0,477.118,0.0,0.193,0.0,-0.487538,-0.35
224003,1328.0,478.054,0.084687,0.939823,0.939823,0.939823,-16.50693
224004,1329.0,476.524,0.111195,1.534035,1.534035,0.594212,6.58612
224005,1330.0,476.891,0.084687,0.376644,0.376644,-1.157391,-0.11208
224006,1331.0,477.25,0.139772,0.38525,0.38525,0.008606,-0.32415
224007,1332.0,477.982,0.084687,0.736883,0.736883,0.351633,-12.28269
224008,1333.0,477.702,0.111195,0.301271,0.301271,-0.435612,-0.26498
224009,1334.0,477.515,0.0,0.187,0.0,-0.301271,-0.35
224010,1335.0,477.343,0.559088,0.584948,0.584948,0.584948,0.34305
224011,1336.0,476.548,1.645642,1.827611,1.827611,1.242663,2.45778
224012,1337.0,476.791,3.152002,3.161355,3.161355,1.333744,-10.31931
224013,1338.0,476.791,4.406658,4.406658,4.406658,1.245303,-10.38067
224014,1339.0,476.632,5.272341,5.274738,5.274738,0.86808,-6.60202
224015,1340.0,476.172,6.275809,6.292645,6.292645,1.017907,-5.06475
224016,1341.0,476.188,7.223432,7.22345,7.22345,0.930805,-9.62659
224017,1342.0,475.728,7.781416,7.795001,7.795001,0.571551,0.30504
224018,1343.0,475.66,8.115887,8.116172,8.116172,0.321171,-5.72335
224019,1344.0,475.533,8.868899,8.869809,8.869809,0.753637,-11.68227
224020,1345.0,475.456,9.343103,9.34342,9.34342,0.473611,-8.97664
224021,1346.0,475.221,9.678057,9.68091,9.68091,0.33749,0.01169
224022,1347.0,474.941,9.956809,9.960745,9.960745,0.279835,0.49002
224023,1348.0,474.941,10.431202,10.431202,10.431202,0.470457,-11.41446
224024,1349.0,475.152,10.988701,10.990726,10.990726,0.559524,-10.41863
224025,1350.0,475.377,11.463064,11.465272,11.465272,0.474546,-9.28339
224026,1351.0,475.377,11.881206,11.881206,11.881206,0.415934,-12.09414
224027,1352.0,474.825,11.994161,12.006857,12.006857,0.125651,2.75113
224028,1353.0,475.456,12.076867,12.09334,12.09334,0.086483,-8.29539
224029,1354.0,475.065,12.272749,12.278976,12.278976,0.185636,1.46576
224030,1355.0,475.448,12.133463,12.139506,12.139506,-0.13947,-0.21082
224031,1356.0,476.704,12.272762,12.336864,12.336864,0.197358,-20.58897
224032,1357.0,478.334,12.438883,12.545226,12.545226,0.208362,-26.90174
224033,1358.0,478.122,12.355611,12.35743,12.35743,-0.187796,2.79892
224034,1359.0,479.401,12.16006,12.227137,12.227137,-0.130293,-14.376
224035,1360.0,480.128,12.02066,12.042624,12.042624,-0.184513,-4.49928
224036,1361.0,480.128,11.490692,11.490692,11.490692,-0.551932,3.76968
224037,1362.0,480.915,11.045089,11.073092,11.073092,-0.4176,-2.04565
224038,1363.0,481.734,10.570642,10.602322,10.602322,-0.47077,-2.1564
224039,1364.0,482.641,9.399444,9.443103,9.443103,-1.159219,1.4426
224040,1365.0,482.11,7.532009,7.550703,7.550703,-1.8924,9.69441
224041,1366.0,483.093,5.690171,5.774455,5.774455,-1.776248,0.38775
224042,1367.0,483.101,4.496368,4.496375,4.496375,-1.27808,2.72877
224043,1368.0,482.984,4.278896,4.280495,4.280495,-0.21588,0.97009
224044,1369.0,483.6,4.694362,4.734605,4.734605,0.45411,-12.49687
224045,1370.0,483.381,5.627735,5.631995,5.631995,0.89739,-6.5192
224046,1371.0,484.419,6.626519,6.707324,6.707324,1.075329,-26.90249
224047,1372.0,484.699,8.040108,8.044982,8.044982,1.337658,-20.14393
224048,1373.0,484.85,9.381387,9.382603,9.382603,1.337621,-20.52001
224049,1374.0,484.662,9.791908,9.793712,9.793712,0.411109,-6.72555
224050,1375.0,484.443,10.129565,10.131932,10.131932,0.33822,-0.08948
224051,1376.0,484.131,10.941873,10.946321,10.946321,0.814389,-13.16754
224052,1377.0,484.327,11.690918,11.692561,11.692561,0.74624,-14.06626
224053,1378.0,483.78,12.165808,12.178099,12.178099,0.485538,0.50262
224054,1379.0,482.961,12.503447,12.530241,12.530241,0.352142,2.32297
224055,1380.0,483.74,12.778095,12.801819,12.801819,0.271578,-14.7842
224056,1381.0,483.748,12.915503,12.915505,12.915505,0.113686,-0.41101
224057,1382.0,483.172,12.915511,12.928349,12.928349,0.012844,2.98567
224058,1383.0,482.921,12.841112,12.843565,12.843565,-0.084784,2.10184
224059,1384.0,482.53,12.703889,12.709905,12.709905,-0.13366,3.14311
224100,1385.0,482.194,12.566722,12.571213,12.571213,-0.138692,2.9856
224101,1386.0,482.429,13.041547,13.043664,13.043664,0.472451,-10.53546
224102,1387.0,482.297,13.379198,13.379849,13.379849,0.336185,-10.91534
224103,1388.0,481.494,13.579691,13.603412,13.603412,0.223563,2.23001
224104,1389.0,481.018,13.653704,13.661999,13.661999,0.058587,1.72129
224105,1390.0,481.354,13.716869,13.720984,13.720984,0.058985,-3.64207
224106,1391.0,481.431,13.590801,13.591019,13.591019,-0.129965,0.38633
224107,1392.0,480.783,13.665659,13.681014,13.681014,0.089995,2.3165
224108,1393.0,480.368,13.603329,13.609658,13.609658,-0.071356,2.32555
224109,1394.0,480.456,13.528144,13.52843,13.52843,-0.081228,0.05372
224110,1395.0,479.544,13.390667,13.421687,13.421687,-0.106743,5.03757
224111,1396.0,479.378,12.841223,12.842295,12.842295,-0.579392,4.77459
224112,1397.0,479.401,12.715495,12.715515,12.715515,-0.12678,1.13132
224113,1398.0,479.325,12.440628,12.44086,12.44086,-0.274655,2.63634
224114,1399.0,479.348,12.177876,12.177898,12.177898,-0.262962,2.20901
224115,1400.0,479.745,11.930342,11.936945,11.936945,-0.240953,0.26536
224116,1401.0,479.753,11.290519,11.290522,11.290522,-0.646423,4.1687
224117,1402.0,480.072,9.826011,9.831188,9.831188,-1.459334,5.92624
224118,1403.0,479.589,7.925476,7.94018,7.94018,-1.891008,9.85634
224119,1404.0,479.301,5.829574,5.836683,5.836683,-2.103497,7.40891
224120,1405.0,479.753,3.905306,3.931376,3.931376,-1.905307,1.41925
224121,1406.0,479.401,2.342921,2.369216,2.369216,-1.56216,3.28497
224122,1407.0,479.893,1.171461,1.270584,1.270584,-1.098632,-5.6283
224123,1408.0,480.228,0.419327,0.536712,0.536712,-0.733872,-4.92915
224124,1409.0,480.051,0.0,0.177,0.0,-0.536712,-0.35
224125,1410.0,480.448,0.139776,0.420887,0.420887,0.420887,-0.73916
224126,1411.0,480.041,0.139776,0.430333,0.430333,0.009446,-0.32129
224127,1412.0,479.901,0.237971,0.276098,0.276098,-0.154235,-0.3097
224128,1413.0,480.236,0.139776,0.362991,0.362991,0.086893,-0.3394
224129,1414.0,480.12,0.139776,0.18164,0.18164,-0.181351,-0.32111
224130,1415.0,480.376,0.139776,0.291673,0.291673,0.110033,-0.34475
224131,1416.0,479.684,0.139776,0.705975,0.705975,0.414302,2.8458
224132,1417.0,479.753,0.084693,0.109242,0.109242,-0.596733,-0.31065
224133,1418.0,480.152,0.111195,0.414204,0.414204,0.304962,-0.65483
224134,1419.0,480.059,0.084693,0.125785,0.125785,-0.288419,-0.32347
224135,1420.0,479.893,0.084693,0.186357,0.186357,0.060572,-0.34219
224136,1421.0,480.16,0.139776,0.301374,0.301374,0.115017,-0.34531
224137,1422.0,480.276,0.139776,0.18164,0.18164,-0.119734,-0.32653
224138,1423.0,479.824,0.475442,0.65601,0.65601,0.47437,1.69315
224139,1424.0,480.213,2.138025,2.173125,2.173125,1.517115,-11.40135
224140,1425.0,480.651,4.179749,4.202635,4.202635,2.02951,-20.1813
224141,1426.0,480.527,5.010218,5.011753,5.011753,0.809118,-6.23467
224142,1427.0,480.807,5.625889,5.632853,5.632853,0.6211,-9.07477
224143,1428.0,480.548,6.509544,6.514694,6.514694,0.881841,-7.26623
224144,1429.0,480.028,7.589551,7.607344,7.607344,1.09265,-7.62251
224145,1430.0,479.708,8.458868,8.464919,8.464919,0.857575,-9.39239
224146,1431.0,479.378,9.038592,9.044615,9.044615,0.579696,-6.15802
224147,1432.0,478.865,9.317061,9.331173,9.331173,0.286558,1.58014
224148,1433.0,477.686,9.538987,9.611572,9.611572,0.280399,4.7649
224149,1434.0,476.563,9.76167,9.826053,9.826053,0.214481,4.80793
224150,1435.0,475.081,9.874187,9.984783,9.984783,0.15873,6.78469
224151,1436.0,475.089,9.874191,9.874195,9.874195,-0.110588,0.99036
224152,1437.0,475.229,9.849172,9.850167,9.850167,-0.024028,-0.05357
224153,1438.0,474.497,9.791838,9.819161,9.819161,-0.031006,4.11777
224154,1439.0,474.254,9.84918,9.852178,9.852178,0.033017,1.49386
224155,1440.0,474.154,9.931071,9.931574,9.931574,0.079396,0.59948
224156,1441.0,474.162,9.906919,9.906923,9.906923,-0.024651,0.58368
224157,1442.0,473.601,9.791856,9.807913,9.807913,-0.09901,3.62701
224158,1443.0,473.786,9.678388,9.680156,9.680156,-0.127757,0.19743
224159,1444.0,473.335,9.595639,9.606231,9.606231,-0.073925,2.95513
224200,1445.0,473.086,9.65266,9.655871,9.655871,0.04964,1.4253
224201,1446.0,473.039,9.710086,9.7102,9.7102,0.054329,0.44862
224202,1447.0,472.399,9.931101,9.951702,9.951702,0.241502,2.38499
224203,1448.0,471.651,9.988363,10.016332,10.016332,0.06463,3.75583
224204,1449.0,471.348,9.988367,9.992962,9.992962,-0.02337,2.06584
224205,1450.0,470.412,10.096567,10.13986,10.13986,0.146898,4.2556
224206,1451.0,470.468,10.070359,10.070514,10.070514,-0.069346,0.59472
224207,1452.0,468.814,10.127542,10.261716,10.261716,0.191202,7.45185
224208,1453.0,467.622,10.127547,10.197454,10.197454,-0.064262,6.51704
224209,1454.0,466.974,9.931132,9.952251,9.952251,-0.245203,4.76851
224210,1455.0,466.951,9.456412,9.45644,9.45644,-0.495811,2.83174
224211,1456.0,465.207,9.121076,9.286311,9.286311,-0.170129,9.48247
224212,1457.0,465.722,8.869256,8.884195,8.884195,-0.402116,-0.32695
224213,1458.0,465.151,8.53467,8.553749,8.553749,-0.330446,4.43549
224214,1459.0,464.491,7.726692,7.754829,7.754829,-0.79892,6.40837
224215,1460.0,464.256,6.470757,6.475023,6.475023,-1.279806,5.28141
224216,1461.0,464.372,4.937147,4.93851,4.93851,-1.536513,3.14339
224217,1462.0,464.263,3.209651,3.211501,3.211501,-1.727009,3.08719
224218,1463.0,463.899,1.645716,1.68549,1.68549,-1.526011,2.74528
224219,1464.0,464.007,1.564842,1.568565,1.568565,-0.116925,-1.39825
224220,1465.0,464.499,2.873714,2.915527,2.915527,1.346962,-13.88644
224221,1466.0,464.966,4.774183,4.796969,4.796969,1.881442,-21.29063
224222,1467.0,464.723,6.361496,6.366136,6.366136,1.569167,-14.38545
224223,1468.0,464.647,6.836466,6.836889,6.836889,0.470753,-6.17555
224224,1469.0,466.758,7.311499,7.610147,7.610147,0.773258,-41.58587
224225,1470.0,467.606,8.285497,8.32878,8.32878,0.718633,-21.34182
224226,1471.0,468.37,8.89952,8.932253,8.932253,0.603473,-18.8189
224227,1472.0,469.08,9.374383,9.401231,9.401231,0.468978,-16.18673
224228,1473.0,470.824,9.652754,9.809037,9.809037,0.407806,-31.87579
224229,1474.0,471.26,9.817865,9.827541,9.827541,0.018504,-4.76948
224230,1475.0,472.04,9.566673,9.598418,9.598418,-0.229123,-6.47462
224231,1476.0,472.19,9.960795,9.961924,9.961924,0.363506,-5.74863
224232,1477.0,473.435,10.379801,10.4542,10.4542,0.492276,-25.51815
224233,1478.0,473.601,10.573553,10.574856,10.574856,0.120656,-1.94126
224234,1479.0,474.146,10.907237,10.920845,10.920845,0.345989,-11.92184
224235,1480.0,475.377,10.738161,10.80849,10.80849,-0.112355,-14.79591
224236,1481.0,475.221,10.406021,10.40719,10.40719,-0.4013,3.32582
224237,1482.0,475.557,10.185217,10.190757,10.190757,-0.216433,0.00862
224238,1483.0,477.951,10.127657,10.406761,10.406761,0.216004,-39.16598
224239,1484.0,478.529,10.319705,10.335879,10.335879,-0.070882,-5.34799
224240,1485.0,480.02,10.403835,10.510131,10.510131,0.174252,-24.02824
224241,1486.0,480.252,10.153027,10.155677,10.155677,-0.354454,1.17343
224242,1487.0,480.495,9.735085,9.738118,9.738118,-0.417559,1.29852
224243,1488.0,480.931,8.81794,8.828712,8.828712,-0.909406,2.20002
224244,1489.0,481.37,8.14636,8.15818,8.15818,-0.670532,0.87709
224245,1490.0,481.89,7.475456,7.49352,7.49352,-0.66466,0.18934
224246,1491.0,481.542,6.582934,6.592126,6.592126,-0.901394,4.69339
224247,1492.0,480.963,5.330149,5.361505,5.361505,-1.230621,6.0005
224248,1493.0,480.659,3.848978,3.860964,3.860964,-1.500541,4.18314
224249,1494.0,480.612,2.377281,2.377745,2.377745,-1.483219,1.75238
224250,1495.0,481.198,1.981425,2.066263,2.066263,-0.311482,-8.1596
224251,1496.0,480.704,3.29147,3.328334,3.328334,1.262071,0.20532
224252,1497.0,481.354,5.052108,5.093751,5.093751,1.765417,-24.07737
224253,1498.0,481.063,6.165111,6.171974,6.171974,1.078223,-8.13297
224254,1499.0,480.268,7.033522,7.078309,7.078309,0.906335,0.87808
224255,1500.0,479.88,7.925709,7.935201,7.935201,0.856892,-7.3771
224256,1501.0,478.934,8.122829,8.17773,8.17773,0.242529,3.84886
224257,1502.0,478.857,7.925715,7.926089,7.926089,-0.251641,1.62179
224258,1503.0,476.54,7.647672,7.990956,7.990956,0.064867,11.05176
224259,1504.0,475.673,7.114808,7.167439,7.167439,-0.823517,7.19294
224300,1505.0,474.777,6.361585,6.424374,6.424374,-0.743065,6.71555
224301,1506.0,474.521,5.494648,5.500609,5.500609,-0.923765,3.74361
224302,1507.0,472.703,4.352033,4.716494,4.716494,-0.784115,10.4284
224303,1508.0,472.19,3.207103,3.247873,3.247873,-1.468621,4.63305
224304,1509.0,472.407,2.107444,2.118587,2.118587,-1.129286,-0.06991
224305,1510.0,472.579,2.194319,2.20105,2.20105,0.082463,-2.8591
224306,1511.0,472.423,3.345511,3.349146,3.349146,1.148096,-4.93882
224307,1512.0,472.587,4.352155,4.355244,4.355244,1.006098,-9.01512
224308,1513.0,472.399,5.159892,5.163315,5.163315,0.808071,-5.44596
224309,1514.0,472.407,5.476619,5.476625,5.476625,0.31331,-1.87504
224310,1515.0,472.048,5.402749,5.414663,5.414663,-0.061962,1.92764
224311,1516.0,471.924,5.324697,5.326141,5.326141,-0.088522,0.86974
224312,1517.0,472.563,5.138993,5.178569,5.178569,-0.147572,-7.99779
224313,1518.0,472.19,4.774266,4.788815,4.788815,-0.389754,2.68342
224314,1519.0,472.111,4.471672,4.47237,4.47237,-0.316445,1.04278
224315,1520.0,472.618,3.965775,3.998052,3.998052,-0.474318,-4.3685
224316,1521.0,472.79,4.074952,4.078581,4.078581,0.080529,-2.61942
224317,1522.0,472.407,4.666511,4.682202,4.682202,0.603621,0.44997
224318,1523.0,472.338,5.942361,5.942761,5.942761,1.260559,-12.97131
224319,1524.0,471.604,7.223866,7.26106,7.26106,1.318299,-6.14453
224320,1525.0,470.816,8.228733,8.266378,8.266378,1.005318,0.04387
224321,1526.0,470.772,9.064857,9.064964,9.064964,0.798586,-13.98104
224322,1527.0,469.881,9.792129,9.832582,9.832582,0.767618,1.07259
224323,1528.0,468.182,10.545374,10.681363,10.681363,0.848781,4.27662
224324,1529.0,466.454,11.05469,11.18893,11.18893,0.507567,6.11826
224325,1530.0,465.619,11.113271,11.144596,11.144596,-0.044334,4.85989
224326,1531.0,466.095,11.113277,11.123466,11.123466,-0.02113,-4.20086
224327,1532.0,465.479,11.272731,11.289549,11.289549,0.166083,2.69113
224328,1533.0,466.166,11.411089,11.43175,11.43175,0.142201,-10.46433
224329,1534.0,468.37,11.449773,11.659971,11.659971,0.228221,-36.27008
224330,1535.0,470.296,11.298654,11.461634,11.461634,-0.198337,-23.88853
224331,1536.0,471.16,11.128803,11.162291,11.162291,-0.299343,-5.32387
224332,1537.0,472.072,10.741903,10.780548,10.780548,-0.381743,-4.99228
224333,1538.0,473.71,10.579536,10.705589,10.705589,-0.074959,-22.00753
224334,1539.0,474.193,10.440594,10.45176,10.45176,-0.253829,-0.65843
224335,1540.0,474.989,10.419391,10.449752,10.449752,-0.002008,-9.94068
224336,1541.0,475.525,10.221552,10.235596,10.235596,-0.214156,-2.34215
224337,1542.0,476.571,10.153205,10.206943,10.206943,-0.028653,-13.58839
224338,1543.0,479.09,10.080407,10.390378,10.390378,0.183435,-40.61198
224339,1544.0,479.824,9.99302,10.019941,10.019941,-0.370437,-3.11579
224340,1545.0,479.589,10.121303,10.124031,10.124031,0.10409,1.13471
224341,1546.0,480.339,10.220961,10.248441,10.248441,0.12441,-11.39711
224342,1547.0,480.416,10.433112,10.433396,10.433396,0.184955,-1.64257
224343,1548.0,479.88,10.540798,10.554417,10.554417,0.121021,2.50787
224344,1549.0,480.36,10.452914,10.463929,10.463929,-0.090488,-3.38285
224345,1550.0,480.479,10.708265,10.708926,10.708926,0.244997,-3.32957
224346,1551.0,480.339,10.563858,10.564785,10.564785,-0.144141,1.98393
224347,1552.0,480.26,10.369188,10.369489,10.369489,-0.195296,1.91375
224348,1553.0,480.244,10.123015,10.123028,10.123028,-0.246461,1.81265
224349,1554.0,480.144,9.616275,9.616795,9.616795,-0.506233,3.30238
224350,1555.0,480.72,8.663349,8.682476,8.682476,-0.934319,1.55983
224351,1556.0,480.26,7.439181,7.453389,7.453389,-1.229087,6.86467
224352,1557.0,480.152,6.112922,6.113876,6.113876,-1.339513,4.59878
224353,1558.0,480.191,4.352193,4.352368,4.352368,-1.761508,3.49967
224354,1559.0,480.244,2.42275,2.42333,2.42333,-1.929038,1.8366
224355,1560.0,480.144,1.171516,1.175777,1.175777,-1.247553,0.91929
224356,1561.0,480.191,1.031998,1.033067,1.033067,-0.14271,-0.6125
224357,1562.0,480.368,2.31775,2.324499,2.324499,1.291432,-7.49892
224358,1563.0,480.955,3.850131,3.894621,3.894621,1.570122,-18.71239
224359,1564.0,480.051,4.630645,4.71806,4.71806,0.823439,2.41501
224400,1565.0,480.128,5.119659,5.120238,5.120238,0.402178,-3.63634
224401,1566.0,479.425,5.461861,5.506917,5.506917,0.386679,2.37594
224402,1567.0,479.245,6.023123,6.025812,6.025812,0.518895,-4.11982
