132443,0,495.924,0.0,0.0,0,0,-0.35
132444,1.0,497.07,0.111195,1.151382,1.151382,1.151382,-20.529
132445,2.0,496.658,0.169405,0.445468,0.445468,-0.705914,-0.16598
132446,3.0,496.672,0.0,0.014,0.0,-0.445468,-0.35
132447,4.0,496.391,0.0,0.281,0.0,0.0,-0.35
132448,5.0,496.508,0.0,0.117,0.0,0.0,-0.35
132449,6.0,496.336,0.0,0.172,0.0,0.0,-0.35
132450,7.0,496.407,0.0,0.071,0.0,0.0,-0.35
132451,8.0,496.344,0.0,0.063,0.0,0.0,-0.35
132452,9.0,496.455,0.0,0.111,0.0,0.0,-0.35
132453,10.0,496.679,0.956702,0.982576,0.982576,0.982576,-5.26211
132454,11.0,496.132,0.810553,0.977858,0.977858,-0.004718,2.32035
132455,12.0,496.291,0.741201,0.758064,0.758064,-0.219794,-2.43575
132456,13.0,496.064,0.539112,0.584953,0.584953,-0.173111,0.81901
132457,14.0,495.704,0.478351,0.598682,0.598682,0.013729,1.39875
132458,15.0,495.641,0.539112,0.54278,0.54278,-0.055902,0.00265
132459,16.0,496.0,0.33768,0.492858,0.492858,-0.049922,-0.30295
132500,17.0,495.609,0.405277,0.563143,0.563143,0.070285,1.52827
132501,18.0,496.056,0.139781,0.468346,0.468346,-0.094797,-0.29512
132502,19.0,495.469,0.169405,0.610956,0.610956,0.14261,2.43969
132503,20.0,495.961,0.084702,0.499238,0.499238,-0.111718,-0.2874
132504,21.0,495.884,0.084702,0.114471,0.114471,-0.384767,-0.32052
132505,22.0,496.148,0.084702,0.277255,0.277255,0.162784,-0.48987
132506,23.0,495.977,0.111195,0.203974,0.203974,-0.073281,-0.32823
132507,24.0,495.977,0.084702,0.084702,0.084702,-0.119272,-0.33907
132508,25.0,495.541,0.084702,0.444151,0.444151,0.359449,-0.71626
132509,26.0,495.821,0.111195,0.301271,0.301271,-0.14288,-0.30769
132510,27.0,496.164,0.139781,0.370389,0.370389,0.069118,-0.336
132511,28.0,496.008,0.0,0.156,0.0,-0.370389,-0.35
132512,29.0,495.657,0.33768,0.487061,0.487061,0.487061,-0.85282
132513,30.0,496.103,0.22239,0.498371,0.498371,0.01131,-0.3172
132514,31.0,495.757,0.44478,0.563511,0.563511,0.06514,1.31594
132515,32.0,495.282,0.56239,0.736144,0.736144,0.172633,1.89727
132516,33.0,495.86,0.56239,0.806453,0.806453,0.070309,-9.47764
132517,34.0,495.86,0.559125,0.559125,0.559125,-0.247328,-0.24318
132518,35.0,496.056,0.651076,0.679938,0.679938,0.120813,-3.45017
132519,36.0,496.119,0.74827,0.750917,0.750917,0.070979,-1.26259
132520,37.0,496.0,0.818793,0.827395,0.827395,0.076478,0.24366
132521,38.0,496.008,0.905546,0.905582,0.905582,0.078187,-0.37571
132522,39.0,495.929,1.000754,1.003868,1.003868,0.098286,0.04916
132523,40.0,496.196,0.51225,0.577658,0.577658,-0.42621,-4.07394
132524,41.0,496.064,0.753253,0.764732,0.764732,0.187074,0.2623
132525,42.0,495.438,0.611292,0.87496,0.87496,0.110228,2.63931
132526,43.0,495.797,0.405277,0.541415,0.541415,-0.333545,-5.65838
132527,44.0,495.353,0.084703,0.452007,0.452007,-0.089408,-0.29821
132528,45.0,495.477,0.554743,0.568433,0.568433,0.116426,-2.30136
132529,46.0,495.704,1.346141,1.365146,1.365146,0.796713,-5.41642
132530,47.0,495.929,2.227387,2.238722,2.238722,0.873576,-6.58371
132531,48.0,495.821,2.888459,2.890478,2.890478,0.651756,-2.39636
132532,49.0,497.266,3.305269,3.60733,3.60733,0.716852,-26.74291
132533,50.0,497.768,3.728569,3.762211,3.762211,0.154881,-8.38555
132534,51.0,497.768,3.92162,3.92162,3.92162,0.159409,-2.33738
132535,52.0,498.04,3.92162,3.931042,3.931042,0.009422,-3.78085
132536,53.0,498.484,3.474583,3.502836,3.502836,-0.428206,-4.13714
132537,54.0,499.61,3.141874,3.337551,3.337551,-0.165285,-16.61241
132538,55.0,499.908,2.271361,2.290826,2.290826,-1.046725,-0.65056
132539,56.0,499.969,1.895128,1.896109,1.896109,-0.394717,-0.14123
132540,57.0,500.579,2.873819,2.937845,2.937845,1.041736,-14.35438
132541,58.0,500.807,4.80461,4.810017,4.810017,1.872172,-17.43862
132542,59.0,501.84,6.393317,6.476233,6.476233,1.666216,-32.71754
132543,60.0,502.989,6.825317,6.921355,6.921355,0.445122,-21.88393
132544,61.0,503.153,7.169273,7.171149,7.171149,0.249794,-3.97913
132545,62.0,504.099,8.303404,8.357119,8.357119,1.18597,-29.28792
132546,63.0,504.355,9.727113,9.730482,9.730482,1.373363,-23.38916
132547,64.0,505.233,11.105301,11.139955,11.139955,1.409473,-36.55389
132548,65.0,505.703,11.483431,11.493045,11.493045,0.35309,-10.93528
132549,66.0,506.334,11.520595,11.537863,11.537863,0.044818,-7.72291
132550,67.0,506.202,11.691793,11.692538,11.692538,0.154675,0.47605
132551,68.0,506.538,12.13605,12.1407,12.1407,0.448162,-10.75219
132552,69.0,505.029,12.397284,12.488784,12.488784,0.348084,5.65536
132553,70.0,504.622,12.558498,12.565092,12.565092,0.076308,2.01713
132554,71.0,503.824,12.514401,12.539818,12.539818,-0.025274,4.50691
132555,72.0,503.005,12.546975,12.573676,12.573676,0.033858,4.22734
132556,73.0,502.667,12.336679,12.341308,12.341308,-0.232368,3.67055
132557,74.0,500.759,12.519127,12.663689,12.663689,0.322381,7.57652
132558,75.0,499.581,12.875581,12.929357,12.929357,0.265668,4.26114
132559,76.0,498.915,13.16049,13.177331,13.177331,0.247974,1.75306
132600,77.0,497.134,13.786666,13.901228,13.901228,0.723897,3.26545
132601,78.0,496.851,14.351357,14.354147,14.354147,0.452919,-13.1326
132602,79.0,496.476,14.691877,14.696662,14.696662,0.342515,-1.5804
132603,80.0,495.945,15.016187,15.025572,15.025572,0.32891,-1.0623
132604,81.0,496.463,15.116328,15.1252,15.1252,0.099628,-8.21677
132605,82.0,497.031,15.217094,15.227691,15.227691,0.102491,-9.14675
132606,83.0,497.557,15.258524,15.267588,15.267588,0.039897,-6.94478
132607,84.0,499.549,15.171988,15.302199,15.302199,0.034611,-30.23811
132608,85.0,501.37,14.848471,14.959717,14.959717,-0.342482,-18.16141
132609,86.0,503.082,14.497745,14.598478,14.598478,-0.361239,-16.03162
132610,87.0,503.557,13.999319,14.007375,14.007375,-0.591103,1.35393
132611,88.0,503.732,14.669045,14.670088,14.670088,0.662713,-15.92581
132612,89.0,503.637,13.829732,13.830058,13.830058,-0.84003,5.80533
132613,90.0,502.997,13.307355,13.322736,13.322736,-0.507322,6.38937
132614,91.0,502.331,13.207722,13.224503,13.224503,-0.098233,3.93359
132615,92.0,501.222,12.980863,13.028149,13.028149,-0.196354,6.77338
132616,93.0,499.924,13.415689,13.478335,13.478335,0.450186,3.20031
132617,94.0,498.133,13.548926,13.666788,13.666788,0.188453,7.10401
132618,95.0,494.727,13.728019,14.144233,14.144233,0.477445,12.4098
132619,96.0,493.049,13.72801,13.830182,13.830182,-0.314051,9.80288
132620,97.0,491.181,14.183836,14.306314,14.306314,0.476132,4.95438
132621,98.0,489.471,14.450666,14.55149,14.55149,0.245176,5.58591
132622,99.0,487.471,15.034792,15.167233,15.167233,0.615743,3.66859
132623,100.0,486.583,15.065235,15.091384,15.091384,-0.075849,3.52654
132624,101.0,485.576,15.18307,15.216428,15.216428,0.125044,2.51106
132625,102.0,483.936,15.043351,15.132482,15.132482,-0.083946,7.1252
132626,103.0,482.429,14.919726,14.995642,14.995642,-0.13684,6.98599
132627,104.0,481.555,15.133758,15.158974,15.158974,0.163332,1.65053
132628,105.0,481.563,15.442859,15.442861,15.442861,0.283887,-4.89165
132629,106.0,481.079,15.571708,15.579228,15.579228,0.136367,-0.39433
132630,107.0,482.194,15.808864,15.848136,15.848136,0.268908,-22.55368
132631,108.0,483.724,15.964155,16.037305,16.037305,0.189169,-27.27202
132632,109.0,485.214,16.308325,16.37625,16.37625,0.338945,-30.89773
132633,110.0,486.76,16.600249,16.672084,16.672084,0.295834,-30.93771
132634,111.0,488.808,16.5725,16.698565,16.698565,0.026481,-31.65959
132635,112.0,490.314,16.554627,16.622987,16.622987,-0.075578,-20.20204
132636,113.0,492.335,16.504476,16.627753,16.627753,0.004766,-30.60174
132638,115.0,498.743,32.78061,33.401061,16.70053,0.036389,-50.39037
132639,116.0,499.745,15.720516,15.752417,15.752417,-0.948113,0.65168
132640,117.0,500.635,15.121395,15.147564,15.147564,-0.604853,-1.08501
132641,118.0,502.096,15.164732,15.234947,15.234947,0.087383,-23.03584
132642,119.0,502.323,15.313136,15.314818,15.314818,0.079871,-3.19186
132643,120.0,502.379,15.025814,15.025918,15.025918,-0.2889,0.64365
132644,121.0,501.306,14.418371,14.458242,14.458242,-0.567676,8.33368
132645,122.0,501.665,13.438323,13.443118,13.443118,-1.015124,4.89887
132646,123.0,500.376,11.770659,11.841027,11.841027,-1.602091,16.05336
132647,124.0,500.096,9.949349,9.953288,9.953288,-1.887739,10.93629
132648,125.0,499.641,8.099424,8.112195,8.112195,-1.841093,9.70188
132649,126.0,499.242,6.655474,6.667424,6.667424,-1.444771,6.72954
132650,127.0,498.97,6.229219,6.235155,6.235155,-0.432269,2.72804
132651,128.0,499.15,6.70974,6.712154,6.712154,0.476999,-6.67372
132652,129.0,498.651,6.788688,6.807003,6.807003,0.094849,2.2404
132653,130.0,498.009,6.328492,6.360973,6.360973,-0.44603,4.56553
132654,131.0,497.781,5.171708,5.176731,5.176731,-1.184242,4.09131
132655,132.0,497.853,4.15832,4.158943,4.158943,-1.017788,1.66483
132656,133.0,497.226,3.040915,3.104882,3.104882,-1.054061,4.43876
132657,134.0,497.298,2.063901,2.065156,2.065156,-1.039726,0.49616
132658,135.0,497.007,1.089432,1.127627,1.127627,-0.937529,1.62474
132659,136.0,497.189,0.356556,0.40032,0.40032,-0.727307,-0.18049
132700,137.0,497.031,0.139776,0.210953,0.210953,-0.189367,-0.31562
132701,138.0,497.023,0.237971,0.238105,0.238105,0.027152,-0.33616
132702,139.0,496.719,0.139776,0.334594,0.334594,0.096489,-0.34179
132703,140.0,496.846,0.139776,0.188855,0.188855,-0.145739,-0.32322
132704,141.0,496.93,0.139776,0.163074,0.163074,-0.025781,-0.33634
132705,142.0,497.11,0.139776,0.227898,0.227898,0.064824,-0.34091
132706,143.0,496.65,0.139776,0.480767,0.480767,0.252869,-0.66307
132707,144.0,496.83,0.139776,0.227898,0.227898,-0.252869,-0.30586
132708,145.0,496.711,0.139776,0.183571,0.183571,-0.044327,-0.33298
132709,146.0,496.735,0.139776,0.141821,0.141821,-0.04175,-0.33703
132710,147.0,497.158,0.111195,0.437371,0.437371,0.29555,-0.66518
132711,148.0,496.595,0.139776,0.580092,0.580092,0.142721,2.32558
132712,149.0,496.891,0.084693,0.307878,0.307878,-0.272214,-0.28748
132713,150.0,497.07,0.405247,0.443019,0.443019,0.135141,-0.34741
132714,151.0,497.485,1.03195,1.112271,1.112271,0.669252,-7.92067
132715,152.0,497.023,1.72994,1.790569,1.790569,0.678298,1.3849
132716,153.0,497.047,2.901283,2.901382,2.901382,1.110813,-5.27146
132717,154.0,497.002,4.577444,4.577666,4.577666,1.676284,-13.26595
132718,155.0,496.695,6.027925,6.035737,6.035737,1.458071,-11.32934
132719,156.0,496.571,7.11358,7.11466,7.11466,1.078923,-12.75099
132720,157.0,496.008,8.479338,8.498009,8.498009,1.383349,-12.84177
132721,158.0,495.649,9.177214,9.184233,9.184233,0.686224,-7.46953
132722,159.0,494.735,9.399616,9.443949,9.443949,0.259716,3.60434
132723,160.0,494.647,9.678318,9.678718,9.678718,0.234769,-0.20538
132724,161.0,494.64,9.767812,9.767815,9.767815,0.089097,0.09889
132725,162.0,493.852,9.468226,9.500961,9.500961,-0.266854,5.42752
132726,163.0,493.665,9.329489,9.331363,9.331363,-0.169598,2.09245
132727,164.0,493.258,8.756741,8.766194,8.766194,-0.565169,4.70884
132728,165.0,493.408,8.181087,8.182462,8.182462,-0.583732,1.9162
132729,166.0,493.414,8.261544,8.261546,8.261546,0.079084,-0.02085
132730,167.0,493.461,8.992876,8.992999,8.992999,0.731453,-9.28276
132731,168.0,493.601,10.183034,10.183997,10.183997,1.190998,-19.3501
132732,169.0,493.86,11.302825,11.305792,11.305792,1.121795,-21.68473
132733,170.0,493.72,12.115555,12.116364,12.116364,0.810572,-17.88862
132734,171.0,493.744,12.102991,12.103015,12.103015,-0.013349,0.77198
132735,172.0,493.744,11.965615,11.965615,11.965615,-0.1374,1.558
132736,173.0,493.86,11.691042,11.691618,11.691618,-0.273997,1.72512
132737,174.0,494.196,11.828289,11.833061,11.833061,0.141443,-4.76183
132738,175.0,494.938,11.828282,11.851533,11.851533,0.018472,-8.86822
132739,176.0,495.282,12.028662,12.03358,12.03358,0.182047,-5.56585
132740,177.0,495.29,12.303204,12.303206,12.303206,0.269626,-2.09327
132741,178.0,496.196,12.85294,12.884832,12.884832,0.581626,-23.37455
132742,179.0,495.937,13.390604,13.393108,13.393108,0.508276,-12.66183
132743,180.0,496.611,13.653686,13.670311,13.670311,0.277203,-13.87502
132744,181.0,496.93,13.453377,13.457159,13.457159,-0.213152,-0.13919
132745,182.0,497.218,13.104907,13.108071,13.108071,-0.349088,1.06392
132746,183.0,497.557,12.366248,12.370894,12.370894,-0.737177,3.46543
132747,184.0,497.29,11.090077,11.093291,11.093291,-1.277603,8.77789
132748,185.0,497.047,9.053093,9.056354,9.056354,-2.036937,10.49428
132749,186.0,497.438,7.164449,7.17511,7.17511,-1.881244,4.89577
132750,187.0,497.205,5.47633,5.481285,5.481285,-1.693825,5.66781
132751,188.0,497.322,3.914976,3.916724,3.916724,-1.564561,2.34962
132752,189.0,497.039,2.500692,2.516654,2.516654,-1.40007,2.88211
132753,190.0,496.687,1.551554,1.590982,1.590982,-0.925672,2.14911
132754,191.0,496.508,0.675306,0.698627,0.698627,-0.892355,0.85197
132755,192.0,496.846,0.084691,0.348449,0.348449,-0.350178,-0.26608
132756,193.0,496.907,0.0,0.061,0.0,-0.348449,-0.35
132757,194.0,497.174,0.139774,0.301373,0.301373,0.301373,-0.57002
132758,195.0,496.783,0.0,0.391,0.0,-0.301373,-0.35
132759,196.0,497.258,0.139774,0.495138,0.495138,0.495138,-0.86767
132800,197.0,497.298,0.139774,0.145385,0.145385,-0.349753,-0.31502
132801,198.0,497.361,0.23797,0.246168,0.246168,0.100783,-0.34447
132802,199.0,496.994,0.139774,0.392716,0.392716,0.146548,-0.34988
132803,200.0,497.329,0.139774,0.36299,0.36299,-0.029726,-0.3189
132804,201.0,496.891,0.139774,0.459762,0.459762,0.096772,-0.33877
132805,202.0,497.213,0.22239,0.391333,0.391333,-0.068429,-0.30914
132806,203.0,497.063,0.139774,0.205029,0.205029,-0.186304,-0.31689
132807,204.0,496.65,0.139774,0.436011,0.436011,0.230982,-0.61838
132808,205.0,496.923,0.111195,0.294777,0.294777,-0.141234,-0.30883
132809,206.0,497.361,0.139774,0.459762,0.459762,0.164985,-0.58362
132810,207.0,497.314,0.23797,0.242567,0.242567,-0.217195,-0.3072
132811,208.0,497.517,0.139774,0.246467,0.246467,0.0039,-0.3329
132812,209.0,497.29,0.139774,0.266582,0.266582,0.020115,-0.3336
132813,210.0,497.366,0.0,0.076,0.0,-0.266582,-0.35
132814,211.0,498.299,0.111195,0.939603,0.939603,0.939603,-16.45842
132815,212.0,497.697,0.139774,0.618014,0.618014,-0.321589,2.64987
132816,213.0,497.562,0.111195,0.174898,0.174898,-0.443116,-0.30001
132817,214.0,498.016,0.0,0.454,0.0,-0.174898,-0.35
132818,215.0,497.366,0.139774,0.664858,0.664858,0.664858,2.57094
132819,216.0,497.031,0.111195,0.352972,0.352972,-0.311886,-0.27154
132820,217.0,497.409,0.139774,0.403015,0.403015,0.050043,-0.33104
132821,218.0,497.205,0.139774,0.247291,0.247291,-0.155724,-0.31373
132822,219.0,498.101,0.111195,0.902873,0.902873,0.655582,-15.40295
132823,220.0,497.039,0.139774,1.071159,1.071159,0.168286,4.68383
132824,221.0,498.656,0.111195,1.620819,1.620819,0.54966,-27.22786
132825,222.0,497.797,0.084691,0.863165,0.863165,-0.757654,4.1086
132826,223.0,498.814,0.111195,1.023061,1.023061,0.159896,-16.60884
132827,224.0,498.088,0.0,0.726,0.0,-1.023061,-0.35
132828,225.0,497.61,0.0,0.478,0.0,0.0,-0.35
132829,226.0,497.337,0.111195,0.294777,0.294777,0.294777,-0.56204
132830,227.0,497.454,0.0,0.117,0.0,-0.294777,-0.35
132831,228.0,496.79,0.139774,0.678552,0.678552,0.678552,2.62951
132832,229.0,497.126,0.0,0.336,0.0,-0.678552,-0.35
132833,230.0,498.024,0.139774,0.908813,0.908813,0.908813,-15.81437
132834,231.0,498.088,0.111195,0.128298,0.128298,-0.780515,-0.29237
132835,232.0,497.853,0.084691,0.249795,0.249795,0.121497,-0.34689
132836,233.0,496.267,0.139774,1.592147,1.592147,1.342352,6.26285
132837,234.0,497.501,0.0,1.234,0.0,-1.592147,-0.35
132838,235.0,498.024,0.812749,0.966483,0.966483,0.966483,-9.98898
132839,236.0,498.064,2.90205,2.902326,2.902326,1.935843,-9.42569
132840,237.0,497.728,4.927914,4.939355,4.939355,2.037029,-12.60569
132841,238.0,498.156,5.868616,5.884203,5.884203,0.944848,-14.71978
132842,239.0,498.595,6.689566,6.703955,6.703955,0.819752,-14.54514
132843,240.0,498.68,7.8397,7.84016,7.84016,1.136205,-14.08304
132844,241.0,498.947,8.715423,8.719512,8.719512,0.879352,-14.66728
132845,242.0,498.986,9.202073,9.202155,9.202155,0.482643,-5.60124
132846,243.0,499.581,9.464806,9.48349,9.48349,0.281335,-11.48767
132847,244.0,499.657,9.454263,9.454569,9.454569,-0.028921,0.22289
132848,245.0,499.657,9.454259,9.454259,9.454259,-0.00031,0.45289
132849,246.0,500.136,9.72834,9.740126,9.740126,0.285867,-9.72729
132850,247.0,499.837,9.728336,9.732929,9.732929,-0.007197,1.93716
132851,248.0,500.033,9.739639,9.741611,9.741611,0.008682,-0.81394
132852,249.0,498.838,9.691332,9.76473,9.76473,0.023119,6.05367
132853,250.0,498.603,9.665994,9.66885,9.66885,-0.09588,2.04084
132854,251.0,497.948,9.350669,9.373582,9.373582,-0.295268,4.89397
132855,252.0,497.501,8.899205,8.910424,8.910424,-0.463158,4.51353
132856,253.0,497.665,8.506947,8.508528,8.508528,-0.401896,1.22621
132857,254.0,496.97,8.367617,8.39643,8.39643,-0.112098,4.0949
132858,255.0,496.444,8.367614,8.38413,8.38413,-0.0123,2.88506
132859,256.0,495.305,8.450685,8.527098,8.527098,0.142968,5.17147
132900,257.0,495.126,8.590101,8.591965,8.591965,0.064867,0.93859
132901,258.0,493.688,8.785627,8.902533,8.902533,0.310568,5.88301
132902,259.0,492.687,8.981468,9.037077,9.037077,0.134544,4.57175
132903,260.0,491.799,9.177602,9.220463,9.220463,0.183386,3.82501
132904,261.0,490.758,8.759987,8.821625,8.821625,-0.398838,7.03101
132905,262.0,490.385,7.647268,7.65636,7.65636,-1.165265,6.35525
132906,263.0,490.518,7.192041,7.19327,7.19327,-0.46309,1.2001
132907,264.0,490.214,7.468544,7.474728,7.474728,0.281458,0.67117
132908,265.0,489.875,7.728479,7.735911,7.735911,0.261183,0.90325
132909,266.0,489.252,8.339593,8.362831,8.362831,0.62692,0.75514
132910,267.0,489.408,9.037422,9.038768,9.038768,0.675937,-10.24407
132911,268.0,489.392,9.817459,9.817472,9.817472,0.778704,-15.37039
132912,269.0,489.292,10.616659,10.61713,10.61713,0.799658,-15.72387
132913,270.0,488.977,11.271944,11.276344,11.276344,0.659214,-10.85
132914,271.0,488.821,11.646768,11.647813,11.647813,0.371469,-8.49575
132915,272.0,488.948,11.609853,11.610547,11.610547,-0.037266,0.32059
132916,273.0,489.268,11.576367,11.580789,11.580789,-0.029758,-1.33408
132917,274.0,489.104,11.690274,11.691424,11.691424,0.110635,0.87779
132918,275.0,489.072,11.636463,11.636507,11.636507,-0.054917,1.17922
132919,276.0,490.047,12.091849,12.131094,12.131094,0.494587,-21.86069
132920,277.0,490.446,12.247529,12.254027,12.254027,0.122933,-5.3773
132921,278.0,491.088,11.957974,11.975196,11.975196,-0.278831,-1.42379
132922,279.0,491.281,12.109231,12.110769,12.110769,0.135573,-2.27747
132923,280.0,492.407,11.65935,11.713596,11.713596,-0.397173,-7.13304
132924,281.0,492.51,10.865906,10.866394,10.866394,-0.847202,4.58691
132925,282.0,493.054,9.037357,9.053715,9.053715,-1.812679,5.76999
132926,283.0,492.547,7.697525,7.714204,7.714204,-1.339511,7.68092
132927,284.0,493.469,6.500336,6.565398,6.565398,-1.148806,-1.07896
132928,285.0,493.289,5.886321,5.889072,5.889072,-0.676326,2.88412
132929,286.0,493.094,5.446953,5.450442,5.450442,-0.43863,2.14675
132930,287.0,493.688,5.388041,5.420685,5.420685,-0.029757,-8.19238
132931,288.0,492.882,5.566766,5.624813,5.624813,0.204128,3.35034
132932,289.0,492.93,5.627628,5.627832,5.627832,0.003019,-0.15825
132933,290.0,492.898,6.088712,6.088796,6.088796,0.460964,-5.98041
132934,291.0,492.314,6.701523,6.726921,6.726921,0.638125,0.87092
132935,292.0,491.313,7.164254,7.233847,7.233847,0.506926,3.20198
132936,293.0,490.626,7.639182,7.670011,7.670011,0.436164,1.90828
132937,294.0,490.821,7.902819,7.905224,7.905224,0.235213,-4.3451
132938,295.0,490.182,7.702286,7.728747,7.728747,-0.176477,3.96635
132939,296.0,489.564,7.22753,7.253904,7.253904,-0.474843,4.82807
132940,297.0,488.573,6.563837,6.638226,6.638226,-0.615678,6.85361
132941,298.0,487.63,5.603046,5.681846,5.681846,-0.95638,7.19317
132942,299.0,487.511,4.864047,4.865502,4.865502,-0.816344,2.50263
132943,300.0,486.824,4.326,4.38021,4.38021,-0.485292,4.26742
132944,301.0,486.964,4.051718,4.054136,4.054136,-0.326074,-0.07595
132945,302.0,486.972,3.914856,3.914864,3.914864,-0.139272,0.16404
132946,303.0,486.364,3.650778,3.70106,3.70106,-0.213804,3.1926
132947,304.0,486.277,3.17587,3.177061,3.177061,-0.523999,1.10059
132948,305.0,485.917,2.701143,2.725028,2.725028,-0.452033,2.15372
132949,306.0,485.529,2.162998,2.197522,2.197522,-0.527506,2.21252
132950,307.0,485.706,1.350571,1.36212,1.36212,-0.835402,-0.99652
132951,308.0,485.505,0.607833,0.640204,0.640204,-0.721916,0.87421
132952,309.0,485.365,0.202611,0.246275,0.246275,-0.393929,-0.28547
132953,310.0,486.168,0.0,0.803,0.0,-0.246275,-0.35
132954,311.0,485.513,0.111195,0.664371,0.664371,0.664371,2.59497
132955,312.0,485.529,0.139771,0.140684,0.140684,-0.523687,-0.3043
132956,313.0,485.386,0.111195,0.181144,0.181144,0.04046,-0.34064
132957,314.0,485.434,0.139771,0.147784,0.147784,-0.03336,-0.33708
132958,315.0,485.598,0.111195,0.198142,0.198142,0.050358,-0.34071
132959,316.0,485.73,0.111195,0.172593,0.172593,-0.025549,-0.33557
133000,317.0,485.605,0.084686,0.150986,0.150986,-0.021607,-0.33766
133001,318.0,485.341,0.111195,0.286462,0.286462,0.135476,-0.34838
133002,319.0,485.997,0.111195,0.665357,0.665357,0.378895,-11.07498
133003,320.0,485.558,0.0,0.439,0.0,-0.665357,-0.35
133004,321.0,485.529,0.111195,0.114914,0.114914,0.114914,-0.34821
133005,322.0,486.176,0.084686,0.652519,0.652519,0.537605,-11.09501
133006,323.0,485.534,0.111195,0.651558,0.651558,-0.000961,2.74633
133007,324.0,485.529,0.111195,0.111307,0.111307,-0.540251,-0.31295
133008,325.0,485.138,0.111195,0.406504,0.406504,0.295197,-0.6427
133009,326.0,485.051,0.0,0.087,0.0,-0.406504,-0.35
133010,327.0,485.497,0.139771,0.467389,0.467389,0.467389,-0.81754
133011,328.0,484.85,0.111195,0.656486,0.656486,0.189097,2.71002
133012,329.0,484.998,0.111195,0.185117,0.185117,-0.471369,-0.29456
133013,330.0,485.146,0.0,0.148,0.0,-0.185117,-0.35
133014,331.0,485.146,0.0,0.0,0.0,0.0,-0.35
133015,332.0,484.435,0.111195,0.719642,0.719642,0.719642,2.82789
133016,333.0,485.302,0.084686,0.871126,0.871126,0.151484,-14.19895
133017,334.0,485.302,0.111195,0.111195,0.111195,-0.759931,-0.30116
133018,335.0,485.146,0.0,0.156,0.0,-0.111195,-0.35
133019,336.0,485.029,0.111195,0.16141,0.16141,0.16141,-0.43106
133020,337.0,484.966,0.0,0.063,0.0,-0.16141,-0.35
133021,338.0,484.926,0.111195,0.118171,0.118171,0.118171,-0.34834
133022,339.0,484.926,0.0,0.0,0.0,-0.118171,-0.35
133023,340.0,485.138,0.169372,0.27135,0.27135,0.27135,-0.53484
133024,341.0,485.209,0.614103,0.618193,0.618193,0.346843,-1.68444
133025,342.0,485.043,1.752824,1.760666,1.760666,1.142473,-1.39792
133026,343.0,484.882,3.450682,3.454435,3.454435,1.693769,-8.15079
133027,344.0,484.763,5.27602,5.277362,5.277362,1.822927,-15.44664
133028,345.0,484.403,6.626349,6.636121,6.636121,1.358759,-11.01607
133029,346.0,483.951,7.751761,7.764928,7.764928,1.128807,-9.49732
133030,347.0,483.32,8.758908,8.781608,8.781608,1.01668,-7.25455
133031,348.0,482.773,9.567557,9.583181,9.583181,0.801573,-6.86239
133032,349.0,482.765,10.056371,10.056374,10.056374,0.473193,-10.89406
133033,350.0,481.211,10.765059,10.876645,10.876645,0.820271,3.68169
133034,351.0,481.071,10.917876,10.918773,10.918773,0.042128,1.06762
133035,352.0,480.799,11.251221,11.254508,11.254508,0.335735,0.13046
133036,353.0,479.745,11.349902,11.398737,11.398737,0.144229,4.89731
133037,354.0,479.56,11.44001,11.441506,11.441506,0.042769,1.33418
133038,355.0,479.082,11.577746,11.587609,11.587609,0.146103,2.16238
133039,356.0,479.568,11.378082,11.388456,11.388456,-0.199153,-0.93794
133040,357.0,479.721,11.015261,11.016323,11.016323,-0.372133,1.89593
133041,358.0,479.23,10.667567,10.678861,10.678861,-0.337462,4.67281
133042,359.0,479.652,10.724047,10.732347,10.732347,0.053486,-4.82173
133043,360.0,479.237,10.780841,10.788825,10.788825,0.056478,2.28541
133044,361.0,479.893,10.780835,10.800775,10.800775,0.01195,-7.80523
133045,362.0,479.597,10.914319,10.918332,10.918332,0.117557,1.40985
133046,363.0,480.199,11.049418,11.065806,11.065806,0.147474,-9.27716
133047,364.0,480.408,11.385708,11.387626,11.387626,0.32182,-6.17181
133048,365.0,480.527,11.924668,11.925262,11.925262,0.537636,-8.96484
133049,366.0,480.424,12.666491,12.66691,12.66691,0.741648,-18.43703
133050,367.0,480.104,13.272413,13.27627,13.27627,0.60936,-13.62299
133051,368.0,479.56,13.676479,13.687294,13.687294,0.411024,-0.30973
133052,369.0,479.206,13.887613,13.892124,13.892124,0.20483,-0.01074
133053,370.0,478.45,13.770716,13.791452,13.791452,-0.100672,4.02061
133054,371.0,477.546,13.849641,13.879113,13.879113,0.087661,3.39993
133055,372.0,476.688,14.245321,14.271137,14.271137,0.392024,0.77347
133056,373.0,476.283,14.44817,14.453845,14.453845,0.182708,-0.08754
133057,374.0,475.433,14.528101,14.552945,14.552945,0.0991,2.52965
133058,375.0,474.582,14.326032,14.351285,14.351285,-0.20166,4.78986
133059,376.0,473.982,14.128942,14.141676,14.141676,-0.209609,3.7892
133100,377.0,471.107,13.77036,14.067283,14.067283,-0.074393,13.72214
133101,378.0,470.132,13.374992,13.410482,13.410482,-0.656801,8.91596
133102,379.0,468.901,13.139285,13.196825,13.196825,-0.213657,7.373
133103,380.0,467.825,12.946413,12.991051,12.991051,-0.205774,6.69702
133104,381.0,467.598,13.00169,13.003671,13.003671,0.01262,1.28241
133105,382.0,466.874,13.448512,13.467986,13.467986,0.464315,0.39232
133106,383.0,466.539,14.357133,14.361041,14.361041,0.893055,-22.61084
133107,384.0,465.743,15.235671,15.256451,15.256451,0.89541,-18.00185
133108,385.0,464.567,15.866928,15.910449,15.910449,0.653998,-1.41365
133109,386.0,464.219,16.267867,16.271589,16.271589,0.36114,-3.4906
133110,387.0,463.735,16.56423,16.5713,16.5713,0.299711,-2.69329
133111,388.0,462.668,16.592459,16.626732,16.626732,0.055432,1.98026
133112,389.0,462.107,16.621816,16.631281,16.631281,0.004549,-0.01808
133113,390.0,461.095,16.745588,16.77614,16.77614,0.144859,0.84046
133114,391.0,461.367,16.652281,16.654503,16.654503,-0.121637,-2.98021
133115,392.0,460.424,16.545022,16.571874,16.571874,-0.082629,2.55463
133116,393.0,460.276,16.297931,16.298603,16.298603,-0.273271,0.53599
133117,394.0,459.077,15.943691,15.988711,15.988711,-0.309892,6.06162
133118,395.0,458.051,15.743355,15.776752,15.776752,-0.211959,4.65341
133119,396.0,456.891,15.265796,15.309805,15.309805,-0.466947,7.54297
133120,397.0,455.568,14.55736,14.617354,14.617354,-0.692451,10.32639
133121,398.0,455.428,13.648845,13.649563,13.649563,-0.967791,6.919
133122,399.0,454.188,12.569994,12.631008,12.631008,-1.018555,12.63087
133123,400.0,454.236,11.584424,11.584524,11.584524,-1.046484,6.35396
133124,401.0,452.532,10.475497,10.613183,10.613183,-0.971341,13.67397
133125,402.0,451.443,9.366652,9.429745,9.429745,-1.183438,11.02587
133126,403.0,451.543,8.21062,8.211229,8.211229,-1.218516,4.68906
133127,404.0,450.962,7.024983,7.048968,7.048968,-1.162261,6.93236
133128,405.0,450.835,5.668853,5.670275,5.670275,-1.378693,4.47036
133129,406.0,450.883,4.482769,4.483026,4.483026,-1.187249,2.33232
133130,407.0,450.362,3.173344,3.215828,3.215828,-1.267198,4.33219
133131,408.0,450.547,2.341659,2.348956,2.348956,-0.866872,-0.07346
133132,409.0,450.703,2.296339,2.301632,2.301632,-0.047324,-2.10605
133133,410.0,450.478,2.896098,2.904825,2.904825,0.603193,0.08106
133134,411.0,450.619,4.082274,4.084708,4.084708,1.179883,-9.43232
133135,412.0,450.167,6.069435,6.086242,6.086242,2.001534,-14.53311
133136,413.0,449.35,7.302173,7.347735,7.347735,1.261493,-4.3543
133137,414.0,449.21,7.933348,7.934583,7.934583,0.586848,-7.84928
133138,415.0,449.062,8.411047,8.412349,8.412349,0.477766,-6.84778
133139,416.0,448.634,9.366618,9.376391,9.376391,0.964042,-10.89586
133140,417.0,448.65,10.545835,10.545847,10.545847,1.169456,-17.55267
133141,418.0,449.342,11.585208,11.605856,11.605856,1.060009,-27.84284
133142,419.0,448.37,12.665452,12.702695,12.702695,1.096839,-11.99656
133143,420.0,447.794,13.441673,13.454008,13.454008,0.751313,-13.06135
133144,421.0,447.649,13.968973,13.969725,13.969725,0.515717,-15.93058
133145,422.0,446.116,14.677424,14.757264,14.757264,0.787539,0.68467
133146,423.0,445.836,15.351405,15.353958,15.353958,0.596694,-19.08144
133147,424.0,445.337,16.043609,16.051367,16.051367,0.697409,-20.07674
133148,425.0,444.684,16.518991,16.531892,16.531892,0.480525,-3.29211
133149,426.0,444.755,17.054394,17.054541,17.054541,0.522649,-14.05863
133150,427.0,443.759,17.590016,17.618191,17.618191,0.56365,-3.74124
133151,428.0,443.387,17.711067,17.714973,17.714973,0.096782,-2.83199
133152,429.0,442.134,17.849285,17.89321,17.89321,0.178237,0.44319
133153,430.0,441.777,17.650405,17.654015,17.654015,-0.239195,0.03802
133154,431.0,440.496,17.451611,17.498562,17.498562,-0.155453,3.86698
133155,432.0,439.539,17.391297,17.417608,17.417608,-0.080954,1.77983
133156,433.0,439.05,17.252892,17.259821,17.259821,-0.157787,0.35896
133157,434.0,438.274,16.736241,16.754221,16.754221,-0.5056,5.0217
133158,435.0,438.054,16.348432,16.349913,16.349913,-0.404308,1.87491
133159,436.0,437.846,15.731275,15.73265,15.73265,-0.617263,3.892
133200,437.0,436.717,15.286058,15.327694,15.327694,-0.404956,6.92566
133201,438.0,436.368,15.082042,15.086079,15.086079,-0.241615,2.1845
133202,439.0,435.259,15.211675,15.252047,15.252047,0.165968,2.66417
133203,440.0,434.411,15.121583,15.145342,15.145342,-0.106705,3.52288
133204,441.0,434.17,14.981843,14.983781,14.983781,-0.161561,1.16368
133205,442.0,433.092,14.713272,14.75271,14.75271,-0.231071,5.80587
133206,443.0,432.556,13.976653,13.986927,13.986927,-0.765783,7.35187
133207,444.0,432.564,13.241337,13.24134,13.24134,-0.745587,4.87536
133208,445.0,431.958,12.700187,12.714637,12.714637,-0.526703,6.58353
133209,446.0,432.12,12.613727,12.614767,12.614767,-0.09987,0.3621
133210,447.0,431.118,12.946668,12.985385,12.985385,0.370618,2.7258
133211,448.0,430.83,13.667653,13.670687,13.670687,0.685302,-16.75347
133212,449.0,429.387,14.641285,14.712222,14.712222,1.041535,-1.49809
133213,450.0,429.216,15.619919,15.620855,15.620855,0.908633,-29.45945
133214,451.0,429.356,16.094587,16.095195,16.095195,0.47434,-12.58082
133215,452.0,428.642,16.594826,16.610179,16.610179,0.514984,-3.37304
133216,453.0,428.518,17.23515,17.235596,17.235596,0.625417,-27.58392
133217,454.0,428.975,17.960084,17.965898,17.965898,0.730302,-27.58361
133218,455.0,428.835,18.462536,18.463067,18.463067,0.497169,-27.23898
133219,456.0,428.518,18.658261,18.660954,18.660954,0.197887,-5.12271
133220,457.0,428.442,18.746732,18.746886,18.746886,0.085932,-5.36115
133221,458.0,427.633,18.722808,18.740278,18.740278,-0.006608,-1.03138
133222,459.0,426.359,17.749688,17.79535,17.79535,-0.944928,10.33879
133223,460.0,426.143,16.024246,16.025702,16.025702,-1.769648,12.6935
133224,461.0,425.221,14.299863,14.329555,14.329555,-1.696147,15.5137
133225,462.0,425.157,12.794495,12.794655,12.794655,-1.5349,10.22749
133226,463.0,425.065,12.052257,12.052608,12.052608,-0.742047,5.6045
133227,464.0,424.668,12.491895,12.498202,12.498202,0.445594,-0.22103
133228,465.0,424.428,13.589352,13.591471,13.591471,1.093269,-26.34863
133229,466.0,425.081,14.538499,14.553157,14.553157,0.961686,-30.45287
133230,467.0,424.716,15.619734,15.623998,15.623998,1.070841,-30.49778
133231,468.0,424.444,16.425931,16.428183,16.428183,0.804185,-27.66159
133232,469.0,423.862,16.928056,16.938058,16.938058,0.509875,-4.36693
133233,470.0,423.746,17.096658,17.097051,17.097051,0.158993,-3.87742
133234,471.0,423.234,16.944571,16.952304,16.952304,-0.144747,0.65609
133235,472.0,423.062,16.748323,16.749206,16.749206,-0.203098,-0.29562
133236,473.0,421.339,16.597813,16.687004,16.687004,-0.062202,5.98915
133237,474.0,420.24,15.868768,15.906779,15.906779,-0.780225,9.27506
133238,475.0,420.34,14.974216,14.97455,14.97455,-0.932229,5.1396
133239,476.0,419.603,13.685058,13.704889,13.704889,-1.269661,11.74717
133240,477.0,418.927,12.156805,12.175585,12.175585,-1.529304,12.99805
133241,478.0,418.121,10.453652,10.484678,10.484678,-1.690907,12.98606
133242,479.0,417.888,8.691716,8.694839,8.694839,-1.789839,9.01216
133243,480.0,417.819,7.079309,7.079646,7.079646,-1.615193,6.07334
133244,481.0,417.664,5.594628,5.596774,5.596774,-1.482872,4.83043
133245,482.0,417.811,3.856666,3.859467,3.859467,-1.737307,2.48218
133246,483.0,417.346,2.263838,2.311101,2.311101,-1.548366,3.75806
133247,484.0,417.555,0.89358,0.917696,0.917696,-1.393405,-1.38561
133248,485.0,417.896,0.139763,0.368531,0.368531,-0.549165,-0.22574
133249,486.0,417.603,0.169346,0.338418,0.338418,-0.030113,-0.32095
133250,487.0,417.603,0.0,0.0,0.0,-0.338418,-0.35
133251,488.0,417.516,0.344163,0.354989,0.354989,0.354989,-0.64015
133252,489.0,417.463,1.565913,1.56681,1.56681,1.211821,-2.9713
133253,490.0,417.563,3.060211,3.061844,3.061844,1.495034,-8.64904
133254,491.0,417.399,4.435496,4.438527,4.438527,1.376683,-8.78473
133255,492.0,417.391,5.684716,5.684722,5.684722,1.246195,-13.20843
133256,493.0,417.563,6.282836,6.28519,6.28519,0.600468,-7.60611
133257,494.0,417.579,6.735212,6.735231,6.735231,0.450041,-3.76894
133258,495.0,417.346,7.079307,7.08314,7.08314,0.347909,0.12252
133259,496.0,417.391,7.423409,7.423545,7.423545,0.340405,-3.19343
133300,497.0,417.399,8.583638,8.583642,8.583642,1.160097,-14.30455
133301,498.0,417.021,9.83224,9.839504,9.839504,1.255862,-17.27267
133302,499.0,417.275,10.540588,10.543648,10.543648,0.704144,-13.36209
133303,500.0,416.881,10.736876,10.744103,10.744103,0.200455,1.43371
133304,501.0,416.686,10.756555,10.758323,10.758323,0.01422,1.45899
133305,502.0,416.926,10.736874,10.739556,10.739556,-0.018767,-0.64571
133306,503.0,416.718,10.934818,10.936796,10.936796,0.19724,0.57263
133307,504.0,416.548,11.27883,11.280111,11.280111,0.343315,-7.37747
133308,505.0,416.136,11.661031,11.668307,11.668307,0.388196,0.48789
133309,506.0,416.284,12.045699,12.046608,12.046608,0.378301,-6.28245
133310,507.0,416.229,12.005158,12.005284,12.005284,-0.041324,1.36374
133311,508.0,415.515,12.165989,12.186923,12.186923,0.181639,3.08456
133312,509.0,415.447,12.318553,12.318741,12.318741,0.131818,0.22879
133313,510.0,414.749,12.618532,12.637823,12.637823,0.319082,1.87162
133314,511.0,414.361,12.702352,12.708277,12.708277,0.070454,1.87626
133315,512.0,414.044,12.922379,12.926266,12.926266,0.217989,0.47541
133316,513.0,413.454,13.057702,13.071024,13.071024,0.144758,2.12964
133317,514.0,412.989,13.290649,13.298781,13.298781,0.227757,0.83839
133318,515.0,411.507,13.304396,13.386683,13.386683,0.087902,6.508
133319,516.0,412.059,13.304395,13.315841,13.315841,-0.070842,-4.10058
133320,517.0,411.222,12.85174,12.878967,12.878967,-0.436874,7.06358
133321,518.0,410.347,11.836761,11.869058,11.869058,-1.009909,10.71175
133322,519.0,409.766,10.757194,10.772873,10.772873,-1.096185,9.08663
133323,520.0,409.316,9.577221,9.587787,9.587787,-1.185086,8.10723
133324,521.0,408.471,8.732837,8.773624,8.773624,-0.814163,7.85104
133325,522.0,408.555,8.480475,8.480891,8.480891,-0.292733,1.15067
133326,523.0,407.845,8.663019,8.692065,8.692065,0.211174,2.85355
133327,524.0,408.093,8.879194,8.882657,8.882657,0.190592,-4.5775
133328,525.0,407.573,9.136032,9.150819,9.150819,0.268162,1.70106
133329,526.0,407.147,9.507561,9.5171,9.5171,0.366281,0.79558
133330,527.0,407.192,10.673698,10.673793,10.673793,1.156693,-17.98167
133331,528.0,407.163,11.892508,11.892544,11.892544,1.218751,-27.1905
133332,529.0,407.504,12.786209,12.790755,12.790755,0.898211,-20.81858
133333,530.0,406.946,13.017845,13.029798,13.029798,0.239043,1.41199
133334,531.0,406.457,13.188966,13.198028,13.198028,0.16823,1.40989
133335,532.0,406.053,12.86033,12.866674,12.866674,-0.331354,4.35453
133336,533.0,405.892,12.744943,12.74596,12.74596,-0.120714,1.95425
133337,534.0,404.978,12.774946,12.807601,12.807601,0.061641,4.36655
133338,535.0,404.745,12.969105,12.971197,12.971197,0.163596,0.38571
133339,536.0,405.303,13.582152,13.59361,13.59361,0.622413,-19.58716
133340,537.0,405.186,13.776705,13.777202,13.777202,0.183592,-0.89818
133341,538.0,404.389,13.776697,13.799731,13.799731,0.022529,3.39024
133342,539.0,403.514,13.861241,13.888831,13.888831,0.0891,3.24874
133343,540.0,403.289,14.419504,14.42126,14.42126,0.532429,-16.09135
133344,541.0,403.313,14.869265,14.869284,14.869284,0.448024,-8.59388
133345,542.0,402.515,14.947971,14.969256,14.969256,0.099972,1.92659
133346,543.0,402.454,14.838218,14.838343,14.838343,-0.130913,0.19781
133347,544.0,401.384,14.89294,14.931329,14.931329,0.092986,3.30215
133348,545.0,400.417,14.869228,14.900639,14.900639,-0.03069,3.73173
133349,546.0,400.06,14.675701,14.680043,14.680043,-0.220596,2.35835
133350,547.0,399.418,14.41944,14.433725,14.433725,-0.246318,4.05819
133351,548.0,398.924,14.082802,14.091463,14.091463,-0.342262,4.22665
133352,549.0,398.359,13.804014,13.815572,13.815572,-0.275891,4.27344
133353,550.0,398.095,13.617816,13.620375,13.620375,-0.195197,2.4218
133354,551.0,398.026,13.785707,13.78588,13.78588,0.165505,-1.012
133355,552.0,397.516,14.095712,14.104936,14.104936,0.319056,-0.2216
133356,553.0,397.661,14.717932,14.718647,14.718647,0.613711,-14.32389
133357,554.0,398.095,15.212453,15.218643,15.218643,0.499996,-16.82658
133358,555.0,397.5,15.4697,15.481139,15.481139,0.262496,-0.71426
133359,556.0,396.726,15.66395,15.683062,15.683062,0.201923,0.39221
133400,557.0,396.771,15.421118,15.421184,15.421184,-0.261878,0.22103
133401,558.0,397.003,15.097917,15.099699,15.099699,-0.321485,0.00135
133402,559.0,395.88,15.145617,15.187193,15.187193,0.087494,3.37044
133403,560.0,395.286,15.388586,15.400046,15.400046,0.212853,-0.26794
133404,561.0,395.233,15.582927,15.583017,15.583017,0.182971,-2.79095
133405,562.0,394.118,15.421076,15.461332,15.461332,-0.121685,4.65199
133406,563.0,393.608,15.388561,15.39701,15.39701,-0.064322,1.40255
133407,564.0,392.966,15.388552,15.401939,15.401939,0.004929,1.50904
133408,565.0,393.28,15.469615,15.472801,15.472801,0.070862,-4.41993
133409,566.0,392.802,15.145559,15.1531,15.1531,-0.319701,3.32468
133410,567.0,392.926,15.064639,15.06515,15.06515,-0.08795,-1.16553
133411,568.0,392.91,15.163025,15.163033,15.163033,0.097883,-1.94263
133412,569.0,392.308,15.081724,15.093734,15.093734,-0.069299,2.12417
133413,570.0,392.236,14.741392,14.741568,14.741568,-0.352166,1.90171
133414,571.0,391.983,14.328826,14.331059,14.331059,-0.410509,3.41641
133415,572.0,392.059,14.242554,14.242757,14.242757,-0.088302,-0.31935
133416,573.0,391.919,14.330191,14.330874,14.330874,0.088117,-0.58028
133417,574.0,391.827,14.042154,14.042455,14.042455,-0.288419,1.97919
133418,575.0,391.349,13.594869,13.60327,13.60327,-0.439185,5.05589
133419,576.0,391.256,13.004227,13.004559,13.004559,-0.598711,4.49791
133420,577.0,390.767,12.618754,12.628225,12.628225,-0.376334,5.13915
133421,578.0,391.674,12.437316,12.470344,12.470344,-0.157881,-7.87047
133422,579.0,391.116,12.161943,12.174737,12.174737,-0.295607,5.16549
133423,580.0,390.466,12.000853,12.018443,12.018443,-0.156294,4.85324
133424,581.0,389.948,11.688938,11.70041,11.70041,-0.318033,4.99154
133425,582.0,389.383,10.990747,11.00526,11.00526,-0.69515,7.02662
133426,583.0,389.058,10.068038,10.073282,10.073282,-0.931978,6.614
133427,584.0,388.664,8.981818,8.990455,8.990455,-1.082827,6.98736
133428,585.0,388.27,8.089895,8.099484,8.099484,-0.890971,5.67435
133429,586.0,387.512,7.091747,7.132141,7.132141,-0.967343,7.15505
133430,587.0,386.902,6.009584,6.040464,6.040464,-1.091677,6.20474
133431,588.0,386.291,4.790839,4.829644,4.829644,-1.21082,5.74528
133432,589.0,386.067,3.764779,3.771437,3.771437,-1.058207,2.92343
133433,590.0,385.71,2.695946,2.71948,2.71948,-1.051957,2.92785
133434,591.0,385.705,1.675219,1.675226,1.675226,-1.044254,0.64089
133435,592.0,385.501,0.790135,0.816045,0.816045,-0.859181,1.01674
133436,593.0,385.496,0.22239,0.222446,0.222446,-0.593599,-0.27021
133437,594.0,385.393,0.084663,0.13333,0.13333,-0.089116,-0.33475
133438,595.0,385.586,0.202573,0.279794,0.279794,0.146464,-0.3499
133439,596.0,385.781,0.202573,0.281178,0.281178,0.001384,-0.33015
133440,597.0,385.224,0.202573,0.592693,0.592693,0.311515,2.24867
133441,598.0,385.48,0.23796,0.349516,0.349516,-0.243177,-0.28393
133442,599.0,385.726,0.202573,0.318672,0.318672,-0.030844,-0.32253
133443,600.0,385.604,0.279515,0.30498,0.30498,-0.013692,-0.32624
133444,601.0,385.85,0.202573,0.318672,0.318672,0.013692,-0.3294
133445,602.0,385.372,0.084663,0.48544,0.48544,0.166768,-0.59809
133446,603.0,385.673,0.139758,0.331863,0.331863,-0.153577,-0.30167
133447,604.0,385.533,0.084663,0.163609,0.163609,-0.168254,-0.32501
133448,605.0,385.758,0.139758,0.264872,0.264872,0.101263,-0.34411
133449,606.0,385.432,0.475921,0.576868,0.576868,0.311996,1.15252
133450,607.0,385.919,1.580269,1.653608,1.653608,1.07674,-10.62537
133451,608.0,385.364,3.115999,3.16504,3.16504,1.511432,0.20035
133452,609.0,385.271,4.804108,4.805008,4.805008,1.639968,-12.89864
133453,610.0,384.598,5.810667,5.849511,5.849511,1.044503,0.33586
133454,611.0,384.854,6.58743,6.592402,6.592402,0.742891,-10.68194
133455,612.0,384.714,7.407314,7.408637,7.408637,0.816235,-9.94105
133456,613.0,384.566,7.956706,7.958082,7.958082,0.549445,-7.26943
133457,614.0,384.027,8.58459,8.601494,8.601494,0.643412,0.24102
133458,615.0,383.678,9.193147,9.199769,9.199769,0.598275,-6.3407
133459,616.0,383.702,10.039951,10.03998,10.03998,0.840211,-11.53673
133500,617.0,382.095,9.935342,10.064466,10.064466,0.024486,8.03759
133501,618.0,381.337,9.935341,9.964214,9.964214,-0.100252,4.59602
133502,619.0,380.951,8.850409,8.858822,8.858822,-1.105392,6.96303
133503,620.0,380.534,7.395502,7.407249,7.407249,-1.451573,7.42724
133504,621.0,380.417,6.339001,6.340081,6.340081,-1.067168,3.97274
133505,622.0,380.032,5.493619,5.507093,5.507093,-0.832988,4.11804
133506,623.0,379.868,5.124416,5.12704,5.12704,-0.380053,1.75851
133507,624.0,379.614,4.755979,4.762757,4.762757,-0.364283,2.05256
133508,625.0,379.205,3.807477,3.829381,3.829381,-0.933376,3.60495
133509,626.0,379.405,2.753284,2.760539,2.760539,-1.068842,0.3286
133510,627.0,379.321,1.484672,1.487047,1.487047,-1.273492,1.07244
133511,628.0,379.181,0.581187,0.597811,0.597811,-0.889236,0.61504
133512,629.0,379.297,0.344161,0.363184,0.363184,-0.234627,-0.28285
133513,630.0,379.104,0.084662,0.210753,0.210753,-0.152431,-0.31943
133514,631.0,379.35,0.084662,0.260161,0.260161,0.049408,-0.33768
133515,632.0,378.948,0.139757,0.425601,0.425601,0.16544,-0.56657
133516,633.0,378.803,0.169324,0.222925,0.222925,-0.202676,-0.31224
133517,634.0,380.032,0.139757,1.236921,1.236921,1.013996,-21.71727
133518,635.0,379.775,0.084662,0.270586,0.270586,-0.966335,-0.20411
133519,636.0,379.12,0.111195,0.664371,0.664371,0.393785,2.68202
133520,637.0,379.088,0.0,0.032,0.0,-0.664371,-0.35
133521,638.0,380.248,0.0,1.16,0.0,0.0,-0.35
133522,639.0,379.567,0.0,0.681,0.0,0.0,-0.35
133523,640.0,378.639,0.111195,0.934638,0.934638,0.934638,3.70183
133524,641.0,380.425,0.0,1.786,0.0,-0.934638,-0.35
133525,642.0,380.441,0.0,0.016,0.0,0.0,-0.35
133526,643.0,379.474,0.111195,0.973372,0.973372,0.973372,3.85407
133527,644.0,378.964,0.344161,0.615261,0.615261,-0.358111,2.22311
133528,645.0,379.12,2.087403,2.093224,2.093224,1.477963,-7.37005
133529,646.0,378.787,4.755978,4.767622,4.767622,2.674398,-16.98353
133530,647.0,378.895,6.393057,6.393969,6.393969,1.626347,-17.33326
133531,648.0,378.771,8.679813,8.680699,8.680699,2.28673,-33.09508
133532,649.0,378.478,2.120105,2.140256,2.140256,-6.540443,7.97386
133535,652.0,378.362,41.831165,41.831326,13.943775,3.934506,-95.17008
133536,653.0,378.417,11.659361,11.659491,11.659491,-2.284284,13.35903
133537,654.0,378.57,11.9222,11.923182,11.923182,0.263691,-4.18003
133538,655.0,378.972,12.324339,12.330893,12.330893,0.407711,-11.1606
133539,656.0,379.342,12.698384,12.703773,12.703773,0.37288,-10.26643
133540,657.0,379.823,13.028242,13.037119,13.037119,0.333346,-11.49077
133541,658.0,380.779,12.762913,12.798667,12.798667,-0.238452,-6.9704
133542,659.0,382.095,12.859901,12.927061,12.927061,0.128394,-20.42126
133543,660.0,381.599,13.136658,13.146019,13.146019,0.218958,1.15902
133544,661.0,382.256,12.48609,12.503364,12.503364,-0.642655,1.35832
133545,662.0,382.611,12.762895,12.767831,12.767831,0.264467,-7.8297
133546,663.0,382.605,12.76289,12.762891,12.762891,-0.00494,0.49419
133547,664.0,381.678,12.444967,12.479444,12.479444,-0.283447,6.71826
133548,665.0,381.606,13.136635,13.136832,13.136832,0.657388,-18.30302
133549,666.0,381.273,12.859869,12.86418,12.86418,-0.272652,3.65372
133550,667.0,381.823,12.762872,12.774717,12.774717,-0.089463,-3.58891
133551,668.0,382.449,13.275044,13.289796,13.289796,0.515079,-17.94681
133552,669.0,381.599,12.347697,12.376919,12.376919,-0.912877,10.16902
133553,670.0,381.477,12.859851,12.86043,12.86043,0.483511,-13.21654
133554,671.0,381.044,12.762853,12.770196,12.770196,-0.090234,3.04556
133555,672.0,381.63,12.486042,12.499785,12.499785,-0.270411,-0.55646
133556,673.0,380.61,13.136597,13.176137,13.176137,0.676352,0.70737
133557,674.0,381.554,12.859833,12.894434,12.894434,-0.281703,-5.8593
133558,675.0,382.18,12.762835,12.778178,12.778178,-0.116256,-4.24559
133559,676.0,382.264,13.23364,13.233907,13.233907,0.455729,-7.95118
133600,677.0,381.831,12.389094,12.396658,12.396658,-0.837249,7.73182
133601,678.0,381.152,12.762821,12.78087,12.78087,0.384212,1.27192
133602,679.0,381.39,12.85981,12.862012,12.862012,0.081142,-2.18887
133603,680.0,382.132,12.347649,12.369923,12.369923,-0.492089,0.08733
133604,681.0,381.9,13.233617,13.23565,13.23565,0.865727,-20.47113
133605,682.0,382.542,12.762803,12.77894,12.77894,-0.45671,0.20188
133606,683.0,380.663,12.859792,12.996341,12.996341,0.217401,7.84902
133607,684.0,381.739,13.178215,13.22207,13.22207,0.225729,-18.82822
133608,685.0,381.691,12.444876,12.444968,12.444968,-0.777102,5.5327
133609,686.0,381.437,12.762784,12.765312,12.765312,0.320344,-0.33981
133725,762.0,374.168,1434.400045,1434.418463,18.873927,0.080377,-5.36731
133726,763.0,375.149,13.721541,13.756564,13.756564,-5.117363,29.214
133727,764.0,375.341,15.013714,15.014942,15.014942,1.258378,-31.23996
133728,765.0,375.976,14.887369,14.900905,14.900905,-0.114037,-4.7484
133729,766.0,376.113,15.04057,15.041194,15.041194,0.140289,-3.05467
133730,767.0,375.659,14.785454,14.792422,14.792422,-0.248772,2.94453
133731,768.0,375.659,14.687702,14.687702,14.687702,-0.10472,-0.16539
133732,769.0,375.009,14.437124,14.451749,14.451749,-0.235953,4.01327
133733,770.0,375.606,14.425125,14.437474,14.437474,-0.014275,-6.39099
133734,771.0,375.141,14.372412,14.379932,14.379932,-0.057542,1.93916
133735,772.0,374.707,14.468009,14.474517,14.474517,0.094585,0.65564
133736,773.0,374.292,14.382582,14.388568,14.388568,-0.085949,1.89325
133737,774.0,373.975,14.3956,14.39909,14.39909,0.010522,0.74753
133738,775.0,374.192,14.411455,14.413089,14.413089,0.013999,-1.8241
133739,776.0,373.642,14.371376,14.381897,14.381897,-0.031192,2.15805
133740,777.0,373.45,14.273388,14.274679,14.274679,-0.107218,1.06277
133741,778.0,373.111,14.371366,14.375363,14.375363,0.100684,0.24275
133742,779.0,373.172,14.469534,14.469663,14.469663,0.0943,-1.6896
133743,780.0,373.064,14.50933,14.509732,14.509732,0.040069,-0.53869
133744,781.0,372.911,14.509325,14.510131,14.510131,0.000399,-0.04653
133745,782.0,372.739,14.509319,14.510339,14.510339,0.000208,0.04491
133746,783.0,373.188,13.957624,13.964844,13.964844,-0.545495,1.19422
133747,784.0,371.967,13.485387,13.54055,13.54055,-0.424294,8.51804
133748,785.0,372.083,13.209563,13.210073,13.210073,-0.330477,1.71871
133749,786.0,372.385,13.071708,13.075196,13.075196,-0.134877,-0.3383
133750,787.0,372.239,13.485373,13.486163,13.486163,0.410967,-12.55043
133751,788.0,371.782,13.859368,13.866901,13.866901,0.380738,-0.67684
133752,789.0,371.922,14.371308,14.37199,14.37199,0.505089,-11.21951
133753,790.0,371.621,14.607371,14.610471,14.610471,0.238481,-1.10623
133754,791.0,372.091,14.745293,14.752782,14.752782,0.142311,-8.23657
133755,792.0,371.621,14.804102,14.811561,14.811561,0.058779,0.80193
133756,793.0,371.537,14.843482,14.84372,14.84372,0.032159,-0.86718
133757,794.0,371.272,15.040419,15.042753,15.042753,0.199033,-1.38908
133758,795.0,371.272,15.079656,15.079656,15.079656,0.036903,-1.49826
133800,797.0,371.735,30.434971,30.438492,15.219246,0.069795,-2.96004
133801,798.0,369.875,15.178119,15.291661,15.291661,0.072415,6.89151
133802,799.0,369.946,15.21747,15.217636,15.217636,-0.074025,-1.13637
133803,800.0,370.131,15.315866,15.316983,15.316983,0.099347,-3.04474
133804,801.0,370.548,15.178101,15.183828,15.183828,-0.133155,-2.31786
133805,802.0,369.513,15.552146,15.586548,15.586548,0.40272,0.21352
133806,803.0,370.022,15.729334,15.737568,15.737568,0.15102,-9.73128
133807,804.0,369.383,15.890628,15.903471,15.903471,0.165903,-0.19024
133808,805.0,368.448,16.004088,16.031378,16.031378,0.127907,1.38291
133809,806.0,367.946,16.223022,16.230787,16.230787,0.199409,-1.43468
133810,807.0,367.692,16.497497,16.499453,16.499453,0.268666,-3.44936
133811,808.0,366.788,17.057809,17.081746,17.081746,0.582293,-3.6134
133812,809.0,366.358,17.158386,17.163773,17.163773,0.082027,-1.81499
133813,810.0,365.116,17.262903,17.307524,17.307524,0.143751,1.36941
133814,811.0,364.466,17.426914,17.439032,17.439032,0.131508,-1.48714
133815,812.0,364.32,17.345329,17.345944,17.345944,-0.093088,-1.89044
133816,813.0,364.751,16.793018,16.798548,16.798548,-0.547396,-0.39876
133817,814.0,364.899,16.045089,16.045771,16.045771,-0.752777,3.06709
133818,815.0,365.192,14.745148,14.748059,14.748059,-1.297712,6.91772
133819,816.0,365.2,12.737234,12.737237,12.737237,-2.010822,12.81499
133820,817.0,365.655,10.827431,10.836987,10.836987,-1.90025,8.42782
133821,818.0,366.033,9.113081,9.120918,9.120918,-1.716069,6.19989
133822,819.0,366.434,7.5627,7.573324,7.573324,-1.547594,4.02673
133823,820.0,366.45,5.998193,5.998214,5.998214,-1.57511,4.60929
133824,821.0,366.664,5.005289,5.009862,5.009862,-0.988352,1.40733
133825,822.0,366.796,5.333118,5.334751,5.334751,0.324889,-3.92244
133826,823.0,367.029,6.864943,6.868896,6.868896,1.534145,-19.40913
133827,824.0,366.936,8.551942,8.552448,8.552448,1.683552,-24.67152
133828,825.0,367.761,10.164499,10.197924,10.197924,1.645476,-37.84405
133829,826.0,368.371,11.430056,11.446321,11.446321,1.248397,-29.83127
133830,827.0,368.194,12.500109,12.501362,12.501362,1.055041,-23.24527
133831,828.0,369.853,12.940063,13.045977,13.045977,0.544615,-34.79147
133832,829.0,370.4,13.416385,13.427531,13.427531,0.381554,-13.92238
133833,830.0,370.456,14.447171,14.447279,14.447279,1.019748,-22.06985
133834,831.0,371.389,15.469795,15.497904,15.497904,1.050625,-39.02623
133835,832.0,371.922,16.180632,16.189409,16.189409,0.691505,-24.6817
133836,833.0,372.654,16.532489,16.548686,16.548686,0.359277,-19.49442
133837,834.0,373.003,16.5325,16.536184,16.536184,-0.012502,-4.10332
133838,835.0,373.22,16.690336,16.691747,16.691747,0.155563,-5.89455
133839,836.0,374.036,16.80948,16.829274,16.829274,0.137527,-15.07152
133840,837.0,374.322,16.532332,16.534806,16.534806,-0.294468,-1.54532
133841,838.0,374.277,16.462123,16.462185,16.462185,-0.072621,-1.68124
133842,839.0,374.654,16.633041,16.637313,16.637313,0.175128,-8.93751
133843,840.0,375.505,16.717663,16.739308,16.739308,0.101995,-14.59543
133844,841.0,377.506,16.70086,16.820307,16.820307,0.080999,-32.43882
133845,842.0,377.133,16.683651,16.68782,16.68782,-0.132487,0.14742
133846,843.0,377.149,16.703163,16.703171,16.703171,0.015351,-2.91028
133847,844.0,378.216,16.50988,16.544323,16.544323,-0.158848,-10.88825
133848,845.0,379.02,16.504263,16.523835,16.523835,-0.020488,-10.40516
133849,846.0,378.919,16.420759,16.42107,16.42107,-0.102765,-1.13767
133850,847.0,379.659,16.338025,16.354774,16.354774,-0.066296,-8.08463
133851,848.0,381.414,16.420761,16.514279,16.514279,0.159505,-30.42359
133852,849.0,381.699,16.507262,16.509722,16.509722,-0.004557,-3.83794
133853,850.0,382.217,16.927433,16.935357,16.935357,0.425635,-18.33723
133854,851.0,382.542,17.350601,17.353644,17.353644,0.418287,-15.56635
133855,852.0,384.243,18.289685,18.368614,18.368614,1.01497,-56.66312
133856,853.0,385.364,19.143415,19.176208,19.176208,0.807594,-42.77972
133857,854.0,385.919,19.328863,19.336829,19.336829,0.160621,-13.69866
133858,855.0,386.508,19.106467,19.115543,19.115543,-0.221286,-6.13059
133859,856.0,387.15,19.378686,19.389318,19.389318,0.273775,-18.70809
133900,857.0,387.845,19.537437,19.549794,19.549794,0.160476,-16.12939
133901,858.0,388.757,19.453107,19.474474,19.474474,-0.07532,-12.04997
133902,859.0,389.391,19.63152,19.641755,19.641755,0.167281,-15.46039
133903,860.0,390.442,19.894647,19.922388,19.922388,0.280633,-26.0649
133904,861.0,391.425,20.242368,20.266222,20.266222,0.343834,-27.4645
133905,862.0,391.063,20.517951,20.521144,20.521144,0.254922,-8.00514
133906,863.0,391.217,20.738757,20.739329,20.739329,0.218185,-10.59545
133907,864.0,390.831,20.784308,20.787892,20.787892,0.048563,-6.21123
133908,865.0,390.197,20.4832,20.493009,20.493009,-0.294883,-1.21579
133909,866.0,389.121,20.269125,20.297665,20.297665,-0.195344,0.13983
133910,867.0,387.937,20.058445,20.093359,20.093359,-0.204306,0.9912
133911,868.0,386.532,19.829769,19.879481,19.879481,-0.213878,2.39094
133912,869.0,387.195,19.851259,19.862327,19.862327,-0.017154,-10.17215
133913,870.0,387.01,20.122113,20.122964,20.122964,0.260637,-8.32029
133914,871.0,386.91,20.183318,20.183565,20.183565,0.060601,-6.85666
133915,872.0,385.316,20.393126,20.455328,20.455328,0.271763,-2.22192
133916,873.0,384.389,20.453965,20.474961,20.474961,0.019633,-2.91948
133917,874.0,384.243,20.453955,20.454476,20.454476,-0.020485,-6.20413
133918,875.0,383.802,20.453944,20.458698,20.458698,0.004222,-5.05319
133919,876.0,382.116,20.328411,20.398208,20.398208,-0.06049,1.58157
133920,877.0,381.313,20.141556,20.157556,20.157556,-0.240652,-0.54101
133921,878.0,380.285,20.102221,20.128489,20.128489,-0.029067,-1.49935
133922,879.0,379.442,19.916545,19.934378,19.934378,-0.194111,-0.53385
133923,880.0,379.313,19.898215,19.898633,19.898633,-0.035745,-5.40828
133924,881.0,379.297,19.731194,19.731201,19.731201,-0.167432,-4.47427
133925,882.0,378.956,19.833086,19.836018,19.836018,0.104817,-5.67145
133926,883.0,378.525,19.935437,19.940095,19.940095,0.104077,-5.3767
133927,884.0,376.972,20.018793,20.078941,20.078941,0.138846,-0.57316
133928,885.0,377.434,19.852065,19.85744,19.85744,-0.221501,-6.37669
133929,886.0,377.529,19.731151,19.731379,19.731379,-0.126061,-5.39676
133930,887.0,377.498,19.56417,19.564194,19.564194,-0.167185,-4.20629
133931,888.0,377.342,19.3615,19.362128,19.362128,-0.202066,-3.04842
133932,889.0,376.361,19.361492,19.386329,19.386329,0.024201,-1.28122
133933,890.0,376.036,19.546126,19.548828,19.548828,0.162499,-5.9121
133934,891.0,376.237,19.916444,19.917459,19.917459,0.368631,-15.33327
133935,892.0,376.43,20.399371,20.400284,20.400284,0.482825,-19.62934
133936,893.0,376.316,20.566519,20.566835,20.566835,0.166551,-8.36834
133937,894.0,375.534,20.566511,20.581372,20.581372,0.014537,-3.70114
133938,895.0,375.598,20.733693,20.733792,20.733792,0.15242,-9.31326
133939,896.0,375.149,20.733685,20.738546,20.738546,0.004754,-5.40043
133940,897.0,375.511,20.80035,20.8035,20.8035,0.064954,-9.94878
133941,898.0,374.855,20.867738,20.878046,20.878046,0.074546,-5.31547
133942,899.0,374.53,20.76821,20.770752,20.770752,-0.107294,-4.90678
133943,900.0,375.249,20.768202,20.780644,20.780644,0.009892,-12.60807
133944,901.0,375.883,20.906277,20.915888,20.915888,0.135244,-15.62116
133945,902.0,375.341,20.935819,20.942834,20.942834,0.026946,-5.46671
133946,903.0,373.92,21.172422,21.220054,21.220054,0.27722,-4.25584
133947,904.0,373.064,21.088516,21.105882,21.105882,-0.114172,-2.76298
133948,905.0,372.662,21.172407,21.176223,21.176223,0.070341,-6.90674
133949,906.0,372.224,21.004609,21.009175,21.009175,-0.167048,-4.08016
133950,907.0,371.991,21.019606,21.020898,21.020898,0.011723,-6.88897
133951,908.0,371.296,20.836827,20.848415,20.848415,-0.172483,-2.59376
133952,909.0,370.857,20.600528,20.605205,20.605205,-0.24321,-2.79064
133953,910.0,370.556,20.60052,20.602719,20.602719,-0.002486,-5.84449
133954,911.0,370.223,20.417498,20.420213,20.420213,-0.182506,-3.66591
133955,912.0,369.227,20.501339,20.525519,20.525519,0.105306,-3.5096
133956,913.0,369.283,20.333641,20.333718,20.333718,-0.191801,-5.31381
133957,914.0,368.701,20.333634,20.341961,20.341961,0.008243,-4.26379
133958,915.0,368.656,20.417468,20.417518,20.417518,0.075557,-7.58161
133959,916.0,368.347,20.486528,20.488858,20.488858,0.07134,-6.38438
134000,917.0,367.74,20.663026,20.671939,20.671939,0.183081,-6.34227
134001,918.0,367.43,20.754195,20.75651,20.75651,0.084571,-6.88636
134002,919.0,366.728,20.907049,20.918831,20.918831,0.162321,-6.04277
134003,920.0,366.928,21.123176,21.124123,21.124123,0.205292,-11.29692
134004,921.0,366.278,21.347728,21.357622,21.357622,0.233499,-7.67906
134005,922.0,366.58,21.67583,21.677933,21.677933,0.320311,-17.59362
134006,923.0,367.467,21.737356,21.755446,21.755446,0.077513,-18.43846
134007,924.0,369.211,21.486308,21.55697,21.55697,-0.198476,-22.25997
134008,925.0,370.308,21.653681,21.681451,21.681451,0.124481,-23.3835
134009,926.0,370.03,21.570004,21.571796,21.571796,-0.109655,-6.19515
134010,927.0,371.55,21.737393,21.790471,21.790471,0.218675,-33.58636
134011,928.0,372.316,21.821103,21.834543,21.834543,0.044072,-15.39328
134012,929.0,373.212,21.821112,21.839499,21.839499,0.004956,-16.08337
134013,930.0,373.473,21.570041,21.57162,21.57162,-0.267879,-7.10316
134014,931.0,374.61,21.302501,21.332822,21.332822,-0.238798,-11.25209
134015,932.0,375.04,20.967669,20.972077,20.972077,-0.360745,-6.18794
134016,933.0,375.992,20.700206,20.722086,20.722086,-0.249991,-9.47676
134017,934.0,376.972,20.382008,20.405554,20.405554,-0.316532,-8.56119
134018,935.0,377.614,20.281621,20.29178,20.29178,-0.113774,-8.81326
134019,936.0,378.293,20.197932,20.209342,20.209342,-0.082438,-9.19083
134020,937.0,378.734,20.11425,20.119084,20.119084,-0.090258,-7.86866
134021,938.0,379.234,20.082268,20.088491,20.088491,-0.030593,-8.69048
134022,939.0,379.799,20.000839,20.008818,20.008818,-0.079673,-8.42069
134023,940.0,381.052,20.018102,20.057278,20.057278,0.04846,-21.86247
134024,941.0,382.441,20.235125,20.282741,20.282741,0.225463,-30.05577
134025,942.0,382.751,20.227792,20.230167,20.230167,-0.052574,-7.75802
134026,943.0,382.743,20.058527,20.058528,20.058528,-0.171639,-4.86918
134027,944.0,383.2,19.804629,19.809901,19.809901,-0.248627,-6.03738
134028,945.0,384.373,19.550731,19.585888,19.585888,-0.224013,-11.53714
134029,946.0,384.83,19.213166,19.218601,19.218601,-0.367287,-4.26005
134030,947.0,385.047,19.127568,19.128799,19.128799,-0.089802,-5.596
134031,948.0,386.067,18.958303,18.985722,18.985722,-0.143077,-11.41556
134032,949.0,386.986,18.878584,18.900939,18.900939,-0.084783,-11.56147
134033,950.0,387.126,18.582779,18.583306,18.583306,-0.317633,-2.55116
134034,951.0,388.688,18.574742,18.640303,18.640303,0.056997,-25.99987
134035,952.0,389.599,18.383509,18.406067,18.406067,-0.234236,-6.7782
134036,953.0,389.956,18.131022,18.134537,18.134537,-0.27153,-3.54005
134037,954.0,389.732,17.58915,17.590576,17.590576,-0.543961,2.06849
134038,955.0,390.326,17.507728,17.517802,17.517802,-0.072774,-6.06706
134039,956.0,390.868,17.670632,17.678943,17.678943,0.161141,-12.04091
134040,957.0,390.699,17.752135,17.752939,17.752939,0.073996,-3.63822
134041,958.0,391.819,17.665218,17.700687,17.700687,-0.052252,-15.14051
134042,959.0,392.569,17.419676,17.435814,17.435814,-0.264873,-4.7899
134043,960.0,393.817,17.35722,17.402029,17.402029,-0.033785,-17.56305
134044,961.0,394.202,17.286371,17.290658,17.290658,-0.111371,-4.20694
134045,962.0,394.567,17.308682,17.31253,17.31253,0.021872,-5.2507
134046,963.0,395.627,17.350402,17.382752,17.382752,0.070222,-17.49471
134047,964.0,396.036,17.22426,17.229115,17.229115,-0.153637,-3.90752
134048,965.0,397.228,17.128843,17.170269,17.170269,-0.058846,-15.85376
134049,966.0,396.995,17.018961,17.020555,17.020555,-0.149714,-0.69066
134050,967.0,397.289,16.70067,16.703258,16.703258,-0.317297,-1.54219
134051,968.0,397.569,16.349196,16.351593,16.351593,-0.351665,-0.91499
134052,969.0,398.76,15.914214,15.958718,15.958718,-0.392875,-6.65794
134053,970.0,398.644,15.505832,15.506265,15.506265,-0.452453,2.35326
134054,971.0,399.03,15.218329,15.223224,15.223224,-0.283041,-1.09836
134055,972.0,398.932,15.175613,15.175929,15.175929,-0.047295,-0.49816
134056,973.0,399.587,15.338547,15.352526,15.352526,0.176597,-12.44131
134057,974.0,399.35,15.592126,15.593927,15.593927,0.241401,-2.36901
134058,975.0,399.751,15.592124,15.59728,15.59728,0.003353,-4.16683
134059,976.0,399.418,15.756082,15.759601,15.759601,0.162321,-1.47664
134100,977.0,400.37,15.756081,15.784815,15.784815,0.025214,-13.61315
134101,978.0,400.245,15.586965,15.587466,15.587466,-0.197349,0.41689
134102,979.0,399.698,15.413441,15.423144,15.423144,-0.164322,2.30289
134103,980.0,399.558,15.244283,15.244926,15.244926,-0.178218,0.61095
134104,981.0,399.35,14.986839,14.988282,14.988282,-0.256644,1.69577
134105,982.0,398.993,14.648454,14.652804,14.652804,-0.335478,3.19218
134106,983.0,398.467,12.036547,12.048034,12.048034,-2.60477,18.5344
134107,984.0,397.196,12.290065,12.355612,12.355612,0.307578,4.86923
134108,985.0,396.417,11.185525,11.212618,11.212618,-1.142994,10.57076
134109,986.0,396.316,9.65405,9.654578,9.654578,-1.55804,8.23908
134110,987.0,395.146,8.143871,8.227487,8.227487,-1.427091,11.56444
134111,988.0,394.002,6.616424,6.714596,6.714596,-1.512891,10.52774
134112,989.0,393.521,5.167466,5.189804,5.189804,-1.524792,6.15773
134113,990.0,393.174,3.810156,3.825924,3.825924,-1.36388,4.10612
134114,991.0,392.538,2.369754,2.453615,2.453615,-1.372309,4.47854
134115,992.0,391.999,1.358703,1.461709,1.461709,-0.991906,3.01697
134116,993.0,392.493,0.507804,0.70845,0.70845,-0.753259,-7.19914
134117,994.0,391.975,0.13974,0.536518,0.536518,-0.171932,2.19347
134118,995.0,391.983,0.084634,0.085011,0.085011,-0.451507,-0.32536
134119,996.0,392.477,0.277183,0.566451,0.566451,0.48144,-8.54567
134120,997.0,392.131,0.686143,0.768445,0.768445,0.201994,1.2732
134121,998.0,391.594,1.354145,1.456735,1.456735,0.68829,1.81957
134122,999.0,391.441,2.369754,2.374688,2.374688,0.917953,-2.03065
134123,1000.0,390.738,3.55637,3.625186,3.625186,1.250498,1.05986
134124,1001.0,391.333,4.491115,4.530358,4.530358,0.905172,-15.39165
134125,1002.0,390.691,5.257905,5.296955,5.296955,0.766597,1.13356
134126,1003.0,390.551,6.025458,6.027084,6.027084,0.730129,-6.83326
134127,1004.0,389.43,7.179355,7.266345,7.266345,1.239261,1.19115
134128,1005.0,389.972,8.132744,8.150785,8.150785,0.88444,-18.506
134129,1006.0,389.956,8.771919,8.771934,8.771934,0.621149,-11.41142
134130,1007.0,389.314,9.299031,9.321166,9.321166,0.549232,1.00895
134131,1008.0,389.005,9.829185,9.834041,9.834041,0.512875,-6.47058
134132,1009.0,388.772,9.730185,9.732974,9.732974,-0.101067,2.06791
134133,1010.0,388.733,9.501838,9.501918,9.501918,-0.231056,1.70686
134134,1011.0,388.294,9.308445,9.318792,9.318792,-0.183126,3.34964
134135,1012.0,387.404,9.359449,9.401669,9.401669,0.082877,4.2976
134136,1013.0,387.079,9.188514,9.194259,9.194259,-0.20741,2.89144
134137,1014.0,386.283,8.562957,8.599875,8.599875,-0.594384,6.61646
134138,1015.0,386.207,8.158814,8.159168,8.159168,-0.440707,2.41678
134139,1016.0,386.408,7.883067,7.885629,7.885629,-0.273539,0.37674
134140,1017.0,385.509,7.27688,7.332202,7.332202,-0.553427,6.46807
134141,1018.0,385.316,6.7254,6.728168,6.728168,-0.604034,3.06072
134142,1019.0,384.846,5.843386,5.862257,5.862257,-0.865911,4.78908
134143,1020.0,384.164,5.237185,5.281404,5.281404,-0.580853,4.77389
134144,1021.0,384.444,4.557287,4.56588,4.56588,-0.715524,0.24181
134145,1022.0,384.83,3.657797,3.678108,3.678108,-0.887772,-0.33274
134146,1023.0,384.444,2.703965,2.731377,2.731377,-0.946731,2.93339
134147,1024.0,384.465,1.886069,1.886186,1.886186,-0.845191,0.45759
134148,1025.0,384.621,1.215152,1.225124,1.225124,-0.661062,-1.22828
134149,1026.0,384.381,0.882063,0.914131,0.914131,-0.310993,0.99293
134150,1027.0,383.786,0.943035,1.115051,1.115051,0.20092,2.44749
134151,1028.0,384.243,0.882063,0.993421,0.993421,-0.12163,-7.2117
134152,1029.0,383.871,0.675055,0.770768,0.770768,-0.222653,1.55512
134153,1030.0,384.088,0.13974,0.258101,0.258101,-0.512667,-0.26754
134154,1031.0,383.654,0.0,0.434,0.0,-0.258101,-0.35
134155,1032.0,383.942,0.0,0.288,0.0,0.0,-0.35
134156,1033.0,384.164,0.0,0.222,0.0,0.0,-0.35
134157,1034.0,383.863,0.084635,0.312672,0.312672,0.312672,-0.58402
134158,1035.0,383.794,0.0,0.069,0.0,-0.312672,-0.35
134159,1036.0,383.794,0.0,0.0,0.0,0.0,-0.35
134200,1037.0,383.918,0.084635,0.15013,0.15013,0.15013,-0.42264
134201,1038.0,383.995,0.0,0.077,0.0,-0.15013,-0.35
134202,1039.0,383.887,0.13974,0.176611,0.176611,0.176611,-0.44307
134203,1040.0,384.143,0.337527,0.423628,0.423628,0.247017,-0.62182
134204,1041.0,384.043,0.754794,0.761389,0.761389,0.337761,0.0548
134205,1042.0,384.151,1.691578,1.695023,1.695023,0.933634,-4.24166
134206,1043.0,383.794,3.326027,3.345132,3.345132,1.650109,-4.4544
134207,1044.0,384.151,5.074737,5.087278,5.087278,1.742146,-19.18886
134208,1045.0,383.554,6.045527,6.074932,6.074932,0.987654,0.04782
134209,1046.0,382.682,6.94703,7.001543,7.001543,0.926611,1.2022
134210,1047.0,382.936,7.977441,7.981484,7.981484,0.979941,-14.96185
134211,1048.0,383.377,9.158004,9.168616,9.168616,1.187132,-22.51336
134212,1049.0,383.408,10.063245,10.063293,10.063293,0.894677,-12.56323
134213,1050.0,383.268,10.442268,10.443206,10.443206,0.379913,-7.66058
134214,1051.0,383.839,10.366196,10.38191,10.38191,-0.061296,-5.36782
134215,1052.0,384.428,10.378256,10.394957,10.394957,0.013047,-6.90646
134216,1053.0,385.123,10.759345,10.781768,10.781768,0.386811,-15.00642
134217,1054.0,385.192,10.879516,10.879734,10.879734,0.097966,-0.22115
134218,1055.0,386.03,11.074309,11.10597,11.10597,0.226236,-14.45359
134219,1056.0,386.917,11.232307,11.267275,11.267275,0.161305,-14.03484
134220,1057.0,388.038,11.193665,11.249656,11.249656,-0.017619,-14.49811
134221,1058.0,387.861,11.19367,11.195069,11.195069,-0.054587,1.79945
134222,1059.0,388.278,11.313487,11.32117,11.32117,0.126101,-5.87254
134223,1060.0,388.981,11.355491,11.377231,11.377231,0.056061,-9.12903
134224,1061.0,389.787,11.669096,11.696898,11.696898,0.319667,-15.67899
134225,1062.0,391.285,11.588294,11.684714,11.684714,-0.012184,-20.41612
134226,1063.0,392.131,11.554048,11.584979,11.584979,-0.099735,-8.4018
134227,1064.0,393.304,11.691616,11.750311,11.750311,0.165332,-18.59116
134228,1065.0,393.243,11.78592,11.786077,11.786077,0.035766,0.82626
134229,1066.0,394.342,11.91088,11.961474,11.961474,0.175397,-17.56607
134230,1067.0,394.696,11.85,11.855287,11.855287,-0.106187,-0.32202
134231,1068.0,395.487,12.166045,12.191732,12.191732,0.336445,-15.83624
134232,1069.0,396.863,12.517888,12.593288,12.593288,0.401556,-26.82425
134233,1070.0,397.561,12.667945,12.68716,12.68716,0.093872,-9.73012
134234,1071.0,397.87,12.619588,12.62337,12.62337,-0.06379,-0.56009
134235,1072.0,398.219,12.434358,12.439255,12.439255,-0.184115,0.07576
134236,1073.0,398.837,12.249676,12.265255,12.265255,-0.174,-2.94079
134237,1074.0,399.217,12.149283,12.155224,12.155224,-0.110031,-0.4135
134238,1075.0,398.472,12.369349,12.391764,12.391764,0.23654,2.7711
134239,1076.0,398.412,12.513667,12.513811,12.513811,0.122047,0.12721
134240,1077.0,397.754,12.658738,12.675828,12.675828,0.162017,2.61787
134241,1078.0,397.585,12.703061,12.704185,12.704185,0.028357,1.09816
134242,1079.0,397.328,12.78653,12.789112,12.789112,0.084927,1.1136
134243,1080.0,397.622,13.138907,13.142196,13.142196,0.353084,-9.01626
134244,1081.0,396.987,13.337875,13.352982,13.352982,0.210786,1.71459
134245,1082.0,397.228,13.840438,13.842536,13.842536,0.489554,-11.86454
134246,1083.0,397.5,14.479621,14.482176,14.482176,0.63964,-16.6352
134247,1084.0,397.793,15.001837,15.004698,15.004698,0.522522,-14.86129
134248,1085.0,397.746,15.312228,15.312301,15.312301,0.307603,-15.49879
134249,1086.0,397.87,15.898628,15.899111,15.899111,0.58681,-14.98281
134250,1087.0,398.451,16.624963,16.635112,16.635112,0.736001,-27.38547
134251,1088.0,398.832,17.297315,17.30151,17.30151,0.666398,-23.38793
134252,1089.0,398.708,17.478548,17.478988,17.478988,0.177478,-4.42315
134253,1090.0,398.969,17.506816,17.508761,17.508761,0.029773,-5.03407
134254,1091.0,398.985,17.438185,17.438192,17.438192,-0.070569,-2.94683
134255,1092.0,399.55,17.521983,17.531089,17.531089,0.092897,-10.34024
134256,1093.0,398.869,17.370402,17.383746,17.383746,-0.147343,1.06606
134257,1094.0,399.21,17.370396,17.373743,17.373743,-0.010003,-4.93409
134258,1095.0,398.692,17.202981,17.210778,17.210778,-0.162965,0.59104
134259,1096.0,398.412,17.103027,17.105318,17.105318,-0.10546,-0.9149
134300,1097.0,398.612,16.768029,16.769221,16.769221,-0.336097,-0.99861
134301,1098.0,398.303,16.450096,16.452998,16.452998,-0.316223,1.52009
134302,1099.0,397.978,16.217246,16.220502,16.220502,-0.232496,1.12515
134303,1100.0,398.668,16.400922,16.41543,16.41543,0.194928,-14.29456
134304,1101.0,398.396,16.847765,16.849961,16.849961,0.434531,-18.86354
134305,1102.0,399.487,16.888488,16.923691,16.923691,0.07373,-17.78381
134306,1103.0,399.783,16.780579,16.783189,16.783189,-0.140502,-3.05591
134307,1104.0,401.215,16.759944,16.821009,16.821009,0.03782,-22.17901
134308,1105.0,402.198,16.711115,16.740002,16.740002,-0.081007,-11.72515
134309,1106.0,402.592,16.57014,16.574823,16.574823,-0.165179,-3.1317
134310,1107.0,403.229,16.375347,16.387732,16.387732,-0.187091,-3.94565
134311,1108.0,404.008,15.890449,15.909532,15.909532,-0.4782,-1.97258
134312,1109.0,403.855,15.422198,15.422957,15.422957,-0.486575,2.83779
134313,1110.0,404.885,14.911221,14.946752,14.946752,-0.476205,-2.56716
134314,1111.0,404.817,14.252492,14.252654,14.252654,-0.694098,4.53774
134315,1112.0,404.925,13.677478,13.677904,13.677904,-0.57475,3.13385
134316,1113.0,404.994,13.017688,13.017871,13.017871,-0.660033,4.10987
134317,1114.0,405.583,12.276575,12.290696,12.290696,-0.727175,2.23783
134318,1115.0,406.148,11.385129,11.399139,11.399139,-0.891557,2.92601
134319,1116.0,406.558,10.428417,10.436474,10.436474,-0.962665,3.48474
134320,1117.0,406.806,8.540591,8.544191,8.544191,-1.892283,7.00489
134321,1118.0,406.394,8.475429,8.485437,8.485437,-0.058754,2.54651
134322,1119.0,406.394,9.896348,9.896348,9.896348,1.410911,-25.94447
134323,1120.0,405.636,9.668566,9.698233,9.698233,-0.198115,5.01148
134324,1121.0,405.411,10.752004,10.754358,10.754358,1.056125,-18.45896
134325,1122.0,404.349,11.302083,11.351869,11.351869,0.597511,2.44295
134326,1123.0,404.396,10.733971,10.734073,10.734073,-0.617796,3.59183
134327,1124.0,403.778,11.369876,11.386659,11.386659,0.652586,0.02474
134328,1125.0,402.306,11.975334,12.065464,12.065464,0.678805,3.85721
134329,1126.0,401.794,12.327141,12.33777,12.33777,0.272306,1.48715
134330,1127.0,400.813,12.592308,12.630463,12.630463,0.292693,3.38329
134331,1128.0,400.795,14.089734,14.089745,14.089745,1.459282,-39.87734
134332,1129.0,400.417,12.980261,12.985763,12.985763,-1.103982,9.03471
134333,1130.0,401.059,14.582263,14.596388,14.596388,1.610625,-45.77386
134334,1131.0,400.586,15.489386,15.496607,15.496607,0.900219,-24.04002
134335,1132.0,401.849,15.01427,15.067298,15.067298,-0.429309,-7.0869
134336,1133.0,402.608,14.28591,14.306058,14.306058,-0.76124,1.05229
134337,1134.0,402.864,13.470108,13.472541,13.472541,-0.833517,4.20244
134338,1135.0,403.514,12.895825,12.912196,12.912196,-0.560345,0.75898
134339,1136.0,403.831,12.067363,12.071526,12.071526,-0.84067,4.23557
134340,1137.0,403.498,11.908689,11.913344,11.913344,-0.158182,3.25185
134341,1138.0,403.778,12.333778,12.336956,12.336956,0.423612,-9.54021
134342,1139.0,403.305,13.4254,13.43373,13.43373,1.096774,-22.21391
134343,1140.0,402.787,14.235898,14.245319,14.245319,0.811589,-17.4725
134344,1141.0,403.606,14.948694,14.971113,14.971113,0.725794,-28.17169
134345,1142.0,403.638,15.610279,15.610312,15.610312,0.639199,-14.4371
134346,1143.0,403.39,15.716448,15.718404,15.718404,0.108092,-1.42772
134347,1144.0,403.313,15.822685,15.822873,15.822873,0.104469,-2.3118
134348,1145.0,403.678,15.716442,15.72068,15.72068,-0.102193,-2.741
134349,1146.0,403.53,15.478969,15.479676,15.479676,-0.241004,0.93744
134350,1147.0,403.12,15.029112,15.034703,15.034703,-0.444973,3.99348
134351,1148.0,402.779,14.447957,14.45198,14.45198,-0.582723,4.97043
134352,1149.0,403.089,13.876246,13.879708,13.879708,-0.572272,2.07169
134353,1150.0,403.205,13.306203,13.306708,13.306708,-0.573,3.23239
134354,1151.0,403.321,12.502335,12.502873,12.502873,-0.803835,4.90329
134355,1152.0,403.073,11.874147,11.876736,11.876736,-0.626137,5.53145
134356,1153.0,403.39,11.793587,11.797847,11.797847,-0.078889,-0.31321
134357,1154.0,403.136,12.174878,12.177527,12.177527,0.37968,-0.26187
134358,1155.0,403.546,12.578795,12.585475,12.585475,0.407948,-11.52512
134359,1156.0,403.654,12.359045,12.359517,12.359517,-0.225958,1.50885
134400,1157.0,403.654,11.147903,11.147903,11.147903,-1.211614,7.19651
134401,1158.0,403.289,9.38548,9.392574,9.392574,-1.755329,10.16302
134402,1159.0,403.506,8.261028,8.263878,8.263878,-1.128696,3.81083
134403,1160.0,403.358,7.835475,7.836872,7.836872,-0.427006,2.60541
134404,1161.0,403.738,7.915513,7.924629,7.924629,0.087757,-5.39532
134405,1162.0,403.715,8.788067,8.788098,8.788098,0.863469,-14.78723
134406,1163.0,403.081,9.851988,9.872367,9.872367,1.084269,-10.50878
134407,1164.0,403.205,10.829855,10.830564,10.830564,0.958197,-15.97333
134408,1165.0,403.289,11.629645,11.629948,11.629948,0.799384,-13.2281
134409,1166.0,403.189,12.229216,12.229625,12.229625,0.599677,-14.61915
134410,1167.0,403.136,12.417452,12.417565,12.417565,0.18794,-0.24151
134411,1168.0,402.888,12.497302,12.499762,12.499762,0.082197,1.27021
134412,1169.0,402.716,12.400936,12.402128,12.402128,-0.097634,2.04888
134413,1170.0,401.881,12.0225,12.051462,12.051462,-0.350666,6.85089
134414,1171.0,401.548,11.804553,11.809249,11.809249,-0.242213,3.7103
134415,1172.0,401.083,11.680659,11.689911,11.689911,-0.119338,3.61174
134416,1173.0,401.152,11.805549,11.80575,11.80575,0.115839,-0.2469
134417,1174.0,400.417,11.951566,11.974145,11.974145,0.168395,3.28097
134418,1175.0,400.377,12.039014,12.03908,12.03908,0.064935,0.65636
134419,1176.0,399.371,12.29944,12.340513,12.340513,0.301433,3.65783
134420,1177.0,398.7,12.572835,12.590728,12.590728,0.250215,2.1988
134421,1178.0,398.792,12.863324,12.863653,12.863653,0.272925,-3.87599
134422,1179.0,398.435,12.881859,12.886805,12.886805,0.023152,1.91034
134423,1180.0,398.227,12.829216,12.830902,12.830902,-0.055903,1.72863
134424,1181.0,397.777,12.617275,12.625297,12.625297,-0.205605,3.91112
134425,1182.0,397.492,12.414758,12.418029,12.418029,-0.207268,3.23676
134426,1183.0,396.401,12.221653,12.270252,12.270252,-0.147777,6.78004
134427,1184.0,397.072,12.375833,12.39401,12.39401,0.123758,-9.78605
134428,1185.0,396.176,12.709106,12.740651,12.740651,0.346641,2.56564
134429,1186.0,396.044,13.114059,13.114723,13.114723,0.374072,-11.24319
134430,1187.0,395.967,13.710172,13.710388,13.710388,0.595665,-18.22683
134431,1188.0,395.843,14.044221,14.044768,14.044768,0.33438,-12.29973
134432,1189.0,395.209,14.37843,14.392401,14.392401,0.347633,-0.092
134433,1190.0,394.86,14.906713,14.910798,14.910798,0.518397,-14.94786
134434,1191.0,395.053,15.24161,15.242832,15.242832,0.332034,-8.84098
134435,1192.0,395.317,15.639596,15.641824,15.641824,0.398992,-12.07118
134436,1193.0,395.487,15.703096,15.704016,15.704016,0.062192,-3.05004
134437,1194.0,395.386,15.633836,15.634162,15.634162,-0.069854,-0.69881
134438,1195.0,394.784,15.293431,15.305274,15.305274,-0.328888,3.87618
134439,1196.0,394.094,14.885365,14.901348,14.901348,-0.403926,5.10881
134440,1197.0,394.134,14.480849,14.480905,14.480905,-0.420443,2.00905
134441,1198.0,393.436,14.480839,14.497651,14.497651,0.016746,2.43607
134442,1199.0,393.328,14.213059,14.213469,14.213469,-0.284182,1.9234
134443,1200.0,393.32,13.812265,13.812267,13.812267,-0.401202,2.46786
134444,1201.0,393.235,13.376136,13.376406,13.376406,-0.435861,3.2726
134445,1202.0,392.702,12.937087,12.948062,12.948062,-0.428344,5.53868
134446,1203.0,392.292,12.580947,12.587626,12.587626,-0.360436,4.6834
134447,1204.0,392.741,12.143542,12.15184,12.15184,-0.435786,1.21606
134448,1205.0,392.67,11.707038,11.707253,11.707253,-0.444587,3.58754
134449,1206.0,391.814,11.38952,11.421642,11.421642,-0.285611,6.33779
134450,1207.0,391.935,11.271329,11.271978,11.271978,-0.149664,0.91472
134451,1208.0,391.798,11.164011,11.164852,11.164852,-0.107126,1.88869
134452,1209.0,391.489,10.643892,10.648377,10.648377,-0.516475,4.72449
134453,1210.0,391.943,9.963422,9.973761,9.973761,-0.674616,1.61412
134454,1211.0,391.602,9.176514,9.182848,9.182848,-0.790913,5.55947
134455,1212.0,391.534,9.341184,9.341431,9.341431,0.158583,0.04621
134456,1213.0,391.798,9.746122,9.749697,9.749697,0.408266,-8.23137
134457,1214.0,391.465,10.088985,10.094479,10.094479,0.344782,0.42342
134458,1215.0,391.586,10.088984,10.089709,10.089709,-0.00477,-0.02514
134459,1216.0,391.719,10.062329,10.063208,10.063208,-0.026501,0.02055
134500,1217.0,391.959,9.481297,9.484334,9.484334,-0.578874,1.97491
134501,1218.0,391.185,9.167758,9.200373,9.200373,-0.283961,5.36649
134502,1219.0,391.116,8.691445,8.691719,8.691719,-0.508654,2.83841
134503,1220.0,391.581,8.493204,8.505923,8.505923,-0.185796,-2.84815
134504,1221.0,392.015,7.96553,7.977345,7.977345,-0.528578,0.27639
134505,1222.0,391.843,7.187026,7.189084,7.189084,-0.788261,3.78014
134506,1223.0,392.136,6.312106,6.318902,6.318902,-0.870182,1.40959
134507,1224.0,391.975,4.780589,4.783299,4.783299,-1.535603,4.329
134508,1225.0,392.107,2.693855,2.697087,2.697087,-2.086212,1.94267
134509,1226.0,391.904,0.81872,0.843512,0.843512,-1.853575,1.43153
134510,1227.0,391.89,0.22239,0.22283,0.22283,-0.620682,-0.26715
134511,1228.0,392.123,0.0,0.233,0.0,-0.22283,-0.35
134512,1229.0,391.758,0.139734,0.390833,0.390833,0.390833,-0.69225
134513,1230.0,392.34,0.111195,0.592527,0.592527,0.201694,-9.69512
134514,1231.0,392.345,0.139734,0.139824,0.139824,-0.452703,-0.30939
134515,1232.0,392.392,0.139734,0.147427,0.147427,0.007603,-0.34004
134516,1233.0,392.461,0.111195,0.130864,0.130864,-0.016563,-0.33963
134517,1234.0,392.345,0.084625,0.143587,0.143587,0.012723,-0.34065
134518,1235.0,392.131,0.796553,0.824798,0.824798,0.681211,0.45332
134519,1236.0,392.556,2.482611,2.518727,2.518727,1.693929,-13.4686
134520,1237.0,392.469,3.512894,3.513972,3.513972,0.995245,-5.51697
134521,1238.0,392.075,4.321671,4.339594,4.339594,0.825622,0.10841
134522,1239.0,391.919,5.586807,5.588985,5.588985,1.249391,-10.65291
134523,1240.0,391.766,6.604176,6.605948,6.605948,1.016963,-10.57191
134524,1241.0,392.525,8.194741,8.229815,8.229815,1.623867,-31.962
134525,1242.0,391.874,9.700344,9.722164,9.722164,1.492349,-16.37204
134526,1243.0,392.236,10.332492,10.338831,10.338831,0.616667,-13.4615
134527,1244.0,392.123,11.045073,11.045651,11.045651,0.70682,-14.59245
134528,1245.0,391.983,14.819625,14.820286,14.820286,3.774635,-96.61253
134529,1246.0,392.749,13.895402,13.9165,13.9165,-0.903786,2.12389
134530,1247.0,392.268,14.136809,14.14499,14.14499,0.22849,0.22543
134531,1248.0,392.794,14.286773,14.296453,14.296453,0.151463,-9.06807
134532,1249.0,393.259,13.975802,13.983536,13.983536,-0.312917,-0.46615
134533,1250.0,393.219,13.504792,13.504851,13.504851,-0.478685,3.27979
134534,1251.0,393.336,12.906916,12.907446,12.907446,-0.597405,3.52446
134535,1252.0,393.777,12.389826,12.397671,12.397671,-0.509775,1.61381
134536,1253.0,393.692,11.757607,11.757914,11.757914,-0.639757,4.78289
134537,1254.0,393.737,10.977647,10.97774,10.97774,-0.780174,4.56815
134538,1255.0,394.118,10.324179,10.331207,10.331207,-0.646533,1.97952
134539,1256.0,393.909,9.888278,9.890487,9.890487,-0.44072,3.60635
134540,1257.0,394.102,10.137066,10.138903,10.138903,0.248416,-4.56596
134541,1258.0,394.218,10.378956,10.379604,10.379604,0.240701,-3.20673
134542,1259.0,393.869,10.563806,10.569569,10.569569,0.189965,1.26956
134543,1260.0,394.358,11.196322,11.206996,11.206996,0.637427,-16.3758
134544,1261.0,394.644,11.988815,11.992226,11.992226,0.78523,-16.48279
134545,1262.0,394.311,12.229209,12.233742,12.233742,0.241516,0.89102
134546,1263.0,394.868,11.872921,11.885979,11.885979,-0.347763,0.1098
134547,1264.0,395.354,11.547808,11.55803,11.55803,-0.327949,0.23686
134548,1265.0,394.504,11.240588,11.27268,11.27268,-0.28535,6.26776
134549,1266.0,394.504,11.018955,11.018955,11.018955,-0.253725,1.99382
134550,1267.0,394.35,11.202057,11.203115,11.203115,0.18416,0.39616
134551,1268.0,394.374,11.347342,11.347367,11.347367,0.144252,-0.22424
134552,1269.0,394.599,11.788355,11.790502,11.790502,0.443135,-8.77852
134553,1270.0,394.744,12.705654,12.706482,12.706482,0.91598,-17.91006
134554,1271.0,395.029,13.377865,13.380901,13.380901,0.674419,-16.07784
134555,1272.0,394.567,13.293288,13.301314,13.301314,-0.079587,2.80248
134556,1273.0,394.046,12.959283,12.969752,12.969752,-0.331562,4.86481
134557,1274.0,394.086,12.53213,12.532194,12.532194,-0.437558,3.03643
134558,1275.0,393.677,12.452029,12.458744,12.458744,-0.07345,2.99948
134559,1276.0,393.7,12.36299,12.363012,12.363012,-0.095732,1.13179
134600,1277.0,393.552,12.029348,12.030258,12.030258,-0.332754,3.49115
134601,1278.0,393.716,11.522175,11.523342,11.523342,-0.506916,2.75492
134602,1279.0,393.769,10.836902,10.837032,10.837032,-0.68631,3.96673
134603,1280.0,393.299,9.652808,9.664243,9.664243,-1.172789,8.19752
134604,1281.0,393.7,8.21146,8.221245,8.221245,-1.442998,4.16042
134605,1282.0,393.637,6.266062,6.266379,6.266379,-1.954866,6.36498
134606,1283.0,392.942,3.809666,3.872541,3.872541,-2.393838,7.72488
134607,1284.0,393.095,1.696112,1.702999,1.702999,-2.169542,0.83436
134608,1285.0,393.352,0.507739,0.569076,0.569076,-1.133923,-3.26679
134609,1286.0,393.444,0.139733,0.1673,0.1673,-0.401776,-0.30553
134610,1287.0,393.42,0.0,0.024,0.0,-0.1673,-0.35
134611,1288.0,393.082,0.507739,0.609953,0.609953,0.609953,1.11888
134612,1289.0,393.56,1.946333,2.004169,2.004169,1.394216,-12.04584
134613,1290.0,393.978,3.300303,3.326669,3.326669,1.3225,-13.36903
134614,1291.0,393.7,4.571004,4.579449,4.579449,1.25278,-6.39508
134615,1292.0,393.994,5.078607,5.08711,5.08711,0.507661,-7.96137
134616,1293.0,393.769,5.349781,5.35451,5.35451,0.2674,0.43052
134617,1294.0,394.58,7.898183,7.939711,7.939711,2.585201,-44.54734
134618,1295.0,394.821,8.82606,8.82935,8.82935,0.889639,-14.51358
134619,1296.0,394.921,9.594042,9.594563,9.594563,0.765213,-11.14361
134620,1297.0,394.712,9.754504,9.756742,9.756742,0.162179,0.71405
134621,1298.0,395.069,9.501244,9.507948,9.507948,-0.248794,-0.09126
134622,1299.0,395.426,8.987265,8.994353,8.994353,-0.513595,0.94332
134623,1300.0,396.678,8.480556,8.572475,8.572475,-0.421878,-12.07665
134624,1301.0,396.67,7.973979,7.973983,7.973983,-0.598492,2.64464
134625,1302.0,396.919,7.460104,7.464259,7.464259,-0.509724,0.90503
134626,1303.0,397.421,7.200695,7.218172,7.218172,-0.246087,-3.55185
134627,1304.0,397.616,7.116163,7.118835,7.118835,-0.099337,-0.42187
134628,1305.0,397.629,7.369763,7.369774,7.369774,0.250939,-1.59648
134629,1306.0,397.616,7.877014,7.877025,7.877025,0.507251,-8.78384
134630,1307.0,398.552,8.637999,8.688562,8.688562,0.811537,-24.35267
134631,1308.0,399.294,9.325128,9.354602,9.354602,0.66604,-19.67639
134632,1309.0,399.836,9.234633,9.250525,9.250525,-0.104077,-4.8141
134633,1310.0,399.891,8.9028,8.902969,8.902969,-0.347556,1.62941
134634,1311.0,399.976,8.227244,8.227684,8.227684,-0.675285,2.60803
134635,1312.0,399.743,7.720742,7.724257,7.724257,-0.503427,3.26059
134636,1313.0,399.952,6.796194,6.799407,6.799407,-0.92485,2.23474
134637,1314.0,399.836,5.681536,5.68272,5.68272,-1.116687,3.70672
134638,1315.0,400.023,4.09705,4.101316,4.101316,-1.581404,2.20502
134639,1316.0,400.333,4.841658,4.851573,4.851573,0.750257,-10.0033
134640,1317.0,400.597,4.46177,4.469574,4.469574,-0.381999,-0.66989
134641,1318.0,401.802,4.516189,4.674183,4.674183,0.204609,-19.97449
134642,1319.0,401.477,4.264558,4.276924,4.276924,-0.397259,2.33319
134643,1320.0,401.849,3.65742,3.67629,3.67629,-0.600634,-1.78968
134644,1321.0,401.239,3.45507,3.508505,3.508505,-0.167785,3.0892
134645,1322.0,401.471,2.666517,2.676591,2.676591,-0.831914,-0.18019
134646,1323.0,401.471,1.286595,1.286595,1.286595,-1.389996,0.60794
134647,1324.0,401.16,0.279466,0.418118,0.418118,-0.868477,-0.14437
134648,1325.0,401.315,0.202505,0.255016,0.255016,-0.163102,-0.31169
134649,1326.0,400.906,0.111195,0.423846,0.423846,0.16883,-0.56802
134650,1327.0,401.656,0.740755,1.054143,1.054143,0.630297,-13.15338
134651,1328.0,401.36,2.025001,2.04652,2.04652,0.992377,0.21977
134652,1329.0,401.633,2.774531,2.78793,2.78793,0.74141,-7.39429
134653,1330.0,401.331,2.835071,2.851111,2.851111,0.063181,1.204
134654,1331.0,401.617,3.064626,3.077942,3.077942,0.226831,-5.30065
134655,1332.0,400.782,3.967046,4.053971,4.053971,0.976029,1.99946
134656,1333.0,400.726,4.988016,4.988331,4.988331,0.93436,-8.3005
134657,1334.0,400.449,5.797995,5.804608,5.804608,0.816277,-5.12989
134658,1335.0,399.807,6.38042,6.412638,6.412638,0.60803,1.30887
134659,1336.0,399.535,6.96272,6.968031,6.968031,0.555393,-4.1488
134700,1337.0,399.511,6.995853,6.995894,6.995894,0.027863,0.22051
134701,1338.0,399.619,6.634208,6.635087,6.635087,-0.360807,0.81366
134702,1339.0,399.249,5.927767,5.939304,5.939304,-0.695783,3.86378
134703,1340.0,399.001,5.023604,5.029722,5.029722,-0.909582,3.42111
134704,1341.0,399.133,3.955272,3.957474,3.957474,-1.072248,1.36915
134705,1342.0,399.466,3.290162,3.306971,3.306971,-0.650503,-1.35501
134706,1343.0,399.141,3.33384,3.349643,3.349643,0.042672,1.36899
134707,1344.0,399.487,3.716937,3.733007,3.733007,0.383364,-7.28291
134708,1345.0,398.599,4.253666,4.345367,4.345367,0.61236,2.90182
134709,1346.0,399.07,4.925293,4.947762,4.947762,0.602395,-11.47406
