003348,0,214.884,0.0,0.0,0,0,-0.35,4.01835,12.9,311.5
003350,2.0,215.1888,10.081297,10.085904,5.042952,2.521476,-27.20975,6.40042,20.6,310.7
003352,4.0,215.1888,5.627226,5.627226,2.813613,-1.11467,1.76842,-2.30964,-7.6,303.9
003354,6.0,214.5792,7.449713,7.474613,3.737306,0.461847,0.74118,-7.70364,-25.2,305.7
003356,8.0,215.1888,9.831048,9.84993,4.924965,0.593829,-10.64928,-6.40385,-21.1,303.5
003358,10.0,214.2744,11.896479,11.931569,5.965785,0.52041,1.04027,-10.35924,-34.6,299.4
003400,12.0,214.2744,15.374097,15.374097,7.687048,0.860632,-16.18185,-19.90734,-67.3,295.8
003402,14.0,214.884,18.637196,18.647163,9.323582,0.818267,-18.26772,-9.91935,-32.9,301.5
003404,16.0,214.884,19.396457,19.396457,9.698229,0.187323,-7.50245,-5.32092,-17.4,305.8
003406,18.0,215.1888,18.895272,18.89773,9.448865,-0.124682,0.47098,-1.46688,-4.8,305.6
003408,20.0,215.4936,18.936701,18.939154,9.469577,0.010356,-0.28577,-8.86618,-29.3,302.6
003412,24.0,215.7984,39.889258,39.890422,9.972606,0.125757,-0.70017,-11.53596,-38.3,301.2
003414,26.0,215.7984,20.91976,20.91976,10.45988,0.243637,-9.35923,-9.61461,-31.7,303.3
003416,28.0,215.7984,21.314612,21.314612,10.657306,0.098713,0.2183,-8.6674,-28.7,302.0
003418,30.0,215.7984,22.246882,22.246882,11.123441,0.233067,-9.81094,-12.47247,-41.7,299.1
003420,32.0,214.884,24.042276,24.059658,12.029829,0.453194,0.57988,-13.87386,-46.2,300.3
003422,34.0,214.884,25.077689,25.077689,12.538845,0.254508,-12.13535,-9.6368,-31.7,304.0
003424,36.0,214.2744,25.536392,25.543667,12.771833,0.116494,1.66262,-2.25936,-7.2,313.8
003426,38.0,214.2744,23.566352,23.566352,11.783176,-0.494328,4.50277,4.54064,14.8,306.8
003428,40.0,214.884,22.274422,22.282762,11.141381,-0.320898,1.27262,-11.29106,-37.4,301.9
003430,42.0,213.9696,23.530317,23.548078,11.774039,0.316329,1.4863,-10.0233,-33.3,301.0
003432,44.0,214.884,23.940071,23.957527,11.978764,0.102362,-7.00593,-9.9384,-32.8,303.0
003434,46.0,214.884,23.954246,23.954246,11.977123,-0.000821,1.07559,-0.64218,-2.1,305.8
003436,48.0,214.884,23.23303,23.23303,11.616515,-0.180304,2.25262,-0.42812,-1.4,305.8
003438,50.0,214.884,22.427485,22.427485,11.213743,-0.201386,2.28089,-12.74592,-42.6,299.2
003440,52.0,214.2744,23.237065,23.245059,11.62253,0.204394,1.3726,-13.97568,-46.4,301.2
003442,54.0,214.2744,23.784933,23.784933,11.892466,0.134968,0.09896,-2.9032,-9.5,305.6
003444,56.0,214.5792,23.45932,23.4613,11.73065,-0.080908,0.70073,-2.30461,-7.7,299.3
003446,58.0,215.1888,23.705564,23.713401,11.856701,0.063026,-3.12949,-11.96202,-39.9,299.8
003448,60.0,215.7984,24.517462,24.52504,12.26252,0.20291,-6.44772,-11.64096,-38.7,300.8
003450,62.0,215.4936,25.754459,25.756263,12.878131,0.307805,-0.76141,-7.53103,-24.7,304.9
003452,64.0,215.1888,25.789862,25.791663,12.895832,0.00885,1.5205,-0.58045,-1.9,305.5
003454,66.0,212.4456,26.934896,27.074227,13.537114,0.320641,5.74046,-0.611,-2.0,305.5
003456,68.0,211.836,26.83621,26.843132,13.421566,-0.057774,2.62799,-9.65034,-32.2,299.7
003458,70.0,213.9696,26.924537,27.008942,13.504471,0.041453,-17.68062,-7.75462,-25.4,305.3
003500,72.0,214.5792,25.043579,25.050998,12.525499,-0.489486,2.77259,-0.54972,-1.8,305.4
003502,74.0,214.5792,22.765519,22.765519,11.38276,-0.57137,4.83716,0.40105,1.3,308.5
003504,76.0,214.5792,19.927139,19.927139,9.963569,-0.709595,4.94526,13.89804,45.3,306.8
003508,80.0,214.884,36.737977,36.739242,9.18481,-0.19469,1.24126,-13.56736,-46.4,292.4
003510,82.0,215.7984,22.379491,22.398164,11.199082,1.007136,-27.58055,-18.50191,-61.9,298.9
003512,84.0,214.884,24.320966,24.33815,12.169075,0.484997,0.24328,-13.024,-44.0,296.0
003514,86.0,214.884,25.789558,25.789558,12.894779,0.362852,-15.60727,-12.48915,-41.7,299.5
003516,88.0,214.884,26.638179,26.638179,13.31909,0.212155,-12.51659,-7.10832,-23.6,301.2
003518,90.0,215.1888,26.717175,26.718914,13.359457,0.020183,-0.62629,-7.02029,-23.3,301.3
003520,92.0,214.884,27.113943,27.115657,13.557828,0.099185,0.39029,-3.16056,-10.4,303.9
003522,94.0,214.5792,26.631903,26.633647,13.316824,-0.120502,2.29579,-2.70738,-8.9,304.2
003524,96.0,214.5792,26.008713,26.008713,13.004356,-0.156234,1.84566,-1.37115,-4.5,304.7
003526,98.0,215.4936,25.402641,25.419094,12.709547,-0.147405,-0.7521,-3.4707,-11.5,301.8
003528,100.0,215.1888,24.664171,24.666054,12.333027,-0.18826,3.2759,-1.49205,-4.9,304.5
003530,102.0,215.1888,23.51376,23.51376,11.75688,-0.288074,3.04669,-1.34156,-4.4,304.9
003532,104.0,215.4936,22.410307,22.412379,11.20619,-0.275345,1.88204,1.82723,5.9,309.7
003534,106.0,215.4936,19.099088,19.099088,9.549544,-0.828323,5.38356,12.7199,40.9,311.0
003536,108.0,215.4936,12.968554,12.968554,6.484277,-1.532633,6.19333,8.12328,26.4,307.7
003538,110.0,215.4936,5.536651,5.536651,2.768325,-1.857976,2.95921,0.82539,2.7,305.7
003540,112.0,215.4936,0.337596,0.337596,0.168798,-1.299764,-0.2046,-1.46592,-4.8,305.4
003542,114.0,215.4936,0.253995,0.253995,0.126998,-0.0209,-0.33729,-1.58756,-5.2,305.3
003544,116.0,215.4936,0.279517,0.279517,0.139759,0.00638,-0.33829,-1.28226,-4.2,305.3
003546,118.0,215.4936,0.084665,0.084665,0.042333,-0.048713,-0.34506,-0.76425,-2.5,305.7
003548,120.0,215.4936,0.338661,0.338661,0.16933,0.063498,-0.34157,-0.73392,-2.4,305.8
003550,122.0,214.884,0.084665,0.615451,0.307726,0.069198,-0.33571,-0.73368,-2.4,305.7
003552,124.0,214.884,0.279517,0.279517,0.139759,-0.083984,-0.33077,-0.73416,-2.4,305.9
003554,126.0,214.884,0.16933,0.16933,0.084665,-0.027547,-0.34119,-0.73488,-2.4,306.2
003556,128.0,214.884,0.0,0.0,0.0,-0.042332,-0.35,-0.70357,-2.3,305.9
003558,130.0,215.1888,0.084665,0.31634,0.15817,0.079085,-0.34359,-0.70357,-2.3,305.9
003600,132.0,215.1888,0.237961,0.237961,0.11898,-0.019595,-0.33819,-1.35585,-4.5,301.3
003602,134.0,215.4936,4.027153,4.038671,2.019336,0.950178,-6.58085,-14.65044,-48.9,299.6
003604,136.0,215.7984,10.572259,10.576652,5.288326,1.634495,-18.97473,-20.6016,-69.6,296.0
003606,138.0,215.7984,15.204778,15.204778,7.602389,1.157032,-20.50957,-18.53125,-62.5,296.5
003608,140.0,216.1032,18.321106,18.323641,9.161821,0.779716,-14.38201,-14.43962,-48.1,300.2
003610,142.0,216.7128,19.65398,19.663431,9.831716,0.334948,-9.33977,-9.65294,-31.9,302.6
003612,144.0,216.1032,20.158726,20.167941,10.083971,0.126127,1.77741,-10.79122,-36.2,298.1
003614,146.0,216.7128,21.038172,21.047002,10.523501,0.219765,-7.01827,-13.49245,-44.9,300.5
003616,148.0,216.7128,21.668291,21.668291,10.834146,0.155322,-0.12855,-1.24763,-4.1,304.3
003618,150.0,216.408,20.636847,20.639098,10.319549,-0.257298,3.26177,-0.4872,-1.6,304.5
003620,152.0,216.1032,19.709884,19.712241,9.856121,-0.231714,2.96956,-0.48768,-1.6,304.8
003622,154.0,217.0176,18.649091,18.671495,9.335748,-0.260187,-1.12585,-0.48768,-1.6,304.8
003624,156.0,216.7128,17.942627,17.945215,8.972608,-0.18157,2.45173,-0.48784,-1.6,304.9
003626,158.0,217.0176,17.137594,17.140304,8.570152,-0.201228,0.67312,-0.488,-1.6,305.0
003628,160.0,216.7128,16.695604,16.698386,8.349193,-0.11048,1.94611,-0.49216,-1.6,307.6
003630,162.0,216.408,14.231173,14.234437,7.117218,-0.615988,3.85133,12.67935,41.1,308.5
003632,164.0,216.408,10.207287,10.207287,5.103644,-1.006787,3.18479,-1.41987,-4.7,302.1
003634,166.0,216.408,10.077443,10.077443,5.038722,-0.032461,0.21637,-6.83724,-22.7,301.2
003636,168.0,216.7128,11.96227,11.966152,5.983076,0.472177,-7.07814,-13.96136,-46.6,299.6
003638,170.0,216.1032,15.151837,15.164095,7.582047,0.799485,-9.04535,-8.0172,-26.2,306.0
003640,172.0,215.7984,15.103986,15.107061,7.55353,-0.014258,1.35882,6.0099,19.5,308.2
003642,174.0,216.7128,12.196187,12.230417,6.115209,-0.71916,0.18303,4.41504,14.4,306.6
003644,176.0,215.7984,9.829373,9.871813,4.935906,-0.589652,4.51123,1.34552,4.4,305.8
003646,178.0,216.1032,9.135826,9.140909,4.570454,-0.182726,-0.32189,-9.41535,-31.5,298.9
003648,180.0,216.408,12.104739,12.108576,6.054288,0.741917,-10.38687,-8.09544,-26.7,303.2
003650,182.0,216.408,13.112586,13.112586,6.556293,0.251002,-5.77802,3.96159,12.9,307.1
003652,184.0,215.1888,11.211998,11.278092,5.639046,-0.458623,5.28257,2.08284,6.8,306.3
003654,186.0,215.4936,8.787103,8.792388,4.396194,-0.621426,0.7898,2.84859,9.3,306.3
003656,188.0,215.4936,4.816116,4.816116,2.408058,-0.994068,1.28908,0.0304,0.1,304.0
003658,190.0,216.1032,4.461931,4.503381,2.251691,-0.078183,-5.30998,-6.3756,-21.0,303.6
003700,192.0,215.7984,7.207241,7.213683,3.606842,0.677575,-3.34491,-6.56856,-21.6,304.1
003702,194.0,214.884,9.177275,9.222717,4.611358,0.502258,1.36644,0.51952,1.7,305.6
003704,196.0,215.4936,8.403267,8.425349,4.212674,-0.199342,-3.35842,-0.18186,-0.6,303.1
003706,198.0,214.884,8.360652,8.382846,4.191423,-0.010626,1.8397,-6.83325,-22.5,303.7
003708,200.0,215.1888,9.579994,9.584842,4.792421,0.300499,-4.73269,-4.79949,-15.7,305.7
003710,202.0,215.1888,8.901103,8.901103,4.450552,-0.170935,0.5118,0.27495,0.9,305.5
003712,204.0,214.884,6.978472,6.985126,3.492563,-0.478995,1.85117,-0.33539,-1.1,304.9
003714,206.0,215.1888,6.509989,6.51712,3.25856,-0.117001,-1.59423,-3.599,-11.8,305.0
003716,208.0,216.1032,5.299742,5.378047,2.689023,-0.284769,-6.98709,1.27974,4.2,304.7
003718,210.0,217.0176,1.14059,1.461873,0.730937,-0.979043,-7.67782,-0.6098,-2.0,304.9
003720,212.0,216.408,0.22239,0.648899,0.324449,-0.203244,-0.28231,-1.06365,-3.5,303.9
003722,214.0,216.408,1.506245,1.506245,0.753123,0.214337,-0.89511,-4.94868,-16.3,303.6
003724,216.0,216.408,3.678213,3.678213,1.839106,0.542992,-2.89445,-4.83519,-15.9,304.1
003726,218.0,215.7984,4.854275,4.892402,2.446201,0.303547,1.20551,-2.867,-9.4,305.0
003728,220.0,216.1032,5.302838,5.311591,2.655795,0.104797,-3.10313,-0.67144,-2.2,305.2
003730,222.0,216.408,4.077619,4.088995,2.044497,-0.305649,-1.48305,-0.97632,-3.2,305.1
003732,224.0,216.408,1.95555,1.95555,0.977775,-0.533361,0.04633,-1.18755,-3.9,304.5
003734,226.0,216.408,1.031804,1.031804,0.515902,-0.230937,-0.23385,-1.49156,-4.9,304.4
003736,228.0,216.408,1.564566,1.564566,0.782283,0.133191,-0.3434,-1.58652,-5.2,305.1
003738,230.0,216.408,2.852184,2.852184,1.426092,0.321905,-1.6907,-1.40162,-4.6,304.7
003740,232.0,216.408,4.192769,4.192769,2.096384,0.335146,-2.37999,-1.16014,-3.8,305.3
003742,234.0,216.1032,3.673383,3.686006,1.843003,-0.126691,0.84187,-1.09836,-3.6,305.1
003744,236.0,216.1032,1.301998,1.301998,0.650999,-0.596002,-0.06192,-0.70173,-2.3,305.1
003746,238.0,215.7984,0.698795,0.762376,0.381188,-0.134906,-0.28598,-2.31876,-7.6,305.1
003748,240.0,215.7984,1.208419,1.208419,0.60421,0.111511,-0.33713,-1.61915,-5.3,305.5
003750,242.0,215.7984,0.68009,0.68009,0.340045,-0.132083,-0.29346,-1.24845,-4.1,304.5
003752,244.0,215.7984,1.289307,1.289307,0.644654,0.152304,-0.7365,-2.5925,-8.5,305.0
003754,246.0,215.7984,2.411998,2.411998,1.205999,0.280673,-1.38377,-1.4616,-4.8,304.5
003756,248.0,215.4936,2.218159,2.239002,1.119501,-0.043249,0.66726,-1.49352,-4.9,304.8
003758,250.0,215.4936,0.55454,0.55454,0.27727,-0.421116,-0.25619,-0.94581,-3.1,305.1
003800,252.0,215.4936,0.22239,0.22239,0.111195,-0.083037,-0.33476,-0.39702,-1.3,305.4
003802,254.0,215.7984,0.169331,0.348678,0.174339,0.031572,-0.338,-0.1833,-0.6,305.5
010425,1837.0,210.9216,6.596398,8.203392,0.005182,-0.000107,-0.34955,-0.21504,-0.7,307.2
010427,1839.0,210.9216,0.688323,0.688323,0.344161,0.16949,-0.5681,-0.73536,-2.4,306.4
010429,1841.0,210.9216,0.698795,0.698795,0.349397,0.002618,-0.31993,-1.25665,-4.1,306.5
010431,1843.0,211.5312,0.084666,0.615451,0.307726,-0.020835,-0.31922,-0.6754,-2.2,307.0
010433,1845.0,212.4456,0.169331,0.929946,0.464973,0.078623,-0.33101,-1.25952,-4.1,307.2
010435,1847.0,212.1408,0.956376,1.003772,0.501886,0.018456,0.57854,-1.47168,-4.8,306.6
010437,1849.0,212.1408,1.38635,1.38635,0.693175,0.095645,-0.32867,-1.56111,-5.1,306.1
010439,1851.0,212.1408,1.38635,1.38635,0.693175,0.0,-0.55436,-1.59276,-5.2,306.3
010441,1853.0,212.4456,1.233103,1.270215,0.635108,-0.029033,-3.11769,-1.8372,-6.0,306.2
010443,1855.0,211.836,1.360181,1.490539,0.745269,0.05508,1.47106,-1.50136,-4.9,306.4
010445,1857.0,211.5312,0.337597,0.454835,0.227417,-0.258926,-0.29502,-1.40392,-4.6,305.2
010447,1859.0,211.836,1.467679,1.498995,0.749498,0.261041,-3.51231,-3.86316,-12.6,306.6
010449,1861.0,211.5312,3.988233,3.999863,1.999932,0.625217,-0.02742,-4.37866,-14.3,306.2
010451,1863.0,211.836,4.462754,4.473151,2.236576,0.118322,-3.20466,-0.9192,-3.0,306.4
010453,1865.0,211.836,3.741015,3.741015,1.870507,-0.183035,0.0191,-2.84859,-9.3,306.3
010455,1867.0,212.7504,4.149448,4.249005,2.124502,0.126998,-9.23276,-4.70316,-15.4,305.4
010457,1869.0,211.836,4.923762,5.00795,2.503975,0.189736,2.26008,-0.67452,-2.2,306.6
010459,1871.0,212.4456,6.568244,6.596472,3.298236,0.39713,-7.95751,-10.68858,-35.7,299.4
010501,1873.0,212.1408,10.587655,10.592042,5.296021,0.998893,-9.61178,-12.9455,-42.5,304.6
010503,1875.0,211.5312,12.510652,12.525495,6.262748,0.483363,0.22955,-5.2938,-17.3,306.0
010505,1877.0,211.5312,12.691692,12.691692,6.345846,0.041549,0.10408,-0.42868,-1.4,306.2
010507,1879.0,212.1408,12.06008,12.075476,6.037738,-0.154054,-2.53475,-0.3978,-1.3,306.0
010509,1881.0,212.4456,11.457326,11.46138,5.73069,-0.153524,-0.17365,-0.3086,-1.0,308.6
010511,1883.0,212.4456,8.632677,8.632677,4.316339,-0.707176,1.8627,4.11648,13.4,307.2
010513,1885.0,212.1408,5.264698,5.273514,2.636757,-0.839791,2.09328,-2.32463,-7.7,301.9
010515,1887.0,212.7504,7.627866,7.652186,3.826093,0.594668,-9.71943,-13.3716,-44.0,303.9
010517,1889.0,212.4456,10.064411,10.069025,5.034513,0.60421,-5.02051,-0.43064,-1.4,307.6
010519,1891.0,212.4456,8.239366,8.239366,4.119683,-0.457415,1.14784,1.9994,6.5,307.6
010521,1893.0,212.4456,4.325444,4.325444,2.162722,-0.978481,1.10149,1.0731,3.5,306.6
010523,1895.0,212.7504,0.741,0.801239,0.40062,-0.881051,-0.10475,-0.6116,-2.0,305.8
010525,1897.0,213.0552,0.0,0.3048,0.0,-0.20031,-0.35,-0.9195,-3.0,306.5
010527,1899.0,213.6648,0.169333,0.632681,0.316341,0.158171,-0.5433,-0.49056,-1.6,306.6
010529,1901.0,213.0552,0.254,0.6604,0.3302,0.00693,-0.32243,-0.49056,-1.6,306.6
010531,1903.0,213.36,0.169333,0.348679,0.174339,-0.077931,-0.32664,-0.49056,-1.6,306.6
010533,1905.0,213.6648,0.237961,0.386689,0.193345,0.009503,-0.33415,-0.49056,-1.6,306.6
010535,1907.0,212.7504,0.169333,0.929947,0.464973,0.135814,-0.34684,-0.49056,-1.6,306.6
010537,1909.0,213.0552,0.279519,0.413563,0.206781,-0.129096,-0.31599,-0.4904,-1.6,306.5
010539,1911.0,212.7504,0.0,0.3048,0.0,-0.103391,-0.35,-0.69644,-2.3,302.8
010541,1913.0,212.1408,3.987876,4.0342,2.0171,1.00855,0.39747,-11.26727,-37.1,303.7
010543,1915.0,212.7504,7.886625,7.91015,3.955075,0.968987,-12.79331,-6.2016,-20.4,304.0
010545,1917.0,212.1408,9.639014,9.658271,4.829135,0.43703,0.62101,-3.672,-12.0,306.0
010547,1919.0,211.836,9.56998,9.574833,4.787416,-0.02086,1.04258,1.8172,5.9,308.0
010549,1921.0,211.2264,6.976797,7.003379,3.501689,-0.642863,3.08632,-0.66594,-2.2,302.7
010551,1923.0,211.5312,8.017219,8.023011,4.011506,0.254908,-4.16003,-10.12348,-33.7,300.4
010553,1925.0,211.5312,11.362137,11.362137,5.681068,0.834781,-11.64616,-16.16418,-53.4,302.7
010555,1927.0,211.836,13.343032,13.346512,6.673256,0.496094,-7.78617,-2.35312,-7.7,305.6
010557,1929.0,212.1408,12.868167,12.871777,6.435888,-0.118684,-0.164,-0.45885,-1.5,305.9
010559,1931.0,212.1408,12.028139,12.028139,6.014069,-0.210909,0.97892,-0.42868,-1.4,306.2
010601,1933.0,213.36,10.238689,10.311023,5.155512,-0.429279,-6.27088,4.16704,13.6,306.4
010603,1935.0,212.7504,7.56552,7.59004,3.79502,-0.680246,3.31127,-0.21455,-0.7,306.5
010605,1937.0,213.36,5.832131,5.863904,2.931952,-0.431534,-2.92004,-0.48832,-1.6,305.2
010607,1939.0,213.36,5.449667,5.449667,2.724834,-0.103559,0.06106,-0.4593,-1.5,306.2
010609,1941.0,213.0552,3.622133,3.634935,1.817467,-0.453684,1.19146,-5.91118,-19.4,304.7
010611,1943.0,213.0552,5.548188,5.548188,2.774094,0.478313,-3.83765,-4.8688,-16.0,304.3
010613,1945.0,212.1408,6.146527,6.214171,3.107086,0.166496,2.29086,-0.5508,-1.8,306.0
010615,1947.0,212.1408,5.638544,5.638544,2.819272,-0.143907,0.14335,-0.5814,-1.9,306.0
010617,1949.0,212.7504,5.299771,5.334715,2.667358,-0.075957,-5.12894,-2.26588,-7.4,306.2
010619,1951.0,212.4456,5.199674,5.2086,2.6043,-0.031529,0.8209,-0.611,-2.0,305.5
010621,1953.0,213.0552,4.962754,5.000054,2.500027,-0.052137,-5.32525,-1.4994,-4.9,306.0
010623,1955.0,212.1408,3.906027,4.01163,2.005815,-0.247106,2.79272,-1.4955,-5.0,299.1
010625,1957.0,212.7504,6.369278,6.398383,3.199192,0.596689,-9.18782,-16.89925,-57.5,293.9
010627,1959.0,212.7504,12.605432,12.605432,6.302716,1.551762,-21.95927,-27.75368,-96.1,288.8
010629,1961.0,213.6648,17.726837,17.750405,8.875203,1.286243,-29.04952,-21.9,-75.0,292.0
010631,1963.0,215.4936,19.174238,19.261254,9.630627,0.377712,-22.09685,-11.2424,-37.6,299.0
010633,1965.0,216.7128,18.122069,18.163034,9.081517,-0.274555,-4.11061,-11.70015,-38.5,303.9
010635,1967.0,217.0176,15.527297,15.530288,7.765144,-0.658187,2.58387,-0.42616,-1.4,304.4
010639,1971.0,218.5416,19.171662,19.23214,4.808035,-0.739277,-0.01387,2.11416,6.9,306.4
010641,1973.0,219.456,2.500339,2.662296,1.331148,-1.738443,-4.3008,-2.92746,-9.7,301.8
010643,1975.0,219.7608,2.259354,2.279821,1.13991,-0.095619,-2.78694,-4.50278,-14.9,302.2
010645,1977.0,219.1512,3.450309,3.503747,1.751874,0.305982,1.26562,-9.03578,-29.9,302.2
010647,1979.0,218.8464,6.872332,6.879088,3.439544,0.843835,-4.20865,-16.91712,-57.6,293.7
010649,1981.0,221.2848,10.338276,10.621947,5.310973,0.935715,-32.55676,-21.37842,-72.2,296.1
010651,1983.0,221.2848,12.675819,12.675819,6.337909,0.513468,-8.91305,-8.44308,-28.2,299.4
010653,1985.0,221.8944,12.120791,12.136111,6.068055,-0.134927,-2.74651,-10.89256,-36.7,296.8
010655,1987.0,222.504,12.200612,12.215832,6.107916,0.019931,-4.61361,-9.98627,-33.1,301.7
010657,1989.0,224.028,11.072006,11.176399,5.588199,-0.259859,-10.63114,-7.38777,-24.7,299.1
010659,1991.0,224.6376,9.853091,9.871931,4.935965,-0.326117,-1.5718,-8.55855,-28.5,300.3
010701,1993.0,224.9424,10.463494,10.467932,5.233966,0.149001,-3.25738,-9.13407,-31.1,293.7
010703,1995.0,225.552,13.748029,13.761538,6.880769,0.823402,-15.40936,-21.0312,-72.0,292.1
010707,1999.0,226.7712,39.084537,39.103548,9.775887,0.723779,-16.93795,-24.3386,-85.1,286.0
010709,2001.0,226.7712,23.552544,23.552544,11.776272,1.000192,-28.57031,-14.82717,-50.9,291.3
010711,2003.0,227.6856,24.996168,25.012888,12.506444,0.365086,-13.61867,-24.82635,-84.3,294.5
010713,2005.0,229.8192,25.791069,25.879171,12.939585,0.21657,-22.09993,-15.32256,-52.8,290.2
010715,2007.0,231.0384,26.657723,26.685589,13.342794,0.201605,-12.94934,-22.41694,-76.3,293.8
010717,2009.0,230.7336,27.252722,27.254426,13.627213,0.142209,-0.00796,-21.61602,-73.8,292.9
010719,2011.0,231.648,27.806642,27.821673,13.910836,0.141812,-8.60682,-11.6999,-39.5,296.2
010721,2013.0,231.648,27.589559,27.589559,13.794779,-0.058028,0.62384,-16.94728,-57.1,296.8
010723,2015.0,232.5624,27.770164,27.785214,13.892607,0.048914,-6.01622,-15.30144,-52.8,289.8
010725,2017.0,233.172,28.522167,28.528681,14.26434,0.185866,-7.03427,-23.24196,-80.2,289.8
010727,2019.0,233.172,29.551001,29.551001,14.775501,0.255581,-16.76919,-19.0836,-64.8,294.5
010729,2021.0,235.3056,29.749549,29.82596,14.91298,0.068739,-18.86788,-14.52288,-49.6,292.8
010731,2023.0,235.9152,29.786587,29.792824,14.896412,-0.008284,-2.33767,-19.19667,-65.9,291.3
010733,2025.0,236.5248,30.441499,30.447602,15.223801,0.163695,-6.91344,-20.0445,-69.0,290.5
010735,2027.0,237.744,31.019659,31.04361,15.521805,0.149002,-12.6086,-20.0514,-69.0,290.6
010737,2029.0,238.6584,31.235771,31.249152,15.624576,0.051386,-6.62065,-19.91458,-68.6,290.3
010739,2031.0,239.268,31.374067,31.379989,15.689994,0.032709,-3.34733,-19.91808,-68.4,291.2
010741,2033.0,240.1824,31.807395,31.820536,15.910268,0.110137,-8.59322,-19.95048,-68.7,290.4
010743,2035.0,242.316,32.126056,32.196828,16.098414,0.094073,-20.13456,-19.97632,-68.6,291.2
010745,2037.0,243.2304,33.016538,33.029198,16.514599,0.208093,-12.12889,-24.79008,-83.3,297.6
010747,2039.0,244.7544,32.307181,32.343107,16.171553,-0.171523,-5.59015,-0.21021,-0.7,300.3
010749,2041.0,245.9736,30.742813,30.766979,15.383489,-0.394032,-0.96348,-9.60288,-33.6,285.8
010751,2043.0,246.5832,31.054888,31.06087,15.530435,0.073473,-4.28518,-29.43352,-101.6,289.7
010753,2045.0,246.2784,32.402581,32.404015,16.202007,0.335786,-19.77034,-19.894,-68.6,290.0
010755,2047.0,246.888,32.246469,32.252231,16.126115,-0.037946,-3.04939,-3.38774,-11.3,299.8
010757,2049.0,247.1928,30.618015,30.619532,15.309766,-0.408174,1.87712,-1.68084,-5.8,289.8
010759,2051.0,248.412,30.004846,30.029606,15.014803,-0.147482,-3.43554,-27.59932,-96.4,286.3
010801,2053.0,249.6312,30.817408,30.841515,15.420758,0.202978,-14.2237,-18.74925,-64.1,292.5
010803,2055.0,251.1552,29.515299,29.554618,14.777309,-0.321725,-2.16262,-1.52745,-5.1,299.5
010805,2057.0,253.2888,26.926347,27.010746,13.505373,-0.635968,-0.78565,-1.3491,-4.5,299.8
010807,2059.0,253.5936,24.076009,24.077939,12.038969,-0.733202,5.51423,-1.3509,-4.5,300.2
010809,2061.0,254.508,21.775892,21.795082,10.897541,-0.570714,1.91489,-5.57384,-19.3,288.8
010811,2063.0,256.032,21.850972,21.904054,10.952027,0.027243,-11.73352,-23.68182,-82.2,288.1
010813,2065.0,256.6416,22.615044,22.623258,11.311629,0.179801,-6.02882,-14.40084,-49.2,292.7
010815,2067.0,258.1656,22.3134,22.365384,11.182692,-0.064469,-9.56495,-23.16976,-80.9,286.4
010817,2069.0,259.3848,23.076351,23.108535,11.554268,0.185788,-12.09844,-18.96965,-65.3,290.5
010819,2071.0,260.604,23.152016,23.184096,11.592048,0.01889,-8.21899,-19.01232,-65.2,291.6
010821,2073.0,262.128,22.601179,22.652502,11.326251,-0.132899,-7.91431,-10.13949,-33.9,299.1
010823,2075.0,263.3472,20.48822,20.524464,10.262232,-0.53201,0.47081,-1.22836,-4.1,299.6
010825,2077.0,265.176,17.163868,17.261021,8.630511,-0.81586,-1.20558,-1.25706,-4.2,299.3
010827,2079.0,266.3952,15.563244,15.610926,7.805463,-0.412524,-3.23259,-17.95719,-61.9,290.1
010829,2081.0,267.0048,16.713269,16.724383,8.362191,0.278364,-8.10812,-24.59886,-85.8,286.7
010831,2083.0,267.0048,18.951215,18.951215,9.475608,0.556709,-14.30946,-26.26858,-92.3,284.6
010833,2085.0,268.5288,20.893202,20.94871,10.474355,0.499373,-21.86419,-25.95834,-90.7,286.2
010835,2087.0,270.3576,22.008677,22.084528,11.042264,0.283955,-20.35431,-25.12314,-88.9,282.6
010837,2089.0,273.1008,23.23621,23.397577,11.698788,0.328262,-30.36367,-31.64532,-111.9,282.8
010839,2091.0,273.4056,24.686923,24.688804,12.344402,0.322807,-6.46638,-20.97414,-72.6,288.9
010841,2093.0,274.0152,24.825987,24.83347,12.416735,0.036167,-2.38854,-26.9703,-94.5,285.4
010843,2095.0,276.4536,25.795588,25.91058,12.95529,0.269278,-26.47547,-22.65219,-78.9,287.1
010845,2097.0,277.368,26.168007,26.183979,13.091989,0.06835,-6.34236,-22.58964,-78.6,287.4
010847,2099.0,278.2824,26.545155,26.5609,13.28045,0.094231,-7.08009,-22.59984,-78.8,286.8
010849,2101.0,281.94,26.727881,26.976984,13.488492,0.104021,-34.33922,-16.9767,-58.5,290.2
010851,2103.0,284.0736,25.856966,25.944844,12.972422,-0.258035,-9.80742,-25.2404,-89.0,283.6
010853,2105.0,285.5976,26.49329,26.537087,13.268544,0.148061,-14.49064,-27.31162,-96.1,284.2
010855,2107.0,285.9024,26.784492,26.786227,13.393113,0.062285,-0.98743,-25.03998,-88.2,283.9
010857,2109.0,288.3408,26.770574,26.881396,13.440698,0.023792,-20.19871,-25.06445,-88.1,284.5
010859,2111.0,291.3888,26.88446,27.05669,13.528345,0.043824,-26.74203,-24.87944,-88.1,282.4
010901,2113.0,292.608,26.715872,26.743677,13.371839,-0.078253,-5.48888,-25.4496,-88.0,289.2
010903,2115.0,293.8272,26.428344,26.456451,13.228225,-0.071807,-5.663,-14.2394,-49.0,290.6
010905,2117.0,296.2656,25.312582,25.429758,12.714879,-0.256673,-12.94113,-19.019,-66.5,286.0
010907,2119.0,298.3992,24.927407,25.01855,12.509275,-0.102802,-13.88748,-20.95046,-73.1,286.6
010909,2121.0,299.6184,25.192006,25.221492,12.610746,0.050736,-8.77549,-20.4832,-69.2,296.0
010911,2123.0,299.9232,22.598069,22.600124,11.300062,-0.655342,4.46661,-0.44625,-1.5,297.5
010913,2125.0,302.6664,19.239592,19.434172,9.717086,-0.791488,-8.36599,-0.09036,-0.3,301.2
010915,2127.0,302.3616,14.355045,14.358281,7.17914,-1.268973,6.67157,5.88,19.6,300.0
010917,2129.0,303.276,9.93055,9.972559,4.98628,-1.09643,0.69788,-2.0797,-7.0,297.1
010919,2131.0,303.5808,7.361696,7.368003,3.684001,-0.65114,0.52144,-10.66884,-36.4,293.1
010921,2133.0,304.4952,8.576129,8.624739,4.312369,0.314184,-10.70933,-18.34796,-63.4,289.4
010923,2135.0,305.7144,12.909797,12.96724,6.48362,1.085626,-24.29816,-24.49804,-86.2,284.2
010925,2137.0,305.7144,17.062949,17.062949,8.531474,1.023927,-20.78869,-27.32256,-95.4,286.4
010927,2139.0,306.0192,20.099975,20.102286,10.051143,0.759835,-14.93715,-19.98216,-69.6,287.1
010929,2141.0,307.2384,21.897632,21.931546,10.965773,0.457315,-18.17817,-18.8428,-65.2,289.0
010931,2143.0,309.0672,23.233507,23.305371,11.652686,0.343457,-21.74434,-19.55976,-68.2,286.8
010933,2145.0,309.372,23.294389,23.296383,11.648191,-0.002248,0.13294,2.52875,8.5,297.5
010935,2147.0,310.5912,21.826411,21.860436,10.930218,-0.358986,-0.33832,-16.41625,-57.1,287.5
010937,2149.0,311.2008,22.404491,22.412783,11.206392,0.138087,-5.12193,-20.37032,-71.2,286.1
010939,2151.0,312.1152,23.507163,23.524941,11.762471,0.27804,-11.24034,-12.848,-44.0,292.0
010941,2153.0,312.1152,22.8508,22.8508,11.4254,-0.168535,2.1152,-3.06425,-10.3,297.5
010943,2155.0,312.42,21.076532,21.078736,10.539368,-0.443016,2.71247,-0.41706,-1.4,297.9
010945,2157.0,312.7248,20.256128,20.258421,10.12921,-0.205079,1.1055,-0.50694,-1.7,298.2
010947,2159.0,312.7248,19.560966,19.560966,9.780483,-0.174363,1.72148,-0.44745,-1.5,298.3
010949,2161.0,313.0296,19.031588,19.034029,9.517014,-0.131735,0.52378,0.33044,1.1,300.4
010951,2163.0,312.1152,18.498074,18.520661,9.26033,-0.128342,4.00824,9.6368,31.7,304.0
010953,2165.0,311.8104,16.704993,16.707774,8.353887,-0.453221,3.65022,5.47353,18.3,299.1
010955,2167.0,311.2008,16.184233,16.195709,8.097855,-0.128016,2.86989,-9.25564,-31.6,292.9
010957,2169.0,311.5056,18.836822,18.839288,9.419644,0.660895,-12.42705,-19.6416,-68.2,288.0
010959,2171.0,310.5912,23.932902,23.950364,11.975182,1.277769,-26.75206,-25.92198,-88.2,293.9
011001,2173.0,309.372,25.982678,26.011267,13.005633,0.515225,0.201,-0.56658,-1.9,298.2
011003,2175.0,309.372,26.217397,26.217397,13.108699,0.051533,0.16749,-0.597,-2.0,298.5
011005,2177.0,308.4576,25.804439,25.820635,12.910317,-0.099191,4.11757,-0.56753,-1.9,298.7
011007,2179.0,308.4576,25.5271,25.5271,12.76355,-0.073384,1.32551,-0.5978,-2.0,298.9
011009,2181.0,307.848,25.24139,25.24875,12.624375,-0.069587,3.14773,-0.50847,-1.7,299.1
011011,2183.0,307.848,24.079549,24.079549,12.039775,-0.2923,3.24156,-0.53874,-1.8,299.3
011013,2185.0,308.1528,23.769381,23.771335,11.885667,-0.077054,0.70448,-0.50881,-1.7,299.3
011015,2187.0,307.2384,22.336667,22.355376,11.177688,-0.353989,5.95287,-0.38935,-1.3,299.5
011017,2189.0,307.5432,22.354188,22.356266,11.178133,0.000222,0.03559,-0.41944,-1.4,299.6
011019,2191.0,307.5432,22.178662,22.178662,11.089331,-0.044401,1.20543,-0.4473,-1.5,298.2
011021,2193.0,307.2384,22.150151,22.152248,11.076124,-0.006603,1.84372,-10.32993,-35.1,294.3
011023,2195.0,307.2384,22.478818,22.478818,11.239409,0.081643,0.39113,-12.43168,-42.4,293.2
011025,2197.0,307.2384,22.832405,22.832405,11.416203,0.088397,0.36664,-13.7757,-47.0,293.1
011027,2199.0,307.5432,22.497776,22.49984,11.24992,-0.083141,0.60597,-0.77688,-2.6,298.8
011029,2201.0,308.1528,20.951827,20.960693,10.480347,-0.384786,1.43431,-9.09675,-31.1,292.5
011031,2203.0,308.4576,22.615752,22.617806,11.308903,0.414278,-8.35041,-13.84208,-47.6,290.8
011033,2205.0,309.0672,24.142505,24.1502,12.0751,0.383099,-10.72734,-14.35193,-49.1,292.3
011035,2207.0,309.372,24.654351,24.656235,12.328118,0.126509,-1.61761,-14.39612,-49.1,293.2
011037,2209.0,310.2864,25.150804,25.16742,12.58371,0.127796,-7.72071,-0.62664,-2.1,298.4
011039,2211.0,310.896,23.982601,23.990348,11.995174,-0.294268,1.39007,-14.5831,-50.2,290.5
011041,2213.0,310.5912,25.220046,25.221888,12.610944,0.307885,-0.56971,-18.46071,-63.9,288.9
011043,2215.0,311.2008,27.226621,27.233445,13.616722,0.502889,-15.3419,-18.2133,-63.0,289.1
011045,2217.0,311.5056,27.868609,27.870275,13.935138,0.159208,-3.13775,-18.02962,-62.3,289.4
011047,2219.0,312.42,28.58242,28.597043,14.298521,0.181691,-9.94542,-2.47091,-8.3,297.7
011049,2221.0,312.7248,27.119497,27.121209,13.560605,-0.368958,2.38142,-0.5964,-2.0,298.2
011051,2223.0,313.3344,25.703662,25.71089,12.855445,-0.35258,1.63428,-0.53712,-1.8,298.4
011053,2225.0,313.3344,24.43651,24.43651,12.218255,-0.318595,3.37498,-4.59068,-15.7,292.4
011055,2227.0,313.6392,24.52542,24.527314,12.263657,0.022701,-0.02135,-12.1678,-41.5,293.2
011057,2229.0,313.6392,24.728587,24.728587,12.364294,0.050318,0.61228,-12.0012,-41.1,292.0
011059,2231.0,313.3344,24.698808,24.700689,12.350344,-0.006975,1.93126,-0.71544,-2.4,298.1
011101,2233.0,313.3344,23.39627,23.39627,11.698135,-0.326105,3.28709,-0.50711,-1.7,298.3
011103,2235.0,313.6392,22.339452,22.341531,11.170766,-0.263685,1.78923,-10.42368,-35.6,292.8
011105,2237.0,313.944,22.352435,22.354513,11.177257,0.003246,0.01509,-10.82356,-37.4,289.4
011107,2239.0,314.2488,24.005553,24.007488,12.003744,0.413244,-8.40128,-25.95855,-91.5,283.7
011109,2241.0,314.2488,26.463425,26.463425,13.231712,0.613984,-22.96988,-25.78984,-89.3,288.8
011111,2243.0,314.2488,28.007529,28.007529,14.003764,0.386026,-18.7179,-18.0125,-62.5,288.2
011113,2245.0,315.468,28.722246,28.74811,14.374055,0.185145,-13.07911,-9.4446,-31.8,297.0
011115,2247.0,316.3824,27.928676,27.943641,13.971821,-0.201117,-0.97326,-0.62517,-2.1,297.7
011117,2249.0,317.2968,25.874609,25.890762,12.945381,-0.51322,1.94957,-1.50093,-5.1,294.3
011119,2251.0,317.2968,25.893688,25.893688,12.946844,0.000731,0.65794,-9.68506,-33.1,292.6
011121,2253.0,317.9064,25.744173,25.751389,12.875695,-0.035575,-0.80319,-12.51472,-42.8,292.4
011123,2255.0,317.9064,26.306408,26.306408,13.153204,0.138755,-0.54375,-12.56365,-43.1,291.5
011125,2257.0,318.2112,27.196201,27.197909,13.598954,0.222875,-4.71089,-12.34314,-42.3,291.8
011127,2259.0,318.516,26.99404,26.995761,13.49788,-0.050537,-0.15193,-9.24914,-31.1,297.4
011129,2261.0,318.2112,25.691049,25.692857,12.846428,-0.325726,4.10202,-0.5958,-2.0,297.9
011131,2263.0,318.516,24.140113,24.142037,12.071019,-0.387704,3.02677,15.10158,49.4,305.7
011133,2265.0,318.8208,20.341269,20.343553,10.171776,-0.949622,5.62577,12.172,40.0,304.3
011135,2267.0,318.8208,16.717819,16.717819,8.35891,-0.906433,5.01743,8.93228,29.2,305.9
011137,2269.0,318.8208,11.757974,11.757974,5.878987,-1.239962,4.54816,7.04359,23.3,302.3
011139,2271.0,318.516,6.918256,6.924967,3.462484,-1.208251,3.34286,0.38337,1.3,294.9
011141,2273.0,319.4304,8.096027,8.147502,4.073751,0.305633,-10.56897,-19.2998,-67.6,285.5
011143,2275.0,319.4304,13.456601,13.456601,6.728301,1.327275,-20.42013,-28.28644,-98.8,286.3
011145,2277.0,320.3448,17.85796,17.881355,8.940678,1.106189,-25.97256,-23.36994,-81.4,287.1
011147,2279.0,320.9544,19.419102,19.428668,9.714334,0.386828,-10.33676,-27.2902,-96.5,282.8
011149,2281.0,322.1736,23.033912,23.066156,11.533078,0.909372,-28.81099,-29.267,-103.6,282.5
011151,2283.0,322.7832,24.758797,24.7663,12.38315,0.425036,-12.02761,-16.4901,-57.0,289.3
011153,2285.0,323.6976,24.956393,24.973139,12.48657,0.05171,-5.788,-9.95161,-33.7,295.3
011155,2287.0,324.612,23.935004,23.952464,11.976232,-0.255169,0.21392,-0.47568,-1.6,297.3
011157,2289.0,325.5264,21.427692,21.447194,10.723597,-0.626317,2.18021,-0.38688,-1.3,297.6
011159,2291.0,325.8312,20.210129,20.212428,10.106214,-0.308692,1.72223,-0.4467,-1.5,297.8
011201,2293.0,326.4408,18.718206,18.72813,9.364065,-0.371074,0.9336,-0.4491,-1.5,299.4
011203,2295.0,326.4408,16.909259,16.909259,8.45463,-0.454718,2.80803,7.32976,24.4,300.4
011205,2297.0,327.0504,13.387038,13.40091,6.700455,-0.877088,2.01962,-7.79688,-27.3,285.6
011207,2299.0,327.66,15.732472,15.744278,7.872139,0.585842,-12.89555,-26.0176,-92.0,282.8
011209,2301.0,328.5744,19.536608,19.557995,9.778997,0.953429,-24.4349,-29.07636,-101.1,287.6
011211,2303.0,328.8792,20.656905,20.659154,10.329577,0.27529,-5.20248,-0.56468,-1.9,297.2
011215,2307.0,330.098399,32.613268,32.63605,8.159012,-0.542641,1.33599,7.8862,26.2,301.0
011217,2309.0,329.793599,7.531094,7.537259,3.76863,-2.195191,5.80676,2.1132,7.2,293.5
011219,2311.0,330.098399,7.844054,7.849974,3.924987,0.078178,-2.75683,-18.91989,-65.9,287.1
011221,2313.0,330.403199,13.342682,13.346163,6.673082,1.374048,-19.5131,-25.34172,-89.2,284.1
011223,2315.0,331.012799,17.875178,17.885569,8.942785,1.134851,-23.49803,-17.38532,-59.6,291.7
011225,2317.0,331.317599,19.358826,19.361226,9.680613,0.368914,-6.98937,-0.71328,-2.4,297.2
011227,2319.0,329.793599,19.296897,19.356983,9.678492,-0.00106,5.14712,0.05988,0.2,299.4
011229,2321.0,328.8792,19.474135,19.495591,9.747796,0.034652,3.17006,3.11792,10.4,299.8
011231,2323.0,328.2696,19.474131,19.48367,9.741835,-0.00298,2.49751,6.8015,22.3,305.0
011233,2325.0,326.4408,18.622505,18.712087,9.356044,-0.192896,7.05869,10.55227,34.7,304.1
011235,2327.0,325.5264,17.64818,17.671853,8.835926,-0.260059,4.60906,9.1657,30.2,303.5
011237,2329.0,324.612,16.829673,16.854496,8.427248,-0.204339,4.211,3.9078,13.0,300.6
011239,2331.0,323.088,17.125899,17.193574,8.596787,0.08477,4.55481,2.64306,8.7,303.8
011241,2333.0,322.4784,16.781919,16.792987,8.396494,-0.100147,2.79232,10.02776,32.6,307.6
011243,2335.0,320.9544,12.785888,12.876394,6.438197,-0.979148,8.47413,13.6575,45.0,303.5
011245,2337.0,320.6496,5.890745,5.898625,2.949312,-1.744443,3.86686,2.92334,9.8,298.3
011247,2339.0,320.3448,0.202541,0.365959,0.182979,-1.383167,-0.18329,-0.65934,-2.2,299.7
011249,2341.0,320.3448,0.44478,0.44478,0.22239,0.019705,-0.33312,-0.5998,-2.0,299.9
011251,2343.0,320.9544,0.084644,0.615448,0.307724,0.042667,-0.33085,-1.09113,-3.7,294.9
011253,2345.0,321.2592,4.417372,4.427875,2.213937,0.953107,-6.90474,-13.48384,-46.4,290.6
011255,2347.0,320.04,11.896163,11.958475,5.979238,1.88265,-12.82301,-21.6383,-75.5,286.6
011257,2349.0,321.2592,17.280097,17.323054,8.661527,1.341145,-32.54758,-17.06348,-59.6,286.3
011259,2351.0,321.564,20.31668,20.318966,10.159483,0.748978,-14.82685,-21.27132,-73.4,289.8
011301,2353.0,322.4784,21.751334,21.770546,10.885273,0.362895,-13.10201,-10.2018,-34.7,294.0
011303,2355.0,322.7832,21.668139,21.670283,10.835141,-0.025066,0.14163,-6.61275,-22.5,293.9
011305,2357.0,322.7832,20.079338,20.079338,10.039669,-0.397736,3.12222,-3.9932,-13.4,298.0
011307,2359.0,324.3072,18.335829,18.399055,9.199527,-0.420071,-4.30968,-0.47728,-1.6,298.3
011309,2361.0,324.9168,16.248468,16.2599,8.12995,-0.534789,1.28489,-0.44775,-1.5,298.5
011311,2363.0,325.5264,13.817273,13.830714,6.915357,-0.607296,1.0463,5.65114,18.7,302.2
011313,2365.0,325.5264,8.169882,8.169882,4.084941,-1.415208,3.46405,1.56104,5.2,300.2
011315,2367.0,325.5264,4.076501,4.076501,2.03825,-1.023345,1.07214,-0.5681,-1.9,299.0
011317,2369.0,325.8312,4.017649,4.029194,2.014597,-0.011827,-2.69503,-9.46725,-32.5,291.3
011319,2371.0,326.7456,5.282373,5.360932,2.680466,0.332935,-10.30817,-13.43478,-46.6,288.3
011321,2373.0,327.9648,5.432811,5.567934,2.783967,0.051751,-11.77028,-10.69348,-36.2,295.4
011323,2375.0,327.66,5.075046,5.084191,2.542095,-0.120936,0.94928,-7.59036,-25.8,294.2
011325,2377.0,328.5744,4.9123,4.996681,2.49834,-0.021877,-8.46918,-9.15273,-31.1,294.3
011327,2379.0,329.183999,5.250917,5.286183,2.643092,0.072376,-5.92489,-1.43136,-4.8,298.2
011329,2381.0,329.183999,4.731526,4.731526,2.365763,-0.138664,0.05537,-1.0437,-3.5,298.2
011331,2383.0,328.5744,5.345433,5.38008,2.69004,0.162138,1.41025,-0.62685,-2.1,298.5
011333,2385.0,328.5744,5.556552,5.556552,2.778276,0.044118,-0.17502,-0.56753,-1.9,298.7
011335,2387.0,328.2696,2.736933,2.753853,1.376926,-0.700675,1.23561,-0.80568,-2.7,298.4
011337,2389.0,328.2696,0.437577,0.437577,0.218788,-0.579069,-0.25541,-0.86594,-2.9,298.6
011339,2391.0,328.2696,0.475906,0.475906,0.237953,0.009583,-0.33051,-0.8671,-2.9,299.0
011341,2393.0,327.9648,0.698725,0.762312,0.381156,0.071602,-0.33285,-0.86797,-2.9,299.3
011343,2395.0,328.2696,0.111195,0.324449,0.162225,-0.109466,-0.32522,-0.71736,-2.4,298.9
011345,2397.0,328.2696,0.44478,0.44478,0.22239,0.030082,-0.3345,-0.5986,-2.0,299.3
011347,2399.0,327.9648,0.613953,0.68545,0.342725,0.060168,-0.33224,-0.5988,-2.0,299.4
011349,2401.0,327.9648,0.169285,0.169285,0.084643,-0.129041,-0.33608,-0.56848,-1.9,299.2
011351,2403.0,327.9648,0.253928,0.253928,0.126964,0.021161,-0.34048,-0.5681,-1.9,299.0
011353,2405.0,327.9648,0.277207,0.277207,0.138603,0.00582,-0.33834,-0.56867,-1.9,299.3
011355,2407.0,327.9648,0.405077,0.405077,0.202538,0.031967,-0.33611,-0.56848,-1.9,299.2
011357,2409.0,327.9648,0.419235,0.419235,0.209618,0.00354,-0.33208,-0.56886,-1.9,299.4
011359,2411.0,328.2696,0.253928,0.396714,0.198357,-0.005631,-0.33196,-0.56867,-1.9,299.3
011401,2413.0,327.66,0.111195,0.619658,0.309829,0.055736,-0.33313,-0.56886,-1.9,299.4
011403,2415.0,327.3552,0.169285,0.348655,0.174328,-0.06775,-0.3277,-0.56924,-1.9,299.6
124329,43781.0,311.2008,2.37953,16.328711,0.000395,-4.0e-06,-0.34997,-0.21392,-0.7,305.6
124331,43783.0,310.896,0.475906,0.565146,0.282573,0.141089,-0.34898,-0.21392,-0.7,305.6
124333,43785.0,309.9816,0.688311,1.144509,0.572254,0.14484,2.321,-0.21392,-0.7,305.6
124335,43787.0,309.9816,0.337545,0.337545,0.168772,-0.201741,-0.31494,-0.33616,-1.1,305.6
124337,43789.0,309.9816,0.27949,0.27949,0.139745,-0.014514,-0.33655,-0.33616,-1.1,305.6
124339,43791.0,310.896,0.277207,0.955495,0.477748,0.169002,-0.65233,-0.3344,-1.1,304.0
124341,43793.0,309.9816,0.592498,1.089579,0.544789,0.03352,2.35707,-2.97594,-9.9,300.6
124343,43795.0,310.5912,2.434332,2.509499,1.25475,0.354981,-6.85403,-5.32175,-17.5,304.1
124345,43797.0,310.2864,4.470304,4.480683,2.240341,0.492795,0.08145,-5.28325,-17.5,301.9
124347,43799.0,310.896,5.641685,5.674524,2.837262,0.298461,-7.17634,-6.02572,-19.9,302.8
124349,43801.0,311.2008,5.843797,5.85174,2.92587,0.044304,-2.72168,-0.36612,-1.2,305.1
124351,43803.0,311.2008,4.268488,4.268488,2.134244,-0.395813,0.34196,-0.3051,-1.0,305.1
124353,43805.0,311.2008,4.375764,4.375764,2.187882,0.026819,-0.19103,-0.42714,-1.4,305.1
124355,43807.0,310.896,4.040996,4.052475,2.026237,-0.080823,0.81684,-0.54918,-1.8,305.1
124357,43809.0,309.9816,3.329276,3.452565,1.726283,-0.149977,2.62664,-0.42714,-1.4,305.1
124359,43811.0,309.9816,3.22936,3.22936,1.61468,-0.055802,-0.15401,-0.27468,-0.9,305.2
124401,43813.0,308.7624,4.305661,4.474949,2.237474,0.311397,2.99384,-0.33572,-1.1,305.2
124403,43815.0,308.1528,3.366723,3.421467,1.710734,-0.26337,1.84929,-0.3054,-1.0,305.4
124405,43817.0,308.1528,2.592079,2.592079,1.296039,-0.207348,-0.07601,-0.21385,-0.7,305.5
124407,43819.0,308.1528,1.949946,1.949946,0.974973,-0.160533,-0.17121,-0.3053,-1.0,305.3
124409,43821.0,308.4576,1.111949,1.152968,0.576484,-0.199245,-2.94205,-3.06837,-10.3,297.9
124411,43823.0,308.7624,5.637349,5.645583,2.822792,1.123154,-8.83894,-18.811,-65.0,289.4
124413,43825.0,309.372,13.288766,13.302741,6.65137,1.914289,-29.64392,-24.983,-86.0,290.5
124415,43827.0,309.6768,18.990897,18.993342,9.496671,1.42265,-26.96783,-32.03232,-109.4,292.8
124417,43829.0,310.5912,20.820712,20.840781,10.420391,0.46186,-15.07711,-3.50784,-11.6,302.4
124419,43831.0,311.2008,18.394925,18.405023,9.202511,-0.60894,2.17834,-0.2428,-0.8,303.5
124421,43833.0,310.896,15.015429,15.018522,7.509261,-0.846625,5.07306,10.50624,34.2,307.2
124423,43835.0,312.42,11.270696,11.373265,5.686633,-0.911314,-3.13216,2.14278,7.1,301.8
124425,43837.0,311.8104,3.765786,3.814808,1.907404,-1.889615,3.74445,-10.4867,-35.5,295.4
124427,43839.0,312.42,6.352224,6.381408,3.190704,0.64165,-9.46773,-21.16976,-72.4,292.4
124429,43841.0,312.7248,14.850802,14.853929,7.426965,2.118131,-32.34184,-21.57174,-73.8,292.3
124431,43843.0,312.7248,18.2556,18.2556,9.1278,0.850417,-19.11643,-16.3135,-55.3,295.0
124433,43845.0,313.0296,20.015266,20.017586,10.008793,0.440497,-8.49897,-7.58016,-25.2,300.8
124435,43847.0,312.7248,20.682256,20.684502,10.342251,0.166729,0.65528,-0.51408,-1.7,302.4
124437,43849.0,312.7248,20.571061,20.571061,10.285531,-0.02836,0.95663,-0.27234,-0.9,302.6
124439,43851.0,311.8104,20.793451,20.813547,10.406774,0.060622,3.09651,0.9165,3.0,305.5
124441,43853.0,310.896,20.793451,20.813547,10.406774,0.0,4.7533,4.18261,13.7,305.3
124443,43855.0,309.9816,20.682949,20.703152,10.351576,-0.027599,3.6336,4.18672,13.7,305.6
124445,43857.0,309.0672,20.571758,20.59207,10.296035,-0.02777,3.62511,4.1922,13.7,306.0
124447,43859.0,308.1528,19.906771,19.927761,9.963881,-0.166077,4.38916,4.28352,13.8,310.4
124449,43861.0,306.9336,19.459112,19.497269,9.748634,-0.107623,4.88648,12.77388,41.1,310.8
124451,43863.0,305.7144,17.248509,17.291545,8.645772,-0.551431,6.94381,16.84536,54.2,310.8
124453,43865.0,304.8,14.389377,14.418401,7.209201,-0.718285,6.11449,8.9349,29.0,308.1
124455,43867.0,305.1048,9.940209,9.944881,4.972441,-1.11838,2.53251,1.40346,4.6,305.1
124457,43869.0,304.8,10.130817,10.135401,5.067701,0.04763,0.86808,-0.42658,-1.4,304.7
124459,43871.0,305.1048,5.787645,5.795665,2.897833,-1.084934,0.89072,-0.4575,-1.5,305.0
124501,43873.0,304.4952,3.441546,3.495118,1.747559,-0.575137,2.18272,-0.42686,-1.4,304.9
124503,43875.0,303.8856,2.045758,2.134652,1.067326,-0.340116,1.74,-0.42616,-1.4,304.4
124505,43877.0,304.8,1.559028,1.8074,0.9037,-0.081813,-8.91079,-0.4263,-1.4,304.5
124507,43879.0,304.4952,0.333585,0.451865,0.225932,-0.338884,-0.28462,-0.39559,-1.3,304.3
124509,43881.0,304.4952,0.419227,0.419227,0.209613,-0.00816,-0.33062,-0.39585,-1.3,304.5
124511,43883.0,304.4952,2.01755,2.01755,1.008775,0.399581,-1.45442,-0.39533,-1.3,304.1
124513,43885.0,304.4952,2.112938,2.112938,1.056469,0.023847,-0.2722,-1.45776,-4.8,303.7
124515,43887.0,304.4952,1.937105,1.937105,0.968552,-0.043958,-0.23961,-1.09368,-3.6,303.8
124517,43889.0,304.4952,3.07767,3.07767,1.538835,0.285142,-1.68383,-1.0353,-3.4,304.5
124519,43891.0,305.1048,1.269133,1.407946,0.703973,-0.417431,-5.53799,-0.88102,-2.9,303.8
124521,43893.0,304.1904,1.577301,1.823185,0.911593,0.10381,2.34386,-0.76025,-2.5,304.1
124523,43895.0,304.4952,1.720773,1.747559,0.87378,-0.018906,-3.05096,-1.3354,-4.4,303.5
124525,43897.0,304.1904,1.959335,1.982902,0.991451,0.058835,0.5924,-6.32789,-21.1,299.9
124527,43899.0,304.4952,8.536527,8.541967,4.270984,1.639766,-16.04309,-11.79444,-39.9,295.6
124529,43901.0,304.4952,13.856668,13.856668,6.928334,1.328675,-21.0502,-18.38364,-62.7,293.2
124531,43903.0,304.1904,19.509341,19.511722,9.755861,1.413764,-28.49762,-4.00092,-13.2,303.1
124533,43905.0,303.5808,28.732351,28.738817,14.369408,2.306774,-68.84918,-0.24272,-0.8,303.4
124535,43907.0,302.9712,20.675418,20.684403,10.342201,-2.013604,14.9702,-0.2428,-0.8,303.5
124537,43909.0,302.9712,19.837401,19.837401,9.9187,-0.21175,1.97752,3.078,10.0,307.8
124539,43911.0,301.752,17.275186,17.318155,8.659077,-0.629811,7.3541,9.69804,31.6,306.9
124541,43913.0,301.4472,14.882082,14.885203,7.442601,-0.608238,3.97508,7.47495,24.5,305.1
124543,43915.0,301.1424,12.272562,12.276346,6.138173,-0.652214,3.51053,0.12172,0.4,304.3
124545,43917.0,300.8376,14.484873,14.48808,7.24404,0.552934,-7.7796,-0.21301,-0.7,304.3
124547,43919.0,299.6184,15.653009,15.700418,7.850209,0.303084,2.58474,-0.21294,-0.7,304.2
124549,43921.0,299.6184,15.35174,15.35174,7.67587,-0.087169,0.81732,-0.21294,-0.7,304.2
124551,43923.0,299.0088,14.642448,14.655132,7.327566,-0.174152,2.91576,2.10726,6.9,305.4
124553,43925.0,298.3992,15.275443,15.287602,7.643801,0.158117,1.47556,2.22942,7.3,305.4
124555,43927.0,297.7896,13.587724,13.601392,6.800696,-0.421553,3.7998,6.519,21.2,307.5
124557,43929.0,298.3992,13.019807,13.03407,6.517035,-0.14183,-2.36622,4.63117,15.1,306.7
124559,43931.0,298.0944,10.915586,10.91984,5.45992,-0.528558,2.77121,2.7594,9.0,306.6
124601,43933.0,298.0944,8.536576,8.536576,4.268288,-0.595816,1.55454,-3.3672,-11.5,292.8
124603,43935.0,299.6184,10.016865,10.132135,5.066067,0.398889,-17.7678,-29.89203,-103.9,287.7
124605,43937.0,300.228,17.060129,17.071016,8.535508,1.734721,-33.00436,-34.67412,-120.9,286.8
124607,43939.0,302.0568,22.140253,22.215655,11.107827,1.28616,-42.63597,-30.03588,-104.4,287.7
124609,43941.0,303.8856,23.538086,23.609024,11.804512,0.348342,-21.87375,-27.20811,-95.1,286.1
124611,43943.0,304.8,21.826187,21.845333,10.922666,-0.440923,1.08189,-23.69664,-81.6,290.4
124613,43945.0,307.848,21.236756,21.454373,10.727186,-0.09774,-24.12614,-24.64732,-85.7,287.6
124615,43947.0,310.896,22.125164,22.334126,11.167063,0.219938,-30.89667,-27.69448,-96.8,286.1
124617,43949.0,311.2008,23.468138,23.470117,11.735059,0.283998,-5.39749,-26.19792,-90.4,289.8
124619,43951.0,313.0296,22.419608,22.494074,11.247037,-0.244011,-8.47773,-22.38067,-77.9,287.3
124621,43953.0,316.6872,23.125046,23.412513,11.706257,0.22961,-37.03453,-22.4842,-77.8,289.0
124623,43955.0,317.6016,23.110945,23.129028,11.564514,-0.070871,-3.17251,-16.71384,-57.2,292.2
124625,43957.0,318.2112,21.067244,21.076062,10.538031,-0.513241,2.26224,-11.95507,-40.9,292.3
124627,43959.0,319.4304,18.142828,18.183748,9.091874,-0.723079,0.96015,-8.40752,-28.1,299.2
124629,43961.0,320.6496,16.69217,16.736636,8.368318,-0.361778,-3.37513,-0.20986,-0.7,299.8
124631,43963.0,321.564,12.492197,12.525618,6.262809,-1.052755,1.50597,-0.21028,-0.7,300.4
124633,43965.0,322.1736,10.590945,10.608475,5.304237,-0.479286,-0.12017,0.99231,3.3,300.7
124635,43967.0,322.4784,2.812806,2.829272,1.414636,-1.944801,0.52236,-0.03,-0.1,300.0
124637,43969.0,323.088,3.910144,3.957377,1.978689,0.282026,-6.86211,-0.36096,-1.2,300.8
124639,43971.0,323.088,0.478053,0.478053,0.239026,-0.869832,-0.20528,-0.64856,-2.2,294.8
124641,43973.0,323.3928,2.592257,2.610115,1.305058,0.533016,-4.34794,-12.11385,-41.7,290.5
124643,43975.0,323.3928,5.04455,5.04455,2.522275,0.608609,-4.17612,-5.52184,-18.4,300.1
124645,43977.0,323.6976,5.938589,5.946406,2.973203,0.225464,-3.78894,0.7545,2.5,301.8
124647,43979.0,323.3928,4.246545,4.257469,2.128735,-0.422234,1.26371,-0.18042,-0.6,300.7
124649,43981.0,324.3072,2.905856,3.04633,1.523165,-0.302785,-7.95143,-0.39091,-1.3,300.7
124651,43983.0,324.3072,1.813873,1.813873,0.906936,-0.308114,-0.10403,-0.72264,-2.4,301.1
124653,43985.0,324.612,1.397403,1.430258,0.715129,-0.095903,-2.99371,-0.81162,-2.7,300.6
124655,43987.0,324.612,1.068787,1.068787,0.534393,-0.090368,-0.2744,-0.78182,-2.6,300.7
124657,43989.0,324.9168,0.978182,1.02457,0.512285,-0.011054,-3.17952,-0.6016,-2.0,300.8
124659,43991.0,324.612,2.781161,2.797814,1.398907,0.443311,0.29399,-1.74935,-5.9,296.5
124701,43993.0,324.9168,5.918174,5.926018,2.963009,0.782051,-7.08777,-9.5745,-32.5,294.6
124703,43995.0,324.3072,8.637942,8.659426,4.329713,0.683352,0.06525,-10.32291,-35.1,294.1
124705,43997.0,324.0024,12.584075,12.587766,6.293883,0.982085,-11.75925,-13.92,-46.4,300.0
124707,43999.0,321.8688,15.743608,15.887525,7.943762,0.824939,2.78171,-0.0,-0.0,302.1
124709,44001.0,320.3448,17.956333,18.02089,9.010445,0.533341,2.18444,2.84256,9.4,302.4
124711,44003.0,319.1256,19.943174,19.980407,9.990203,0.489879,1.38418,3.3992,11.2,303.5
124713,44005.0,318.2112,20.185654,20.206354,10.103177,0.056487,3.08516,3.97716,13.1,303.6
124715,44007.0,316.0776,21.410484,21.51653,10.758265,0.327544,4.99031,4.34863,14.3,304.1
124717,44009.0,314.5536,22.013264,22.065955,11.032977,0.137356,4.45081,4.73535,15.3,309.5
124719,44011.0,314.2488,21.808173,21.810303,10.905151,-0.063913,2.18669,14.8656,48.0,309.7
124721,44013.0,313.0296,21.630299,21.664632,10.832316,-0.036418,4.66495,13.44212,43.7,307.6
124725,44017.0,309.372,41.080812,41.243316,10.310829,-0.130372,6.92764,3.78076,12.4,304.9
124727,44019.0,307.5432,20.595011,20.676049,10.338024,0.013597,6.04796,3.92547,12.9,304.3
124729,44021.0,306.9336,20.519194,20.528247,10.264124,-0.03695,2.78572,11.92347,38.7,308.1
124731,44023.0,306.0192,18.21258,18.23552,9.11776,-0.573182,6.39194,10.24884,33.2,308.7
124733,44025.0,305.1048,17.651137,17.674806,8.837403,-0.140178,3.97912,8.5346,27.8,307.0
124735,44027.0,305.4096,15.207004,15.210058,7.605029,-0.616187,2.30984,13.12506,42.6,308.1
124737,44029.0,303.8856,9.856768,9.973888,4.986944,-1.309043,8.45009,10.4615,34.3,305.0
124739,44031.0,303.5808,6.333673,6.341003,3.170502,-0.908221,2.5389,0.57361,1.9,301.9
124741,44033.0,303.5808,8.385849,8.385849,4.192925,0.511211,-5.92694,-10.98438,-37.4,293.7
124743,44035.0,303.5808,11.474087,11.474087,5.737043,0.772059,-11.03854,-19.09664,-66.4,287.6
124745,44037.0,304.8,16.931394,16.975233,8.487617,1.375287,-32.73855,-25.821,-90.0,286.9
124749,44041.0,306.0192,39.666686,39.685419,9.921355,0.358435,-9.82825,-27.95264,-97.6,286.4
124751,44043.0,307.2384,21.22452,21.259508,10.629754,0.3542,-15.86045,-18.52158,-63.3,292.6
124753,44045.0,309.6768,21.674676,21.811404,10.905702,0.137974,-23.15454,-15.28556,-52.6,290.6
124755,44047.0,311.2008,21.564989,21.618772,10.809386,-0.048158,-10.17925,-8.43885,-28.5,296.1
124757,44049.0,310.896,22.428499,22.43057,11.215285,0.202949,0.46823,-3.80432,-12.4,306.8
124759,44051.0,310.5912,22.51874,22.520803,11.260401,0.022558,1.67968,4.15794,13.8,301.3
124801,44053.0,309.9816,27.729,27.7357,13.86785,1.303724,-37.88137,-0.15035,-0.5,300.7
124803,44055.0,308.1528,20.782787,20.863095,10.431547,-1.718151,16.81653,-0.2404,-0.8,300.5
124805,44057.0,306.9336,18.620442,18.660313,9.330157,-0.550695,7.25973,-0.21182,-0.7,302.6
124807,44059.0,305.4096,21.253126,21.307697,10.653848,0.661846,1.09371,4.5753,15.1,303.0
124809,44061.0,303.5808,22.646597,22.720319,11.360159,0.353155,3.90992,4.71355,15.5,304.1
124811,44063.0,303.5808,22.02289,22.02289,11.011445,-0.174357,2.04254,15.02395,48.7,308.5
124813,44065.0,303.5808,19.685555,19.685555,9.842778,-0.584334,4.13981,13.04532,42.3,308.4
124815,44067.0,301.1424,16.963695,17.138049,8.569025,-0.636876,10.90446,11.17856,36.2,308.8
124817,44069.0,300.8376,16.903458,16.906206,8.453103,-0.057961,1.70119,9.38485,30.5,307.7
124819,44071.0,299.3136,15.716636,15.790352,7.895176,-0.278964,6.20823,8.2415,26.5,311.0
124821,44073.0,298.3992,12.133518,12.167925,6.083962,-0.905607,6.18137,8.8972,29.0,306.8
124823,44075.0,297.7896,7.370897,7.396062,3.698031,-1.192966,4.3913,5.42544,17.8,304.8
124825,44077.0,297.18,2.211749,2.29422,1.14711,-1.275461,2.40197,0.36348,1.2,302.9
124827,44079.0,297.7896,2.202761,2.285557,1.142778,-0.002166,-5.99106,-0.95808,-3.2,299.4
124829,44081.0,297.4848,4.649488,4.659468,2.329734,0.593478,-0.07629,-11.81747,-40.1,294.7
124831,44083.0,297.18,9.550819,9.555682,4.777841,1.224054,-10.54676,-20.78548,-71.6,290.3
124833,44085.0,297.4848,17.240408,17.243102,8.621551,1.921855,-33.50075,-19.31982,-66.3,291.4
124835,44087.0,296.5704,23.577123,23.594848,11.797424,1.587936,-33.51569,-12.599,-43.0,293.0
124837,44089.0,295.9608,25.021149,25.028574,12.514287,0.358432,0.01426,-12.96864,-43.2,300.2
124839,44091.0,295.9608,25.242525,25.242525,12.621263,0.053488,0.44501,-0.33077,-1.1,300.7
124841,44093.0,295.656,24.244187,24.246103,12.123052,-0.249105,3.79393,-0.301,-1.0,301.0
124843,44095.0,296.5704,22.240435,22.259224,11.129612,-0.49672,1.54044,-0.2107,-0.7,301.0
124845,44097.0,297.18,20.796207,20.80514,10.40257,-0.363521,1.27287,-0.27117,-0.9,301.3
124847,44099.0,297.18,18.907874,18.907874,9.453937,-0.474316,3.32823,-2.55678,-8.6,297.3
124849,44101.0,298.3992,18.682473,18.722213,9.361106,-0.046416,-8.10244,-6.36424,-21.2,300.2
124851,44103.0,299.3136,19.127213,19.149057,9.574529,0.106712,-7.92078,-0.3009,-1.0,300.9
124853,44105.0,297.4848,18.459134,18.549505,9.274752,-0.149889,6.80085,-0.24072,-0.8,300.9
124855,44107.0,297.4848,18.792705,18.792705,9.396352,0.0608,0.31019,-0.24096,-0.8,301.2
124857,44109.0,296.5704,19.016028,19.038,9.519,0.061324,2.99075,3.3027,10.9,303.0
124859,44111.0,295.656,18.796706,18.818935,9.409467,-0.054767,3.62921,3.06434,10.1,303.4
124901,44113.0,294.7416,18.126551,18.1496,9.0748,-0.167333,4.17882,2.94298,9.7,303.4
124903,44115.0,293.8272,18.572638,18.595134,9.297567,0.111383,2.68984,2.94589,9.7,303.7
124905,44117.0,293.2176,17.242692,17.253465,8.626733,-0.335417,4.04566,8.47596,27.6,307.1
124907,44119.0,292.608,17.013666,17.024583,8.512292,-0.05722,2.59758,9.171,30.0,305.7
124909,44121.0,292.3032,14.683829,14.686992,7.343496,-0.584398,3.82291,7.259,23.8,305.0
124911,44123.0,291.3888,11.706101,11.74176,5.87088,-0.736308,5.45125,12.20775,39.7,307.5
124913,44125.0,290.7792,8.401229,8.423317,4.211658,-0.829611,3.89518,5.03644,16.6,303.4
124915,44127.0,290.7792,1.781131,1.781131,0.890565,-1.660547,0.60857,0.66572,2.2,302.6
124917,44129.0,290.7792,3.154595,3.154595,1.577298,0.343366,-1.90108,-0.51476,-1.7,302.8
124919,44131.0,290.7792,1.334339,1.334339,0.66717,-0.455064,-0.11074,-0.54378,-1.8,302.1
124921,44133.0,290.7792,1.111949,1.111949,0.555975,-0.055597,-0.28286,-0.54396,-1.8,302.2
124923,44135.0,291.084,0.084632,0.316331,0.158166,-0.198904,-0.31741,-0.69138,-2.3,300.6
124925,44137.0,291.084,2.119473,2.119473,1.059737,0.450785,-1.61889,-1.38966,-4.6,302.1
124927,44139.0,290.7792,2.902195,2.918157,1.459079,0.199671,0.4951,-0.84532,-2.8,301.9
124929,44141.0,290.7792,0.796556,0.796556,0.398278,-0.530401,-0.18933,-0.5436,-1.8,302.0
124931,44143.0,290.7792,1.467662,1.467662,0.733831,0.167777,-0.81275,-2.00129,-6.7,298.7
124933,44145.0,290.4744,6.595344,6.602384,3.301192,1.283681,-6.83634,-7.91882,-26.6,297.7
124935,44147.0,291.084,9.870392,9.889199,4.944599,0.821704,-12.92137,-10.32691,-34.9,295.9
124937,44149.0,291.3888,11.983527,11.987403,5.993701,0.524551,-7.71379,-16.19628,-55.6,291.3
124939,44151.0,291.9984,15.064787,15.077115,7.538558,0.772429,-15.4587,-20.6349,-71.5,288.6
124941,44153.0,292.608,18.253066,18.263242,9.131621,0.796531,-17.65334,-20.62032,-71.4,288.8
124943,44155.0,293.2176,20.595457,20.604477,10.302238,0.585309,-14.5816,-21.91233,-75.9,288.7
124945,44157.0,295.3512,21.12273,21.230214,10.615107,0.156435,-20.63112,-22.37835,-77.3,289.5
124947,44159.0,296.8752,22.560339,22.611755,11.305877,0.345385,-18.75669,-18.22456,-62.8,290.2
124949,44161.0,297.7896,22.539399,22.557939,11.27897,-0.013453,-4.67066,-16.3812,-56.1,292.0
124951,44163.0,298.704,21.207178,21.226882,10.613441,-0.332764,0.26745,-11.98476,-41.1,291.6
124953,44165.0,299.6184,20.650069,20.670304,10.335152,-0.139145,-2.61207,-12.93453,-44.1,293.3
124955,44167.0,301.1424,21.046249,21.101354,10.550677,0.107763,-13.63481,-13.02273,-44.1,295.3
124957,44169.0,300.5328,21.538711,21.547336,10.773668,0.111495,1.92573,-0.38844,-1.3,298.8
124959,44171.0,301.1424,20.626398,20.635404,10.317702,-0.227983,0.40858,-0.26928,-0.9,299.2
125001,44173.0,301.752,19.388355,19.397936,9.698968,-0.309367,0.70061,-0.2396,-0.8,299.5
125003,44175.0,300.5328,18.89451,18.933805,9.466902,-0.116033,4.87464,-0.23968,-0.8,299.6
125005,44177.0,299.9232,19.135696,19.145403,9.572702,0.0529,2.1545,-0.23968,-0.8,299.6
125007,44179.0,299.0088,19.06287,19.084788,9.542394,-0.015154,3.42772,-0.24,-0.8,300.0
125009,44181.0,298.0944,20.580747,20.60105,10.300525,0.379066,1.13134,-0.24,-0.8,300.0
125011,44183.0,297.4848,20.168658,20.177868,10.088934,-0.105796,3.16867,-0.24016,-0.8,300.2
125013,44185.0,297.18,20.481161,20.483429,10.241714,0.07639,1.2009,-0.24128,-0.8,301.6
125015,44187.0,296.2656,20.745484,20.765626,10.382813,0.070549,3.0327,4.36176,14.4,302.9
125017,44189.0,295.3512,22.076036,22.094965,11.047483,0.332335,1.39018,4.44528,14.7,302.4
125019,44191.0,293.8272,22.151744,22.204106,11.102053,0.027285,5.18485,10.759,35.0,307.4
125021,44193.0,292.608,21.011865,21.047206,10.523603,-0.289225,6.19317,14.4572,47.0,307.6
125023,44195.0,290.7792,18.387443,18.478165,9.239082,-0.64226,9.50095,12.52764,41.4,302.6
125025,44197.0,289.56,21.050369,21.085646,10.542823,0.651871,0.29278,0.27126,0.9,301.4
125027,44199.0,288.3408,24.319662,24.350204,12.175102,0.816139,-13.17121,-0.18066,-0.6,301.1
125029,44201.0,286.8168,22.853328,22.904086,11.452043,-0.361529,7.8895,-0.24328,-0.8,304.1
125031,44203.0,285.2928,25.810537,25.85549,12.927745,0.737851,-0.5522,4.9774,16.4,303.5
125033,44205.0,284.3784,24.95495,24.971697,12.485848,-0.220949,5.23283,5.0193,16.5,304.2
125035,44207.0,282.5496,26.25619,26.319803,13.159902,0.337027,3.24073,5.0226,16.5,304.4
125037,44209.0,281.0256,25.92874,25.973489,12.986744,-0.086579,5.76225,5.11392,16.8,304.4
125039,44211.0,279.8064,25.93153,25.960175,12.980088,-0.003328,4.23244,5.20695,17.1,304.5
125041,44213.0,275.844,26.04621,26.345885,13.172942,0.096427,11.34802,8.48912,27.2,312.1
125043,44215.0,274.6248,25.094352,25.123951,12.561976,-0.305483,6.72491,17.74097,57.1,310.7
125045,44217.0,274.0152,23.105547,23.113587,11.556794,-0.502591,6.23098,15.75355,50.9,309.5
125047,44219.0,272.4912,20.647853,20.704019,10.352009,-0.602393,8.95728,13.73743,44.3,310.1
125049,44221.0,271.8816,18.757102,18.767005,9.383503,-0.484253,5.13433,12.0315,39.0,308.5
125051,44223.0,270.9672,17.659271,17.682929,8.841465,-0.271019,4.66933,4.23672,13.9,304.8
125053,44225.0,270.3576,19.190928,19.200608,9.600304,0.37942,0.29213,3.44424,11.3,304.8
125055,44227.0,270.0528,21.191119,21.193311,10.596655,0.498176,-11.89942,3.71978,12.2,304.9
125057,44229.0,268.5288,20.557458,20.613871,10.306935,-0.14486,6.12671,3.9624,13.0,304.8
125059,44231.0,267.6144,21.107443,21.12724,10.56362,0.128343,2.69105,4.06182,13.3,305.4
125101,44233.0,266.0904,23.981099,24.029475,12.014738,0.725559,0.42094,4.30614,14.1,305.4
125103,44235.0,263.652,18.773594,18.931287,9.465643,-1.274547,14.96395,4.4283,14.5,305.4
125105,44237.0,262.128,22.043705,22.096323,11.048162,0.791259,0.15289,4.54897,14.9,305.3
125107,44239.0,260.2992,21.446503,21.524335,10.762167,-0.142997,7.11671,4.584,15.0,305.6
125109,44241.0,259.08,22.460576,22.493642,11.246821,0.242327,2.87812,4.67568,15.3,305.6
125111,44243.0,257.8608,23.605369,23.636833,11.818417,0.285798,2.58885,4.7461,15.5,306.2
125113,44245.0,256.6416,24.162787,24.193526,12.096763,0.139173,3.67872,4.896,16.0,306.0
125115,44247.0,255.7272,23.838546,23.856077,11.928039,-0.084362,4.32838,4.85904,15.9,305.6
125117,44249.0,255.7272,23.335942,23.335942,11.667971,-0.130034,1.9163,4.68945,15.3,306.5
125119,44251.0,255.7272,21.506086,21.506086,10.753043,-0.457464,3.78737,4.46614,14.6,305.9
125121,44253.0,255.1176,19.908353,19.917684,9.958842,-0.397101,4.86889,3.9104,12.8,305.5
125123,44255.0,255.4224,18.598596,18.601093,9.300547,-0.329147,1.56983,2.99096,9.8,305.2
125125,44257.0,255.4224,16.381945,16.381945,8.190973,-0.554787,3.19087,2.25478,7.4,304.7
125127,44259.0,255.7272,13.581961,13.58538,6.79269,-0.699142,2.24957,1.61067,5.3,303.9
125129,44261.0,255.4224,12.521635,12.525344,6.262672,-0.265009,2.12947,0.81999,2.7,303.7
125131,44263.0,255.4224,11.020929,11.020929,5.510464,-0.376104,1.40249,0.73128,2.4,304.7
125133,44265.0,255.7272,9.266896,9.271907,4.635953,-0.437256,0.39426,1.3671,4.5,303.8
125135,44267.0,255.7272,8.169509,8.169509,4.084755,-0.275599,0.69267,0.39403,1.3,303.1
125137,44269.0,256.032,5.715369,5.72349,2.861745,-0.611505,0.0575,1.00089,3.3,303.3
125139,44271.0,256.032,2.464713,2.464713,1.232356,-0.814695,0.35608,0.1516,0.5,303.2
125141,44273.0,255.7272,1.124756,1.165324,0.582662,-0.324847,0.70383,-0.3032,-1.0,303.2
125143,44275.0,255.7272,1.032454,1.032454,0.516227,-0.033218,-0.29454,-0.3032,-1.0,303.2
125145,44277.0,255.4224,0.437489,0.533198,0.266599,-0.124814,-0.30683,-0.3032,-1.0,303.2
125147,44279.0,256.032,0.478006,0.774662,0.387331,0.060366,-0.32998,-0.3031,-1.0,303.1
125149,44281.0,255.4224,0.337504,0.696793,0.348397,-0.019467,-0.31543,-0.3031,-1.0,303.1
125151,44283.0,255.4224,0.338498,0.338498,0.169249,-0.089574,-0.32615,-0.3031,-1.0,303.1
125153,44285.0,255.7272,0.337504,0.454766,0.227383,0.029067,-0.33401,-0.3031,-1.0,303.1
125155,44287.0,255.1176,0.279468,0.670608,0.335304,0.05396,-0.33139,-0.303,-1.0,303.0
125157,44289.0,255.1176,0.555975,0.555975,0.277987,-0.028659,-0.3209,-1.01796,-3.4,299.4
125159,44291.0,255.4224,3.011749,3.027133,1.513567,0.61779,-4.7648,-6.3984,-21.5,297.6
125201,44293.0,255.7272,7.434655,7.4409,3.72045,1.103442,-10.42439,-13.983,-47.4,295.0
125203,44295.0,255.7272,11.437297,11.437297,5.718649,0.9991,-13.60239,-6.03,-20.1,300.0
125205,44297.0,255.7272,12.596785,12.596785,6.298393,0.289872,-6.03844,-3.69369,-12.3,300.3
125207,44299.0,256.032,12.423941,12.427679,6.21384,-0.042277,-0.81326,-5.74628,-19.4,296.2
125209,44301.0,256.9464,13.543108,13.573942,6.786971,0.286566,-10.99343,-13.95576,-46.8,298.2
125211,44303.0,256.9464,15.252309,15.252309,7.626155,0.419592,-9.31893,-14.13741,-48.3,292.7
125213,44305.0,257.8608,17.528032,17.551867,8.775933,0.574889,-16.3499,-13.3635,-45.3,295.0
125215,44307.0,258.1656,18.976584,18.979032,9.489516,0.356791,-6.70665,-11.1592,-37.7,296.0
125217,44309.0,258.1656,19.645221,19.645221,9.82261,0.166547,-0.26012,-9.912,-33.6,295.0
125219,44311.0,257.8608,20.330501,20.332786,10.166393,0.171892,0.61573,-10.16176,-34.4,295.4
125221,44313.0,259.3848,20.353891,20.410866,10.205433,0.01952,-11.93612,-0.3007,-1.0,300.7
125223,44315.0,259.08,18.925654,18.928108,9.464054,-0.37069,3.63957,-0.24072,-0.8,300.9
125225,44317.0,259.6896,18.026807,18.037111,9.018556,-0.222749,0.01324,-0.2408,-0.8,301.0
125227,44319.0,258.4704,17.235217,17.278285,8.639143,-0.189707,5.08109,-0.21077,-0.7,301.1
125229,44321.0,259.08,17.01161,17.022529,8.511265,-0.063939,-2.29372,-0.21098,-0.7,301.4
125231,44323.0,258.4704,17.119055,17.129906,8.564953,0.026844,2.17835,2.54604,8.4,303.1
125233,44325.0,257.2512,16.707286,16.751712,8.375856,-0.094549,4.54154,4.83954,15.8,306.3
125235,44327.0,257.556,15.452329,15.455335,7.727667,-0.324094,1.02694,7.60368,24.8,306.6
125237,44329.0,256.6416,14.083117,14.112771,7.056386,-0.33564,4.42374,6.00062,19.7,304.6
125239,44331.0,255.4224,13.018556,13.075521,6.53776,-0.259313,4.85223,4.8427,15.8,306.5
125241,44333.0,254.8128,11.018941,11.035791,5.517896,-0.509932,3.6247,8.68188,28.4,305.7
125243,44335.0,253.5936,7.415666,7.515221,3.75761,-0.880143,5.51974,4.80004,15.8,303.8
125245,44337.0,253.8984,3.562886,3.575899,1.78795,-0.98483,-0.03391,1.12332,3.7,303.6
125247,44339.0,254.508,0.519772,0.801109,0.400554,-0.693698,-0.14947,-0.36216,-1.2,301.8
125249,44341.0,254.2032,0.337501,0.454764,0.227382,-0.086586,-0.31836,-0.54396,-1.8,302.2
125251,44343.0,254.508,0.337501,0.454764,0.227382,0.0,-0.41697,-0.54396,-1.8,302.2
125253,44345.0,254.2032,0.169246,0.348636,0.174318,-0.026532,-0.33197,-0.3022,-1.0,302.2
125255,44347.0,254.508,0.169246,0.348636,0.174318,0.0,-0.40133,-0.3022,-1.0,302.2
125257,44349.0,254.508,0.139733,0.139733,0.069867,-0.052226,-0.34171,-0.3022,-1.0,302.2
125259,44351.0,254.2032,0.279467,0.413527,0.206764,0.068449,-0.34031,-0.3022,-1.0,302.2
125301,44353.0,254.8128,0.279467,0.670607,0.335303,0.064269,-0.33345,-0.3022,-1.0,302.2
125303,44355.0,254.508,0.111195,0.324449,0.162225,-0.086539,-0.32743,-0.3021,-1.0,302.1
125305,44357.0,254.2032,0.22239,0.377307,0.188653,0.013214,-0.33496,-0.3022,-1.0,302.2
125307,44359.0,254.8128,0.084623,0.615446,0.307723,0.059535,-0.33394,-0.3021,-1.0,302.1
125311,44363.0,254.2032,3.969722,4.016255,1.004064,0.174085,0.52418,-1.39058,-4.6,302.3
125313,44365.0,254.2032,6.796201,6.796201,3.3981,1.197018,-9.51876,-4.68624,-15.6,300.4
125315,44367.0,253.2888,9.215493,9.260747,4.630374,0.616137,1.04866,0.36324,1.2,302.7
125317,44369.0,253.2888,9.925618,9.925618,4.962809,0.166218,-3.55034,1.45392,4.8,302.9
125319,44371.0,252.3744,9.870356,9.912621,4.956311,-0.003249,2.7901,1.66815,5.5,303.3
125321,44373.0,252.3744,10.120903,10.120903,5.060452,0.052071,-0.03574,1.66815,5.5,303.3
125323,44375.0,252.0696,9.982517,9.987169,4.993585,-0.033434,1.10365,2.0842,6.8,306.5
125325,44377.0,252.0696,8.001592,8.001592,4.000796,-0.496394,1.19656,4.72905,15.5,305.1
125327,44379.0,251.46,5.507555,5.541188,2.770594,-0.615101,2.69198,-0.3022,-1.0,302.2
125329,44381.0,250.8504,6.911941,6.938771,3.469386,0.349396,1.02135,-6.87416,-23.2,296.3
125331,44383.0,251.46,11.08161,11.098365,5.549182,1.039898,-16.12398,-7.99712,-26.8,298.4
125333,44385.0,250.8504,13.978714,13.992,6.996,0.723409,-6.80135,-0.27135,-0.9,301.5
125335,44387.0,249.936,15.421029,15.448115,7.724057,0.364028,1.42183,-0.21126,-0.7,301.8
125337,44389.0,249.3264,16.249122,16.260553,8.130277,0.20311,1.27467,0.9189,3.0,306.3
