223618,0,278.11651451009,0.0,0.0,0,0,-0.35
223638,20.0,276.907642301783,210.82128,210.824746,10.541237,0.527062,-13.34217
223647,29.0,276.709627685637,67.401782,67.402073,7.489119,-0.339124,1.89726
223701,43.0,275.402177979973,120.985836,120.992901,8.64235,0.082374,0.58368
223712,54.0,273.993798274085,112.255443,112.264277,10.205843,0.142136,0.55179
223732,74.0,262.400157823976,215.890711,216.201784,10.810089,0.030212,3.77667
223747,89.0,254.731563697086,198.667592,198.815541,13.254369,0.162952,1.90051
223757,99.0,267.757709456808,139.477241,140.084193,14.008419,0.075405,-22.80297
223811,113.0,258.182628098575,215.528525,215.741112,15.410079,0.100119,1.5966
223819,121.0,256.047241480145,83.952384,83.979537,10.497442,-0.61408,5.83127
223826,128.0,255.896066693698,8.393339,8.394701,1.199243,-1.328314,0.77162
223847,149.0,255.395050137661,27.986384,27.990868,1.332898,0.006365,-0.11097
223854,156.0,255.311834473845,86.139362,86.139402,12.305629,1.567533,-41.33828
223911,173.0,255.352686679004,262.312833,262.312837,15.430167,0.183796,-2.96293
223925,187.0,254.340886145368,226.463016,226.465276,16.176091,0.05328,-2.09649
223937,199.0,253.127776987225,219.356138,219.359492,18.279958,0.175322,-5.42962
223952,214.0,253.453349476183,297.683382,297.68356,19.845571,0.104374,-7.35671
224008,230.0,255.617831396779,328.709719,328.716846,20.544803,0.043702,-8.24064
224011,233.0,255.171365915961,62.179528,62.18113,20.727043,0.060747,-7.1142
224018,240.0,259.37903379989,148.980904,149.040311,21.291473,0.080633,-14.83022
224024,246.0,258.019079880133,111.053224,111.06155,18.510258,-0.463536,1.67398
224028,250.0,262.372785390039,75.583994,75.709279,18.92732,0.104265,-22.83254
224031,253.0,264.943907420647,59.687608,59.74296,19.91432,0.329,-27.85198
224037,259.0,268.183118626961,127.623197,127.664298,21.277383,0.227177,-19.61222
224043,265.0,268.298929700217,137.621932,137.621981,22.936997,0.276602,-14.16264
224045,267.0,268.193402872982,50.134038,50.134149,25.067075,1.065039,-83.38689
224057,279.0,271.117555582809,312.382043,312.395728,26.032977,0.080492,-18.28151
224111,293.0,273.663155410298,418.689291,418.697029,29.906931,0.276711,-29.22794
224137,319.0,274.39348505182,782.133083,782.133424,30.082055,0.006736,-24.1883
224202,344.0,271.4773346164,737.524424,737.53019,29.501208,-0.023234,-21.62161
224221,363.0,269.921433896923,554.282686,554.28487,29.172888,-0.01728,-21.21753
224229,371.0,272.269185580673,236.211383,236.22305,29.527881,0.044374,-25.08571
224236,378.0,272.616816259569,204.699952,204.700247,29.242892,-0.040713,-21.70889
224244,386.0,275.003635951606,236.859115,236.87114,29.608893,0.04575,-25.31327
224305,407.0,285.82070403839,651.087841,651.177691,31.008461,0.066646,-30.02048
224316,418.0,287.954566842103,346.778154,346.78472,31.525884,0.047038,-29.09463
224325,427.0,290.525164455301,275.545758,275.557748,30.617528,-0.100928,-24.94894
224340,442.0,293.741650631434,444.37106,444.382701,29.625513,-0.066134,-23.0164
224348,450.0,290.423583545375,229.137452,229.161475,28.645184,-0.122541,-16.57263
224356,458.0,287.562464215904,234.989502,235.006919,29.375865,0.091335,-21.92949
224404,466.0,292.649388575722,240.001579,240.055483,30.006935,0.078884,-28.63227
224412,474.0,295.166384631988,239.873584,239.886789,29.985849,-0.002636,-25.41939
224422,484.0,289.0361468526,317.539895,317.599063,31.759906,0.177406,-27.50804
224442,504.0,285.703534590439,657.365071,657.373519,32.868676,0.055439,-30.46501
224509,531.0,292.620016317675,842.157059,842.185461,31.192054,-0.062097,-26.73902
224527,549.0,290.739869218699,572.533441,572.536528,31.807585,0.034196,-27.87076
224546,568.0,288.344225195325,608.413657,608.418374,32.02202,0.011286,-27.84134
224607,589.0,273.259048195638,671.093272,671.262797,31.964895,-0.00272,-24.15595
224621,603.0,266.741893560425,447.436269,447.48373,31.963124,-0.000127,-25.5986
224648,630.0,270.607624194989,829.282861,829.291871,30.714514,-0.046245,-25.3101
224706,648.0,268.289159588134,558.635116,558.639927,31.035552,0.017835,-25.64112
224739,681.0,265.822238818902,1020.422512,1020.425494,30.921985,-0.003441,-25.30888
224802,704.0,265.033290139596,727.691128,727.691556,31.638763,0.031164,-27.79446
224824,726.0,256.181541731753,707.405902,707.461281,32.157331,0.023571,-26.83197
224846,748.0,253.426990965619,683.832814,683.838362,31.083562,-0.048808,-24.59024
224916,778.0,262.135824548487,926.194911,926.235853,30.874528,-0.006968,-27.16491
224929,791.0,270.242439012359,399.528736,399.610971,30.739305,-0.010402,-28.65585
224939,801.0,270.449088321431,315.182124,315.182192,31.518219,0.077891,-28.6548
225004,826.0,256.00046192773,788.592677,788.72503,31.549001,0.001231,-24.02674
225022,844.0,254.54096123447,567.543768,567.545645,31.530314,-0.001038,-26.70083
225042,864.0,257.83848212798,611.212861,611.221757,30.561088,-0.048461,-25.04615
225104,886.0,265.082496473853,676.378696,676.417487,30.746249,0.008416,-27.36208
225118,900.0,261.424732514571,453.933633,453.948369,32.424884,0.119903,-30.02557
225131,913.0,252.268193007857,422.575642,422.674834,32.513449,0.006813,-25.6965
225152,934.0,243.76589478345,680.558461,680.611569,32.410075,-0.004923,-26.89129
225217,959.0,243.758987426758,784.660601,784.660601,31.386424,-0.040946,-26.10268
225247,989.0,243.758987426758,946.556425,946.556425,31.551881,0.005515,-27.31176
225310,1012.0,252.796884563447,723.768567,723.824994,31.470652,-0.003532,-29.14955
225333,1035.0,252.909217210372,722.074075,722.074084,31.394525,-0.00331,-26.82366
225359,1061.0,243.759063720703,810.684882,810.736519,31.182174,-0.008167,-24.26541
225424,1086.0,243.799011158966,794.478789,794.47879,31.779152,0.023879,-28.17968
225438,1100.0,243.789853105767,428.540776,428.540776,30.610055,-0.083507,-23.62066
225459,1121.0,243.832698710804,673.351031,673.351032,32.064335,0.069251,-29.67801
225524,1146.0,243.874368881796,801.028447,801.028448,32.041138,-0.000928,-28.34777
225544,1166.0,243.759060962397,637.716841,637.716851,31.885843,-0.007765,-27.8185
225554,1176.0,243.759053768922,312.994809,312.994809,31.299481,-0.058636,-25.59319
225603,1185.0,243.759098020027,287.807389,287.807389,31.978599,0.075458,-29.57393
225612,1194.0,243.766555800537,291.289926,291.289926,32.365547,0.042994,-29.91556
225622,1204.0,243.983516472285,317.983527,317.983601,31.79836,-0.056719,-26.88594
225647,1229.0,244.682096375388,781.043248,781.043561,31.241742,-0.022265,-26.26163
225655,1237.0,245.699230542959,243.622314,243.624437,30.453055,-0.098586,-23.72882
225702,1244.0,248.756274833144,213.571299,213.593177,30.513311,0.008608,-27.43112
225713,1255.0,251.36435977323,325.125587,325.136047,29.557822,-0.086863,-22.6325
225737,1279.0,250.386529881563,715.233634,715.234302,29.801429,0.01015,-23.23921
225752,1294.0,248.22263547114,438.938154,438.943488,29.262899,-0.035902,-20.74278
225759,1301.0,247.898887735702,207.774825,207.775077,29.682154,0.059894,-23.78452
225806,1308.0,246.720887812647,207.354446,207.357793,29.622542,-0.008516,-21.82901
225814,1316.0,249.289523877812,243.651783,243.665322,30.458165,0.104453,-28.31858
225837,1339.0,246.896773786602,719.908418,719.912394,31.300539,0.036625,-26.70729
225846,1348.0,249.881395227636,295.314296,295.329378,32.814375,0.168204,-35.16944
225856,1358.0,255.606075431772,332.311175,332.36048,33.236048,0.042167,-35.20679
225915,1377.0,261.88092445529,627.517972,627.549344,33.028913,-0.010902,-32.36273
225940,1402.0,259.11815419015,814.473701,814.478387,32.579135,-0.017991,-28.6982
230005,1427.0,256.485801088531,802.42806,802.432378,32.097295,-0.019274,-27.56053
230021,1443.0,255.710081351478,515.043752,515.044337,32.190271,0.005811,-28.55124
230029,1451.0,255.967910661753,259.561884,259.562012,32.445252,0.031873,-30.08525
230037,1459.0,255.425102908147,244.213668,244.214272,30.526784,-0.239808,-20.37124
230046,1468.0,251.607487092029,264.195935,264.223515,29.358168,-0.129846,-17.82978
230103,1485.0,236.618724828531,505.456795,505.678984,29.745823,0.022803,-18.65584
230123,1505.0,240.343029638996,615.308328,615.319599,30.76598,0.051008,-27.3408
230140,1522.0,239.926605146995,521.920075,521.920242,30.701191,-0.003811,-25.0708
230205,1547.0,247.006097191536,759.824217,759.857197,30.394288,-0.012276,-25.9534
230220,1562.0,253.022124876343,452.558255,452.59824,30.173216,-0.014738,-26.08231
230237,1579.0,248.90125932659,513.297813,513.314354,30.194962,0.001279,-22.82896
230243,1585.0,248.481500932084,180.248351,180.24884,30.041473,-0.025582,-22.99261
230248,1590.0,246.850980623162,156.765533,156.774013,31.354803,0.262666,-29.61127
230309,1611.0,246.836702223633,665.23433,665.23433,31.677825,0.015382,-27.77914
230320,1622.0,249.887602324614,352.765616,352.778809,32.070801,0.035725,-30.61719
230331,1633.0,247.665463958162,349.71974,349.7268,31.793345,-0.025223,-26.20122
230342,1644.0,243.869620075691,353.635985,353.656356,32.150578,0.032476,-27.28851
230404,1666.0,243.7919921875,708.687166,708.687171,32.213053,0.00284,-28.79345
230433,1695.0,250.408248463276,916.283056,916.306943,31.596791,-0.02125,-28.20779
230446,1708.0,252.888331529093,395.209626,395.217408,30.401339,-0.091958,-24.08792
230455,1717.0,259.321396254508,274.699247,274.774563,30.530507,0.014352,-29.11809
230516,1738.0,273.926731858262,635.250643,635.41852,30.258025,-0.012975,-27.9438
230533,1755.0,277.862061479734,546.030254,546.044435,32.120261,0.109543,-31.83901
230541,1763.0,282.253604613285,258.824492,258.861746,32.357718,0.029682,-32.71984
230607,1789.0,291.735168000573,842.558968,842.612316,32.408166,0.00194,-31.31492
230623,1805.0,294.096486311782,522.63077,522.636104,32.664757,0.016037,-30.98726
230653,1835.0,312.29809596995,928.472882,928.651275,30.955042,-0.056991,-28.25412
230705,1847.0,320.54208708158,369.067769,369.159832,30.763319,-0.015977,-28.99123
230717,1859.0,328.54427300417,370.857592,370.943915,30.911993,0.012389,-29.71429
230744,1886.0,338.565283119813,852.604782,852.66367,31.580136,0.024746,-29.83574
230804,1906.0,329.28550682975,632.690192,632.758242,31.637912,0.002889,-24.93731
230831,1933.0,325.887755970308,831.97909,831.986028,30.814297,-0.030504,-24.34213
230841,1943.0,326.657982403602,314.553213,314.554156,31.455416,0.064112,-28.60623
230851,1953.0,326.725922769488,321.536098,321.536105,32.15361,0.069819,-29.97886
230922,1984.0,318.656926229283,987.816062,987.849017,31.866097,-0.009275,-26.37591
230949,2011.0,316.431964915749,839.092887,839.095837,31.077624,-0.029203,-25.19364
231019,2041.0,310.062115120144,962.175521,962.196605,32.07322,0.033187,-27.89407
231044,2066.0,304.783951694392,810.481362,810.498548,32.419942,0.013869,-28.37303
231117,2099.0,302.727113893262,1052.87294,1052.874949,31.905301,-0.015595,-27.44331
231142,2124.0,302.910286314856,802.752671,802.752692,32.110108,0.008192,-28.74294
231201,2143.0,301.707000732422,600.028908,600.030115,31.580532,-0.027872,-26.46292
231228,2170.0,301.717173048676,839.145878,839.145878,31.079477,-0.018558,-25.83671
231254,2196.0,302.03513512124,791.90581,791.905874,30.457918,-0.023906,-24.41757
231318,2220.0,298.808723987496,726.037754,726.044923,30.251872,-0.008585,-23.41002
231334,2236.0,295.820113953392,486.165751,486.174937,30.385934,0.008379,-23.70566
231345,2247.0,290.992628273093,357.313984,357.346593,32.486054,0.19092,-30.51398
231414,2276.0,286.738797690033,953.555951,953.565439,32.881567,0.013638,-29.83018
231434,2296.0,290.03894567124,649.873519,649.881898,32.494095,-0.019374,-30.01884
231502,2324.0,295.030429022807,909.565102,909.578798,32.484957,-0.000326,-30.42399
231523,2345.0,286.963428940839,688.726621,688.773863,32.798755,0.014943,-28.33488
231545,2367.0,285.142651189815,705.710778,705.713127,32.077869,-0.032768,-27.41219
231610,2392.0,275.261383019913,792.695235,792.756819,31.710273,-0.014704,-25.14067
231627,2409.0,269.982526922374,541.110961,541.136709,31.831571,0.007135,-26.28353
231637,2419.0,266.120310471135,308.287394,308.311586,30.831159,-0.100041,-21.68913
231658,2440.0,264.163633077369,619.7812,619.784289,29.513538,-0.062744,-21.11482
231718,2460.0,268.125783924574,582.431127,582.444604,29.12223,-0.019565,-22.62712
231725,2467.0,266.87863641263,164.204186,164.208922,23.458417,-0.809116,0.43886
231731,2473.0,264.865099215169,105.507332,105.526544,17.587757,-0.978443,8.18459
231737,2479.0,265.183909753773,51.180764,51.181756,8.530293,-1.509577,7.44815
231747,2489.0,265.171747205542,5.075911,5.075926,0.507593,-0.80227,-0.07048
231748,2490.0,265.156252793699,4.213856,4.213885,4.213885,3.706292,-30.99061
231755,2497.0,265.179975058122,64.55889,64.558894,9.222699,0.715545,-9.98382
231809,2511.0,265.084770978563,207.013157,207.013179,14.786656,0.397425,-19.3889
231819,2521.0,265.175684339012,163.507977,163.508002,16.3508,0.156414,-3.67247
231824,2526.0,265.359136204191,21.010673,21.011473,4.202295,-2.429701,5.58632
231831,2533.0,265.82807828634,34.793059,34.796219,4.970888,0.109799,-1.18407
231838,2540.0,268.133013934121,101.335318,101.361528,14.480218,1.358476,-40.2035
231851,2553.0,269.067060404541,202.678282,202.680435,15.590803,0.08543,-2.63693
231854,2556.0,269.049374899265,31.307135,31.30714,10.435713,-1.718363,10.87426
231859,2561.0,268.886443205758,17.49597,17.496728,3.499346,-1.387273,2.87642
231901,2563.0,268.887031153878,19.139297,19.139297,9.569648,3.035151,-52.48386
231910,2572.0,268.268000350116,132.277751,132.279199,14.697689,0.569782,-22.84255
231915,2577.0,268.047772975711,85.771558,85.77184,17.154368,0.491336,-27.76622
231921,2583.0,266.019527198876,76.147067,76.174074,12.695679,-0.743115,7.84278
231928,2590.0,265.70041413522,26.204018,26.205961,3.743709,-1.278853,2.93256
231934,2596.0,265.150455042286,34.792985,34.797331,5.799555,0.342641,-4.14334
231944,2606.0,265.121063232422,114.82875,114.828754,11.482875,0.568332,-16.70126
231945,2607.0,265.12104656494,10.700953,10.700953,10.700953,-0.781922,5.46383
231950,2612.0,265.213630149806,40.538645,40.53875,8.10775,-0.518641,2.68362
231951,2613.0,265.312386024997,9.540525,9.541036,9.541036,1.433286,-25.09252
231954,2616.0,265.588771695556,23.925406,23.927002,7.975667,-0.52179,2.23545
232002,2624.0,265.709080452452,26.764129,26.764399,3.34555,-0.578765,0.94672
232007,2629.0,265.621764692198,25.563785,25.563934,5.112787,0.353447,-4.96174
232018,2640.0,265.694070341266,29.572104,29.572193,2.688381,-0.220401,0.17571
232030,2652.0,265.755843036598,4.220116,4.220568,0.351714,-0.194722,-0.28194
232925,3187.0,265.809869011774,2.379571,2.380185,0.004449,-0.000649,-0.34963
232931,3193.0,265.876396569216,13.810492,13.810652,2.301775,0.382888,-1.58296
232937,3199.0,265.705146840571,27.65653,27.65706,4.60951,0.384623,-4.53078
232939,3201.0,265.797082174379,9.540525,9.540968,4.770484,0.080487,-0.54723
232944,3206.0,265.913930324298,20.427219,20.427553,4.085511,-0.136995,0.18767
232952,3214.0,265.852523619776,34.874358,34.874412,4.359301,0.034224,-0.01613
232956,3218.0,265.740292841606,15.230477,15.23089,3.807723,-0.137894,0.42849
233006,3228.0,265.145684733076,88.442503,88.444502,8.84445,0.503673,-10.54564
233010,3232.0,265.120868636974,15.23328,15.2333,3.808325,-1.259031,2.72375
233013,3235.0,265.119876069682,8.861914,8.861914,2.953971,-0.284785,0.3779
233017,3239.0,265.14270528366,31.668527,31.668535,7.917134,1.240791,-16.67421
233026,3248.0,267.668466826,122.350584,122.376652,13.597406,0.631141,-17.92648
233032,3254.0,265.999336525311,49.196335,49.224642,8.204107,-0.898883,6.13578
233034,3256.0,265.389220125065,23.875817,23.883611,11.941806,1.868849,-41.32994
233043,3265.0,267.927003474813,149.569325,149.590853,16.621206,0.519933,-19.21511
233051,3273.0,271.826943755971,174.519907,174.563477,21.820435,0.649904,-36.82147
233102,3284.0,273.032027069796,285.653197,285.655739,25.968704,0.377115,-24.89208
233117,3299.0,270.371051629161,432.006239,432.014435,28.800962,0.188817,-23.26989
233137,3319.0,266.267123678192,609.698095,609.711906,30.485595,0.084232,-25.11908
233200,3342.0,268.103418661501,705.413033,705.415423,30.670236,0.008028,-25.80105
233216,3358.0,272.308460924105,474.934401,474.953016,29.684564,-0.061605,-23.47612
233228,3370.0,274.169905878202,367.991278,367.995985,30.666332,0.081814,-27.49408
233241,3383.0,275.980932857508,407.67674,407.680763,31.360059,0.053364,-28.50963
233305,3407.0,270.677923007346,730.276592,730.295846,30.428994,-0.038794,-22.78653
233328,3430.0,265.511090315244,684.501286,684.520786,29.761773,-0.02901,-21.47967
233342,3444.0,267.71028734093,410.356001,410.361894,29.311564,-0.032158,-22.58928
233404,3466.0,271.123906080559,650.79226,650.801213,29.581873,0.012287,-23.89737
233417,3479.0,275.099133336241,389.192132,389.212433,29.939418,0.027503,-25.76997
233441,3503.0,282.796935554672,730.166403,730.206979,30.425291,0.020245,-26.80882
233505,3527.0,286.319344600691,714.88867,714.897348,29.78739,-0.026579,-23.64783
233520,3542.0,280.611945174699,445.829286,445.865816,29.724388,-0.0042,-20.95869
233543,3565.0,276.620373949046,708.325769,708.337016,30.797262,0.046647,-25.35786
233605,3587.0,285.640721795451,703.261948,703.319795,31.969082,0.053265,-31.45091
233627,3609.0,307.602256154399,694.162881,694.510198,31.568645,-0.018202,-32.50576
233641,3623.0,309.559591560744,435.365988,435.370388,31.097885,-0.033626,-26.39167
233650,3632.0,304.469113353018,265.8197,265.868438,29.540938,-0.172994,-16.72511
233658,3640.0,307.213643865852,229.450913,229.467327,28.683416,-0.10719,-21.11315
233706,3648.0,303.605599673194,223.908929,223.937996,27.99225,-0.086396,-15.66087
233713,3655.0,303.073622475293,193.399472,193.400203,27.6286,-0.05195,-17.57218
233720,3662.0,301.451296776916,197.373936,197.380604,28.197229,0.081233,-19.95725
233729,3671.0,299.037221659877,263.498943,263.510001,29.278889,0.120184,-22.69772
233743,3685.0,295.536773396914,420.807037,420.821596,30.058685,0.0557,-23.43622
233759,3701.0,293.262838823235,491.54767,491.55293,30.722058,0.041461,-25.27976
233816,3718.0,286.793435479073,531.329734,531.369118,31.257007,0.031468,-25.00225
233826,3728.0,280.311945184015,312.387553,312.454785,31.245479,-0.001153,-22.90944
233844,3746.0,276.411353056147,533.881672,533.895921,29.660884,-0.088033,-20.3218
233910,3772.0,291.868471585324,745.578746,745.738955,28.682267,-0.037639,-23.62935
233927,3789.0,305.804258382509,491.982022,492.179354,28.951727,0.015851,-26.31877
233941,3803.0,301.778616528576,398.008884,398.029242,28.43066,-0.037219,-18.22921
233954,3816.0,307.739074707031,395.59692,395.64182,30.433986,0.154102,-29.91146
234013,3835.0,303.460226417262,562.763999,562.780265,29.620014,-0.042841,-20.95889
234029,3851.0,305.31917101721,445.108636,445.112518,27.819532,-0.11253,-18.06091
234047,3869.0,297.92289336803,525.101528,525.153615,29.175201,0.075315,-20.93722
234110,3892.0,283.031185576657,662.915528,663.08277,28.829686,-0.015022,-17.40245
234124,3906.0,277.597683361646,423.702445,423.737283,30.266949,0.102662,-23.92984
234136,3918.0,275.435043065865,359.967057,359.973553,29.997796,-0.022429,-22.35234
234150,3932.0,273.224770560601,431.592347,431.598006,30.828429,0.059331,-25.73544
234208,3950.0,268.67815381455,580.199522,580.217336,32.234296,0.078104,-28.84923
234222,3964.0,266.351663185824,440.762053,440.768193,31.483442,-0.053632,-25.18963
234243,3985.0,262.199819740329,674.134967,674.147752,32.102274,0.029468,-27.94815
234308,4010.0,265.20692703215,797.827051,797.832718,31.913309,-0.007559,-28.59897
234326,4028.0,268.011550889932,583.544439,583.551178,32.41951,0.028122,-30.64812
234349,4051.0,262.033412717402,738.610462,738.634655,32.11455,-0.013259,-26.85523
234415,4077.0,265.093595480847,829.161861,829.167508,31.891058,-0.008596,-28.51377
234441,4103.0,275.465529650449,841.363549,841.427477,32.362595,0.018136,-31.68295
234459,4121.0,279.69265242614,571.591301,571.606931,31.755941,-0.033703,-28.4062
234519,4141.0,280.092340800888,627.313824,627.313951,31.365698,-0.019512,-26.56886
234547,4169.0,267.118952603238,876.645868,876.741859,31.312209,-0.00191,-24.06777
234611,4193.0,268.132807057504,733.647975,733.648676,30.568695,-0.03098,-24.68982
234628,4210.0,264.942889828191,536.697596,536.707076,31.571004,0.058959,-27.28133
234649,4231.0,273.692608526965,665.673738,665.731239,31.701488,0.006214,-30.00252
234709,4251.0,275.19768757255,611.783488,611.785339,30.589267,-0.055611,-24.49594
234732,4274.0,263.57571192607,730.605976,730.698407,31.769496,0.051314,-25.84745
234756,4298.0,275.673603394094,758.349119,758.445612,31.6019,-0.006983,-30.02125
234816,4318.0,262.064939562196,625.620286,625.768278,31.288414,-0.015674,-22.56129
234838,4340.0,264.874904155407,672.631837,672.637706,30.574441,-0.032453,-25.14998
234853,4355.0,268.582839276762,474.079838,474.094338,31.606289,0.06879,-29.95654
234914,4376.0,274.100928038816,656.782792,656.805972,31.276475,-0.015705,-27.77696
234932,4394.0,271.168721269265,566.125591,566.133184,31.451844,0.009743,-26.2667
234959,4421.0,256.28489207555,856.996285,857.125523,31.74539,0.010872,-24.80456
235016,4438.0,265.789066637605,541.740453,541.823816,31.871989,0.007447,-31.20955
235020,4442.0,263.385003260211,125.40865,125.431691,31.357923,-0.128516,-21.15925
235040,4462.0,258.889141146197,618.357429,618.373772,30.918689,-0.021962,-24.14058
235100,4482.0,277.325224546957,597.62663,597.910928,29.895546,-0.051157,-27.76409
235112,4494.0,281.118488531988,375.782331,375.801476,31.31679,0.118437,-30.54674
235124,4506.0,280.016947537328,382.893142,382.894726,31.907894,0.049259,-28.44359
235138,4520.0,270.120182374049,446.757513,446.867118,31.91908,0.000799,-24.17364
235153,4535.0,272.127785849493,486.604521,486.608663,32.440578,0.034767,-30.70132
235211,4553.0,272.028559633678,604.652112,604.652121,33.591784,0.063956,-33.30962
235232,4574.0,270.654101483104,683.524982,683.526364,32.548874,-0.049662,-28.29991
235253,4595.0,255.283620331066,687.718896,687.890639,32.756697,0.009896,-26.18811
235319,4621.0,255.572093210128,829.804302,829.804353,31.915552,-0.032352,-27.54445
235338,4640.0,255.106362775817,616.22589,616.226066,32.432951,0.027232,-29.6549
235354,4656.0,258.679989934489,505.512964,505.525595,31.59535,-0.05235,-27.62645
235414,4676.0,256.846532808208,625.740456,625.743142,31.287157,-0.01541,-25.82909
235424,4686.0,258.142453604057,310.772103,310.774805,31.077481,-0.020968,-26.4835
235434,4696.0,246.824996948242,304.777667,304.987723,30.498772,-0.057871,-17.54177
235451,4713.0,246.524140364705,500.158124,500.158215,29.421071,-0.063394,-21.32032
235512,4734.0,252.22572738282,630.834902,630.860667,30.040984,0.02952,-25.82611
235535,4757.0,253.108703468216,724.945042,724.945579,31.519373,0.064278,-28.50323
235602,4784.0,242.204617247643,867.86626,867.934758,32.145732,0.023198,-26.78082
235623,4805.0,242.006079432918,653.515619,653.515649,31.119793,-0.048854,-25.30734
235642,4824.0,244.757288852543,606.445372,606.451612,31.918506,0.042038,-29.63113
235703,4845.0,246.703868980741,659.200714,659.203588,31.390647,-0.025136,-26.91102
235730,4872.0,245.866673699146,848.217271,848.217684,31.41547,0.000919,-26.74378
235753,4895.0,240.630142062139,741.13792,741.15642,32.224192,0.035162,-28.16292
235816,4918.0,240.036983992183,728.392337,728.392579,31.669243,-0.024128,-26.9076
235840,4942.0,244.146361024016,752.798372,752.809588,31.367066,-0.012591,-27.51442
235906,4968.0,252.568407149736,839.925374,839.967597,32.306446,0.03613,-31.44732
235930,4992.0,253.124883771889,747.594637,747.594844,31.149785,-0.048194,-25.57384
235946,5008.0,254.164122815526,469.351772,469.352922,29.334558,-0.113452,-20.77035
000002,5024.0,258.174669999769,473.094067,473.111066,29.569442,0.01468,-24.43474
000017,5039.0,253.164917650858,462.660201,462.687323,30.845822,0.085092,-25.23652
000032,5054.0,258.724824149097,473.993646,474.026253,31.60175,0.050395,-30.29667
000057,5079.0,252.310364496995,805.556373,805.581911,32.223276,0.024861,-27.8195
000121,5103.0,252.919998168945,784.670289,784.670526,32.694605,0.019639,-30.42164
000140,5122.0,258.633828617903,608.713247,608.740063,32.038951,-0.034508,-29.40297
000203,5145.0,259.266481173555,727.115792,727.116067,31.613742,-0.018487,-27.18743
000230,5172.0,260.357695078089,849.034609,849.03531,31.445752,-0.006222,-27.09122
000253,5195.0,251.125441586476,751.110451,751.167187,32.659443,0.052769,-28.57816
000318,5220.0,260.153196227365,817.543838,817.593681,32.703747,0.001772,-31.98156
000342,5244.0,267.734250186148,763.98291,764.020522,31.834188,-0.036232,-28.98486
000407,5269.0,265.25430278652,797.52373,797.527586,31.901103,0.002677,-27.53664
000431,5293.0,279.478269413432,769.20836,769.339862,32.055828,0.006447,-31.81878
000446,5308.0,264.847722606881,483.550139,483.771423,32.251428,0.01304,-23.68767
000508,5330.0,267.75603676861,710.386977,710.39293,32.290588,0.00178,-29.72633
000527,5349.0,263.588012695312,609.910392,609.924634,32.101297,-0.009963,-27.10999
000548,5370.0,270.310426409103,650.000843,650.035604,30.954076,-0.05463,-26.67949
000603,5385.0,265.709128639643,473.11274,473.135115,31.542341,0.039218,-26.2007
000615,5397.0,271.110805997823,388.597486,388.635027,32.386252,0.070326,-32.9779
000626,5408.0,263.497285353132,353.589559,353.671517,32.151956,-0.0213,-24.39815
000637,5419.0,255.968935691479,352.867951,352.948249,32.086204,-0.005977,-24.56037
000648,5430.0,258.846944933144,343.693013,343.705062,31.245915,-0.07639,-26.61933
000659,5441.0,258.874005312545,349.027685,349.027686,31.72979,0.043989,-28.43864
000711,5453.0,258.122293738761,385.836238,385.83697,32.153081,0.035274,-28.92213
000725,5467.0,258.833649082442,444.992453,444.993022,31.785216,-0.026276,-27.57366
000729,5471.0,259.014038085938,125.280253,125.280382,31.320096,-0.11628,-24.87689
000739,5481.0,259.055385186211,310.048788,310.048791,31.004879,-0.031522,-25.43814
000749,5491.0,259.013977050781,313.737972,313.737974,31.373797,0.036892,-27.44318
000759,5501.0,260.851504570101,311.298263,311.303686,31.130369,-0.024343,-26.84605
000809,5511.0,259.155837878381,314.938957,314.943522,31.494352,0.036398,-26.79637
000825,5527.0,259.361359582973,507.23993,507.239972,31.702498,0.013009,-27.8765
000849,5551.0,259.013977050781,742.529291,742.529372,30.938724,-0.031824,-25.18076
000905,5567.0,258.903124965042,504.181579,504.181591,31.511349,0.035789,-27.72799
000926,5588.0,260.538457547514,676.997488,676.999463,32.23807,0.034606,-29.89452
000950,5612.0,258.967392950206,779.154451,779.156035,32.464835,0.009449,-29.17985
001017,5639.0,260.739041129334,857.569333,857.571163,31.761895,-0.026035,-27.60724
001038,5660.0,262.063813016892,671.052902,671.054209,31.954962,0.009194,-28.68008
001055,5677.0,261.729674623172,545.906118,545.906221,32.112131,0.009245,-28.59234
001118,5700.0,264.722391886478,748.675101,748.681082,32.551351,0.019097,-30.65465
001136,5718.0,274.021067992443,579.789011,579.863572,32.214643,-0.018706,-31.31054
001158,5740.0,266.02716985222,686.779832,686.826354,31.21938,-0.045239,-23.64406
001220,5762.0,267.280985802137,671.086771,671.087942,30.503997,-0.032517,-24.60157
001240,5782.0,269.07696126654,613.847831,613.850458,30.692523,0.009426,-25.93123
001251,5793.0,269.603149878065,351.5294,351.529794,31.957254,0.114976,-30.51854
001302,5804.0,268.344593609035,352.833895,352.83614,32.076013,0.010796,-28.01292
001323,5825.0,268.408239627521,678.11055,678.110553,32.290979,0.010236,-29.16505
001338,5840.0,270.28919288083,460.776382,460.780221,30.718681,-0.10482,-24.2021
001352,5854.0,271.533318370482,418.035213,418.037065,29.85979,-0.061349,-22.88771
001410,5872.0,270.675347183986,538.801937,538.80262,29.933479,0.004094,-23.39577
001425,5887.0,267.299445776877,471.852745,471.864822,31.457655,0.101612,-27.56848
001449,5911.0,277.00622876864,744.680357,744.743617,31.030984,-0.017778,-27.97067
001508,5930.0,295.474046892291,591.977949,592.265947,31.171892,0.007416,-31.89596
001518,5940.0,295.299827296773,313.624131,313.624179,31.362418,0.019053,-27.0467
001533,5955.0,280.334953834462,484.783041,485.013963,32.334264,0.06479,-24.71791
001550,5972.0,292.400720836186,554.671449,554.802667,32.635451,0.017717,-34.06766
001612,5994.0,293.975149486647,690.824968,690.826762,31.401216,-0.056102,-26.29411
001623,6005.0,291.451133819942,347.320196,347.329367,31.575397,0.015835,-26.30397
001637,6019.0,300.764541263552,445.775521,445.872801,31.848057,0.019476,-31.98024
001702,6044.0,286.472681285926,802.94977,803.076951,32.123078,0.011001,-25.60015
001725,6067.0,296.087276722493,748.450029,748.511781,32.54399,0.018301,-32.24037
001743,6085.0,308.372274430469,557.630123,557.76543,30.986968,-0.086501,-28.22662
001758,6100.0,307.302606277771,456.859064,456.860316,30.457354,-0.035308,-23.75864
001808,6110.0,300.068673518307,315.598443,315.681338,31.568134,0.111078,-25.25123
001824,6126.0,292.451377228574,510.348508,510.405351,31.900334,0.020763,-25.78487
001844,6146.0,287.510161990468,647.66672,647.685569,32.384278,0.024197,-28.26676
001906,6168.0,275.415433017955,702.985259,703.089295,31.958604,-0.019349,-24.77767
001925,6187.0,270.968838926206,624.417365,624.433197,32.864905,0.0477,-29.92809
001949,6211.0,274.391736159333,770.892446,770.900045,32.120835,-0.031003,-28.78985
002010,6232.0,282.046993738403,673.034785,673.07832,32.051349,-0.003309,-30.36615
002029,6251.0,284.171029388329,616.161037,616.164698,32.429721,0.019914,-30.28759
002042,6264.0,287.613838143852,407.893411,407.90794,31.377534,-0.080937,-26.86877
002059,6281.0,280.89809402838,519.524966,519.56837,30.562845,-0.047923,-21.96251
002123,6305.0,268.544245715511,734.162651,734.266584,30.594441,0.001317,-22.21386
002137,6319.0,270.360077383805,411.16402,411.16803,29.369145,-0.087521,-21.63976
002145,6327.0,274.409449043894,238.934015,238.968326,29.871041,0.062737,-27.32792
002207,6349.0,267.245182955626,658.61173,658.650695,29.938668,0.003074,-21.84473
002227,6369.0,267.688561093851,615.034689,615.034849,30.751742,0.040654,-26.23183
002254,6396.0,269.113449236912,835.724196,835.725411,30.952793,0.007446,-26.27912
002319,6421.0,257.835525522181,781.472973,781.554349,31.262174,0.012375,-24.26852
002330,6432.0,260.813535782931,338.664405,338.677498,30.788863,-0.043028,-26.23439
002346,6448.0,258.59750426865,486.753387,486.758432,30.422402,-0.022904,-23.49726
002406,6468.0,255.137859872649,605.332945,605.342831,30.267142,-0.007763,-23.22177
002413,6475.0,255.002916964835,212.90894,212.908983,30.415569,0.021204,-24.90159
002430,6492.0,255.197178506786,520.016596,520.016632,30.589214,0.010214,-25.27065
002446,6508.0,253.106395237695,458.607557,458.612323,28.66327,-0.120372,-18.20536
002502,6524.0,262.771718224039,464.350451,464.45103,29.028189,0.022807,-25.37787
002518,6540.0,267.912705419765,470.063448,470.09156,29.380722,0.022033,-24.54832
002539,6561.0,265.641616449171,629.873867,629.877961,29.994189,0.029213,-23.61653
002546,6568.0,268.165001092354,211.279459,211.294528,30.184933,0.027249,-26.60751
002553,6575.0,273.386455576232,208.614551,208.679885,29.811412,-0.05336,-26.56811
002604,6586.0,274.329076772305,324.058461,324.059832,29.459985,-0.031948,-22.51334
002610,6592.0,274.968650106849,177.414819,177.415972,29.569329,0.018224,-23.70182
002622,6604.0,271.955509708149,372.661127,372.673308,31.056109,0.123898,-26.87531
002642,6624.0,250.097690740653,645.277014,645.647109,32.282355,0.061312,-23.98178
002704,6646.0,251.996034034757,706.88008,706.882629,32.131029,-0.006878,-28.92622
002716,6658.0,254.732146560186,361.542625,361.552978,30.129415,-0.166801,-22.43341
002727,6669.0,253.117347187003,321.247006,321.251064,29.204642,-0.08407,-19.81246
002747,6689.0,253.740415060184,547.676642,547.676997,27.38385,-0.09104,-17.06724
002803,6705.0,254.346130212188,430.843018,430.843443,26.927715,-0.028508,-17.19616
002812,6714.0,253.759638731466,247.145439,247.146135,27.460682,0.059219,-19.01468
002824,6726.0,252.943391550861,324.582586,324.583612,27.048634,-0.034337,-16.74947
002838,6740.0,257.748354949777,386.779864,386.809709,27.629265,0.041474,-21.34456
002851,6753.0,253.13365806084,376.843292,376.871546,28.990119,0.104681,-21.31163
002901,6763.0,253.20679831308,280.770008,280.770017,28.077002,-0.091312,-18.27413
002912,6774.0,256.407841224498,314.881468,314.897738,28.627067,0.050006,-23.23603
002928,6790.0,262.875932353798,451.828927,451.875221,28.242201,-0.024054,-21.8834
002945,6807.0,270.902721661824,497.130232,497.195029,29.246766,0.059092,-25.7141
002955,6817.0,277.999586441826,291.746409,291.832714,29.183271,-0.006349,-25.81854
003017,6839.0,275.766076053715,659.800459,659.804239,29.991102,0.03672,-23.77889
003038,6860.0,250.362367387888,637.756765,638.262516,30.393453,0.01916,-18.2053
003100,6882.0,221.302791161149,675.589187,676.213878,30.736994,0.015616,-18.28138
003118,6900.0,224.917040147834,520.798405,520.810946,28.933941,-0.10017,-20.90924
003134,6916.0,225.403786874,447.93904,447.939304,27.996207,-0.058608,-18.75076
003143,6925.0,225.152802482375,254.739732,254.739856,28.304428,0.034247,-20.5284
003152,6934.0,229.824259467623,250.069914,250.113543,27.790394,-0.057115,-21.08348
003201,6943.0,227.413976766134,255.896698,255.908049,28.434228,0.071537,-20.0652
003209,6951.0,228.527320352849,224.726898,224.729655,28.091207,-0.042878,-19.79426
003213,6955.0,234.998931154397,112.894741,113.080079,28.27002,0.044703,-38.94153
003228,6970.0,228.804418380977,401.40343,401.451225,26.763415,-0.10044,-13.28292
003237,6979.0,231.401738452135,214.623859,214.639574,23.848842,-0.323841,-9.15159
003241,6983.0,235.650334998327,81.155655,81.266789,20.316697,-0.883036,-2.41762
003247,6989.0,237.813114684438,116.978508,116.9985,19.49975,-0.136158,-6.12376
003251,6993.0,237.518094357819,82.041459,82.041989,20.510497,0.252687,-9.45625
003302,7004.0,234.912111013584,255.327369,255.340668,23.212788,0.245663,-12.80431
003315,7017.0,239.632550956232,305.412941,305.449418,23.496109,0.021794,-13.65306
003328,7030.0,243.176344841874,326.884399,326.903608,25.146431,0.126948,-17.45606
003344,7046.0,232.991222229206,434.269993,434.389415,27.149338,0.125182,-16.22958
003355,7057.0,230.187127035595,306.249316,306.262154,27.842014,0.062971,-18.78011
003412,7074.0,236.681324083344,490.399838,490.442836,28.849579,0.059269,-24.35243
003427,7089.0,236.373284350292,430.296364,430.296474,28.686432,-0.010876,-20.63382
003437,7099.0,233.693535218855,284.359504,284.372131,28.437213,-0.024922,-18.52068
003452,7114.0,233.983184978065,422.754239,422.754339,28.183623,-0.016906,-19.73013
003503,7125.0,233.304804056454,314.99206,314.99279,28.635708,0.041099,-21.14181
003506,7128.0,234.135563513991,81.474892,81.479127,27.159709,-0.492,-11.83563
003517,7139.0,235.768563628196,315.036933,315.041165,28.640106,0.134582,-23.83402
003530,7152.0,239.810384190365,373.760338,373.782192,28.752476,0.008644,-22.9298
003543,7165.0,239.655781649717,391.403398,391.403428,30.107956,0.104268,-25.66796
003603,7185.0,236.482371875218,572.698158,572.70695,28.635348,-0.07363,-18.74447
003610,7192.0,237.135082351771,195.533305,195.534395,27.933485,-0.100266,-18.32168
003616,7198.0,235.448909384094,176.414528,176.422586,29.403764,0.245047,-24.94979
003626,7208.0,237.258067979035,289.044274,289.049935,28.904994,-0.049877,-21.56818
003640,7222.0,223.910985579599,379.631981,379.866537,27.133324,-0.126548,-10.56949
003652,7234.0,229.860198235064,329.375031,329.428754,27.452396,0.026589,-21.59653
003658,7240.0,226.656149041209,160.686779,160.71872,26.786453,-0.110991,-12.49278
003704,7246.0,222.215336598353,159.145827,159.207773,26.534629,-0.041971,-11.92171
003710,7252.0,221.972966015385,162.467605,162.467785,27.077964,0.090556,-18.86178
003718,7260.0,226.19593592694,221.864971,221.905157,27.738145,0.082523,-23.22082
003727,7269.0,231.476656250112,252.351352,252.406598,28.045178,0.034115,-23.41078
003742,7284.0,233.124179549261,415.712658,415.715922,27.714395,-0.022052,-19.21385
003750,7292.0,236.97444287016,214.767219,214.80173,26.850216,-0.108022,-18.29637
003807,7309.0,237.663861963124,467.978514,467.979022,27.528178,0.03988,-19.42946
003818,7320.0,241.662993713457,309.385248,309.411093,28.128281,0.054555,-22.6706
003827,7329.0,245.125757201778,262.011193,262.034074,29.114897,0.109624,-25.76649
003842,7344.0,248.630537884806,418.657252,418.671922,27.911461,-0.080229,-19.37939
003851,7353.0,243.757761689234,251.535184,251.582378,27.953598,0.004682,-16.50017
003912,7374.0,237.264569321627,583.23333,583.269473,27.774737,-0.008517,-17.22104
003932,7394.0,234.420743117835,557.041993,557.049252,27.852463,0.003886,-18.49752
003947,7409.0,231.008286051467,419.873389,419.887256,27.992484,0.009335,-18.39004
004004,7426.0,234.685333763172,471.44527,471.45961,27.732918,-0.015269,-19.94862
004013,7435.0,238.669798368924,254.796517,254.827669,28.314185,0.064585,-23.65311
004026,7448.0,234.973460311717,365.112225,365.130935,28.086995,-0.017476,-17.8409
004035,7457.0,232.677107935781,241.328265,241.339191,26.815466,-0.141281,-13.637
004042,7464.0,233.74364027398,188.515291,188.518308,26.931187,0.016532,-18.51771
004101,7483.0,221.044454291953,516.252727,516.408895,27.179416,0.013065,-14.38443
004109,7491.0,216.499433606078,214.104591,214.152826,26.769103,-0.051289,-13.17232
004126,7508.0,217.05599390378,448.742831,448.743176,26.396657,-0.021909,-16.25489
004141,7523.0,219.414253967743,400.871878,400.878814,26.725254,0.021906,-18.22552
004157,7539.0,217.088000744752,429.959137,429.96543,26.872839,0.009224,-16.63507
004200,7542.0,217.127534434002,75.120952,75.120962,25.040321,-0.610839,-5.35809
004206,7548.0,215.318855001374,146.562298,146.573458,24.42891,-0.101902,-9.80376
004211,7553.0,216.561332675352,114.435412,114.442157,22.888431,-0.308096,-7.76609
004216,7558.0,218.176225591706,110.438954,110.450761,22.090152,-0.159656,-8.95944
004219,7561.0,218.991531156471,64.509753,64.514905,21.504968,-0.195061,-7.44319
004229,7571.0,213.217949920733,225.100949,225.17498,22.517498,0.101253,-7.88957
004241,7583.0,219.36746843499,319.749042,319.808171,26.650681,0.344432,-31.81104
004300,7602.0,213.502330925488,536.977147,537.009178,28.263641,0.084893,-19.69082
004310,7612.0,224.554764936864,257.74738,257.98424,25.798424,-0.246522,-17.83531
004324,7626.0,228.076752713078,336.533598,336.552027,24.03943,-0.125642,-11.92233
004338,7640.0,227.839383739224,362.74077,362.740847,25.910061,0.133616,-17.36835
004353,7655.0,225.525181057753,381.790304,381.797318,25.453155,-0.03046,-13.38005
004418,7680.0,228.114334432024,625.187786,625.193148,25.007726,-0.017817,-14.21067
004438,7700.0,227.353502761763,520.194643,520.195199,26.00976,0.050102,-16.21217
004458,7720.0,227.658025682953,548.838614,548.838698,27.441935,0.071609,-19.60616
004524,7746.0,227.972290523286,754.224518,754.224584,29.008638,0.060258,-22.64909
004547,7769.0,223.442130209071,673.024251,673.039497,29.262587,0.011041,-21.21565
004607,7789.0,220.516330714274,632.529246,632.536013,31.626801,0.118211,-28.6772
004631,7813.0,219.371822002914,742.286064,742.286947,30.928623,-0.029091,-25.00017
004652,7834.0,225.718939275595,630.104526,630.136493,30.0065,-0.043911,-24.66072
004715,7857.0,216.025225564861,675.457504,675.52706,29.370742,-0.027642,-19.55323
004740,7882.0,216.486626477168,761.372136,761.372276,30.454891,0.043366,-25.56108
004806,7908.0,210.315676351389,790.040671,790.064771,30.387107,-0.002607,-23.19502
004834,7936.0,218.713315904955,809.115212,809.158789,28.898528,-0.053164,-22.15364
004855,7957.0,216.652068371473,606.250042,606.253546,28.869216,-0.001396,-20.72811
004904,7966.0,216.344635009766,254.310345,254.31053,28.256726,-0.068054,-18.75584
004912,7974.0,216.344635009766,230.290316,230.290316,28.786289,0.066195,-22.20148
004920,7982.0,216.344635009766,233.770358,233.770358,29.221295,0.054376,-22.93495
004944,8006.0,207.526946825702,693.900905,693.956928,28.914872,-0.012768,-19.13838
004954,8016.0,203.963090758769,296.27054,296.291974,29.629197,0.071432,-22.11933
005004,8026.0,207.570951143458,301.994943,302.016493,30.201649,0.057245,-27.12859
005014,8036.0,211.928269036864,296.083848,296.115909,29.611591,-0.059006,-24.29647
005025,8047.0,220.233470274521,321.45329,321.560561,29.232778,-0.034438,-25.68395
005042,8064.0,222.371421420677,505.901242,505.905759,29.759162,0.030964,-24.40902
005107,8089.0,219.933434784351,730.240134,730.244204,29.209768,-0.021976,-21.10815
005130,8112.0,229.314388754418,682.392145,682.456623,29.672027,0.020098,-25.60651
005150,8132.0,225.565972614825,589.471546,589.483464,29.474173,-0.009893,-21.37228
005214,8156.0,228.91278537653,735.284569,735.292186,30.637174,0.048458,-26.73836
005233,8175.0,235.328824508388,560.71428,560.750987,29.51321,-0.059156,-23.55279
005254,8196.0,238.444593725083,613.217982,613.225897,29.201233,-0.014856,-22.58149
005320,8222.0,236.028203659063,775.577721,775.581486,29.830057,0.024186,-23.2417
005343,8245.0,232.169778551833,706.382427,706.392965,30.712738,0.038377,-25.03051
005408,8270.0,241.063701665251,749.271679,749.324463,29.972979,-0.02959,-25.13598
005429,8291.0,230.046845262153,646.647539,646.741378,30.797208,0.039249,-23.25488
005456,8318.0,230.817410784458,823.284231,823.284592,30.492022,-0.011303,-24.76445
005516,8338.0,231.540035985951,617.988168,617.988591,30.89943,0.02037,-26.27159
005539,8361.0,225.209486928209,725.33775,725.365375,31.537625,0.027748,-26.1368
005555,8377.0,224.081407688665,489.163627,489.164927,30.572808,-0.060301,-23.54269
005619,8401.0,228.860107344769,715.803674,715.819625,29.825818,-0.031125,-23.91682
005639,8421.0,225.793036353689,586.965983,586.973996,29.3487,-0.023856,-21.06265
005659,8441.0,229.794622804469,591.737503,591.751033,29.587552,0.011943,-24.13377
005708,8450.0,229.604047986676,244.776509,244.776583,27.197398,-0.265573,-13.72695
005715,8457.0,231.563348623996,170.309925,170.321195,24.331599,-0.4094,-8.64201
005723,8465.0,233.201662328224,157.825307,157.83381,19.729226,-0.575297,-0.62605
005728,8470.0,235.469610179886,42.9546,43.014431,8.602886,-2.225268,8.78029
005737,8479.0,235.597220164092,4.770262,4.771969,0.530219,-0.896963,-0.11537
005801,8503.0,236.067914298507,19.160953,19.166734,0.798614,0.011183,-0.50918
005805,8507.0,236.800655910465,35.528214,35.535769,8.883942,2.021332,-35.08359
005809,8511.0,237.556220531328,40.969602,40.976568,10.244142,0.34005,-7.08163
005820,8522.0,233.243837315803,190.951637,191.000326,17.363666,0.647229,-27.04487
005832,8534.0,232.413392450381,273.634393,273.635653,22.802971,0.453275,-44.82043
005848,8550.0,232.209551807861,408.120334,408.120385,25.507524,0.169035,-17.14443
005903,8565.0,228.346646326236,408.637278,408.655536,27.243702,0.115745,-18.37691
005927,8589.0,225.89902770617,652.207184,652.211777,27.175491,-0.002842,-17.27861
005937,8599.0,225.475723266602,265.988427,265.988764,26.598876,-0.057662,-15.68069
005957,8619.0,222.635842247718,539.98842,539.995887,26.999794,0.020046,-17.06567
010011,8633.0,222.616464476491,359.545984,359.545985,25.681856,-0.094138,-13.71015
010028,8650.0,225.927883511163,384.363103,384.377367,22.610433,-0.180672,-8.71906
010035,8657.0,227.317048952704,84.279114,84.290562,12.041509,-1.509846,10.17665
010041,8663.0,227.358293664982,1.756391,1.756876,0.292813,-1.958116,-0.0011
010050,8672.0,228.125279117718,31.549692,31.559013,3.506557,0.357083,-3.3187
010057,8679.0,228.760746165857,103.450253,103.452204,14.778886,1.610333,-43.70214
010115,8697.0,222.134461518072,338.389739,338.45461,18.803034,0.223564,-5.11313
010132,8714.0,219.989688141612,398.374935,398.380709,23.434159,0.272419,-14.15533
010147,8729.0,215.857010260156,318.014244,318.041096,21.20274,-0.148761,-4.5643
010203,8745.0,214.936398098265,282.711494,282.712993,17.669562,-0.220824,-0.97285
010215,8757.0,208.944493855626,252.613055,252.684108,21.057009,0.282287,-8.26611
010230,8772.0,207.435512284081,299.901895,299.905691,19.993713,-0.070886,-4.88699
010247,8789.0,207.190434208052,350.791531,350.791617,20.634801,0.037711,-7.45538
010307,8809.0,209.666775539404,433.22247,433.229547,21.661477,0.051334,-9.8488
010323,8825.0,210.143017951562,305.021877,305.022249,19.063891,-0.162349,-3.50098
010332,8834.0,211.186547110759,123.287247,123.291663,13.699074,-0.596091,3.96956
010340,8842.0,211.077180479891,55.634585,55.634692,6.954337,-0.843092,3.67507
010349,8851.0,209.567154646746,85.785758,85.799047,9.533227,0.286543,-0.03753
010358,8860.0,204.429299579226,145.984131,146.074516,16.230502,0.744142,-23.13972
010415,8877.0,211.69968218755,312.466127,312.550698,18.385335,0.126755,-10.8389
010437,8899.0,214.101572125487,412.196146,412.203144,18.736507,0.015962,-5.47405
010447,8909.0,213.007012032049,149.077323,149.081341,14.908134,-0.382837,2.9294
010452,8914.0,212.667611640518,43.018648,43.019987,8.603997,-1.260827,6.98092
010501,8923.0,210.739110614538,136.047875,136.061543,15.117949,0.723772,-25.70093
010517,8939.0,212.908755003323,274.406984,274.415561,17.150973,0.127064,-4.94372
010534,8956.0,215.954159265659,267.234767,267.252119,15.720713,-0.084133,-1.84055
010539,8961.0,216.061132411592,7.36051,7.361288,1.472258,-2.849691,2.02883
010545,8967.0,216.204858925513,10.174433,10.175448,1.695908,0.037275,-0.44005
010552,8974.0,216.053266603078,58.050575,58.050773,8.292968,0.942437,-17.43004
010601,8983.0,219.26134006535,135.357659,135.39567,15.043963,0.750111,-24.94809
010611,8993.0,218.909933048215,168.314675,168.315042,16.831504,0.178754,-4.14403
010619,9001.0,219.949736950343,138.8293,138.833194,17.354149,0.065331,-4.53109
010626,9008.0,223.162529853213,111.785288,111.831447,15.975921,-0.19689,-2.59175
010632,9014.0,223.322576642803,58.635007,58.635225,9.772538,-1.033897,6.17728
010639,9021.0,223.335781342544,3.513215,3.51324,0.501891,-1.324378,0.05754
010658,9040.0,223.311377028049,5.919523,5.919573,0.311556,-0.010018,-0.32228
010705,9047.0,222.846479390489,60.56618,60.567964,8.652566,1.191573,-21.48078
010714,9056.0,222.044478654261,138.864806,138.867122,15.42968,0.753013,-29.84303
010730,9072.0,225.090550945511,271.859596,271.87666,16.992291,0.097663,-4.79378
010741,9083.0,222.342406001222,161.074526,161.097968,14.64527,-0.213366,2.45456
010744,9086.0,222.545257440214,40.097606,40.098119,13.36604,-0.42641,3.06393
010749,9091.0,221.564827089874,57.692943,57.701273,11.540255,-0.365157,4.32043
010758,9100.0,220.583418133899,65.50674,65.514091,7.279343,-0.473435,2.87132
010810,9112.0,220.421916456885,10.16696,10.168243,0.847354,-0.535999,0.05244
010816,9118.0,220.216180564784,37.266097,37.266665,6.211111,0.893959,-12.13546
010826,9128.0,219.067053412266,138.518427,138.523193,13.852319,0.764121,-24.91636
010837,9139.0,222.790948042269,179.859807,179.898354,16.354396,0.227462,-10.77
010846,9148.0,219.335089626504,162.979939,163.016575,18.112953,0.195395,-3.85696
010858,9160.0,217.223867906059,221.549926,221.559985,18.463332,0.029198,-3.7102
010918,9180.0,210.576839836108,356.326536,356.388528,17.819426,-0.032195,-1.49196
010929,9191.0,209.194309041702,168.481913,168.487585,15.317053,-0.227488,1.42462
010935,9197.0,209.114228982892,15.778871,15.779075,2.629846,-2.114535,3.09322
011000,9222.0,209.046553561469,7.407413,7.407722,0.296309,-0.093341,-0.30967
011004,9226.0,208.487686695277,27.668002,27.673646,6.918411,1.655526,-21.63974
011013,9235.0,210.378295465948,121.704409,121.719093,13.524344,0.733993,-19.13911
011027,9249.0,206.565422094506,245.808073,245.837643,17.559832,0.288249,-4.73536
011046,9268.0,204.440802163008,336.424839,336.431547,17.706924,0.007742,-2.99643
011052,9274.0,204.513607810912,38.213633,38.213702,6.36895,-1.889662,6.96428
011107,9289.0,204.513607810912,0.0,0.0,0.0,-0.424597,-0.35
011146,9328.0,204.596165554273,9.551644,9.552001,0.244923,0.00628,-0.33047
011152,9334.0,204.493096675974,38.172699,38.172838,6.36214,1.019536,-14.28333
011201,9343.0,202.616572785469,133.295222,133.30843,14.812048,0.938879,-30.95418
011217,9359.0,201.43931292912,278.814128,278.816613,17.426038,0.163374,-4.4439
011235,9377.0,198.037597825116,280.589385,280.610005,15.589445,-0.102033,0.47143
011242,9384.0,197.998427194101,35.329064,35.329086,5.047012,-1.506062,4.42316
011247,9389.0,197.870902262776,14.207599,14.208171,2.841634,-0.441076,0.74117
011302,9404.0,197.748661744617,37.139955,37.140156,2.47601,-0.024375,-0.06205
011333,9435.0,197.760451504574,9.982364,9.982371,0.322012,-0.069484,-0.31051
011529,9551.0,197.862287368449,13.843179,13.843554,0.119341,-0.001747,-0.33994
011535,9557.0,197.846551935045,2.962078,2.96212,0.493687,0.062391,-0.3263
011712,9654.0,197.869185287204,2.390691,2.390798,0.024647,-0.004835,-0.34788
011725,9667.0,197.966466787129,10.027902,10.028374,0.771413,0.057444,-0.35777
011726,9668.0,197.966466787129,0.0,0.0,0.0,-0.771413,-0.35
011732,9674.0,197.922739694931,5.780452,5.780618,0.963436,0.160573,-0.31672
011743,9685.0,197.734216623259,31.012265,31.012838,2.819349,0.168719,-0.28582
011746,9688.0,197.734825825274,9.711904,9.711904,3.237301,0.139317,-0.33156
011750,9692.0,197.855899324065,16.485892,16.486337,4.121584,0.221071,-1.45832
011755,9697.0,198.093659225682,42.087223,42.087894,8.417579,0.859199,-12.33182
011800,9702.0,198.319912000846,30.687155,30.687989,6.137598,-0.455996,1.52945
011811,9713.0,198.831123328473,126.450871,126.451904,11.495628,0.487094,-7.86675
011819,9721.0,199.090595934358,54.885816,54.886429,6.860804,-0.579353,2.34058
011826,9728.0,199.28781495257,40.55279,40.553269,5.793324,-0.152497,0.50596
011837,9739.0,200.028529912046,119.313854,119.316153,10.846923,0.459418,-7.39112
011843,9745.0,199.989429621602,28.632694,28.63272,4.77212,-1.012467,2.83487
