121346,0,331.927199,0.0,0.0,0,0,-0.35,-1.18902,-3.8,312.9
121348,2.0,331.622399,2.194209,2.215278,1.107639,0.55382,0.25561,-0.9077,-2.9,313.0
121350,4.0,331.012799,5.123324,5.159463,2.579732,0.736046,0.50615,-0.40703,-1.3,313.1
121352,6.0,330.707999,4.199529,4.210576,2.105288,-0.237222,0.98731,-0.5947,-1.9,313.0
121354,8.0,330.098399,4.731905,4.77101,2.385505,0.140108,1.39541,-0.3133,-1.0,313.3
121356,10.0,331.012799,5.600828,5.67498,2.83749,0.225993,-9.50469,2.1386,6.8,314.5
121358,12.0,331.622399,5.038727,5.075468,2.537734,-0.149878,-4.6936,-0.34463,-1.1,313.3
121400,14.0,333.146399,3.119291,3.471679,1.735839,-0.400948,-13.05302,-0.84429,-2.7,312.7
121402,16.0,335.279999,1.50621,2.611688,1.305844,-0.214997,-19.81132,-1.12608,-3.6,312.8
121404,18.0,334.060799,1.729499,2.116038,1.058019,-0.123912,3.28175,-0.56376,-1.8,313.2
121406,20.0,334.060799,0.423201,0.423201,0.2116,-0.42321,-0.28006,-0.5321,-1.7,313.0
121408,22.0,334.365599,0.337539,0.454792,0.227396,0.007898,-0.33165,-0.50096,-1.6,313.1
121410,24.0,334.975199,0.405068,0.73191,0.365955,0.06928,-0.33348,-0.3133,-1.0,313.3
121412,26.0,335.279999,0.25392,0.39671,0.198355,-0.0838,-0.32345,-0.3134,-1.0,313.4
121414,28.0,335.584799,0.0,0.3048,0.0,-0.099178,-0.35,-0.3134,-1.0,313.4
121416,30.0,335.889599,0.0,0.3048,0.0,0.0,-0.35,-0.3134,-1.0,313.4
121418,32.0,336.194399,0.22239,0.377307,0.188653,0.094327,-0.34422,-0.3134,-1.0,313.4
121420,34.0,336.499199,0.0,0.3048,0.0,-0.094327,-0.35,-0.3134,-1.0,313.4
121422,36.0,336.499199,0.0,0.0,0.0,0.0,-0.35,-0.3134,-1.0,313.4
121424,38.0,336.803999,0.279487,0.413541,0.20677,0.103385,-0.34475,-0.3134,-1.0,313.4
121426,40.0,337.108799,0.0,0.3048,0.0,-0.103385,-0.35,-0.3133,-1.0,313.3
121428,42.0,337.108799,0.0,0.0,0.0,0.0,-0.35,-0.3134,-1.0,313.4
121430,44.0,337.413599,0.08464,0.316334,0.158167,0.079084,-0.34376,-0.3134,-1.0,313.4
121432,46.0,337.413599,0.0,0.0,0.0,-0.079084,-0.35,-0.3134,-1.0,313.4
121434,48.0,337.413599,0.111195,0.111195,0.055597,0.027799,-0.34615,-0.72013,-2.3,313.1
121436,50.0,337.108799,1.115166,1.15607,0.578035,0.261219,0.47816,-1.03191,-3.3,312.7
121438,52.0,337.413599,1.920393,1.944431,0.972216,0.197091,-3.3559,-0.6264,-2.0,313.2
121440,54.0,337.108799,0.782953,0.840189,0.420095,-0.276061,-0.24696,-1.00416,-3.2,313.8
121442,56.0,336.499199,2.811902,2.877222,1.438611,0.509258,1.08145,-1.00192,-3.2,313.1
121444,58.0,335.584799,5.214834,5.294395,2.647197,0.604293,1.55186,-0.3135,-1.0,313.5
121446,60.0,334.975199,7.338331,7.363607,3.681804,0.517303,0.60405,4.2741,13.5,316.6
121448,62.0,334.060799,6.394376,6.459425,3.229712,-0.226046,2.95491,0.40807,1.3,313.9
121450,64.0,333.146399,5.821648,5.893023,2.946511,-0.141601,2.74768,2.22727,7.1,313.7
121452,66.0,332.231999,4.451017,4.543972,2.271986,-0.337262,2.88933,0.72243,2.3,314.1
121454,68.0,331.927199,2.001509,2.024584,1.012292,-0.629847,0.97233,-0.3762,-1.2,313.5
121456,70.0,331.927199,0.337538,0.337538,0.168769,-0.421762,-0.29436,-0.5008,-1.6,313.0
121458,72.0,331.622399,0.338559,0.455549,0.227775,0.029503,-0.33447,-0.50144,-1.6,313.4
121500,74.0,331.927199,0.08464,0.316334,0.158167,-0.034804,-0.33332,-0.46995,-1.5,313.3
121502,76.0,331.927199,0.279487,0.279487,0.139743,-0.009212,-0.33734,-0.4695,-1.5,313.0
121504,78.0,331.927199,0.169279,0.169279,0.08464,-0.027552,-0.34143,-0.4698,-1.5,313.2
121506,80.0,331.927199,0.08464,0.08464,0.04232,-0.02116,-0.34587,-0.43848,-1.4,313.2
121508,82.0,331.927199,0.169279,0.169279,0.08464,0.02116,-0.34382,-0.43834,-1.4,313.1
121510,84.0,332.231999,0.169279,0.348652,0.174326,0.044843,-0.33966,-0.43848,-1.4,313.2
121512,86.0,332.231999,0.08464,0.08464,0.04232,-0.066003,-0.34477,-0.43862,-1.4,313.3
121514,88.0,332.231999,0.169279,0.169279,0.08464,0.02116,-0.34382,-0.43834,-1.4,313.1
121516,90.0,332.231999,0.169279,0.169279,0.08464,0.0,-0.37426,-0.43876,-1.4,313.4
121518,92.0,332.231999,0.08464,0.08464,0.04232,-0.02116,-0.34587,-0.40729,-1.3,313.3
121520,94.0,332.536799,0.169279,0.348652,0.174326,0.066003,-0.3418,-0.3134,-1.0,313.4
121522,96.0,332.536799,0.279487,0.279487,0.139743,-0.017291,-0.33668,-0.3134,-1.0,313.4
121524,98.0,332.841599,0.08464,0.316334,0.158167,0.009212,-0.33736,-0.3134,-1.0,313.4
121526,100.0,332.841599,0.169279,0.169279,0.08464,-0.036764,-0.34098,-0.3134,-1.0,313.4
121528,102.0,333.146399,0.0,0.3048,0.0,-0.04232,-0.35,-0.3134,-1.0,313.4
121530,104.0,333.146399,0.169279,0.169279,0.08464,0.04232,-0.34486,-0.3134,-1.0,313.4
121532,106.0,333.451199,0.111195,0.324449,0.162225,0.038792,-0.33981,-0.46965,-1.5,313.1
121534,108.0,334.670399,0.782953,1.448953,0.724476,0.281126,-12.18683,-0.6886,-2.2,313.0
121536,110.0,335.584799,0.889559,1.275713,0.637856,-0.04331,-8.84922,-0.97154,-3.1,313.4
121538,112.0,336.194399,1.004327,1.174855,0.587428,-0.025214,-5.97667,-0.78175,-2.5,312.7
121540,114.0,336.499199,1.162348,1.201647,0.600824,0.006698,-3.09749,-1.12536,-3.6,312.6
121542,116.0,336.803999,1.720775,1.747561,0.873781,0.136478,-3.24335,-0.84375,-2.7,312.5
121544,118.0,336.803999,1.687141,1.687141,0.843571,-0.015105,-0.27055,-1.2492,-4.0,312.3
121546,120.0,336.803999,2.017551,2.017551,1.008775,0.082602,-0.31204,-1.31292,-4.2,312.6
121548,122.0,336.499199,1.937107,1.96094,0.98047,-0.014153,0.60818,-0.68706,-2.2,312.3
121550,124.0,336.499199,1.124761,1.124761,0.56238,-0.209045,-0.23388,-0.9077,-2.9,313.0
121552,126.0,336.499199,0.66717,0.66717,0.333585,-0.114398,-0.29943,-0.5321,-1.7,313.0
121554,128.0,336.499199,0.581174,0.581174,0.290587,-0.021499,-0.3216,-1.28371,-4.1,313.1
121556,130.0,336.194399,1.004327,1.04956,0.52478,0.117097,0.5255,-0.43876,-1.4,313.4
121558,132.0,336.194399,0.169279,0.169279,0.08464,-0.22007,-0.33199,-0.43834,-1.4,313.1
121600,134.0,336.194399,0.0,0.0,0.0,-0.04232,-0.35,-0.43848,-1.4,313.2
121602,136.0,336.194399,0.169279,0.169279,0.08464,0.04232,-0.34486,-0.43834,-1.4,313.1
121604,138.0,336.194399,0.08464,0.08464,0.04232,-0.02116,-0.34587,-0.43848,-1.4,313.2
121606,140.0,336.194399,0.0,0.0,0.0,-0.02116,-0.35,-0.43792,-1.4,312.8
121608,142.0,336.194399,0.169279,0.169279,0.08464,0.04232,-0.34486,-0.40716,-1.3,313.2
121610,144.0,335.889599,0.202533,0.365955,0.182977,0.049169,-0.33961,-0.40742,-1.3,313.4
121612,146.0,335.889599,0.0,0.0,0.0,-0.091489,-0.35,-0.40716,-1.3,313.2
121614,148.0,335.889599,0.08464,0.08464,0.04232,0.02116,-0.34691,-0.40716,-1.3,313.2
121616,150.0,335.889599,0.169279,0.169279,0.08464,0.02116,-0.34382,-0.40729,-1.3,313.3
121618,152.0,335.584799,0.0,0.3048,0.0,-0.04232,-0.35,-0.40742,-1.3,313.4
121620,154.0,335.584799,0.202533,0.202533,0.101267,0.050634,-0.34434,-0.40703,-1.3,313.1
121622,156.0,335.584799,0.0,0.0,0.0,-0.050634,-0.35,-0.40703,-1.3,313.1
121624,158.0,335.584799,0.08464,0.08464,0.04232,0.02116,-0.34691,-0.40729,-1.3,313.3
121626,160.0,335.279999,0.169279,0.348652,0.174326,0.066003,-0.3418,-0.40729,-1.3,313.3
121628,162.0,335.279999,0.0,0.0,0.0,-0.087163,-0.35,-0.40703,-1.3,313.1
121630,164.0,335.279999,0.0,0.0,0.0,0.0,-0.35,-0.40703,-1.3,313.1
121632,166.0,335.279999,0.0,0.0,0.0,0.0,-0.35,-0.40703,-1.3,313.1
121634,168.0,335.279999,0.169279,0.169279,0.08464,0.04232,-0.34486,-0.4069,-1.3,313.0
121636,170.0,335.279999,0.169279,0.169279,0.08464,0.0,-0.37426,-0.40716,-1.3,313.2
121638,172.0,334.670399,0.79007,0.99791,0.498955,0.207158,-0.69443,-2.86764,-9.2,311.7
121640,174.0,334.365599,4.200372,4.211417,2.105708,0.803376,-0.28231,-2.6537,-8.5,312.2
121642,176.0,333.755999,8.219725,8.242299,4.12115,1.007721,-3.8486,-3.61224,-11.6,311.4
121644,178.0,333.146399,10.453386,10.471146,5.235573,0.557211,0.17055,-1.33429,-4.3,310.3
121646,180.0,332.841599,11.766288,11.770235,5.885118,0.324772,-0.04402,-4.24048,-13.6,311.8
121648,182.0,332.841599,11.678843,11.678843,5.839421,-0.022848,0.26956,-0.50512,-1.6,315.7
121650,184.0,332.841599,9.343825,9.343825,4.671912,-0.583755,1.65141,3.03513,9.7,312.9
121652,186.0,333.146399,3.064287,3.079408,1.539704,-1.566104,0.31306,-0.37548,-1.2,312.9
121654,188.0,333.451199,1.385983,1.419102,0.709551,-0.415077,-2.48472,-0.3129,-1.0,312.9
121656,190.0,333.146399,0.507833,0.592282,0.296141,-0.206705,-0.28927,-0.3129,-1.0,312.9
121658,192.0,332.841599,0.47807,0.566969,0.283484,-0.006328,-0.32478,-0.3129,-1.0,312.9
121700,194.0,331.927199,0.22239,0.941055,0.470528,0.093522,-0.33535,-0.313,-1.0,313.0
121702,196.0,331.012799,0.139743,0.925016,0.462508,-0.00401,-0.30947,-0.313,-1.0,313.0
121704,198.0,330.403199,0.405064,0.731908,0.365954,-0.048277,-0.30855,-0.3129,-1.0,312.9
121706,200.0,329.488799,0.47807,1.031832,0.515916,0.074981,2.27058,-0.3129,-1.0,312.9
121708,202.0,328.8792,0.437559,0.750379,0.375189,-0.070363,-0.3027,-0.313,-1.0,313.0
121710,204.0,327.9648,0.337536,0.974709,0.487355,0.056083,-0.32426,-0.40456,-1.3,311.2
121712,206.0,327.0504,0.905522,1.286895,0.643447,0.078046,2.2748,-7.64,-25.0,305.6
121714,208.0,326.4408,5.004487,5.041479,2.520739,0.938646,0.2301,-15.47264,-51.2,302.2
121716,210.0,326.4408,8.106074,8.106074,4.053037,0.766149,-7.60983,-19.31778,-64.2,300.9
121718,212.0,327.66,11.317821,11.3833,5.69165,0.819307,-19.31158,-17.17242,-56.9,301.8
121720,214.0,328.5744,12.970129,13.002322,6.501161,0.404755,-12.14232,-22.3278,-74.8,298.5
121722,216.0,329.488799,15.642968,15.66967,7.834835,0.666837,-16.65668,-24.30981,-82.1,296.1
121724,218.0,330.707999,17.204922,17.248066,8.624033,0.394599,-15.67452,-26.00728,-88.4,294.2
121726,220.0,332.536799,19.048334,19.135923,9.567961,0.471964,-23.2199,-27.2958,-93.8,291.0
121728,222.0,334.365599,20.920678,21.000459,10.500229,0.466134,-23.47977,-28.81008,-98.8,291.6
121730,224.0,335.584799,22.248698,22.282078,11.141039,0.320405,-14.72321,-29.3658,-102.0,287.9
121732,226.0,337.413599,23.374375,23.445808,11.722904,0.290933,-19.9002,-29.8082,-103.0,289.4
121734,228.0,339.242399,24.355896,24.424458,12.212229,0.244662,-18.82707,-30.8286,-103.8,297.0
121736,230.0,341.985599,24.934043,25.08449,12.542245,0.165008,-25.80002,-21.73318,-74.2,292.9
121738,232.0,343.814399,24.574217,24.642172,12.321086,-0.11058,-10.36193,-23.40708,-78.6,297.8
121740,234.0,345.947999,24.030411,24.124944,12.062472,-0.129307,-12.87303,-13.87148,-46.3,299.6
121742,236.0,347.776799,22.513064,22.587221,11.29361,-0.384431,-5.05261,-13.4055,-45.0,297.9
121744,238.0,350.519999,20.171965,20.357636,10.178818,-0.557396,-11.80218,10.57002,33.9,311.8
121746,240.0,352.958399,14.846479,15.045389,7.522694,-1.328062,-1.71269,5.96736,19.2,310.8
121748,242.0,354.482399,8.243759,8.383444,4.191722,-1.665486,-0.26246,0.95604,3.1,308.4
121750,244.0,356.311199,3.072897,3.575921,1.78796,-1.201881,-13.11976,-7.33604,-24.1,304.4
121752,246.0,356.615999,4.346194,4.356868,2.178434,0.195237,-3.45834,-14.34914,-48.2,297.7
121754,248.0,356.920799,7.639937,7.646015,3.823007,0.822287,-8.24764,-14.46367,-48.1,300.7
121756,250.0,356.615999,10.661053,10.665409,5.332705,0.754849,-6.92015,-5.31308,-17.2,308.9
121758,252.0,356.615999,10.252315,10.252315,5.126158,-0.103274,0.42377,0.70909,2.3,308.3
121800,254.0,356.615999,7.267697,7.267697,3.633849,-0.746154,1.54167,0.33979,1.1,308.9
121802,256.0,356.615999,4.467883,4.467883,2.233941,-0.699954,0.74904,-0.40105,-1.3,308.5
121804,258.0,356.615999,1.779119,1.779119,0.889559,-0.672191,0.0725,-0.40131,-1.3,308.7
121806,260.0,356.615999,0.796557,0.796557,0.398279,-0.24564,-0.25933,-0.4017,-1.3,309.0
121808,262.0,356.311199,0.337527,0.454783,0.227392,-0.085444,-0.31935,-0.3399,-1.1,309.0
121810,264.0,356.615999,0.356333,0.468909,0.234455,0.003532,-0.33049,-0.3399,-1.1,309.0
121812,266.0,356.615999,0.23795,0.23795,0.118975,-0.05774,-0.33587,-0.36924,-1.2,307.7
121814,268.0,356.615999,0.555975,0.555975,0.277987,0.079506,-0.3391,-4.58175,-14.9,307.5
121816,270.0,356.920799,2.881866,2.89794,1.44897,0.585492,-4.49687,-4.06049,-13.3,305.3
121818,272.0,357.835199,4.812926,4.899019,2.449509,0.50027,-10.75985,-8.181,-27.0,303.0
121820,274.0,357.530399,9.222022,9.227058,4.613529,1.08201,-8.55665,-15.82239,-52.9,299.1
121822,276.0,357.225599,14.847267,14.850396,7.425198,1.405835,-20.20373,-4.40342,-14.2,310.1
121824,278.0,355.091999,17.705226,17.833319,8.916659,0.74573,2.77889,3.64974,11.8,309.3
121826,280.0,352.958399,18.40759,18.530829,9.265415,0.174378,5.74475,-0.8638,-2.8,308.5
121828,282.0,351.739199,20.333065,20.369584,10.184792,0.459689,1.50546,-1.14145,-3.7,308.5
121830,284.0,350.215199,22.081407,22.133936,11.066968,0.441088,2.39777,-1.11096,-3.6,308.6
121832,286.0,348.691199,23.806402,23.855132,11.927566,0.430299,2.40169,-1.2396,-4.0,309.9
121834,288.0,346.862399,25.421023,25.486721,12.74336,0.407897,2.95393,4.3992,14.1,312.0
121836,290.0,345.338399,26.171523,26.215858,13.107929,0.182284,3.50702,4.63092,14.8,312.9
121838,292.0,343.204799,26.36091,26.447114,13.223557,0.057814,6.1127,4.62944,14.8,312.8
121840,294.0,342.290399,26.460409,26.476204,13.238102,0.007273,3.02595,9.65006,30.1,320.6
121842,296.0,340.766399,24.964021,25.010496,12.505248,-0.366427,7.88437,16.81884,52.2,322.2
121844,298.0,339.851999,22.035539,22.054503,11.027252,-0.738998,8.20966,17.14128,53.3,321.6
121846,300.0,338.937599,18.194515,18.217478,9.108739,-0.959256,8.25693,11.91144,37.2,320.2
121848,302.0,338.023199,13.870469,13.900577,6.950288,-1.079226,7.26284,10.90545,34.5,316.1
121850,304.0,337.718399,7.880352,7.886245,3.943122,-1.503583,4.30172,2.39778,7.7,311.4
121852,306.0,337.413599,1.642307,1.670352,0.835176,-1.553973,1.33972,-1.2436,-4.0,310.9
121854,308.0,337.108799,0.169271,0.348648,0.174324,-0.330426,-0.30176,-2.78642,-9.1,306.2
121856,310.0,337.108799,3.638906,3.638906,1.819453,0.822565,-3.79107,-13.6773,-45.5,300.6
121858,312.0,336.803999,10.185564,10.190123,5.095062,1.637804,-15.2509,-22.21408,-75.2,295.4
121900,314.0,337.413599,15.527386,15.539348,7.769674,1.337306,-23.83457,-25.11301,-85.1,295.1
121902,316.0,338.327999,18.294233,18.317071,9.158535,0.69443,-18.27435,-27.14187,-92.1,294.7
121904,318.0,339.547199,20.501098,20.537319,10.268659,0.555062,-19.34708,-19.5162,-66.0,295.7
121906,320.0,340.766399,21.327373,21.362193,10.681097,0.206219,-12.3159,-15.45712,-51.8,298.4
121908,322.0,342.290399,21.270784,21.325309,10.662655,-0.009221,-10.7563,-14.35272,-47.4,302.8
121910,324.0,343.509599,20.700684,20.736557,10.368278,-0.147188,-5.22081,-6.04593,-19.7,306.9
121912,326.0,344.119199,19.64271,19.652167,9.826084,-0.271097,0.50973,-1.107,-3.6,307.5
121914,328.0,344.423999,18.126171,18.128734,9.064367,-0.380859,1.72261,-1.07765,-3.5,307.9
121916,330.0,344.728799,17.297088,17.299773,8.649887,-0.20724,0.70387,-1.07835,-3.5,308.1
121918,332.0,344.119199,17.070384,17.081265,8.540633,-0.054627,2.51975,-1.078,-3.5,308.0
121920,334.0,343.509599,17.537813,17.548404,8.774202,0.116784,1.68724,-1.10952,-3.6,308.2
121922,336.0,342.290399,18.45936,18.499578,9.249789,0.237794,2.80545,1.98528,6.4,310.2
121924,338.0,341.375999,19.278276,19.299949,9.649975,0.200093,2.15279,5.72865,18.1,316.5
121926,340.0,340.156799,18.833047,18.87247,9.436235,-0.10687,4.69117,9.429,30.0,314.3
121928,342.0,338.937599,16.85813,16.90216,8.45108,-0.492578,6.38239,7.58912,24.2,313.6
121930,344.0,338.023199,15.447648,15.474687,7.737344,-0.356868,4.61181,6.19542,19.8,312.9
121932,346.0,337.413599,14.344343,14.35729,7.178645,-0.279349,3.2391,4.8828,15.6,313.0
121934,348.0,336.499199,13.305746,13.337129,6.668564,-0.25504,3.86911,4.8453,15.5,312.6
121936,350.0,335.889599,12.601463,12.616199,6.308099,-0.180233,2.6352,4.15404,13.2,314.7
121938,352.0,335.279999,11.599848,11.615855,5.807927,-0.250086,2.76315,8.61182,27.4,314.3
121940,354.0,334.670399,6.901112,6.927984,3.463992,-1.171967,4.03971,1.42922,4.6,310.7
121942,356.0,334.365599,0.677089,0.742531,0.371265,-1.546364,0.01435,-0.46575,-1.5,310.5
121944,358.0,334.365599,0.478057,0.478057,0.239029,-0.066118,-0.32046,-0.43442,-1.4,310.3
121946,360.0,334.060799,1.021702,1.066198,0.533099,0.147035,0.51639,-1.72816,-5.6,308.6
121948,362.0,333.755999,4.302792,4.313574,2.156787,0.811844,-0.31216,-5.2292,-17.0,307.6
121950,364.0,333.451199,8.002792,8.008594,4.004297,0.923755,-5.83854,-2.2977,-7.4,310.5
121952,366.0,333.146399,10.373747,10.378224,5.189112,0.592407,-5.01743,1.08605,3.5,310.3
121954,368.0,332.536799,10.677816,10.695203,5.347601,0.079245,1.62712,2.15004,6.9,311.6
121956,370.0,332.231999,9.796466,9.801207,4.900604,-0.223499,1.59507,-0.51952,-1.7,305.6
121958,372.0,331.622399,9.345546,9.365407,4.682703,-0.10895,2.10043,-19.65366,-66.6,295.1
122000,374.0,331.012799,16.692976,16.704103,8.352052,1.834675,-27.2023,-21.69972,-71.1,305.2
122002,376.0,330.098399,21.691103,21.710368,10.855184,1.251566,-22.14526,-7.4841,-24.7,303.0
122004,378.0,329.183999,23.577122,23.594848,11.797424,0.47112,0.39997,-6.63275,-21.5,308.5
122006,380.0,328.5744,23.68588,23.693724,11.846862,0.024719,2.59348,-0.2472,-0.8,309.0
122008,382.0,328.5744,22.585419,22.585419,11.292709,-0.277076,2.7468,-0.36936,-1.2,307.8
122010,384.0,328.5744,21.588412,21.588412,10.794206,-0.249252,2.40959,-9.54636,-31.6,302.1
122012,386.0,328.5744,21.258626,21.258626,10.629313,-0.082446,1.33166,-6.4965,-21.3,305.0
122014,388.0,329.183999,21.040367,21.049196,10.524598,-0.052358,-1.21139,-5.9878,-19.6,305.5
122016,390.0,329.488799,20.359933,20.362214,10.181107,-0.171746,0.90008,-5.89036,-19.3,305.2
122018,392.0,329.793599,20.01795,20.02027,10.010135,-0.085486,0.35648,-5.92476,-19.4,305.4
122020,394.0,330.098399,20.350256,20.352538,10.176269,0.083067,-1.20293,-0.67936,-2.2,308.8
122022,396.0,329.793599,20.797757,20.79999,10.399995,0.111863,0.97951,-0.27801,-0.9,308.9
122024,398.0,329.488799,21.350936,21.353111,10.676556,0.138281,0.84225,-0.27819,-0.9,309.1
122026,400.0,328.8792,21.794863,21.803386,10.901693,0.112569,1.88969,-0.27828,-0.9,309.2
122028,402.0,328.5744,22.131836,22.133935,11.066967,0.082637,1.23197,-0.24736,-0.8,309.2
122030,404.0,327.9648,22.580343,22.58857,11.294285,0.113659,1.92278,0.65436,2.1,311.6
122032,406.0,326.4408,23.021239,23.071628,11.535814,0.120764,4.50004,14.02466,44.2,317.3
122034,408.0,325.5264,20.929301,20.949266,10.474633,-0.530591,6.61873,8.1171,26.1,311.0
122036,410.0,324.612,19.278564,19.300238,9.650119,-0.412257,5.57739,-0.0,-0.0,310.2
122038,412.0,324.0024,19.401336,19.410911,9.705456,0.027668,2.25836,-0.3087,-1.0,308.7
122040,414.0,324.3072,18.477749,18.480263,9.240131,-0.232663,0.99314,-21.87416,-74.2,294.8
122042,416.0,324.9168,18.794991,18.804875,9.402437,0.081153,-4.34272,-27.0112,-92.0,293.6
122044,418.0,326.136,19.804273,19.841766,9.920883,0.259223,-13.4324,-28.13706,-95.9,293.4
122046,420.0,327.9648,20.92177,21.001547,10.500773,0.289945,-19.87569,-23.89256,-80.8,295.7
122048,422.0,329.793599,21.387134,21.465181,10.732591,0.115909,-16.24349,-18.74444,-63.8,293.8
122050,424.0,331.927199,20.366263,20.477717,10.238859,-0.246866,-12.07287,-3.95127,-12.9,306.3
122052,426.0,333.755999,17.685056,17.779362,8.889681,-0.674589,-3.06789,-0.27639,-0.9,307.1
122054,428.0,334.975199,13.901684,13.955045,6.977522,-0.95608,0.72092,5.1937,16.7,311.0
122056,430.0,335.584799,7.618346,7.642697,3.821348,-1.578087,1.75002,-4.69734,-15.8,297.3
122058,432.0,336.499199,6.045234,6.113999,3.056999,-0.382175,-5.91288,-17.57324,-60.1,292.4
122100,434.0,337.413599,11.290809,11.327776,5.663888,1.303445,-21.7064,-25.88968,-87.2,296.9
122102,436.0,337.413599,17.096587,17.096587,8.548294,1.442203,-27.28023,-18.4016,-62.0,296.8
122104,438.0,337.718399,19.907794,19.910127,9.955064,0.703385,-13.30967,-13.22798,-44.3,298.6
122106,440.0,337.413599,21.420321,21.422489,10.711245,0.37809,-9.3153,-12.80136,-42.9,298.4
122108,442.0,336.803999,22.139201,22.147592,11.073796,0.181275,1.46586,-9.3124,-31.0,300.4
122110,444.0,337.108799,22.768805,22.770845,11.385422,0.155813,-2.35021,-1.28562,-4.2,306.1
122112,446.0,337.413599,21.86266,21.864784,10.932392,-0.226515,1.44156,-0.33715,-1.1,306.5
122114,448.0,337.718399,20.335673,20.337957,10.168979,-0.381706,2.13397,11.30745,36.3,311.5
122116,450.0,338.023199,17.518265,17.520917,8.760458,-0.704261,3.25535,12.52108,39.8,314.6
122118,452.0,337.718399,12.102501,12.106338,6.053169,-1.353645,5.82986,7.52862,24.2,311.1
122120,454.0,337.413599,6.480874,6.488037,3.244019,-1.404575,3.44084,-7.1574,-23.7,302.0
122122,456.0,337.413599,7.232638,7.232638,3.616319,0.18615,-2.73307,-16.74,-55.8,300.0
122124,458.0,336.803999,13.027411,13.041666,6.520833,1.452257,-15.04767,-8.84468,-29.2,302.9
122126,460.0,336.194399,16.126818,16.138335,8.069168,0.774167,-9.39929,-1.29024,-4.2,307.2
122128,462.0,334.975199,18.137413,18.178345,9.089172,0.510002,1.37134,-0.27675,-0.9,307.5
122130,464.0,333.755999,19.573791,19.611725,9.805862,0.358345,2.12515,1.02399,3.3,310.3
122132,466.0,332.841599,20.294727,20.315316,10.157658,0.175898,2.3131,3.95648,12.8,309.1
122134,468.0,331.317599,20.373997,20.430916,10.215458,0.0289,4.91899,4.05318,12.9,314.2
122136,470.0,330.707999,20.255164,20.264335,10.132167,-0.041646,2.72275,14.1858,44.4,319.5
122138,472.0,330.098399,17.458424,17.469063,8.734532,-0.698817,5.81279,18.29256,57.2,319.8
122140,474.0,329.793599,10.905315,10.909574,5.454787,-1.639873,6.20099,5.16698,16.7,309.4
122142,476.0,329.488799,6.458183,6.465372,3.232686,-1.111051,2.88074,-13.45023,-44.7,300.9
122144,478.0,328.8792,10.529124,10.546756,5.273378,1.020346,-6.62756,-15.63747,-51.9,301.3
122146,480.0,328.2696,15.238833,15.251021,7.62551,1.176066,-14.51145,-5.08599,-16.1,315.9
122148,482.0,327.66,18.064628,18.074911,9.037455,0.705973,-10.0962,4.06624,13.1,310.4
122150,484.0,327.0504,16.846714,16.85774,8.42887,-0.304292,3.72101,2.53773,8.1,313.3
122152,486.0,326.7456,16.371735,16.374572,8.187286,-0.120792,1.90978,15.00135,47.1,318.5
122154,488.0,326.4408,12.690056,12.693716,6.346858,-0.920214,4.49882,11.33422,36.2,313.1
122156,490.0,326.136,6.226916,6.234371,3.117186,-1.614836,3.70575,-2.93376,-9.6,305.6
122158,492.0,325.8312,6.652103,6.659083,3.329541,0.106178,0.6036,-13.70325,-45.3,302.5
122200,494.0,325.2216,11.960371,11.975896,5.987948,1.329203,-11.90579,-0.86464,-2.8,308.8
122202,496.0,324.0024,14.567083,14.618015,7.309008,0.66053,1.028,-0.21609,-0.7,308.7
122204,498.0,323.3928,15.925256,15.936919,7.96846,0.329726,0.65239,-0.24704,-0.8,308.8
122206,500.0,322.1736,17.378287,17.421002,8.710501,0.37102,2.13266,2.58218,8.2,314.9
122208,502.0,321.564,16.721264,16.732373,8.366186,-0.172157,3.06117,16.78372,52.4,320.3
122210,504.0,320.9544,11.96538,11.980899,5.99045,-1.187868,6.06476,8.6968,28.0,310.6
122212,506.0,320.9544,6.309178,6.309178,3.154589,-1.417931,2.51792,-9.2876,-31.0,299.6
122214,508.0,320.3448,9.184112,9.204321,4.60216,0.723786,-0.13338,-21.10984,-71.9,293.6
122216,510.0,320.3448,14.389328,14.389328,7.194664,1.296252,-20.8564,-17.02701,-56.7,300.3
122218,512.0,319.7352,17.421189,17.431851,8.715925,0.760631,-10.43337,-7.05048,-23.2,303.9
122220,514.0,320.04,17.707076,17.709699,8.85485,0.069462,-1.40173,-2.7684,-9.0,307.6
122222,516.0,320.6496,16.871342,16.882351,8.441176,-0.206837,-0.21707,-0.2464,-0.8,308.0
122224,518.0,320.6496,15.404101,15.404101,7.70205,-0.369563,2.05799,5.1086,16.4,311.5
122226,520.0,321.2592,11.28444,11.300894,5.650447,-1.025802,1.79809,6.67656,21.6,309.1
122228,522.0,321.2592,7.451982,7.451982,3.725991,-0.962228,2.05677,-11.91612,-39.8,299.4
122230,524.0,321.2592,9.383082,9.383082,4.691541,0.482775,-6.18369,-17.54679,-59.1,296.9
122232,526.0,321.564,14.160853,14.164133,7.082067,1.195263,-17.45382,-22.09944,-76.1,290.4
122234,528.0,321.8688,17.638292,17.640926,8.820463,0.869198,-15.1528,-27.41565,-94.7,289.5
122236,530.0,323.6976,19.12663,19.213861,9.606931,0.393234,-21.7626,-25.93494,-89.4,290.1
122238,532.0,324.3072,19.980773,19.99007,9.995035,0.194052,-6.33912,-26.63075,-92.5,287.9
122240,534.0,327.0504,21.713109,21.885709,10.942854,0.473909,-32.54146,-17.10498,-58.2,293.9
122242,536.0,328.2696,21.124557,21.159711,10.579856,-0.181499,-4.3388,-16.22459,-54.1,299.9
122244,538.0,330.098399,19.64983,19.734749,9.867374,-0.356241,-7.42797,-6.31557,-20.7,305.1
122246,540.0,331.622399,17.168743,17.23625,8.618125,-0.624625,-1.47582,-0.24448,-0.8,305.6
122248,542.0,332.536799,16.499416,16.524735,8.262367,-0.177879,-3.43314,-0.1553,-0.5,310.6
122250,544.0,333.755999,16.879773,16.923746,8.461873,0.099753,-10.76349,9.40023,30.1,312.3
122252,546.0,334.670399,16.623279,16.648409,8.324205,-0.068834,-5.15258,9.08793,29.1,312.3
122254,548.0,334.975199,16.540356,16.543165,8.271582,-0.026311,-0.25895,9.87844,31.4,314.6
122256,550.0,335.584799,14.990275,15.002665,7.501333,-0.385125,0.32496,15.69854,49.9,314.6
122258,552.0,334.060799,11.036861,11.141583,5.570792,-0.96527,7.61108,7.74504,24.8,312.3
122300,554.0,333.146399,6.485675,6.549817,3.274909,-1.147942,4.71448,2.61885,8.5,308.1
122302,556.0,331.622399,4.762048,4.999967,2.499984,-0.387463,4.75957,-12.24902,-40.6,301.7
122304,558.0,331.012799,8.640679,8.662156,4.331078,0.915547,-3.55168,-19.64224,-65.3,300.8
122306,560.0,330.403199,13.886364,13.899738,6.949869,1.309396,-14.49424,3.16098,10.2,309.9
122308,562.0,330.707999,12.705391,12.709046,6.354523,-0.297673,0.47875,0.8932,2.9,308.0
122310,564.0,330.707999,10.735294,10.735294,5.367647,-0.493438,1.6769,-1.31924,-4.3,306.8
122312,566.0,329.488799,9.200888,9.281314,4.640657,-0.363495,4.51073,-2.70776,-8.8,307.7
122314,568.0,329.793599,8.130328,8.13604,4.06802,-0.286319,-0.17953,-0.21546,-0.7,307.8
122316,570.0,329.183999,6.29941,6.328837,3.164418,-0.451801,2.48798,-1.89844,-6.2,306.2
122318,572.0,329.183999,5.847575,5.847575,2.923787,-0.120316,0.10872,-0.1545,-0.5,309.0
122320,574.0,328.2696,4.093583,4.194466,2.097233,-0.413277,2.9321,-0.33836,-1.1,307.6
122322,576.0,327.0504,0.53879,1.332945,0.666473,-0.71538,3.44847,-2.47698,-8.1,305.8
122324,578.0,327.0504,2.379451,2.379451,1.189725,0.261626,-1.29853,-4.8928,-16.0,305.8
122326,580.0,326.136,4.729469,4.817054,2.408527,0.609401,1.60694,-2.79006,-9.1,306.6
122328,582.0,325.8312,5.364501,5.373153,2.686577,0.139025,0.53329,-4.7112,-15.6,302.0
122330,584.0,324.3072,7.242384,7.400994,3.700497,0.50696,3.22137,-10.08,-33.6,300.0
122332,586.0,324.3072,9.713815,9.713815,4.856908,0.578205,-7.29782,-7.68096,-25.4,302.4
122334,588.0,324.0024,11.375167,11.37925,5.689625,0.416358,-0.33019,-2.70248,-8.8,307.1
122336,590.0,324.9168,11.086705,11.12435,5.562175,-0.063725,-6.67255,2.2557,7.3,309.0
122338,592.0,325.8312,7.820439,7.873715,3.936858,-0.812659,-1.68041,0.70817,2.3,307.9
122340,594.0,327.3552,5.000291,5.227378,2.613689,-0.661585,-10.77952,-0.06158,-0.2,307.9
122342,596.0,328.2696,2.753201,2.901076,1.450538,-0.581576,-7.02487,-2.45754,-8.1,303.4
122344,598.0,326.7456,2.921864,3.295431,1.647715,0.098588,4.02898,-1.534,-5.0,306.8
122346,600.0,325.8312,3.421678,3.541752,1.770876,0.061581,2.33802,-0.70748,-2.3,307.6
122348,602.0,324.612,0.978118,1.563062,0.781531,-0.494672,3.40607,-0.58444,-1.9,307.6
122350,604.0,324.3072,0.253859,0.39667,0.198335,-0.291598,-0.29957,-0.58311,-1.9,306.9
122352,606.0,324.3072,0.338479,0.338479,0.169239,-0.014548,-0.33414,-0.58482,-1.9,307.8
122354,608.0,324.3072,0.08462,0.08462,0.04231,-0.063465,-0.34484,-0.58463,-1.9,307.7
122356,610.0,324.9168,0.0,0.6096,0.0,-0.021155,-0.35,-0.58501,-1.9,307.9
122358,612.0,325.2216,0.22239,0.377307,0.188653,0.094327,-0.34422,-0.55458,-1.8,308.1
122400,614.0,325.5264,0.169239,0.348633,0.174317,-0.007168,-0.33441,-0.55386,-1.8,307.7
122402,616.0,325.8312,0.279462,0.413524,0.206762,0.016223,-0.33431,-0.55422,-1.8,307.9
122404,618.0,326.136,0.08462,0.316328,0.158164,-0.024299,-0.33429,-0.5535,-1.8,307.5
122406,620.0,326.4408,0.169239,0.348633,0.174317,0.008077,-0.33595,-0.55422,-1.8,307.9
122408,622.0,326.7456,0.279462,0.413524,0.206762,0.016223,-0.33431,-0.55422,-1.8,307.9
122410,624.0,326.7456,0.277144,0.277144,0.138572,-0.034095,-0.33545,-0.55566,-1.8,308.7
122412,626.0,326.7456,0.111195,0.111195,0.055597,-0.041488,-0.34392,-0.5544,-1.8,308.0
122414,628.0,326.7456,0.169239,0.169239,0.08462,0.014512,-0.3435,-0.5535,-1.8,307.5
122416,630.0,326.7456,0.169239,0.169239,0.08462,0.0,-0.37425,-0.55458,-1.8,308.1
122418,632.0,326.7456,0.22239,0.22239,0.111195,0.013287,-0.34137,-0.52292,-1.7,307.6
122420,634.0,326.7456,0.22239,0.22239,0.111195,0.0,-0.38187,-0.6164,-2.0,308.2
122422,636.0,326.4408,0.611189,0.682975,0.341488,0.115146,-0.34366,-3.09161,-10.1,306.1
122424,638.0,327.0504,2.744205,2.811098,1.405549,0.532031,-7.22564,-4.01253,-13.1,306.3
122426,640.0,327.9648,4.461969,4.5547,2.27735,0.4359,-10.35803,-0.83079,-2.7,307.7
122428,642.0,328.8792,4.367899,4.462586,2.231293,-0.023028,-8.33812,-0.89204,-2.9,307.6
122430,644.0,329.488799,3.253845,3.310456,1.655228,-0.288033,-4.76759,-1.29318,-4.2,307.9
122432,646.0,329.793599,2.416426,2.435573,1.217787,-0.21872,-2.39283,-1.32311,-4.3,307.7
122434,648.0,330.098399,3.624639,3.637431,1.818716,0.300465,-3.80062,-0.89291,-2.9,307.9
122436,650.0,330.098399,5.039513,5.039513,2.519756,0.35052,-2.8045,-0.36984,-1.2,308.2
122438,652.0,329.183999,6.713496,6.775482,3.387741,0.433992,1.69454,-0.21581,-0.7,308.3
122440,654.0,328.8792,9.114911,9.120005,4.560003,0.586131,-4.0219,2.69352,8.6,313.2
122442,656.0,326.4408,11.036809,11.302962,5.651481,0.545739,5.3155,10.04212,31.9,314.8
122444,658.0,324.3072,10.185289,10.406362,5.203181,-0.22415,6.86516,7.08467,22.7,312.1
122446,660.0,322.1736,8.556636,8.818632,4.409316,-0.396933,7.12354,7.85844,24.9,315.6
122448,662.0,320.6496,5.910304,6.103628,3.051814,-0.678751,5.4485,2.07097,6.7,309.1
122450,664.0,319.4304,2.379445,2.673613,1.336807,-0.857504,3.89407,-0.3708,-1.2,309.0
122452,666.0,318.8208,0.611188,0.863228,0.431614,-0.452596,-0.19998,-0.309,-1.0,309.0
122454,668.0,318.516,0.279461,0.413523,0.206762,-0.112426,-0.3189,-0.309,-1.0,309.0
122456,670.0,317.9064,0.084619,0.615445,0.307722,0.05048,-0.33276,-0.309,-1.0,309.0
122458,672.0,317.9064,0.111195,0.111195,0.055597,-0.126063,-0.3412,-0.3089,-1.0,308.9
122500,674.0,317.9064,0.169238,0.169238,0.084619,0.014511,-0.3435,-0.3088,-1.0,308.8
122502,676.0,318.2112,0.202499,0.365935,0.182968,0.049174,-0.33961,-0.3089,-1.0,308.9
122504,678.0,318.516,0.0,0.3048,0.0,-0.091484,-0.35,-0.3088,-1.0,308.8
122506,680.0,318.8208,0.237945,0.386679,0.193339,0.096669,-0.34434,-0.3087,-1.0,308.7
122508,682.0,319.1256,0.22239,0.377307,0.188653,-0.002343,-0.33366,-0.309,-1.0,309.0
122510,684.0,319.4304,0.202499,0.365935,0.182968,-0.002842,-0.3341,-0.3089,-1.0,308.9
122512,686.0,319.7352,0.22239,0.377307,0.188653,0.002842,-0.33422,-0.3088,-1.0,308.8
122514,688.0,320.04,0.279461,0.413524,0.206762,0.009055,-0.33345,-0.3088,-1.0,308.8
122516,690.0,320.6496,0.139731,0.625409,0.312705,0.052972,-0.33293,-0.309,-1.0,309.0
122518,692.0,320.9544,0.279461,0.413524,0.206762,-0.052972,-0.32602,-0.309,-1.0,309.0
122520,694.0,321.564,0.22239,0.648899,0.324449,0.058843,-0.33339,-0.3088,-1.0,308.8
122522,696.0,321.8688,0.374059,0.482518,0.241259,-0.041595,-0.32361,-0.3089,-1.0,308.9
122524,698.0,321.8688,0.22239,0.22239,0.111195,-0.065032,-0.33633,-0.3089,-1.0,308.9
122526,700.0,322.1736,0.111195,0.324449,0.162225,0.025515,-0.33856,-0.3089,-1.0,308.9
122528,702.0,322.1736,0.0,0.0,0.0,-0.081112,-0.35,-0.3089,-1.0,308.9
122530,704.0,322.4784,0.452757,0.545795,0.272898,0.136449,-0.3483,-0.36996,-1.2,308.3
122532,706.0,322.7832,1.952706,1.976351,0.988176,0.357639,-3.66643,-1.0197,-3.3,309.0
122534,708.0,322.4784,5.591914,5.600215,2.800107,0.905965,-3.19811,-0.0,-0.0,311.4
122536,710.0,322.1736,7.008138,7.014764,3.507382,0.353638,0.10628,4.47408,14.4,310.7
122538,712.0,321.2592,8.29113,8.3414,4.1707,0.331659,1.81923,5.30998,16.9,314.2
122540,714.0,320.04,9.626498,9.703397,4.851699,0.340499,2.59718,6.92393,22.1,313.3
122542,716.0,319.4304,9.23939,9.259479,4.629739,-0.11098,2.09728,8.36244,26.7,313.2
122544,718.0,318.516,7.406143,7.462378,3.731189,-0.449275,3.55008,3.71518,11.9,312.2
122546,720.0,317.2968,6.213197,6.331687,3.165844,-0.282672,3.91088,3.2136,10.3,312.0
122548,722.0,316.3824,5.059488,5.141454,2.570727,-0.297559,2.91522,2.20171,7.1,310.1
122550,724.0,315.7728,3.70307,3.752911,1.876456,-0.347135,1.92158,0.96007,3.1,309.7
122552,726.0,315.468,1.910068,1.934234,0.967117,-0.454669,0.85379,-0.34045,-1.1,309.5
122554,728.0,315.468,0.581162,0.581162,0.290581,-0.338268,-0.26826,-0.3095,-1.0,309.5
122556,730.0,316.0776,0.22239,0.648899,0.324449,0.016934,-0.32551,-0.3095,-1.0,309.5
122558,732.0,316.3824,0.111195,0.324449,0.162225,-0.081112,-0.32854,-0.3095,-1.0,309.5
122600,734.0,316.992,0.279461,0.670604,0.335302,0.086539,-0.33822,-0.3095,-1.0,309.5
122602,736.0,316.992,0.0,0.0,0.0,-0.167651,-0.35,-0.3094,-1.0,309.4
122604,738.0,317.2968,0.169236,0.348632,0.174316,0.087158,-0.34394,-0.3095,-1.0,309.5
122606,740.0,317.6016,0.253855,0.396668,0.198334,0.012009,-0.33447,-0.3095,-1.0,309.5
122608,742.0,317.9064,0.169236,0.348632,0.174316,-0.012009,-0.33392,-0.3094,-1.0,309.4
122610,744.0,318.8208,0.279461,0.956151,0.478076,0.15188,-0.62853,-0.3095,-1.0,309.5
122612,746.0,319.4304,0.333585,0.694904,0.347452,-0.065312,-0.30721,-0.3093,-1.0,309.3
122614,748.0,320.04,0.084618,0.615445,0.307722,-0.019865,-0.32021,-0.3095,-1.0,309.5
122616,750.0,320.3448,0.374058,0.482517,0.241259,-0.033232,-0.32478,-0.3095,-1.0,309.5
122618,752.0,320.6496,0.44478,0.539196,0.269598,0.01417,-0.32922,-0.3093,-1.0,309.3
122620,754.0,320.9544,0.111195,0.324449,0.162225,-0.053687,-0.33112,-0.3093,-1.0,309.3
122622,756.0,320.9544,0.279461,0.279461,0.13973,-0.011247,-0.33717,-0.3094,-1.0,309.4
122624,758.0,320.9544,0.084618,0.084618,0.042309,-0.048711,-0.3452,-0.3094,-1.0,309.4
122626,760.0,320.9544,0.279461,0.279461,0.13973,0.048711,-0.34203,-0.3092,-1.0,309.2
122628,762.0,321.2592,0.0,0.3048,0.0,-0.069865,-0.35,-0.3094,-1.0,309.4
122630,764.0,321.2592,0.111195,0.111195,0.055597,0.027799,-0.34615,-0.3093,-1.0,309.3
122632,766.0,321.564,0.169236,0.348632,0.174316,0.059359,-0.34113,-0.3093,-1.0,309.3
122634,768.0,321.2592,0.169236,0.348632,0.174316,0.0,-0.39997,-0.3093,-1.0,309.3
122636,770.0,321.2592,0.169236,0.169236,0.084618,-0.044849,-0.34059,-0.3093,-1.0,309.3
122638,772.0,320.9544,0.084618,0.316328,0.158164,0.036773,-0.33988,-0.3094,-1.0,309.4
122640,774.0,320.9544,0.0,0.0,0.0,-0.079082,-0.35,-0.49312,-1.6,308.2
122642,776.0,320.3448,2.893742,2.957255,1.478627,0.739314,0.876,-0.37392,-1.2,311.6
122644,778.0,318.8208,7.559244,7.711339,3.855669,1.188521,1.66775,7.60304,24.4,311.6
122646,780.0,317.2968,8.665135,8.798133,4.399066,0.271698,3.68313,1.58559,5.1,310.9
122648,782.0,315.1632,11.612553,11.806932,5.903466,0.7522,3.69039,7.4892,23.7,316.0
122650,784.0,312.42,13.901601,14.169674,7.084837,0.590685,5.7054,12.03174,37.8,318.3
122652,786.0,309.6768,13.006808,13.292938,6.646469,-0.219184,8.92337,10.5659,33.5,315.4
122654,788.0,307.2384,12.731575,12.962978,6.481489,-0.08249,7.50388,13.3854,42.0,318.7
122656,790.0,304.8,11.036768,11.302922,5.651461,-0.415014,8.4619,8.98008,28.4,316.2
122658,792.0,302.3616,9.642734,9.946261,4.97313,-0.339166,8.00952,6.4684,20.6,314.0
122700,794.0,300.228,7.843384,8.128402,4.064201,-0.454464,7.14611,4.8515,15.5,313.0
122702,796.0,299.0088,3.362237,3.576463,1.788231,-1.137985,4.44825,-0.3732,-1.2,311.0
122704,798.0,298.0944,0.698648,1.150755,0.575377,-0.606427,2.50027,-0.3421,-1.1,311.0
122706,800.0,296.8752,0.374058,1.275291,0.637646,0.031134,3.15823,-0.3106,-1.0,310.6
122708,802.0,296.5704,0.169234,0.348631,0.174315,-0.231665,-0.31173,-0.3105,-1.0,310.5
122710,804.0,295.656,0.279459,0.956151,0.478076,0.151881,-0.62854,-0.3105,-1.0,310.5
122712,806.0,294.7416,0.419189,1.005906,0.502953,0.012438,2.28826,-0.3104,-1.0,310.4
122714,808.0,294.132,0.404992,0.731868,0.365934,-0.06851,-0.30426,-0.3105,-1.0,310.5
122716,810.0,293.2176,0.237944,0.944852,0.472426,0.053246,-0.32427,-0.3104,-1.0,310.4
122718,812.0,292.608,0.356266,0.706072,0.353036,-0.059695,-0.30768,-0.3105,-1.0,310.5
122720,814.0,291.9984,0.452757,0.759343,0.379671,0.013318,-0.32054,-0.3103,-1.0,310.3
122722,816.0,291.3888,0.202496,0.642352,0.321176,-0.029248,-0.31716,-0.3102,-1.0,310.2
122724,818.0,291.084,0.279459,0.413522,0.206761,-0.057207,-0.32551,-0.3103,-1.0,310.3
122726,820.0,290.7792,0.333585,0.451865,0.225932,0.009585,-0.33199,-0.3101,-1.0,310.1
122728,822.0,290.4744,0.084617,0.316328,0.158164,-0.033884,-0.33341,-0.3101,-1.0,310.1
122730,824.0,290.4744,0.22239,0.22239,0.111195,-0.023485,-0.33901,-0.3101,-1.0,310.1
122732,826.0,290.1696,0.0,0.3048,0.0,-0.055597,-0.35,-0.31,-1.0,310.0
122734,828.0,290.4744,0.237944,0.386679,0.193339,0.096669,-0.34434,-0.31,-1.0,310.0
122736,830.0,290.7792,0.202496,0.365934,0.182967,-0.005186,-0.33385,-0.31,-1.0,310.0
122738,832.0,290.7792,0.0,0.0,0.0,-0.091484,-0.35,-0.31,-1.0,310.0
122740,834.0,290.7792,0.202496,0.202496,0.101248,0.050624,-0.34434,-0.31,-1.0,310.0
122742,836.0,290.4744,0.084617,0.316328,0.158164,0.028458,-0.33912,-0.31,-1.0,310.0
122744,838.0,290.4744,0.22239,0.22239,0.111195,-0.023485,-0.33901,-0.31,-1.0,310.0
122746,840.0,290.4744,0.084617,0.084617,0.042309,-0.034443,-0.34555,-0.40235,-1.3,309.5
122748,842.0,290.4744,2.410828,2.410828,1.205414,0.581553,-2.06222,-0.71323,-2.3,310.1
122750,844.0,289.8648,6.184066,6.214039,3.107019,0.950802,-0.05754,0.0621,0.2,310.5
122752,846.0,288.9504,8.665114,8.713227,4.356614,0.624797,1.06166,3.60696,11.4,316.4
122754,848.0,287.7312,9.665428,9.74202,4.87101,0.257198,2.83055,5.13484,16.4,313.1
122756,850.0,286.2072,8.428188,8.564866,4.282433,-0.294288,5.09464,7.60606,24.2,314.3
122758,852.0,285.2928,6.111855,6.179879,3.089939,-0.596247,3.58664,0.03112,0.1,311.2
122800,854.0,283.7688,6.654531,6.826812,3.413406,0.161733,3.96168,0.59033,1.9,310.7
122802,856.0,283.1592,10.315055,10.333052,5.166526,0.87656,-4.93164,-10.71708,-35.3,303.6
122804,858.0,282.8544,14.327186,14.330428,7.165214,0.999344,-13.71568,-14.48172,-47.7,303.6
122806,860.0,282.8544,20.336877,20.336877,10.168438,1.501612,-33.79668,-3.92684,-12.7,309.2
122808,862.0,283.464,19.691462,19.700896,9.850448,-0.158995,-0.12113,3.57419,11.3,316.3
122810,864.0,283.464,17.959893,17.959893,8.979947,-0.435251,2.84273,14.19618,44.6,318.3
122812,866.0,282.2448,13.495952,13.55091,6.775455,-1.102246,8.09026,9.4073,30.2,311.5
122814,868.0,281.94,6.72514,6.732043,3.366022,-1.704717,4.13691,-5.0655,-16.5,307.0
122816,870.0,282.2448,7.753438,7.759426,3.879713,0.256845,-4.04699,0.68838,2.2,312.9
122818,872.0,283.1592,8.113623,8.164987,4.082493,0.10139,-8.67095,2.74384,8.8,311.8
122820,874.0,284.0736,3.597077,3.711481,1.85574,-1.113376,-4.52497,-0.52768,-1.7,310.4
122822,876.0,286.512,2.127045,3.235756,1.617878,-0.118931,-22.80445,-0.40352,-1.3,310.4
122824,878.0,288.9504,1.140557,2.691963,1.345981,-0.135949,-22.90209,-0.21735,-0.7,310.5
123457,1271.0,280.1112,81.416947,81.895364,0.208385,-0.002895,-0.33188,-0.83187,-2.7,308.1
123459,1273.0,280.7208,0.632687,0.878582,0.439291,0.115453,-0.34191,-1.44854,-4.7,308.2
123501,1275.0,285.2928,2.540869,5.230602,2.615301,1.088005,-48.80951,-4.37328,-14.4,303.7
123503,1277.0,292.608,8.592422,11.284585,5.642293,1.513496,-85.11936,-9.79304,-32.6,300.4
123505,1279.0,288.9504,10.206778,10.842341,5.421171,-0.110561,10.89112,-14.83545,-49.7,298.5
123507,1281.0,288.6456,14.721668,14.724823,7.362412,0.97062,-13.76743,-20.65756,-70.6,292.6
123509,1283.0,287.1216,18.392904,18.455934,9.227967,0.932777,-0.04344,-24.2317,-83.5,290.2
123511,1285.0,287.4264,22.544565,22.546625,11.273313,1.022673,-21.40869,-23.12559,-78.9,293.1
123513,1287.0,287.7312,25.790297,25.792098,12.896049,0.811368,-18.87655,-20.2648,-69.4,292.0
123515,1289.0,288.036,27.425761,27.427455,13.713727,0.408839,-9.51803,-15.25038,-51.4,296.7
123517,1291.0,288.036,28.51878,28.51878,14.25939,0.272832,-15.88613,-15.49992,-52.4,295.8
123519,1293.0,288.3408,29.037019,29.038619,14.519309,0.12996,-2.40535,-8.88296,-29.6,300.1
123521,1295.0,288.6456,28.712482,28.7141,14.35705,-0.08113,-0.43503,-8.24466,-27.4,300.9
123523,1297.0,288.9504,28.447611,28.449243,14.224622,-0.066214,-0.47177,-4.76495,-15.7,303.5
123525,1299.0,289.56,28.179542,28.186135,14.093067,-0.065778,-1.25651,-9.41191,-31.3,300.7
123527,1301.0,289.8648,27.495438,27.497128,13.748564,-0.172251,0.67357,17.87316,56.4,316.9
123529,1303.0,290.4744,24.014134,24.02187,12.010935,-0.868815,5.46483,14.1064,45.8,308.0
123531,1305.0,291.084,20.412073,20.421173,10.210587,-0.900174,4.3522,0.12292,0.4,307.3
123533,1307.0,291.6936,19.105046,19.114769,9.557385,-0.326601,0.73638,-0.27648,-0.9,307.2
123535,1309.0,291.9984,17.938672,17.941262,8.970631,-0.293377,1.23511,-9.16344,-31.2,293.7
123537,1311.0,291.6936,19.796376,19.798722,9.899361,0.464365,-9.95863,-26.45116,-91.4,289.4
123539,1313.0,291.6936,23.247221,23.247221,11.623611,0.862125,-24.38125,-26.05116,-89.4,291.4
123541,1315.0,291.3888,26.941446,26.94317,13.471585,0.923987,-28.38537,-23.37028,-80.2,291.4
123543,1317.0,291.3888,29.308414,29.308414,14.654207,0.591311,-25.85561,-16.67315,-56.5,295.1
123545,1319.0,291.6936,30.42288,30.424406,15.212203,0.278998,-7.13602,-13.94172,-46.8,297.9
123547,1321.0,291.3888,30.934566,30.936068,15.468034,0.127916,-1.36355,-2.6796,-8.8,304.5
123549,1323.0,291.6936,30.772125,30.773635,15.386817,-0.040609,-1.52241,4.82147,15.7,307.1
123551,1325.0,292.3032,28.625384,28.631874,14.315937,-0.53544,2.49406,-0.24472,-0.8,305.9
123553,1327.0,292.3032,27.424586,27.424586,13.712293,-0.301822,2.58908,-0.39793,-1.3,306.1
123555,1329.0,292.9128,26.367263,26.374309,13.187154,-0.262569,0.79002,-0.36708,-1.2,305.9
123557,1331.0,292.9128,25.651505,25.651505,12.825753,-0.180701,2.06809,-0.3672,-1.2,306.0
123559,1333.0,292.608,25.061463,25.063317,12.531658,-0.147047,2.82009,-0.36744,-1.2,306.2
123601,1335.0,292.3032,24.481886,24.483784,12.241892,-0.144883,2.93047,-0.36756,-1.2,306.3
123603,1337.0,292.3032,23.787333,23.787333,11.893666,-0.174113,2.24052,-0.39806,-1.3,306.2
123605,1339.0,291.9984,23.628981,23.630947,11.815474,-0.039096,2.16052,-1.34068,-4.4,304.7
123607,1341.0,291.9984,23.713233,23.713233,11.856617,0.020571,0.89256,-3.4713,-11.4,304.5
123609,1343.0,291.9984,23.63972,23.63972,11.81986,-0.018378,1.15318,-1.56111,-5.1,306.1
123611,1345.0,291.9984,23.54476,23.54476,11.77238,-0.02374,1.18076,-0.39819,-1.3,306.3
123613,1347.0,291.6936,23.365975,23.367963,11.683981,-0.0442,2.16871,-0.39845,-1.3,306.5
123615,1349.0,291.084,23.387138,23.395082,11.697541,0.00678,2.69225,-0.39845,-1.3,306.5
123617,1351.0,290.7792,23.482667,23.484645,11.742322,0.022391,1.72749,-0.39832,-1.3,306.4
123619,1353.0,290.7792,23.271898,23.271898,11.635949,-0.053186,1.35331,-0.39845,-1.3,306.5
123621,1355.0,290.1696,23.207853,23.215858,11.607929,-0.01401,2.81667,-0.39871,-1.3,306.7
123623,1357.0,289.8648,22.92527,22.927296,11.463648,-0.07214,2.31014,-0.33748,-1.1,306.8
123625,1359.0,289.2552,23.146085,23.154111,11.577055,0.056704,2.33666,-0.2149,-0.7,307.0
123627,1361.0,288.9504,22.821732,22.823767,11.411884,-0.082586,2.36813,19.85337,62.1,319.7
123629,1363.0,289.2552,20.598287,20.600542,10.300271,-0.555806,3.22393,16.61088,52.8,314.6
123631,1365.0,289.8648,15.432317,15.444353,7.722176,-1.289048,4.44699,11.78879,37.7,312.7
123633,1367.0,289.56,11.54474,11.548763,5.774382,-0.973897,4.31049,5.99651,19.3,310.7
123635,1369.0,288.9504,6.718143,6.745744,3.372872,-1.200755,4.02566,0.2464,0.8,308.0
123637,1371.0,288.6456,4.067815,4.079219,2.039609,-0.666631,1.48002,-4.1616,-13.6,306.0
123639,1373.0,288.3408,6.519489,6.52661,3.263305,0.611848,-2.28847,-4.4428,-14.5,306.4
123641,1375.0,288.6456,8.480187,8.485663,4.242831,0.489763,-6.03594,-5.38032,-17.6,305.7
123643,1377.0,288.6456,10.089185,10.089185,5.044592,0.400881,-5.83139,3.00991,9.7,310.3
123645,1379.0,288.3408,8.283062,8.288668,4.144334,-0.450129,1.96662,1.17116,3.8,308.2
123647,1381.0,288.036,5.341452,5.350142,2.675071,-0.734631,1.88747,0.6174,2.0,308.7
123649,1383.0,287.7312,3.645426,3.658147,1.829073,-0.422999,1.12199,0.15395,0.5,307.9
123651,1385.0,287.7312,2.295523,2.295523,1.147762,-0.340656,-0.02523,-0.39962,-1.3,307.4
123653,1387.0,287.7312,2.710105,2.710105,1.355052,0.103645,-0.31528,-1.41312,-4.6,307.2
123655,1389.0,287.4264,4.254288,4.265192,2.132596,0.388772,0.21991,-9.39531,-31.1,302.1
123657,1391.0,287.1216,8.910058,8.91527,4.457635,1.16252,-8.87583,-8.70471,-28.7,303.3
123659,1393.0,287.1216,12.320107,12.320107,6.160053,0.851209,-12.50462,-7.7871,-25.7,303.0
123701,1395.0,287.1216,13.712391,13.712391,6.856196,0.348072,-7.20588,3.04584,9.8,310.8
123703,1397.0,287.4264,12.741539,12.745184,6.372592,-0.241802,0.27788,3.94208,12.7,310.4
123705,1399.0,286.8168,11.189684,11.206277,5.603138,-0.384727,3.14894,6.12079,19.7,310.7
123707,1401.0,286.512,7.908016,7.913887,3.956944,-0.823097,2.75488,1.65996,5.4,307.4
123709,1403.0,285.9024,6.096664,6.127065,3.063532,-0.446706,2.4433,-1.94944,-6.4,304.6
123711,1405.0,284.6832,7.295919,7.397086,3.698543,0.317506,2.76152,-9.45768,-31.4,301.2
123713,1407.0,283.7688,11.595007,11.631006,5.815503,1.05848,-5.41856,-15.31152,-50.4,303.8
123715,1409.0,282.8544,14.531331,14.560072,7.280036,0.732267,-0.13294,-2.43048,-7.8,311.6
123717,1411.0,282.5496,14.428233,14.431452,7.215726,-0.032155,1.35019,5.87034,18.9,310.6
123719,1413.0,281.94,12.65725,12.671922,6.335961,-0.439883,3.59489,3.52602,11.4,309.3
123721,1415.0,281.6352,10.888231,10.892496,5.446248,-0.444856,2.42083,2.19248,7.1,308.8
123723,1417.0,282.2448,8.910068,8.930898,4.465449,-0.4904,-0.56177,3.3605,11.0,305.5
123725,1419.0,281.94,6.514969,6.522095,3.261048,-0.6022,1.94011,-13.78712,-47.2,292.1
123727,1421.0,280.7208,12.678763,12.737248,6.368624,1.553788,-9.99603,-22.73868,-76.1,298.8
123729,1423.0,280.416,18.458552,18.461068,9.230534,1.430955,-26.40305,-11.95005,-39.9,299.5
123731,1425.0,280.1112,21.908015,21.910136,10.955068,0.862267,-19.96709,-6.6402,-21.7,306.0
123733,1427.0,279.5016,23.573476,23.581357,11.790679,0.417806,-0.09929,-0.21455,-0.7,306.5
123735,1429.0,277.6728,23.688298,23.758787,11.879394,0.044358,5.93123,-0.24536,-0.8,306.7
123737,1431.0,276.4536,22.817565,22.850114,11.425057,-0.227169,5.92771,-0.3069,-1.0,306.9
123739,1433.0,275.844,21.610239,21.618835,10.809418,-0.307819,4.51553,-0.27504,-0.9,305.6
123741,1435.0,275.5392,22.004924,22.007035,11.003518,0.09705,1.13442,-7.64064,-25.2,303.2
123743,1437.0,274.6248,21.193231,21.212948,10.606474,-0.198522,4.641,-0.27603,-0.9,306.7
123745,1439.0,275.2344,20.925657,20.934534,10.467267,-0.069604,-0.89071,-0.27585,-0.9,306.5
123747,1441.0,274.9296,20.225231,20.227528,10.113764,-0.176751,2.64648,-4.379,-14.5,302.0
123749,1443.0,274.6248,20.745798,20.748037,10.374019,0.130127,0.86895,-9.4815,-31.5,301.0
123751,1445.0,274.9296,21.340676,21.342853,10.671426,0.148704,-2.37857,-10.35096,-34.4,300.9
123753,1447.0,273.4056,21.527731,21.581608,10.790804,0.059689,4.81024,-1.56162,-5.1,306.2
123755,1449.0,273.4056,20.441738,20.441738,10.220869,-0.284967,2.44867,9.76247,31.3,311.9
123757,1451.0,274.32,16.628242,16.653365,8.326682,-0.947094,2.4602,11.89681,37.9,313.9
123759,1453.0,273.7104,11.428178,11.444425,5.722212,-1.302235,6.23055,7.24932,23.4,309.8
123801,1455.0,273.1008,5.338828,5.373518,2.686759,-1.517727,3.97901,-0.12184,-0.4,304.6
123803,1457.0,273.7104,3.164984,3.223156,1.611578,-0.537591,-4.02148,-0.89088,-2.9,307.2
123805,1459.0,274.6248,1.619947,1.860203,0.930102,-0.340738,-8.20157,-11.62405,-38.3,303.5
123807,1461.0,275.844,5.839541,5.965457,2.982729,1.026314,-17.08574,-15.9595,-54.1,295.0
123809,1463.0,276.7584,11.790485,11.82589,5.912945,1.465108,-24.10937,-28.55424,-101.4,281.6
123811,1465.0,277.6728,17.899229,17.922571,8.961285,1.52417,-32.57929,-28.81164,-101.2,284.7
123813,1467.0,277.9776,22.652941,22.654991,11.327496,1.183106,-25.02395,-17.34304,-57.2,303.2
123815,1469.0,277.9776,23.982256,23.982256,11.991128,0.331816,-12.83552,8.9698,30.1,298.0
123817,1471.0,277.9776,21.689781,21.689781,10.844891,-0.573119,4.46217,-16.2948,-55.5,293.6
123819,1473.0,277.9776,23.80369,23.80369,11.901845,0.528477,-17.28246,-7.7724,-25.5,304.8
123821,1475.0,278.892,23.404758,23.422613,11.711307,-0.095269,-2.34641,-0.24424,-0.8,305.3
123823,1477.0,279.1968,22.353973,22.356051,11.178025,-0.266641,1.77685,-0.27504,-0.9,305.6
123825,1479.0,279.5016,21.138959,21.141157,10.570578,-0.303724,1.81004,-0.27513,-0.9,305.7
123827,1481.0,279.8064,20.032524,20.034843,10.017421,-0.276579,1.46853,-0.27522,-0.9,305.8
123829,1483.0,281.0256,20.580648,20.616729,10.308364,0.145472,-11.13955,-0.2448,-0.8,306.0
123831,1485.0,282.8544,17.88946,17.982694,8.991347,-0.658508,-3.16525,-0.24496,-0.8,306.2
123833,1487.0,284.6832,16.434425,16.535865,8.267933,-0.361707,-9.20201,1.68156,5.4,311.4
123835,1489.0,286.512,13.018007,13.145836,6.572918,-0.847507,-4.87421,8.22472,26.6,309.2
123837,1491.0,286.8168,6.444758,6.451961,3.225981,-1.673468,2.19455,1.99225,6.5,306.5
123839,1493.0,286.2072,0.848773,1.045001,0.522501,-1.35174,1.8365,-1.64646,-5.4,304.9
123841,1495.0,286.8168,3.208268,3.265669,1.632835,0.555167,-7.46841,-5.08554,-17.1,297.4
123843,1497.0,285.9024,6.058608,6.127223,3.063611,0.715388,1.24664,-6.112,-20.0,305.6
123845,1499.0,285.2928,8.755222,8.776419,4.388209,0.662299,0.09164,-1.04074,-3.4,306.1
123847,1501.0,285.2928,8.539943,8.539943,4.269972,-0.059118,0.1778,3.03633,9.9,306.7
123849,1503.0,284.6832,5.688025,5.720598,2.860299,-0.704837,2.80001,0.9153,3.0,305.1
123851,1505.0,284.3784,1.923703,1.9477,0.97385,-0.943224,1.13184,-0.3991,-1.3,307.0
123853,1507.0,284.0736,0.13973,0.335302,0.167651,-0.4031,-0.29654,-0.6743,-2.2,306.5
123855,1509.0,283.7688,0.333585,0.451865,0.225932,0.029141,-0.33455,-4.46292,-14.7,303.6
123857,1511.0,284.0736,3.2993,3.31335,1.656675,0.715371,-5.09215,-2.72785,-8.9,306.5
123859,1513.0,284.0736,4.662836,4.662836,2.331418,0.337371,-2.55979,-3.22558,-10.6,304.3
123901,1515.0,284.0736,5.920308,5.920308,2.960154,0.314368,-3.03051,0.06142,0.2,307.1
123903,1517.0,284.0736,4.992117,4.992117,2.496059,-0.232047,0.20194,0.82782,2.7,306.6
123905,1519.0,284.3784,3.649177,3.661884,1.830942,-0.332559,-1.54662,-0.6134,-2.0,306.7
123907,1521.0,284.6832,3.405586,3.419199,1.7096,-0.060671,-2.56623,-3.73875,-12.5,299.1
123909,1523.0,284.6832,6.895352,6.895352,3.447676,0.869038,-7.20486,-16.37767,-56.3,290.9
123911,1525.0,285.9024,13.831983,13.885611,6.942806,1.747565,-33.38871,-26.496,-90.0,294.4
123913,1527.0,285.5976,17.49096,17.493616,8.746808,0.902001,-15.81583,-10.54954,-34.6,304.9
123915,1529.0,288.036,21.920141,22.055348,11.027674,1.140433,-43.97234,-1.15748,-3.8,304.6
123917,1531.0,289.2552,16.872775,16.916766,8.458383,-1.284646,3.33784,-3.3198,-11.0,301.8
123919,1533.0,291.3888,17.484706,17.614403,8.807201,0.174409,-20.68795,-5.52774,-18.1,305.4
123921,1535.0,291.6936,16.241208,16.244067,8.122034,-0.342583,1.20844,-0.24456,-0.8,305.7
123923,1537.0,290.7792,15.216191,15.243641,7.62182,-0.250107,4.10256,-0.2142,-0.7,306.0
123925,1539.0,289.56,15.265812,15.31442,7.65721,0.017695,3.79017,-0.2448,-0.8,306.0
123927,1541.0,287.7312,16.797846,16.897104,8.448552,0.395671,3.76626,2.02735,6.5,311.9
123929,1543.0,287.1216,17.647757,17.658282,8.829141,0.190295,1.31598,9.8439,31.4,313.5
