201244,0,24.8810927219732,0.0,0.0,0,0,-0.35
201250,6.0,24.4855138425454,88.312215,88.313101,14.71885,2.453142,-79.34811
201253,9.0,24.4753479386557,37.46901,37.469012,12.489671,-0.74306,6.40861
201255,11.0,24.3434810463199,19.439024,19.439472,9.719736,-1.384968,9.00613
201258,14.0,24.5310800876819,25.83692,25.837601,8.612534,-0.369067,2.04926
201321,37.0,24.6629837503166,193.62543,193.634803,32.272467,-0.892556,-11.33194
201325,41.0,24.823427088507,141.512661,141.512752,35.378188,0.77643,-58.16355
201327,43.0,25.0022039518049,72.329335,72.329556,36.164778,0.393295,-44.2489
201329,45.0,25.0900001525879,72.037489,72.037542,36.018771,-0.073003,-33.7085
201331,47.0,25.0900001525879,71.112322,71.112322,35.556161,-0.231305,-29.05497
201334,50.0,25.0900001525879,78.94294,78.94294,26.314313,-3.080616,32.84252
201344,60.0,25.1638111834334,335.79466,335.794668,33.579467,0.726515,-51.03951
201346,62.0,25.3134864953157,70.465915,70.466074,35.233037,0.826785,-62.10171
201349,65.0,27.4030795174694,70.675067,70.705951,23.56865,-3.888129,39.47003
201357,73.0,29.1136003892752,275.51912,275.52443,34.440554,1.358988,-99.6387
201359,75.0,29.4169654424293,64.773073,64.773784,32.386892,-1.026831,-8.00323
201401,77.0,30.1727309017651,63.564835,63.569327,31.784664,-0.301114,-21.97175
201403,79.0,30.5771410007663,63.421941,63.42323,31.711615,-0.036525,-25.75723
201406,82.0,31.1892209291747,61.786896,61.789928,20.596643,-3.704991,37.39173
201412,88.0,33.9948265072884,166.587066,166.61069,27.768448,1.195301,-75.37689
201414,90.0,34.1468299653963,51.060792,51.061019,25.530509,-1.11897,2.80314
201416,92.0,34.3628115400447,52.975494,52.975934,26.487967,0.478729,-27.24837
201418,94.0,33.9681158956763,50.22365,50.225201,25.1126,-0.687683,-1.58564
201420,96.0,33.9310878021561,47.972741,47.972756,23.986378,-0.563111,-3.05393
201422,98.0,33.9430272339569,46.460144,46.460146,23.230073,-0.378153,-4.83769
201425,101.0,34.155238090514,46.996408,46.996888,15.665629,-2.521481,21.62739
201431,107.0,34.2341437743551,141.53334,141.533362,23.588894,1.320544,-60.73107
201433,109.0,34.2483248855184,45.922805,45.922807,22.961404,-0.313745,-5.38161
201436,112.0,34.5388107299805,58.708075,58.708794,19.569598,-1.130602,7.34281
201438,114.0,34.8302217816797,36.196335,36.197508,18.098754,-0.735422,3.49568
201442,118.0,35.0704616181775,44.737449,44.738094,11.184523,-1.728558,11.96986
201444,120.0,35.1599937964221,24.605171,24.605334,12.302667,0.559072,-9.97347
201446,122.0,35.4353122102564,24.176341,24.177909,12.088954,-0.106857,1.0918
201448,124.0,35.4598470994091,23.692742,23.692755,11.846378,-0.121288,1.82108
201450,126.0,35.9296577149005,23.971307,23.97591,11.987955,0.070788,-1.81479
201453,129.0,36.3242983459227,25.709687,25.712715,8.570905,-1.139017,5.52244
201455,131.0,36.5922501603319,27.446081,27.447389,13.723694,2.576395,-68.24193
201457,133.0,36.8823583223687,29.078422,29.079869,14.539935,0.40812,-10.33857
201459,135.0,36.9930663881989,39.362142,39.362297,19.681149,2.570607,-98.47651
201502,138.0,36.9109188018978,46.264386,46.264459,15.421486,-1.419888,12.02417
201507,143.0,36.8881427229785,102.147196,102.147199,20.42944,1.001591,-62.56364
201512,148.0,36.9725864749617,107.770294,107.770327,21.554065,0.224925,-10.57257
201515,151.0,37.1323647402274,56.479683,56.479909,18.826636,-0.909143,5.4892
201520,156.0,37.281739058776,113.173951,113.17405,22.63481,0.761635,-33.11656
201525,161.0,37.649483927946,121.060982,121.061541,24.212308,0.3155,-16.39124
201530,166.0,37.8917385465501,123.224104,123.224342,24.644868,0.086512,-13.68283
201534,170.0,37.9368571874562,116.424373,116.424382,29.106096,1.115307,-65.61809
201536,172.0,38.1928291334551,62.371094,62.371619,31.18581,1.039857,-68.59067
201538,174.0,38.9877596723969,62.248116,62.253191,31.126596,-0.029607,-25.80614
201540,176.0,40.3352771605884,63.575857,63.590136,31.795068,0.334236,-36.23893
201542,178.0,40.4003657520369,61.603808,61.603842,30.801921,-0.496573,-14.5628
201544,180.0,42.9715328707762,60.66913,60.723589,30.361795,-0.220063,-25.98206
201546,182.0,43.6418469773831,56.524296,56.52827,28.264135,-1.04883,-2.88707
201549,185.0,40.1214213654982,69.170505,69.260033,23.086678,-1.725819,20.47929
201551,187.0,42.0802621119703,46.919959,46.96083,23.480415,0.196869,-26.94138
201554,190.0,41.5389181195136,41.459067,41.462601,13.820867,-3.219849,27.38794
201558,194.0,40.3300170898438,63.6602,63.671677,15.917919,0.524263,-22.01153
201601,197.0,41.8149675236794,28.589214,28.627753,9.542584,-2.125112,9.75391
201603,199.0,40.5558635908807,26.036108,26.066535,13.033268,1.745342,-39.25583
201605,201.0,40.025203704834,15.508137,15.517213,7.758607,-2.637331,14.01102
201617,213.0,39.4124195179933,257.495007,257.495737,21.457978,1.141614,-72.66878
201636,232.0,34.2767582216731,244.744506,244.751112,30.593889,0.017458,-21.96948
201641,237.0,33.7755376788522,162.912142,162.912913,32.582583,0.397739,-34.19621
201646,242.0,32.0578383060071,173.428403,173.436909,34.687382,0.42096,-38.48516
201649,245.0,31.4910371546669,80.968973,80.970956,26.990319,-2.565688,25.79211
201655,251.0,37.197671439037,190.799205,190.884526,31.814088,0.803961,-71.22125
201657,253.0,37.0392055395791,56.318465,56.318688,28.159344,-1.827372,12.55426
201659,255.0,36.079153199518,56.921805,56.929901,28.46495,0.152803,-18.57089
201701,257.0,30.6197915461667,56.394014,56.657652,28.328826,-0.068062,-1.61619
201704,260.0,34.8369569021954,55.411413,55.571658,18.523886,-3.268313,23.58324
201714,270.0,32.6827121140689,257.323284,257.332301,25.73323,0.720934,-72.69301
201722,278.0,26.8903789427546,246.208448,246.276574,30.784572,0.631418,-30.60288
201725,281.0,25.9663520514975,59.348022,59.355215,19.785072,-3.6665,39.12441
201736,292.0,24.8304898441897,303.434655,303.436781,27.585162,0.709099,-84.6405
201744,300.0,23.2612056732178,244.695453,244.700485,30.587561,0.3753,-28.5604
201747,303.0,22.8506851714759,63.263439,63.264771,21.088257,-3.166435,33.11841
201756,312.0,21.7371997833252,258.066828,258.06923,28.674359,0.8429,-98.31421
201815,331.0,18.9940052032471,568.777382,568.783997,29.936,0.066402,-21.95512
201823,339.0,17.7748500401257,271.480483,271.483221,33.935403,0.499925,-39.24323
201825,341.0,17.4700012207031,68.854959,68.855634,34.427817,0.246207,-35.36666
201827,343.0,17.4700012207031,69.249098,69.249098,34.624549,0.098366,-33.71435
201830,346.0,17.1652050018311,68.502029,68.502707,22.834236,-3.930104,44.04937
201843,359.0,15.3334299883052,70.604411,70.605804,23.535268,-3.83897,43.64501
201853,369.0,14.1171998977661,60.911463,60.912225,30.456113,-1.925329,12.75899
201856,372.0,13.8235839436082,52.597911,52.59873,17.53291,-4.307734,42.12681
201902,378.0,13.5076007843018,137.915131,137.915493,22.985915,0.908834,-70.42316
201904,380.0,13.4835098176389,41.534628,41.534635,20.767318,-1.109298,7.05112
201906,382.0,13.2028007507324,40.40668,40.407655,20.203827,-0.281745,-1.72039
201909,385.0,13.2028007507324,40.290933,40.290933,13.430311,-2.257839,18.24498
201913,389.0,12.8980007171631,77.374712,77.375312,19.343828,1.478379,-74.33732
201915,391.0,12.8980007171631,37.055482,37.055482,18.527741,-0.408043,0.49929
201917,393.0,12.8980007171631,38.410924,38.410924,19.205462,0.338861,-31.72421
201920,396.0,12.8980007171631,39.82987,39.82987,13.276623,-1.97628,15.93262
201926,402.0,12.5379537181524,129.64332,129.64382,21.607303,1.388447,-83.87258
201928,404.0,12.2884006500244,44.591845,44.592543,22.296272,0.344485,-12.43126
201930,406.0,12.2884006500244,44.133967,44.133967,22.066984,-0.114644,-6.81978
201933,409.0,12.2884006500244,51.45078,51.45078,17.15026,-1.638908,14.00499
201935,411.0,12.2884006500244,31.304383,31.304383,15.652191,-0.749035,5.68929
201937,413.0,12.0953488312653,23.637729,23.638518,11.819259,-1.916466,14.94088
201940,416.0,11.9836006164551,16.731592,16.731965,5.577322,-2.080646,7.22211
201942,418.0,11.9836006164551,10.152498,10.152498,5.076249,-0.250536,0.86814
201944,420.0,11.9836006164551,4.27216,4.27216,2.13608,-1.470085,1.68686
201958,434.0,11.9836006164551,10.685572,10.685572,0.763255,-0.098059,-0.23967
202000,436.0,11.9836006164551,15.443643,15.443643,7.721821,3.479283,-56.13404
202003,439.0,11.9836006164551,23.085374,23.085374,7.695125,-0.008899,0.45868
202007,443.0,11.9836006164551,56.457063,56.457063,14.114266,1.604785,-52.9666
202009,445.0,11.9836006164551,27.25017,27.25017,13.625085,-0.244591,2.22572
202011,447.0,11.9836006164551,26.505755,26.505755,13.252878,-0.186103,1.94554
202013,449.0,11.9836006164551,20.830166,20.830166,10.415083,-1.418898,9.50816
202015,451.0,11.9836006164551,13.43118,13.43118,6.71559,-1.849746,7.61595
202018,454.0,11.9836006164551,8.439096,8.439096,2.813032,-1.300853,2.05407
202020,456.0,11.9836006164551,7.252714,7.252714,3.626357,0.406663,-4.36175
202022,458.0,11.9836006164551,6.454565,6.454565,3.227282,-0.199538,0.31648
202024,460.0,11.9836006164551,9.80848,9.80848,4.90424,0.838479,-10.00811
202026,462.0,11.9836006164551,14.710618,14.710618,7.355309,1.225535,-20.63675
202028,464.0,11.9836006164551,19.519407,19.519407,9.759703,1.202197,-27.11784
202031,467.0,11.9836006164551,29.79123,29.79123,9.93041,0.056902,0.39579
202035,471.0,11.6788005828857,62.264931,62.265677,15.566419,1.409002,-52.63431
202037,473.0,11.6788005828857,28.225985,28.225985,14.112993,-0.726713,5.98247
202039,475.0,11.6788005828857,26.000978,26.000978,13.000489,-0.556252,4.9007
202042,478.0,11.6788005828857,24.545381,24.545381,8.181794,-1.606232,8.22143
202044,480.0,11.6788005828857,26.681776,26.681776,13.340888,2.579547,-75.03956
202047,483.0,11.6788005828857,8.905888,8.905888,2.968629,-3.45742,5.95838
202049,485.0,11.6788005828857,4.347397,4.347397,2.173699,-0.397465,0.34955
202051,487.0,11.6788005828857,10.468292,10.468292,5.234146,1.530224,-17.83914
202053,489.0,11.6769331519676,19.894409,19.894409,9.947205,2.35653,-50.37428
202056,492.0,11.4136059558321,26.089674,26.091003,8.697001,-0.416735,3.19205
202100,496.0,11.3740005493164,64.395878,64.39589,16.098972,1.850493,-70.51616
202103,499.0,11.3740005493164,39.421551,39.421551,13.140517,-0.986152,8.1922
202107,503.0,11.0692005157471,74.108083,74.108709,18.527177,1.346665,-65.04513
202110,506.0,11.0692005157471,36.356734,36.356734,12.118911,-2.136089,16.35998
202114,510.0,11.0692005157471,68.920045,68.920045,17.230011,1.277775,-57.69238
202116,512.0,10.8391301316523,33.025916,33.026718,16.513359,-0.358326,2.19172
202119,515.0,10.7644004821777,31.732356,31.732444,10.577481,-1.978626,13.30099
202121,517.0,10.7644004821777,31.639853,31.639853,15.819927,2.621223,-93.27597
202123,519.0,10.7644004821777,31.917366,31.917366,15.958683,0.069378,-2.12447
202125,521.0,10.7644004821777,33.312355,33.312355,16.656178,0.348748,-24.36974
202128,524.0,10.7135489005787,34.784118,34.784156,11.594719,-1.687153,12.62167
202132,528.0,10.4699695269331,71.972823,71.973235,17.993309,1.599648,-71.64746
202135,531.0,10.4662583543541,48.107926,48.107926,16.035975,-0.652445,4.63117
202137,533.0,10.4827774061634,37.929369,37.929373,18.964686,1.464356,-52.10804
202139,535.0,10.5100305813589,37.28132,37.28133,18.640665,-0.162011,-2.37555
202142,538.0,10.5074174927572,35.801182,35.801182,11.933727,-2.235646,16.78163
202144,540.0,10.4053541724093,33.489021,33.489177,16.744588,2.405431,-91.80703
202146,542.0,10.0122992428687,32.020496,32.022908,16.011454,-0.366567,3.07519
202148,544.0,9.84475654775388,31.639857,31.640301,15.82015,-0.095652,0.02003
202150,546.0,9.82570899938496,32.100836,32.100841,16.050421,0.115136,-2.58408
202152,548.0,9.82282040397638,31.920468,31.920468,15.960234,-0.045094,-1.04132
202155,551.0,9.82865707646122,34.321583,34.321584,11.440528,-1.506569,11.11544
202159,555.0,9.82900047302246,74.286857,74.286857,18.571714,1.782797,-62.38454
202201,557.0,9.82900047302246,38.301332,38.301332,19.150666,0.289476,-29.67532
202204,560.0,9.82900047302246,37.194623,37.194623,12.398208,-2.250819,17.40793
202208,564.0,9.82900047302246,76.8751,76.8751,19.218775,1.705142,-83.75557
202210,566.0,9.72393963751623,40.98166,40.981795,20.490897,0.636061,-47.12017
202213,569.0,9.82900333404541,41.632786,41.632919,13.87764,-2.204419,17.91566
202220,576.0,9.59829668990081,127.478695,127.478904,18.211272,0.61909,-38.04466
202224,580.0,9.52420944670941,78.821567,78.821602,19.7054,0.373532,-34.37449
202226,582.0,9.52441143689142,32.470874,32.470874,16.235437,-1.734981,14.87909
202229,585.0,9.18152283595483,28.678027,28.680077,9.560026,-2.225137,13.86269
202231,587.0,8.94535904229188,27.79034,27.791343,13.895672,2.167823,-65.11483
202233,589.0,8.91460037231445,22.80309,22.803111,11.401555,-1.247058,9.4315
202236,592.0,8.91460037231445,19.064972,19.064972,6.354991,-1.682188,6.5544
202238,594.0,8.91460094110265,5.745254,5.745254,2.872627,-1.741182,2.85023
202239,595.0,8.91460100290074,0.215861,0.215861,0.215861,-2.656766,0.00649
202332,648.0,8.91339900438755,11.174845,11.174845,0.210846,-9.5e-05,-0.33171
202338,654.0,8.30500030517578,91.223706,91.225734,15.204289,2.498907,-83.26779
202341,657.0,8.30500030517578,37.836371,37.836371,12.612124,-0.864055,7.27689
202345,661.0,8.35449481550274,83.813879,83.813893,20.953473,2.085337,-84.44669
202347,663.0,8.60980033874512,42.834007,42.834768,21.417384,0.231955,-11.09368
202350,666.0,8.60980033874512,43.12657,43.12657,14.375523,-2.347287,19.63455
202354,670.0,8.84631895720163,82.259782,82.260122,20.565031,1.547377,-61.69865
202357,673.0,8.91460037231445,39.965295,39.965353,13.321784,-2.414416,19.2644
202401,677.0,9.21941245506406,79.942956,79.943537,19.985884,1.666025,-64.7329
202403,679.0,9.51609274754547,41.536549,41.537608,20.768804,0.39146,-16.60539
202405,681.0,9.52420330047608,39.135265,39.135266,19.567633,-0.600585,1.77626
202408,684.0,9.70315969621294,32.563176,32.563668,10.854556,-2.904359,19.099
202410,686.0,9.82899795738945,27.301258,27.301549,13.650774,1.398109,-34.62944
202412,688.0,9.82900333404541,24.330888,24.330888,12.165444,-0.742665,6.41121
202414,690.0,9.82906424733588,28.771164,28.771164,14.385582,1.110069,-27.35414
202416,692.0,9.98990578773394,32.937904,32.938297,16.469149,1.041783,-31.72952
202419,695.0,10.35536424917,37.097619,37.09942,12.366473,-1.367559,10.24497
202423,699.0,10.7434005737305,78.087205,78.088169,19.522042,1.788892,-68.18751
202425,701.0,10.7434005737305,40.982108,40.982108,20.491054,0.484506,-41.99197
202427,703.0,10.7434005737305,41.728838,41.728838,20.864419,0.186682,-9.00444
202430,706.0,10.7434005737305,42.925494,42.925494,14.308498,-2.185307,18.22369
202434,710.0,11.0482006072998,86.963059,86.963594,21.740898,1.8581,-79.47088
202436,712.0,11.0482006072998,44.964353,44.964353,22.482177,0.37064,-44.91595
202438,714.0,11.0482006072998,46.624568,46.624568,23.312284,0.415053,-50.35799
202441,717.0,11.0482006072998,48.659895,48.659895,16.219965,-2.364106,20.8875
202450,726.0,11.0482006072998,203.172121,203.172121,22.57468,0.706079,-60.27852
202459,735.0,11.0482006072998,201.302871,201.302871,22.366986,-0.023077,-8.42308
202503,739.0,11.0482006072998,81.141462,81.141462,20.285366,-0.520405,0.23407
202505,741.0,11.0482006072998,25.610849,25.610849,12.805424,-3.739971,28.95993
202507,743.0,11.0482006072998,14.340641,14.340641,7.17032,-2.817552,12.25272
202510,746.0,11.0482006072998,4.534311,4.534311,1.511437,-1.886294,1.46098
202512,748.0,11.0482006072998,4.349351,4.349351,2.174676,0.331619,-2.41899
202514,750.0,11.0482006072998,0.185018,0.185018,0.092509,-1.041083,-0.28526
202517,753.0,11.0482006072998,0.0,0.0,0.0,-0.030836,-0.35
202519,755.0,11.0482006072998,0.0,0.0,0.0,0.0,-0.35
202528,764.0,11.0482006072998,9.929034,9.929034,1.103226,0.122581,-0.33374
202530,766.0,11.0482006072998,0.185018,0.185018,0.092509,-0.505359,-0.31445
202531,767.0,11.0482006072998,0.0,0.0,0.0,-0.092509,-0.35
202542,778.0,11.0482006072998,16.380159,16.380159,1.489105,0.135373,-0.33894
202551,787.0,10.7434024810791,143.243035,143.243359,15.915929,1.60298,-61.21884
202555,791.0,10.7434024810791,73.267271,73.267271,18.316818,0.600222,-38.38321
202557,793.0,10.7412220992254,34.228577,34.228577,17.114289,-0.601264,3.55157
202559,795.0,10.4432254675576,30.438769,30.440228,15.220114,-0.947088,8.48219
202602,798.0,10.4255600900607,17.117448,17.117457,5.705819,-3.171432,10.87803
202604,800.0,10.2312191431124,9.346073,9.348093,4.674046,-0.515887,2.0595
202605,801.0,10.2168975142,1.850183,1.850239,1.850239,-2.823807,2.97183
202708,864.0,10.0352389905916,11.709074,11.710483,0.185881,-0.026418,-0.331
202710,866.0,9.82869700655173,20.075724,20.076787,10.038393,4.926256,-99.93
202713,869.0,9.60977256131737,26.091382,26.0923,8.697433,-0.446987,3.2617
202717,873.0,9.5271462609089,66.732583,66.732634,16.683159,1.996432,-78.46621
202720,876.0,9.0745666241273,40.164394,40.166943,13.388981,-1.098059,9.94138
202726,882.0,8.33434939543546,126.721687,126.723849,21.120641,1.28861,-75.65928
202728,884.0,8.62535617765843,43.675557,43.676527,21.838263,0.358811,-16.38983
202731,887.0,8.93761318880943,44.847592,44.848679,14.94956,-2.296234,18.95706
202735,891.0,10.3402443635388,86.057431,86.06886,21.517215,1.641914,-74.67868
202737,893.0,10.7241336711761,40.962347,40.964146,20.482073,-0.517571,-1.0925
202739,895.0,10.7434018255603,31.079798,31.079804,15.539902,-2.471086,21.43771
202742,898.0,10.802235680507,22.549657,22.549733,7.516578,-2.674441,12.12292
202744,900.0,10.9817213027783,7.39636,7.398538,3.699269,-1.908655,3.62199
202801,917.0,10.9907197734851,14.090095,14.090097,0.828829,-0.168849,-0.19867
202804,920.0,10.7734338994528,21.259145,21.260255,7.086752,2.085974,-30.54107
202806,922.0,10.7433965013907,24.803285,24.803303,12.401651,2.65745,-70.52578
202808,924.0,10.6690825568918,30.601145,30.601235,15.300618,1.449484,-53.3795
202810,926.0,10.4386005401611,33.076556,33.077359,16.538679,0.61903,-30.65506
202813,929.0,10.4386005401611,33.145051,33.145051,11.04835,-1.83011,12.81695
202818,934.0,10.1338024139404,75.957177,75.957789,15.191558,0.828642,-33.7311
202821,937.0,10.136803997801,30.689939,30.689939,10.22998,-1.653859,10.73425
202823,939.0,9.8094148854788,19.015233,19.018051,9.509025,-0.360478,3.63031
202825,941.0,9.72093767891424,3.979885,3.980869,1.990434,-3.759296,4.48707
202828,944.0,9.613189195865,6.68195,6.682818,2.227606,0.079057,-0.05068
202830,946.0,9.52535661788722,14.900407,14.900666,7.450333,2.611364,-40.49502
202832,948.0,9.49449210996042,20.683084,20.683107,10.341553,1.44561,-33.48836
202834,950.0,9.45659110177923,25.576339,25.576367,12.788184,1.223316,-36.70653
202836,952.0,8.93384037312112,29.68919,29.693791,14.846896,1.029356,-34.55299
202839,955.0,8.83325551538294,32.580639,32.580794,10.860265,-1.328877,9.57044
202843,959.0,8.8838743071141,70.727295,70.727313,17.681828,1.705391,-56.4918
202845,961.0,8.91976647449273,35.831647,35.831665,17.915833,0.117002,-4.64724
202847,963.0,8.9146032333374,37.811821,37.811821,18.905911,0.495039,-36.55424
202850,966.0,8.91411697416874,39.363113,39.363113,13.121038,-1.928291,15.47444
202854,970.0,9.21615373239532,77.171275,77.171866,19.292967,1.542982,-57.4831
202856,972.0,9.14912870634162,36.360741,36.360803,18.180401,-0.556283,2.56701
202858,974.0,9.21942395995377,35.367731,35.367801,17.683901,-0.24825,-0.69088
202900,976.0,9.28681292906087,35.429629,35.429693,17.714847,0.015473,-3.46076
202903,979.0,9.52421404100768,35.306781,35.307579,11.769193,-1.981885,14.31401
202907,983.0,9.82900047302246,73.67055,73.671181,18.417795,1.66215,-58.86913
202909,985.0,9.57802961138517,38.69253,38.693344,19.346672,0.464439,-34.56158
202911,987.0,9.31674492133123,39.46006,39.460925,19.730463,0.191896,-6.78878
202913,989.0,8.97345912174083,38.585382,38.586909,19.293454,-0.218504,-1.32994
202916,992.0,8.31734516217316,36.559663,36.56555,12.188517,-2.368312,19.34394
202918,994.0,8.00502329231876,32.835913,32.837398,16.418699,2.115091,-78.0968
202920,996.0,7.62418311119139,26.631029,26.633752,13.316876,-1.550912,13.71934
202922,998.0,7.31686282193929,20.350564,20.352885,10.176442,-1.570217,11.06611
202924,1000.0,7.13953093511571,11.466522,11.467893,5.733947,-2.221248,8.20293
202926,1002.0,7.13169836829804,0.861861,0.861897,0.430948,-2.6515,0.36038
202934,1010.0,7.07483891429524,10.08937,10.08953,1.261191,0.10378,-0.27627
202936,1012.0,7.05914091739034,19.999053,19.99906,9.99953,4.36917,-90.35575
202938,1014.0,7.05342741927529,23.316938,23.316939,11.65847,0.82947,-24.02239
202940,1016.0,7.05706979137985,31.271304,31.271304,15.635652,1.988591,-57.58502
202943,1019.0,6.96386593084609,32.936619,32.936751,10.978917,-1.552245,11.11329
202947,1023.0,5.53443361955319,68.106374,68.121373,17.030343,1.512856,-57.73831
202949,1025.0,5.51638108057123,33.584247,33.584252,16.792126,-0.119108,-0.98184
202951,1027.0,5.51493423440827,32.660586,32.660586,16.330293,-0.230917,0.43113
202954,1030.0,5.51974899416853,31.918932,31.918932,10.639644,-1.896883,12.7182
202956,1032.0,5.52283373794809,30.253413,30.253413,15.126706,2.243531,-63.09831
202958,1034.0,5.52689124183494,28.125717,28.125717,14.062858,-0.531924,4.37035
203001,1037.0,5.5405591773168,41.182705,41.182707,13.727569,-0.111763,1.07502
203003,1039.0,5.55211119272671,23.248641,23.248644,11.624322,-1.051623,8.17399
203005,1041.0,5.57983865842559,23.339138,23.339154,11.669577,0.022628,0.77971
203008,1044.0,5.56149598693169,19.899769,19.899778,6.633259,-1.678773,6.88407
203010,1046.0,5.56180143356323,9.564377,9.564377,4.782188,-0.925536,2.69487
203022,1058.0,5.77517312076842,14.696779,14.698328,1.224861,-0.296444,-0.13231
203027,1063.0,6.46648902612586,54.698206,54.702575,10.940515,1.943131,-40.956
203031,1067.0,7.40297027708233,74.170709,74.176621,18.544155,1.90091,-71.15843
203033,1069.0,8.0061213685346,39.919407,39.923964,19.961982,0.708913,-31.19579
203035,1071.0,8.43585836861169,40.808643,40.810906,20.405453,0.221735,-10.61927
203038,1074.0,8.91029906561733,40.809482,40.81224,13.60408,-2.267124,17.52832
203042,1078.0,9.51208062688101,79.737282,79.739553,19.934888,1.582702,-62.69945
203044,1080.0,9.64299342559675,36.917179,36.917411,18.458706,-0.738091,3.76761
203047,1083.0,9.82900047302246,29.023203,29.023799,9.6746,-2.928035,17.01647
203049,1085.0,9.82900047302246,19.581019,19.581019,9.790509,0.057955,0.37326
203051,1087.0,9.82900047302246,13.669319,13.669319,6.834659,-1.477925,6.26288
203053,1089.0,9.82900047302246,16.73967,16.73967,8.369835,0.767588,-15.94648
203055,1091.0,9.82900047302246,21.932799,21.932799,10.966399,1.298282,-32.71898
203058,1094.0,9.82900047302246,28.494441,28.494441,9.498147,-0.489417,3.4019
203102,1098.0,9.87682064962668,64.736752,64.73677,16.184193,1.671512,-49.91566
203105,1101.0,9.82900047302246,44.6084,44.608426,14.869475,-0.438239,3.33036
203107,1103.0,9.82900047302246,34.600859,34.600859,17.30043,1.215477,-55.89321
203109,1105.0,9.82900047302246,35.710482,35.710482,17.855241,0.277406,-25.3292
203111,1107.0,9.82900047302246,35.341828,35.341828,17.670914,-0.092163,-2.10129
203114,1110.0,9.82900047302246,34.230088,34.230088,11.410029,-2.086962,14.99478
203116,1112.0,9.82900047302246,33.12011,33.12011,16.560055,2.575013,-97.09213
203118,1114.0,9.82788274584337,33.146794,33.146794,16.573397,0.006671,-2.07411
203120,1116.0,9.52993252408978,31.333647,31.335063,15.667532,-0.452933,3.81204
203122,1118.0,9.52420330047607,29.307693,29.307693,14.653847,-0.506843,3.9511
203125,1121.0,9.51130776182249,27.233075,27.233078,9.077693,-1.858718,10.56607
203127,1123.0,9.22170794079181,25.880837,25.882457,12.941228,1.931767,-53.00213
203129,1125.0,9.0321476265824,20.522829,20.523705,10.261852,-1.339688,9.42486
203131,1127.0,8.94946489160666,10.050418,10.050758,5.025379,-2.618236,8.10238
203133,1129.0,9.15894066964195,16.371814,16.373154,8.186577,1.580599,-25.20662
203135,1131.0,9.21986086103094,24.735324,24.735399,12.3677,2.090561,-47.26713
203138,1134.0,9.2183102876596,26.916964,26.916964,8.972321,-1.131793,6.5725
203143,1139.0,9.52428799606632,56.5805,56.581327,11.316265,0.468789,-7.66011
203145,1141.0,9.52492151411213,25.253894,25.253894,12.626947,0.655341,-11.89612
