202954,0,281.463,0.0,0.0,0,0,-0.35
202955,1.0,281.671,6.359871,6.363271,6.363271,6.363271,-78.88761
202956,2.0,281.825,5.900981,5.90299,5.90299,-0.460281,0.85344
202957,3.0,281.386,6.006404,6.022426,6.022426,0.119436,2.20556
202958,4.0,281.526,5.303279,5.305126,5.305126,-0.7173,1.48395
202959,5.0,280.709,5.059804,5.12534,5.12534,-0.179786,5.12708
203000,6.0,280.395,5.228319,5.23774,5.23774,0.1124,1.51097
203001,7.0,280.527,4.337252,4.33926,4.33926,-0.89848,1.48895
203002,8.0,282.408,3.228148,3.736188,3.736188,-0.603072,-29.92475
203003,9.0,281.603,2.456639,2.58517,2.58517,-1.151018,5.98615
203004,10.0,282.163,2.12468,2.197241,2.197241,-0.387929,-8.5122
203005,11.0,282.607,1.342764,1.414267,1.414267,-0.782974,-6.09963
203006,12.0,282.823,0.469451,0.516759,0.516759,-0.897508,-3.33722
203007,13.0,282.646,0.134176,0.222108,0.222108,-0.294651,-0.29477
203008,14.0,282.509,0.111195,0.176446,0.176446,-0.045662,-0.33085
203009,15.0,282.477,0.683864,0.684613,0.684613,0.508167,-0.31237
203010,16.0,283.259,1.167217,1.404962,1.404962,0.720349,-16.38423
203011,17.0,283.085,2.105707,2.112884,2.112884,0.707922,-0.05453
203012,18.0,282.485,3.088441,3.146183,3.146183,1.033299,1.39895
203013,19.0,282.284,3.491045,3.496827,3.496827,0.350644,0.36667
203014,20.0,282.937,4.298219,4.347539,4.347539,0.850712,-18.20689
203015,21.0,283.006,4.572268,4.572788,4.572788,0.225249,-2.25035
203016,22.0,282.839,5.336177,5.338789,5.338789,0.766001,-6.56203
203017,23.0,282.546,5.724307,5.731801,5.731801,0.393012,0.50722
203018,24.0,282.839,6.023812,6.030934,6.030934,0.299133,-7.39358
203019,25.0,283.085,5.958272,5.963349,5.963349,-0.067585,-2.36917
203020,26.0,283.315,6.47322,6.477304,6.477304,0.513955,-8.95452
203021,27.0,282.247,7.23965,7.318002,7.318002,0.840698,2.75803
203022,28.0,282.763,7.005663,7.02464,7.02464,-0.293362,-3.86994
203023,29.0,282.884,6.761949,6.763032,6.763032,-0.261608,0.59143
203024,30.0,282.67,6.382831,6.386417,6.386417,-0.376615,2.75922
203025,31.0,282.102,6.083478,6.109937,6.109937,-0.27648,4.28222
203026,32.0,282.308,4.77101,4.775455,4.775455,-1.334482,2.5136
203027,33.0,281.941,3.274123,3.294627,3.294627,-1.480828,4.70101
203028,34.0,282.131,2.328593,2.336331,2.336331,-0.958296,0.05674
203029,35.0,282.268,1.531248,1.537365,1.537365,-0.798966,-0.28715
203030,36.0,281.962,0.821682,0.87681,0.87681,-0.660555,1.73812
203031,37.0,282.255,0.268351,0.397318,0.397318,-0.479492,-0.20987
203032,38.0,282.268,0.186868,0.187319,0.187319,-0.209999,-0.31235
203033,39.0,281.869,0.150184,0.426329,0.426329,0.23901,-0.66149
203034,40.0,282.522,0.186868,0.679212,0.679212,0.252883,-12.60408
203035,41.0,282.094,0.186868,0.467016,0.467016,-0.212196,-0.25553
203036,42.0,282.015,0.075092,0.108995,0.108995,-0.358021,-0.31901
203037,43.0,282.3,0.134176,0.315005,0.315005,0.20601,-0.56047
203038,44.0,281.986,0.0,0.314,0.0,-0.315005,-0.35
203039,45.0,282.002,0.075092,0.076778,0.076778,0.076778,-0.34696
203040,46.0,281.7,0.075092,0.311196,0.311196,0.234418,-0.57465
203041,47.0,281.708,0.0,0.008,0.0,-0.311196,-0.35
203042,48.0,281.51,0.075092,0.211761,0.211761,0.211761,-0.49378
203043,49.0,281.724,0.0,0.214,0.0,-0.211761,-0.35
203044,50.0,282.155,0.0,0.431,0.0,0.0,-0.35
203045,51.0,281.793,0.610941,0.710136,0.710136,0.710136,1.42367
203046,52.0,282.231,2.205889,2.248953,2.248953,1.538817,-14.39257
203047,53.0,282.192,3.863001,3.863198,3.863198,1.614245,-12.53247
203048,54.0,282.63,5.43718,5.454793,5.454793,1.591595,-23.28914
203049,55.0,282.53,6.345067,6.345855,6.345855,0.891062,-11.10668
203050,56.0,282.662,7.430827,7.431999,7.431999,1.086144,-15.76205
203051,57.0,282.823,8.477487,8.479016,8.479016,1.047017,-17.41641
203052,58.0,282.784,9.108532,9.108616,9.108616,0.6296,-13.45121
203053,59.0,282.586,9.759096,9.761104,9.761104,0.652488,-11.98355
203054,60.0,281.7,10.236964,10.275234,10.275234,0.51413,2.60764
203055,61.0,281.994,10.772897,10.776908,10.776908,0.501674,-12.30393
203056,62.0,281.925,11.040889,11.041105,11.041105,0.264197,-8.44619
203057,63.0,281.793,11.213926,11.214703,11.214703,0.173598,0.45654
203058,64.0,281.632,11.404157,11.405294,11.405294,0.190591,0.51744
203059,65.0,281.087,11.34796,11.36104,11.36104,-0.044254,4.1372
203100,66.0,280.326,11.365764,11.391212,11.391212,0.030172,4.85791
203101,67.0,280.096,11.022456,11.024855,11.024855,-0.366357,4.33853
203102,68.0,279.79,10.524575,10.529022,10.529022,-0.495833,5.35209
203103,69.0,279.475,9.818531,9.823583,9.823583,-0.705439,6.26731
203104,70.0,279.113,9.052971,9.060205,9.060205,-0.763378,6.42049
203105,71.0,278.154,7.923068,7.980895,7.980895,-1.07931,10.54166
203106,72.0,277.993,6.697097,6.699031,6.699031,-1.281864,5.9787
203107,73.0,277.732,6.065567,6.071179,6.071179,-0.627852,3.77787
203108,74.0,276.979,5.836037,5.884415,5.884415,-0.186764,4.94852
203109,75.0,278.078,6.333426,6.42807,6.42807,0.543655,-25.41194
203110,76.0,277.615,7.081704,7.096823,7.096823,0.668753,0.18496
203111,77.0,276.273,8.036465,8.147744,8.147744,1.050921,3.00886
203112,78.0,276.149,8.477421,8.478328,8.478328,0.330584,-6.06674
203113,79.0,276.45,9.06969,9.074684,9.074684,0.596356,-13.21143
203114,80.0,276.035,9.930704,9.939371,9.939371,0.864687,-12.24676
203115,81.0,275.628,10.851514,10.859144,10.859144,0.919773,-15.4617
203116,82.0,276.188,11.205615,11.219599,11.219599,0.360455,-14.44568
203117,83.0,274.799,11.27994,11.365138,11.365138,0.145539,7.58389
203118,84.0,274.238,11.372184,11.386012,11.386012,0.020874,3.81278
203119,85.0,274.73,11.392245,11.402864,11.402864,0.016852,-5.80451
203120,86.0,274.109,11.241533,11.258672,11.258672,-0.144192,5.1724
203121,87.0,273.34,11.827015,11.851989,11.851989,0.593317,1.20874
203122,88.0,273.425,12.232364,12.232659,12.232659,0.38067,-6.32435
203123,89.0,272.611,12.121177,12.148479,12.148479,-0.08418,6.0333
203124,90.0,272.28,11.897857,11.90246,11.90246,-0.246019,4.40402
203125,91.0,272.22,11.675709,11.675863,11.675863,-0.226597,2.71365
203126,92.0,271.66,11.342131,11.355947,11.355947,-0.319916,5.98119
203127,93.0,271.467,11.453324,11.45495,11.45495,0.099003,1.28703
203128,94.0,270.555,11.342131,11.378738,11.378738,-0.076212,6.37149
203129,95.0,270.333,11.342877,11.345049,11.345049,-0.033689,2.28399
203130,96.0,270.079,11.453324,11.45614,11.45614,0.111091,1.54604
203131,97.0,269.68,11.903779,11.910464,11.910464,0.454324,0.0874
203132,98.0,269.067,12.009991,12.025625,12.025625,0.115161,3.632
203133,99.0,269.12,12.237202,12.237317,12.237317,0.211692,-1.82217
203134,100.0,268.843,12.344692,12.3478,12.3478,0.110483,1.61954
203135,101.0,268.201,12.454737,12.471273,12.471273,0.123473,3.46837
203136,102.0,268.354,12.454058,12.454998,12.454998,-0.016275,0.06885
203137,103.0,268.0,12.567046,12.572031,12.572031,0.117033,1.86068
203138,104.0,267.818,12.568616,12.569933,12.569933,-0.002098,1.75516
203139,105.0,267.342,12.457453,12.466544,12.466544,-0.103389,4.14655
203140,106.0,266.988,12.457453,12.462482,12.462482,-0.004062,2.77834
203141,107.0,266.528,12.34355,12.352119,12.352119,-0.110363,4.16263
203142,108.0,266.383,12.34355,12.344402,12.344402,-0.007717,1.71409
203143,109.0,266.153,12.232364,12.234526,12.234526,-0.109876,2.94509
203144,110.0,265.868,12.233516,12.236835,12.236835,0.002309,2.47508
203145,111.0,265.875,12.233516,12.233518,12.233518,-0.003317,0.90344
203146,112.0,265.767,12.233516,12.233993,12.233993,0.000475,1.512
203147,113.0,265.4,12.455869,12.461274,12.461274,0.227281,1.2284
203148,114.0,265.537,12.568616,12.569362,12.569362,0.108088,-1.10356
203149,115.0,265.299,12.565924,12.568178,12.568178,-0.001184,2.05896
203150,116.0,264.686,12.565251,12.580195,12.580195,0.012017,4.02914
203151,117.0,264.295,12.565251,12.571333,12.571333,-0.008862,2.95627
203152,118.0,264.665,12.565251,12.570697,12.570697,-0.000636,-2.84245
203153,119.0,264.634,12.89883,12.898867,12.898867,0.32817,-13.17334
203154,120.0,264.28,13.232409,13.237144,13.237144,0.338277,-0.22736
203155,121.0,263.896,13.343602,13.349127,13.349127,0.111983,1.5461
203156,122.0,264.665,13.233048,13.255374,13.255374,-0.093753,-8.04516
203157,123.0,264.097,13.121861,13.134148,13.134148,-0.121226,4.43452
203158,124.0,263.283,13.233048,13.25806,13.25806,0.123912,3.89471
203159,125.0,263.521,13.010023,13.0122,13.0122,-0.24586,0.96367
203200,126.0,263.154,12.788298,12.793563,12.793563,-0.218637,4.20783
203201,127.0,262.969,13.010023,13.011338,13.011338,0.217775,-0.09558
203202,128.0,262.961,13.232196,13.232199,13.232199,0.220861,-11.57489
203203,129.0,263.101,13.232196,13.232937,13.232937,0.000738,-0.43744
203204,130.0,263.03,13.232196,13.232387,13.232387,-0.00055,0.73743
203205,131.0,262.694,13.454796,13.45899,13.45899,0.226603,0.33519
203206,132.0,262.908,13.565781,13.567469,13.567469,0.108479,-2.9516
203207,133.0,262.15,13.899366,13.920019,13.920019,0.35255,1.3095
203208,134.0,261.859,14.233149,14.236123,14.236123,0.316104,-1.26411
203209,135.0,262.094,14.344931,14.346856,14.346856,0.110733,-3.76739
203210,136.0,261.275,14.123552,14.147278,14.147278,-0.199578,5.8368
203211,137.0,261.183,13.900177,13.900481,13.900481,-0.246797,2.33876
203212,138.0,260.747,13.788171,13.795063,13.795063,-0.105418,3.19827
203213,139.0,260.792,13.454796,13.454871,13.454871,-0.340192,2.52694
203214,140.0,260.287,13.343602,13.353155,13.353155,-0.101716,3.81746
203215,141.0,260.142,13.343602,13.34439,13.34439,-0.008765,1.13692
203216,142.0,259.941,13.343391,13.344905,13.344905,0.000515,1.37609
203217,143.0,259.029,13.121216,13.152873,13.152873,-0.192032,6.84781
203218,144.0,259.558,12.676444,12.687477,12.687477,-0.465396,1.07154
203219,145.0,258.876,12.12048,12.139652,12.139652,-0.547825,8.4769
203220,146.0,258.194,12.009991,12.029339,12.029339,-0.110313,5.53768
203221,147.0,257.227,12.009287,12.048156,12.048156,0.018817,6.2272
203222,148.0,256.279,11.786662,11.824725,11.824725,-0.223431,7.63781
203223,149.0,255.666,11.342131,11.358684,11.358684,-0.466041,7.20931
203224,150.0,254.762,10.897103,10.934535,10.934535,-0.424149,8.38426
203225,151.0,253.298,10.452593,10.554619,10.554619,-0.379916,11.06826
203226,152.0,252.915,10.342218,10.349308,10.349308,-0.205311,4.01044
203227,153.0,252.762,10.563785,10.564893,10.564893,0.215585,0.2931
203228,154.0,252.096,11.008554,11.028681,11.028681,0.463788,1.59521
203229,155.0,252.447,11.786662,11.791887,11.791887,0.763206,-19.64689
203230,156.0,251.422,12.454058,12.496167,12.496167,0.70428,1.48339
203231,157.0,250.809,13.121216,13.135527,13.135527,0.63936,-0.93988
203232,158.0,250.037,13.343602,13.365916,13.365916,0.230389,2.78645
203233,159.0,248.888,13.788375,13.836166,13.836166,0.47025,2.62701
203234,160.0,247.731,14.010561,14.058252,14.058252,0.222086,4.42099
203235,161.0,246.972,14.233743,14.253965,14.253965,0.195713,2.27026
203236,162.0,246.859,14.232951,14.233399,14.233399,-0.020566,0.4534
203237,163.0,247.118,14.232951,14.235307,14.235307,0.001908,-1.78185
203238,164.0,246.338,14.121756,14.143281,14.143281,-0.092026,4.76869
203239,165.0,246.1,14.121955,14.123961,14.123961,-0.01932,1.21121
203240,166.0,245.963,14.010762,14.011432,14.011432,-0.112529,1.46719
203241,167.0,245.511,13.788171,13.795578,13.795578,-0.215854,4.14455
203242,168.0,245.313,13.343602,13.345071,13.345071,-0.450507,4.74755
203243,169.0,245.144,13.009806,13.010904,13.010904,-0.334167,3.8588
203244,170.0,245.35,12.898611,12.900256,12.900256,-0.110648,0.21124
203245,171.0,244.769,12.676444,12.689751,12.689751,-0.210505,5.37942
203246,172.0,245.168,12.89883,12.905,12.905,0.215249,-8.70916
203247,173.0,245.649,12.898611,12.907577,12.907577,0.002577,-5.03955
203248,174.0,245.228,13.232196,13.238892,13.238892,0.331315,0.19391
203249,175.0,244.356,13.343391,13.371854,13.371854,0.132962,4.06745
203250,176.0,244.304,13.579069,13.579169,13.579169,0.207315,-1.17858
203251,177.0,244.518,13.826365,13.828021,13.828021,0.248852,-6.73802
203252,178.0,245.107,13.738327,13.750947,13.750947,-0.077074,-5.16327
203253,179.0,244.462,13.841176,13.856197,13.856197,0.10525,2.67193
203254,180.0,244.623,13.306015,13.306989,13.306989,-0.549208,3.51932
203255,181.0,244.417,13.412909,13.414491,13.414491,0.107502,0.55204
203256,182.0,243.973,13.711019,13.718206,13.718206,0.303715,0.13225
203257,183.0,244.219,13.861445,13.863628,13.863628,0.145422,-4.64507
203258,184.0,243.453,13.626787,13.648299,13.648299,-0.215329,5.95584
203259,185.0,243.315,13.498345,13.49905,13.49905,-0.149249,2.06721
203300,186.0,243.336,13.498342,13.498359,13.498359,-0.000691,0.06119
203301,187.0,242.985,13.265275,13.269918,13.269918,-0.228441,3.96261
203302,188.0,242.435,13.278393,13.289778,13.289778,0.01986,3.19417
203303,189.0,242.251,13.368948,13.370215,13.370215,0.080437,0.66551
203304,190.0,241.899,13.278389,13.283054,13.283054,-0.087161,2.90542
203305,191.0,241.249,13.069886,13.086039,13.086039,-0.197015,5.47282
203306,192.0,241.088,13.101754,13.102743,13.102743,0.016704,1.18865
203307,193.0,241.051,13.335176,13.335227,13.335227,0.232484,-11.52036
203308,194.0,240.345,13.520585,13.539005,13.539005,0.203778,2.4905
203309,195.0,239.611,13.396434,13.416527,13.416527,-0.122478,5.20246
203310,196.0,239.312,13.288302,13.291666,13.291666,-0.124861,2.88991
203311,197.0,238.609,13.065136,13.084035,13.084035,-0.207631,5.84474
203312,198.0,237.692,12.677111,12.710233,12.710233,-0.373802,8.39353
203313,199.0,237.325,12.57601,12.581364,12.581364,-0.128869,3.66901
203314,200.0,236.324,12.713732,12.753078,12.753078,0.171714,4.92623
203315,201.0,235.658,12.969197,12.986286,12.986286,0.233208,2.4667
203316,202.0,234.826,12.977233,13.003876,13.003876,0.01759,4.9483
203317,203.0,234.12,12.85094,12.870318,12.870318,-0.133558,5.42876
203318,204.0,233.615,12.740299,12.750304,12.750304,-0.120014,4.28318
203319,205.0,232.852,12.297837,12.321484,12.321484,-0.42882,8.05976
203320,206.0,232.033,11.618965,11.647794,11.647794,-0.67369,9.82836
203321,207.0,230.986,10.947665,10.997617,10.997617,-0.650177,10.59764
203322,208.0,229.81,9.937263,10.006606,10.006606,-0.991011,12.72737
203323,209.0,229.604,8.712425,8.71486,8.71486,-1.291746,7.96019
203324,210.0,228.878,6.934835,6.972734,6.972734,-1.742126,11.13137
203325,211.0,229.374,5.141888,5.165755,5.165755,-1.806979,2.6168
203326,212.0,228.281,3.476345,3.644121,3.644121,-1.521634,9.11541
203327,213.0,228.434,2.133935,2.139413,2.139413,-1.504708,0.79591
203328,214.0,228.526,1.232324,1.235753,1.235753,-0.90366,-0.12679
203329,215.0,228.114,0.234718,0.474169,0.474169,-0.761584,-0.10748
203330,216.0,228.349,0.333585,0.408049,0.408049,-0.06612,-0.30101
203331,217.0,228.336,0.22239,0.222769,0.222769,-0.18528,-0.30832
203332,218.0,228.244,0.22239,0.240668,0.240668,0.017899,-0.33249
203333,219.0,227.572,0.111195,0.681138,0.681138,0.44047,3.24774
203334,220.0,227.884,0.22239,0.383147,0.383147,-0.297991,-0.254
203335,221.0,228.32,0.134162,0.456175,0.456175,0.073028,-0.33095
203336,222.0,227.739,0.111195,0.591545,0.591545,0.13537,2.86167
203337,223.0,227.868,0.134162,0.18612,0.18612,-0.405425,-0.29212
203338,224.0,227.847,0.111195,0.113161,0.113161,-0.072959,-0.33598
203339,225.0,228.006,0.075068,0.17583,0.17583,0.062669,-0.34164
203340,226.0,227.839,0.111195,0.200632,0.200632,0.024802,-0.33618
203341,227.0,227.847,0.111195,0.111482,0.111482,-0.08915,-0.33517
203342,228.0,228.458,0.0,0.611,0.0,-0.111482,-0.35
203343,229.0,228.067,0.134162,0.413377,0.413377,0.413377,-0.78838
203344,230.0,227.715,0.111195,0.369145,0.369145,-0.044232,-0.31023
203345,231.0,228.135,0.0,0.42,0.0,-0.369145,-0.35
203346,232.0,227.852,0.111195,0.304061,0.304061,0.304061,-0.60956
203347,233.0,228.09,0.0,0.238,0.0,-0.304061,-0.35
203348,234.0,227.961,0.111195,0.170309,0.170309,0.170309,-0.45228
203349,235.0,228.053,0.0,0.092,0.0,-0.170309,-0.35
203350,236.0,228.587,0.0,0.534,0.0,0.0,-0.35
203351,237.0,227.945,0.0,0.642,0.0,0.0,-0.35
203352,238.0,228.175,0.075068,0.241941,0.241941,0.241941,-0.52809
203353,239.0,228.09,0.111195,0.139962,0.139962,-0.101979,-0.33038
203354,240.0,228.014,0.075068,0.106823,0.106823,-0.033139,-0.33916
203355,241.0,227.9,0.111195,0.159249,0.159249,0.052426,-0.34151
203356,242.0,228.558,0.0,0.658,0.0,-0.159249,-0.35
203357,243.0,228.701,0.341927,0.370625,0.370625,0.370625,-0.71306
203358,244.0,228.336,2.007132,2.04005,2.04005,1.669425,-0.08112
203359,245.0,227.99,4.581187,4.594235,4.594235,2.554185,-17.46348
203400,246.0,228.167,6.26346,6.265961,6.265961,1.671726,-21.56212
203401,247.0,227.395,7.274687,7.315536,7.315536,1.049575,0.26517
203402,248.0,227.501,8.941088,8.941717,8.941717,1.626181,-26.91604
203403,249.0,227.181,10.269518,10.274502,10.274502,1.332785,-23.8132
203404,250.0,226.991,11.051469,11.053102,11.053102,0.7786,-16.97373
203405,251.0,226.592,11.71618,11.722972,11.722972,0.66987,-12.01
203406,252.0,225.675,12.283162,12.317344,12.317344,0.594372,1.81859
203407,253.0,225.86,12.732996,12.734339,12.734339,0.416995,-9.49336
203408,254.0,225.149,12.954411,12.973907,12.973907,0.239568,2.67827
203409,255.0,224.439,13.280019,13.298985,13.298985,0.325078,1.78804
203410,256.0,224.507,13.729612,13.72978,13.72978,0.430795,-8.67965
203411,257.0,223.881,14.172739,14.186558,14.186558,0.456778,-0.4908
203412,258.0,223.477,14.726789,14.732329,14.732329,0.545771,-16.17812
203413,259.0,223.659,15.072004,15.073103,15.073103,0.340774,-9.71114
203414,260.0,223.268,15.182754,15.187788,15.187788,0.114685,0.10849
203415,261.0,224.063,14.942604,14.963738,14.963738,-0.22405,-4.9923
203416,262.0,224.018,15.059286,15.059353,15.059353,0.095615,-1.52774
203417,263.0,224.277,15.29351,15.295703,15.295703,0.23635,-8.33701
203418,264.0,223.836,15.52176,15.528023,15.528023,0.23232,-0.94912
203419,265.0,224.248,15.508685,15.514157,15.514157,-0.013866,-4.00673
203420,266.0,223.857,15.619505,15.624398,15.624398,0.110241,-0.24666
203421,267.0,224.713,15.708824,15.732129,15.732129,0.107731,-15.93857
203422,268.0,225.081,15.478135,15.482509,15.482509,-0.24962,-1.17181
203423,269.0,224.645,15.23389,15.240128,15.240128,-0.242381,3.37312
203424,270.0,225.295,14.720854,14.735198,14.735198,-0.50493,-0.11136
203425,271.0,225.355,15.020475,15.020595,15.020595,0.285397,-5.82284
203426,272.0,226.066,15.370363,15.386799,15.386799,0.366204,-20.57766
203427,273.0,226.685,15.403318,15.415751,15.415751,0.028952,-9.06546
203428,274.0,226.478,15.526782,15.528161,15.528161,0.11241,-1.19347
203429,275.0,227.303,15.872958,15.894384,15.894384,0.366223,-23.22985
203430,276.0,227.25,15.498448,15.498538,15.498538,-0.395846,2.41651
203431,277.0,227.105,15.075882,15.07658,15.07658,-0.421958,3.40095
203432,278.0,227.533,15.007519,15.013621,15.013621,-0.062959,-2.76037
203433,279.0,227.25,14.788416,14.791124,14.791124,-0.222497,2.66101
203434,280.0,227.662,14.398449,14.404343,14.404343,-0.386781,0.40139
203435,281.0,227.884,14.328429,14.330149,14.330149,-0.074194,-1.032
203436,282.0,228.188,14.377298,14.380512,14.380512,0.050363,-3.4153
203437,283.0,228.373,14.793687,14.794843,14.794843,0.414331,-11.5578
203438,284.0,227.953,14.788925,14.794888,14.794888,4.5e-05,1.56189
203439,285.0,228.603,14.900309,14.91448,14.91448,0.119592,-12.00313
203440,286.0,228.259,15.011503,15.015444,15.015444,0.100964,0.11516
203441,287.0,228.418,15.123255,15.124091,15.124091,0.108647,-2.82107
203442,288.0,228.357,15.345634,15.345755,15.345755,0.221664,-2.77826
203443,289.0,228.687,15.3449,15.348448,15.348448,0.002693,-3.0481
203444,290.0,228.328,15.23389,15.238119,15.238119,-0.110329,1.81664
203445,291.0,228.394,15.123255,15.123399,15.123399,-0.11472,-0.40585
203446,292.0,228.466,15.011315,15.011488,15.011488,-0.111911,-0.37976
203447,293.0,227.961,14.791973,14.80059,14.80059,-0.210898,3.78382
203448,294.0,228.495,14.801111,14.810741,14.810741,0.010151,-6.72764
203449,295.0,227.387,14.622317,14.664236,14.664236,-0.146505,6.67089
203450,296.0,227.694,14.959371,14.962521,14.962521,0.298285,-10.7218
203451,297.0,226.531,14.62497,14.671139,14.671139,-0.291382,8.1661
203452,298.0,226.677,14.663626,14.664353,14.664353,-0.006786,-1.4056
203453,299.0,226.502,14.840633,14.841665,14.841665,0.177312,-1.30791
203454,300.0,226.148,14.885754,14.889963,14.889963,0.048298,0.71871
203455,301.0,225.873,15.436802,15.439251,15.439251,0.549288,-20.59805
203456,302.0,225.601,15.527097,15.529479,15.529479,0.090228,-0.64187
203457,303.0,225.453,15.592331,15.593033,15.593033,0.063554,-1.14983
203458,304.0,224.766,15.904704,15.919534,15.919534,0.326501,-0.82612
203459,305.0,224.27,15.941313,15.949028,15.949028,0.029494,0.75371
203500,306.0,223.767,16.075013,16.08288,16.08288,0.133852,-0.2744
203501,307.0,223.268,16.111934,16.119659,16.119659,0.036779,0.54816
203502,308.0,223.194,16.245683,16.245852,16.245852,0.126193,-2.73353
203503,309.0,222.932,16.14911,16.151235,16.151235,-0.094617,0.40476
203504,310.0,222.592,16.26917,16.272723,16.272723,0.121488,-1.24842
203505,311.0,220.362,16.196978,16.34977,16.34977,0.077047,9.51893
203506,312.0,219.941,16.12586,16.131355,16.131355,-0.218415,2.42378
203507,313.0,219.59,16.052159,16.055996,16.055996,-0.075359,0.8035
203508,314.0,218.224,15.872396,15.931067,15.931067,-0.124929,6.95832
203509,315.0,217.796,15.667029,15.672874,15.672874,-0.258193,3.16315
203510,316.0,216.94,15.716043,15.739337,15.739337,0.066463,2.60245
203511,317.0,216.099,15.354249,15.377264,15.377264,-0.362073,6.55065
203512,318.0,216.031,15.854138,15.854284,15.854284,0.47702,-23.44568
203513,319.0,216.047,15.560707,15.560715,15.560715,-0.293569,1.10174
203514,320.0,214.062,15.482314,15.609045,15.609045,0.04833,9.11262
203515,321.0,213.727,15.570184,15.573788,15.573788,-0.035257,0.76673
203516,322.0,213.69,15.567471,15.567515,15.567515,-0.006273,-1.12723
203517,323.0,214.208,15.346552,15.355291,15.355291,-0.212224,-2.23339
203518,324.0,213.637,15.127166,15.137938,15.137938,-0.217353,3.97562
203519,325.0,213.322,15.018068,15.021371,15.021371,-0.116567,1.79001
203520,326.0,213.452,15.127165,15.127724,15.127724,0.106353,-2.64352
203521,327.0,213.225,15.236663,15.238354,15.238354,0.11063,-0.80616
203522,328.0,213.78,15.45901,15.46897,15.46897,0.230616,-13.79738
203523,329.0,213.301,15.570184,15.57755,15.57755,0.10858,0.29764
203524,330.0,213.658,15.45901,15.463132,15.463132,-0.114418,-2.27316
203525,331.0,213.346,15.347836,15.351007,15.351007,-0.112125,1.48738
203526,332.0,213.407,15.124186,15.124309,15.124309,-0.226698,0.5753
203527,333.0,213.491,15.12549,15.125723,15.125723,0.001414,-1.4945
203528,334.0,213.193,15.12549,15.128425,15.128425,0.002702,0.60139
203529,335.0,213.14,15.123255,15.123348,15.123348,-0.005077,-0.68092
203530,336.0,213.431,14.789687,14.79255,14.79255,-0.330798,0.39357
203531,337.0,213.14,14.455535,14.458464,14.458464,-0.334086,3.82629
203532,338.0,213.568,14.234731,14.241164,14.241164,-0.2173,-0.96023
203533,339.0,213.78,14.233742,14.235321,14.235321,-0.005843,-1.45828
203534,340.0,212.857,14.344342,14.374007,14.374007,0.138686,3.53789
203535,341.0,213.391,14.455535,14.465395,14.465395,0.091388,-8.83593
203536,342.0,213.605,14.568275,14.569847,14.569847,0.104452,-3.30644
203537,343.0,213.262,14.679457,14.683464,14.683464,0.113617,0.28547
203538,344.0,213.642,14.901821,14.906665,14.906665,0.223201,-9.90646
203539,345.0,213.743,15.012066,15.012405,15.012405,0.10574,-2.37842
203540,346.0,213.354,15.123255,15.128257,15.128257,0.115852,0.14055
203541,347.0,213.172,15.123255,15.12435,15.12435,-0.003907,0.02052
203542,348.0,212.857,15.124186,15.127466,15.127466,0.003116,0.69252
203543,349.0,212.033,15.123255,15.145686,15.145686,0.01822,3.3592
203544,350.0,212.765,15.123255,15.14096,15.14096,-0.004726,-10.08555
203545,351.0,212.316,15.23389,15.240505,15.240505,0.099545,0.51275
203546,352.0,212.141,15.234444,15.235449,15.235449,-0.005056,-0.09866
203547,353.0,211.668,15.234444,15.241785,15.241785,0.006336,1.44373
203548,354.0,211.798,15.124186,15.124745,15.124745,-0.11704,-0.73926
203549,355.0,211.613,15.235369,15.236492,15.236492,0.111747,-1.04585
203550,356.0,211.172,15.123255,15.129683,15.129683,-0.106809,2.32249
203551,357.0,210.63,15.012065,15.021847,15.021847,-0.107836,2.96931
203552,358.0,210.469,14.903144,14.904013,14.904013,-0.117834,1.03626
203553,359.0,210.545,14.457094,14.457293,14.457293,-0.44672,2.71734
203554,360.0,210.836,14.122553,14.125551,14.125551,-0.331742,0.77522
203555,361.0,211.074,13.565781,13.567869,13.567869,-0.557682,3.07229
203556,362.0,210.181,13.121216,13.151569,13.151569,-0.4163,8.40583
203557,363.0,210.791,12.678221,12.692887,12.692887,-0.458682,0.57676
203558,364.0,210.844,12.34469,12.344804,12.344804,-0.348083,2.9876
203559,365.0,210.331,11.566464,11.577834,11.577834,-0.76697,8.71018
203600,366.0,209.805,10.677087,10.690036,10.690036,-0.887798,8.99437
203601,367.0,209.021,9.343087,9.375923,9.375923,-1.314113,11.83339
203602,368.0,208.455,7.675752,7.696592,7.696592,-1.679331,10.76627
203603,369.0,208.997,6.004995,6.029405,6.029405,-1.667187,2.85259
203604,370.0,209.021,3.894716,3.894789,3.894789,-2.134616,4.52939
203605,371.0,208.83,2.002915,2.012001,2.012001,-1.882788,3.00453
203606,372.0,208.564,0.561017,0.620883,0.620883,-1.391118,1.65615
203607,373.0,209.235,0.075045,0.675184,0.675184,0.054301,-12.68368
203608,374.0,209.591,0.111195,0.372962,0.372962,-0.302222,-0.25567
203609,375.0,209.377,0.075045,0.226777,0.226777,-0.146185,-0.31256
203610,376.0,209.126,0.111195,0.274527,0.274527,0.04775,-0.33464
203611,377.0,208.783,0.0,0.343,0.0,-0.274527,-0.35
203612,378.0,209.005,0.111195,0.248291,0.248291,0.248291,-0.53575
203613,379.0,209.195,0.0,0.19,0.0,-0.248291,-0.35
203614,380.0,209.227,0.0,0.032,0.0,0.0,-0.35
203615,381.0,209.951,0.0,0.724,0.0,0.0,-0.35
203616,382.0,209.462,0.111195,0.501483,0.501483,0.501483,2.24979
203617,383.0,209.409,0.111195,0.12318,0.12318,-0.378303,-0.31357
203618,384.0,210.035,0.341922,0.713293,0.713293,0.590113,-12.56484
203619,385.0,209.782,2.114036,2.129121,2.129121,1.415828,-1.95579
203620,386.0,209.126,4.670187,4.716035,4.716035,2.586914,-12.6297
203621,387.0,209.34,6.227368,6.231044,6.231044,1.515009,-20.30284
203622,388.0,209.325,7.116871,7.116887,7.116887,0.885843,-14.19121
203623,389.0,209.295,8.453813,8.453866,8.453866,1.336979,-23.88369
203624,390.0,209.311,9.903459,9.903472,9.903472,1.449606,-24.47693
203625,391.0,209.211,10.677087,10.677555,10.677555,0.774083,-17.81845
203626,392.0,208.912,11.565246,11.569111,11.569111,0.891556,-18.44494
203627,393.0,208.593,12.342865,12.346987,12.346987,0.777876,-17.28456
203628,394.0,209.34,13.010023,13.031451,13.031451,0.684464,-26.80561
203629,395.0,208.516,13.344235,13.369652,13.369652,0.338201,2.26151
203630,396.0,208.104,13.565989,13.572243,13.572243,0.202591,0.85233
203631,397.0,208.73,13.565989,13.580424,13.580424,0.008181,-8.01707
203632,398.0,208.54,13.677799,13.679119,13.679119,0.098695,0.34315
203633,399.0,208.479,14.121955,14.122087,14.122087,0.442968,-18.20524
203634,400.0,208.273,14.45612,14.457587,14.457587,0.3355,-2.09039
203635,401.0,207.953,14.789687,14.793148,14.793148,0.335561,-1.78085
203636,402.0,207.488,14.789687,14.796995,14.796995,0.003847,1.77841
203637,403.0,207.359,14.901821,14.902379,14.902379,0.105384,-1.01114
203638,404.0,206.259,15.011503,15.051751,15.051751,0.149372,3.84934
203639,405.0,206.899,15.123255,15.136791,15.136791,0.08504,-10.94588
203640,406.0,205.2,15.012065,15.107902,15.107902,-0.028889,8.62218
203641,407.0,205.779,15.124186,15.135265,15.135265,0.027363,-8.16141
203642,408.0,204.568,15.012065,15.060831,15.060831,-0.074434,6.35124
203643,409.0,204.629,15.011503,15.011627,15.011627,-0.049204,-0.84723
203644,410.0,204.537,15.122696,15.122976,15.122976,0.111349,-1.4556
203645,411.0,204.521,15.233705,15.233713,15.233713,0.110737,-1.96727
203646,412.0,204.423,15.345083,15.345396,15.345396,0.111683,-1.62201
203647,413.0,204.568,15.345083,15.345768,15.345768,0.000372,-2.00262
203648,414.0,204.254,15.567471,15.570637,15.570637,0.224869,-1.62534
203649,415.0,204.5,15.568013,15.569957,15.569957,-0.00068,-2.74005
203650,416.0,203.728,15.568013,15.587143,15.587143,0.017186,2.709
203651,417.0,204.391,15.567471,15.581582,15.581582,-0.005561,-8.92666
203652,418.0,203.971,15.3449,15.350647,15.350647,-0.230935,3.11106
203653,419.0,203.95,15.235368,15.235383,15.235383,-0.115264,-0.00327
203654,420.0,204.719,15.346551,15.365806,15.365806,0.130423,-14.77305
203655,421.0,204.597,15.3449,15.345385,15.345385,-0.020421,-0.34862
203656,422.0,204.513,15.456277,15.456505,15.456505,0.11112,-1.79445
203657,423.0,204.965,15.456277,15.462885,15.462885,0.00638,-5.31951
203658,424.0,204.331,15.345083,15.358175,15.358175,-0.10471,3.19621
203659,425.0,204.925,15.234444,15.24602,15.24602,-0.112155,-4.45855
203700,426.0,204.574,15.12251,15.126583,15.126583,-0.119437,1.93591
203701,427.0,204.735,15.122696,15.123553,15.123553,-0.00303,-1.8794
203702,428.0,204.568,15.122696,15.123618,15.123618,6.5e-05,-0.09489
203703,429.0,205.435,15.123255,15.148086,15.148086,0.024468,-13.42801
203704,430.0,205.039,15.124185,15.129369,15.129369,-0.018717,1.32464
203705,431.0,204.827,15.011503,15.013,15.013,-0.116369,1.22643
203706,432.0,204.827,15.012065,15.012065,15.012065,-0.000935,-0.91861
203707,433.0,205.224,15.012065,15.017314,15.017314,0.005249,-4.11058
203708,434.0,204.933,15.012065,15.014885,15.014885,-0.002429,0.69837
203709,435.0,204.339,14.901821,14.913655,14.913655,-0.10123,3.28094
203710,436.0,204.436,14.901821,14.902136,14.902136,-0.011519,-1.27803
203711,437.0,204.368,14.789687,14.789843,14.789843,-0.112293,0.55907
203712,438.0,203.736,14.901821,14.915216,14.915216,0.125373,1.58748
203713,439.0,204.019,15.012065,15.014732,15.014732,0.099516,-4.67137
203714,440.0,204.087,15.012065,15.012219,15.012219,-0.002513,-1.28078
203715,441.0,204.375,15.012065,15.014828,15.014828,0.002609,-2.54079
203716,442.0,204.415,14.900309,14.900363,14.900363,-0.114465,-0.09866
203717,443.0,203.089,14.789116,14.848442,14.848442,-0.051921,6.958
203718,444.0,203.271,14.344342,14.345496,14.345496,-0.502946,2.64126
203719,445.0,203.44,14.124945,14.125956,14.125956,-0.21954,0.557
203720,446.0,202.494,14.160773,14.192336,14.192336,0.06638,4.3898
203721,447.0,202.114,13.445113,13.450482,13.450482,-0.741854,7.91887
203722,448.0,202.029,13.093558,13.093834,13.093834,-0.356648,3.52772
203723,449.0,201.197,12.810389,12.837378,12.837378,-0.256456,7.03074
203724,450.0,200.246,12.537503,12.573519,12.573519,-0.263859,7.8539
203725,451.0,199.743,12.498109,12.508227,12.508227,-0.065292,4.00949
203726,452.0,199.551,12.204751,12.206261,12.206261,-0.301966,4.07057
203727,453.0,198.996,11.679303,11.692482,11.692482,-0.513779,7.34346
203728,454.0,198.721,10.845413,10.848899,10.848899,-0.843583,7.44113
203729,455.0,198.425,9.681988,9.686512,9.686512,-1.162387,8.58244
203730,456.0,198.28,8.251881,8.253155,8.253155,-1.433357,7.89024
203731,457.0,197.532,6.910453,6.950817,6.950817,-1.302338,9.5088
203732,458.0,197.387,5.362278,5.364238,5.364238,-1.586579,5.71166
203733,459.0,197.442,3.294603,3.295062,3.295062,-2.069176,3.46266
203734,460.0,197.653,1.572919,1.587008,1.587008,-1.708054,0.14276
203735,461.0,197.844,1.367677,1.380949,1.380949,-0.206059,-2.97031
203736,462.0,197.722,0.683838,0.694636,0.694636,-0.686313,0.64946
203737,463.0,198.174,1.585397,1.648571,1.648571,0.953935,-11.2517
203738,464.0,197.844,2.596805,2.617689,2.617689,0.969118,0.26414
203739,465.0,197.624,4.131282,4.137135,4.137135,1.519446,-9.35241
203740,466.0,197.503,5.339466,5.340837,5.340837,1.203702,-11.84256
203741,467.0,197.236,6.116181,6.122006,6.122006,0.781169,-6.28129
203742,468.0,196.998,7.22806,7.231977,7.231977,1.109971,-13.35476
203743,469.0,197.167,8.450814,8.452504,8.452504,1.220527,-20.29388
203744,470.0,197.387,9.45276,9.45532,9.45532,1.002816,-19.24019
203745,471.0,196.686,9.785154,9.810231,9.810231,0.354911,2.53862
203746,472.0,196.229,9.567472,9.578381,9.578381,-0.23185,4.37018
203747,473.0,196.002,9.786304,9.788937,9.788937,0.210556,0.71836
203748,474.0,195.27,10.3414,10.367275,10.367275,0.578338,1.37087
203749,475.0,195.104,10.786169,10.787446,10.787446,0.420171,-9.58639
203750,476.0,194.554,11.455289,11.468485,11.468485,0.681039,-8.99984
203751,477.0,194.036,12.00999,12.021155,12.021155,0.55267,0.15283
203752,478.0,194.295,12.231442,12.234184,12.234184,0.213029,-5.66479
203753,479.0,193.122,12.342637,12.39825,12.39825,0.164066,6.16494
203754,480.0,193.352,12.567043,12.569147,12.569147,0.170897,-4.31283
203755,481.0,193.198,12.573089,12.574032,12.574032,0.004885,1.55193
203756,482.0,193.206,12.457448,12.45745,12.45745,-0.116582,1.57434
203757,483.0,193.534,12.790938,12.795143,12.795143,0.337693,-10.28208
203758,484.0,192.977,13.122932,13.134747,13.134747,0.339604,0.97028
203759,485.0,192.596,13.34529,13.350727,13.350727,0.21598,0.75053
203800,486.0,192.377,13.5691,13.570868,13.570868,0.220141,-0.34538
203801,487.0,191.851,13.790008,13.800036,13.800036,0.229168,1.09723
203802,488.0,192.012,14.012369,14.013294,14.013294,0.213258,-4.93619
203803,489.0,191.92,14.012369,14.012671,14.012671,-0.000623,0.33852
203804,490.0,191.676,14.010762,14.012886,14.012886,0.000215,1.17097
203805,491.0,191.523,14.012369,14.013204,14.013204,0.000318,0.66753
203806,492.0,191.219,14.015582,14.018879,14.018879,0.005675,1.45496
203807,493.0,191.182,13.900176,13.900225,13.900225,-0.118654,1.03669
203808,494.0,191.499,14.344342,14.347844,14.347844,0.447619,-14.419
203809,495.0,190.395,14.567308,14.609082,14.609082,0.261238,3.33638
203810,496.0,190.686,14.566729,14.569635,14.569635,-0.039447,-1.86418
203811,497.0,190.078,14.679456,14.692042,14.692042,0.122407,1.67024
203812,498.0,190.009,14.682523,14.682686,14.682686,-0.009356,-0.20894
203813,499.0,189.94,14.904842,14.905001,14.905001,0.222315,-2.3243
203814,500.0,189.65,14.90182,14.904642,14.904642,-0.000359,0.76404
203815,501.0,189.269,14.677922,14.682866,14.682866,-0.221776,3.26885
203816,502.0,188.67,14.344342,14.356843,14.356843,-0.326023,5.51941
203817,503.0,187.671,14.566535,14.600752,14.600752,0.243909,2.90681
203818,504.0,186.78,15.012065,15.038483,15.038483,0.437731,0.26805
203819,505.0,184.947,15.23389,15.34377,15.34377,0.305287,6.28803
203820,506.0,184.452,15.233705,15.241745,15.241745,-0.102025,2.49675
203821,507.0,184.331,15.23389,15.23437,15.23437,-0.007375,-0.37398
203822,508.0,184.209,14.90182,14.902319,14.902319,-0.332051,2.6206
203823,509.0,183.586,14.458455,14.471871,14.471871,-0.430448,6.43847
203824,510.0,182.201,14.237893,14.305098,14.305098,-0.166773,8.60572
203825,511.0,182.521,14.01779,14.021442,14.021442,-0.283656,0.2917
203826,512.0,181.501,14.0204,14.057454,14.057454,0.036012,5.14122
203827,513.0,180.846,14.248958,14.264005,14.264005,0.206551,1.60465
203828,514.0,180.267,14.160763,14.172595,14.172595,-0.09141,3.63843
203829,515.0,179.987,14.236084,14.238837,14.238837,0.066242,0.6799
203830,516.0,180.449,14.303507,14.310967,14.310967,0.07213,-6.90046
203831,517.0,180.975,14.884977,14.894268,14.894268,0.583301,-22.74543
203832,518.0,180.222,15.230481,15.249083,15.249083,0.354815,-0.00478
203833,519.0,180.809,15.651742,15.662745,15.662745,0.413662,-19.95986
203834,520.0,180.024,15.886555,15.905937,15.905937,0.243192,0.479
203835,521.0,178.428,16.152995,16.23165,16.23165,0.325713,3.86485
203836,522.0,178.549,16.286233,16.286683,16.286683,0.055033,-3.19433
203837,523.0,178.769,16.524557,16.526022,16.526022,0.239339,-8.70685
203838,524.0,178.465,16.729473,16.732235,16.732235,0.206213,-2.70532
203839,525.0,177.606,16.996594,17.018287,17.018287,0.286052,-0.71846
203840,526.0,177.773,17.494795,17.495592,17.495592,0.477305,-16.45892
203841,527.0,177.144,18.090666,18.101598,18.101598,0.606006,-24.0103
203842,528.0,177.043,18.349462,18.34974,18.34974,0.248142,-6.12809
203843,529.0,177.035,18.419863,18.419865,18.419865,0.070125,-4.88431
203844,530.0,177.522,17.700961,17.707659,17.707659,-0.712206,0.9825
203845,531.0,178.853,17.218643,17.270009,17.270009,-0.43765,-7.86289
203846,532.0,179.805,15.679127,15.708002,15.708002,-1.562007,7.04813
203847,533.0,179.971,14.364216,14.365175,14.365175,-1.342827,9.51225
203848,534.0,180.603,13.553175,13.567903,13.567903,-0.797272,2.72808
203849,535.0,181.704,13.646827,13.691168,13.691168,0.123265,-19.83635
203850,536.0,182.457,13.725766,13.746405,13.746405,0.055237,-11.63565
203851,537.0,183.485,13.744477,13.782868,13.782868,0.036463,-16.26265
203852,538.0,185.068,13.972509,14.061895,14.061895,0.279027,-33.10643
203853,539.0,187.079,13.820469,13.966012,13.966012,-0.095883,-31.06858
203854,540.0,187.2,14.269667,14.27018,14.27018,0.304168,-6.82053
203855,541.0,188.379,14.462226,14.510205,14.510205,0.240025,-24.90147
203856,542.0,188.614,14.401575,14.403493,14.403493,-0.106712,-0.88881
203857,543.0,190.472,14.629347,14.746862,14.746862,0.343369,-40.56467
203858,544.0,191.433,15.109139,15.13967,15.13967,0.392808,-25.71529
203859,545.0,193.648,15.407074,15.56548,15.56548,0.42581,-50.42244
203900,546.0,194.858,15.590339,15.637224,15.637224,0.071744,-21.3816
203901,547.0,195.682,15.890402,15.911752,15.911752,0.274528,-20.46086
203902,548.0,196.937,16.080889,16.129787,16.129787,0.218035,-26.93253
203903,549.0,199.109,16.519333,16.661511,16.661511,0.531724,-54.27175
203904,550.0,200.412,16.764357,16.814918,16.814918,0.153407,-26.33009
203905,551.0,201.472,16.983003,17.016051,17.016051,0.201133,-23.50216
203906,552.0,203.255,17.228032,17.320051,17.320051,0.304,-40.54132
203907,553.0,204.185,17.468702,17.49344,17.49344,0.173389,-20.56813
203908,554.0,205.361,17.721568,17.760545,17.760545,0.267105,-28.495
203909,555.0,205.443,18.087452,18.087637,18.087637,0.327092,-10.56804
203910,556.0,207.343,18.378959,18.476909,18.476909,0.389272,-46.91598
203911,557.0,209.243,18.60502,18.701785,18.701785,0.224876,-41.38179
203912,558.0,210.371,18.937885,18.971449,18.971449,0.269664,-28.91928
203913,559.0,213.185,19.208195,19.413226,19.413226,0.441777,-66.99488
203914,560.0,213.888,19.430679,19.443392,19.443392,0.030166,-12.72121
203915,561.0,214.43,19.28032,19.287936,19.287936,-0.155456,-6.52024
203916,562.0,214.72,18.905216,18.90744,18.90744,-0.380496,-2.31682
203917,563.0,215.764,18.755504,18.784538,18.784538,-0.122902,-13.21895
203918,564.0,216.176,18.755504,18.760028,18.760028,-0.02451,-6.6096
203919,565.0,216.895,18.980236,18.99385,18.99385,0.233822,-20.06765
203920,566.0,217.444,18.981539,18.989477,18.989477,-0.004373,-8.35203
203921,567.0,218.559,19.055582,19.088175,19.088175,0.098698,-22.6303
203922,568.0,219.146,18.755175,18.764359,18.764359,-0.323816,-4.42031
203923,569.0,220.56,18.605134,18.658789,18.658789,-0.10557,-20.66317
203924,570.0,221.323,18.530447,18.546149,18.546149,-0.11264,-8.29864
203925,571.0,220.972,18.605134,18.608445,18.608445,0.062296,-3.13507
203926,572.0,221.611,18.530447,18.541461,18.541461,-0.066984,-7.59758
203927,573.0,221.873,18.833152,18.834974,18.834974,0.293513,-13.56143
203928,574.0,220.985,19.206589,19.227106,19.227106,0.392132,-4.48391
203929,575.0,221.093,19.656685,19.656981,19.656981,0.429875,-16.67779
203930,576.0,220.644,19.805781,19.810869,19.810869,0.153888,-5.0944
203931,577.0,220.573,19.580722,19.580851,19.580851,-0.230018,-2.6456
203932,578.0,217.727,19.130606,19.341143,19.341143,-0.239708,13.04212
203933,579.0,215.949,18.905548,18.988971,18.988971,-0.352172,8.71976
203934,580.0,214.902,18.983172,19.012023,19.012023,0.023052,0.64666
203935,581.0,214.245,19.056558,19.06788,19.06788,0.055857,-1.92509
203936,582.0,212.979,19.505701,19.546742,19.546742,0.478862,-3.8076
203937,583.0,212.271,19.805467,19.818117,19.818117,0.271375,-4.98319
203938,584.0,210.767,20.030837,20.087221,20.087221,0.269104,-0.9435
203939,585.0,208.173,20.030837,20.198101,20.198101,0.11088,6.71471
203940,586.0,207.57,20.105856,20.114896,20.114896,-0.083205,-1.96857
203941,587.0,206.405,20.105856,20.139579,20.139579,0.024683,-0.11882
203942,588.0,205.284,20.030836,20.062179,20.062179,-0.0774,0.89091
203943,589.0,203.903,20.105548,20.152921,20.152921,0.090742,0.30764
203944,590.0,202.433,20.180568,20.234037,20.234037,0.081116,0.80053
203945,591.0,201.923,20.255589,20.262009,20.262009,0.027972,-3.93088
203946,592.0,201.495,20.330914,20.335418,20.335418,0.073409,-4.9997
203947,593.0,199.971,20.405933,20.462763,20.462763,0.127345,0.25924
203948,594.0,198.568,20.105854,20.154746,20.154746,-0.308017,4.9507
203949,595.0,197.313,20.183324,20.222304,20.222304,0.067558,-0.21566
203950,596.0,194.987,20.188222,20.321776,20.321776,0.099472,5.2005
203951,597.0,193.656,20.292479,20.336083,20.336083,0.014307,0.66268
203952,598.0,192.918,20.418288,20.431621,20.431621,0.095538,-3.67033
203953,599.0,191.867,20.389722,20.416792,20.416792,-0.014829,-0.65375
203954,600.0,190.009,20.058775,20.144643,20.144643,-0.272149,7.06876
203955,601.0,189.301,19.752269,19.764954,19.764954,-0.379689,2.33717
203956,602.0,187.52,19.84411,19.923872,19.923872,0.158918,2.057
203957,603.0,186.476,19.992161,20.019402,20.019402,0.09553,-1.42694
203958,604.0,184.46,20.163773,20.264303,20.264303,0.244901,1.9098
203959,605.0,183.501,20.253745,20.276436,20.276436,0.012133,-1.28686
204000,606.0,182.915,20.428807,20.43721,20.43721,0.160774,-5.26569
204001,607.0,183.084,20.224541,20.225247,20.225247,-0.211963,-4.89734
204002,608.0,182.724,19.980488,19.983731,19.983731,-0.241516,-1.36491
204003,609.0,182.521,19.750389,19.751432,19.751432,-0.232299,-2.0743
204004,610.0,182.656,19.905556,19.906014,19.906014,0.154582,-8.44781
204005,611.0,182.513,19.800712,19.801229,19.801229,-0.104785,-3.88212
204006,612.0,182.299,20.104775,20.105914,20.105914,0.304685,-8.49009
204007,613.0,181.942,19.909984,19.913185,19.913185,-0.192729,-1.84868
204008,614.0,181.821,19.732497,19.732868,19.732868,-0.180317,-3.08355
204009,615.0,182.283,19.719013,19.724424,19.724424,-0.008444,-8.20067
204010,616.0,181.644,19.66092,19.671302,19.671302,-0.053122,-1.56174
204011,617.0,181.683,19.417695,19.417734,19.417734,-0.253568,-2.81145
204012,618.0,181.591,19.461999,19.462217,19.462217,0.044483,-5.40052
204013,619.0,181.432,19.019455,19.020119,19.020119,-0.442098,0.71832
204014,620.0,181.332,18.488408,18.488678,18.488678,-0.531441,1.80244
204015,621.0,181.432,18.345716,18.345988,18.345988,-0.14269,-3.19832
204016,622.0,181.522,18.196008,18.196231,18.196231,-0.149757,-2.91689
204017,623.0,180.975,18.316477,18.324642,18.324642,0.128411,-2.39997
204018,624.0,181.068,18.071975,18.072215,18.072215,-0.252427,-1.7638
204019,625.0,181.704,17.485317,17.496879,17.496879,-0.575336,-1.05252
204020,626.0,180.724,17.256031,17.283836,17.283836,-0.213043,4.49495
204021,627.0,181.052,16.805949,16.80915,16.80915,-0.474686,0.16319
204022,628.0,180.497,15.464117,15.474073,15.474073,-1.335077,13.38642
204023,629.0,180.861,14.289966,14.294601,14.294601,-1.179472,7.10332
204024,630.0,180.634,13.577609,13.579507,13.579507,-0.715094,6.84014
204025,631.0,180.185,13.61973,13.627129,13.627129,0.047622,2.20392
204026,632.0,180.83,13.685336,13.700527,13.700527,0.073398,-10.08574
204027,633.0,180.542,13.92648,13.929458,13.929458,0.228931,-0.32013
204028,634.0,181.34,13.820752,13.843771,13.843771,-0.085687,-8.81441
204029,635.0,180.991,13.600793,13.60527,13.60527,-0.238501,3.85773
204030,636.0,181.659,15.061186,15.075993,15.075993,1.470723,-50.94919
204031,637.0,181.578,14.831994,14.832215,14.832215,-0.243778,1.69956
204032,638.0,181.829,14.012086,14.014334,14.014334,-0.817881,4.8901
204033,639.0,183.623,13.790256,13.906459,13.906459,-0.107875,-26.72074
204034,640.0,182.648,13.768695,13.803173,13.803173,-0.103286,6.15674
204035,641.0,184.376,13.612929,13.722166,13.722166,-0.081007,-26.18486
204036,642.0,183.699,14.189714,14.205855,14.205855,0.483689,-0.44087
204037,643.0,183.348,14.21583,14.220163,14.220163,0.014308,1.50154
204038,644.0,184.17,14.26053,14.284201,14.284201,0.064038,-13.35228
204039,645.0,183.776,13.996522,14.002067,14.002067,-0.282134,4.23217
204040,646.0,183.971,13.71465,13.716037,13.716037,-0.28603,1.1618
204041,647.0,184.521,14.404948,14.415444,14.415444,0.699407,-25.68453
204042,648.0,185.039,14.704967,14.714088,14.714088,0.298644,-14.41938
204043,649.0,186.614,15.020212,15.102563,15.102563,0.388475,-36.94511
204044,650.0,186.955,15.286997,15.2908,15.2908,0.188237,-8.45383
204045,651.0,187.2,15.693016,15.694928,15.694928,0.404128,-13.36852
204046,652.0,187.687,16.126057,16.133409,16.133409,0.438481,-19.40822
204047,653.0,187.946,16.679914,16.681925,16.681925,0.548516,-19.32558
204048,654.0,187.253,17.124183,17.1382,17.1382,0.456275,-3.41658
204049,655.0,187.229,17.903012,17.903028,17.903028,0.764828,-39.95058
204050,656.0,187.335,18.569704,18.570007,18.570007,0.666979,-23.48576
204051,657.0,187.161,19.125675,19.126466,19.126466,0.556459,-34.18564
204052,658.0,187.031,19.793976,19.794403,19.794403,0.667937,-41.51493
204053,659.0,187.018,20.462067,20.462071,20.462071,0.667668,-46.23512
204054,660.0,187.055,21.019188,21.019221,21.019221,0.55715,-22.31086
204055,661.0,186.767,21.797433,21.799336,21.799336,0.780115,-51.1426
204056,662.0,186.249,22.353327,22.359329,22.359329,0.559993,-40.03325
204057,663.0,186.035,22.796935,22.797939,22.797939,0.43861,-42.23339
204058,664.0,185.311,23.129031,23.14036,23.14036,0.342421,-10.97255
204059,665.0,184.962,23.351055,23.353663,23.353663,0.213303,-11.71888
204100,666.0,184.962,23.462249,23.462249,23.462249,0.108586,-12.44654
204101,667.0,183.44,23.240224,23.290008,23.290008,-0.172241,-0.08169
204102,668.0,182.642,23.350935,23.364566,23.364566,0.074558,-7.43329
204103,669.0,182.405,23.240224,23.241432,23.241432,-0.123134,-7.74728
204104,670.0,182.214,23.128666,23.129455,23.129455,-0.111977,-7.98053
204105,671.0,181.514,23.128545,23.139135,23.139135,0.00968,-6.7688
204106,672.0,181.279,22.683889,22.685106,22.685106,-0.454029,-2.72012
204107,673.0,180.663,22.4615,22.469946,22.469946,-0.21516,-3.37
204108,674.0,180.663,22.239112,22.239112,22.239112,-0.230834,-6.26163
204110,676.0,177.939,43.922252,44.006641,22.00332,-0.117896,0.17297
204111,677.0,177.606,21.794335,21.796879,21.796879,-0.206441,-4.13888
204112,678.0,176.967,21.905401,21.914719,21.914719,0.11784,-6.60403
204113,679.0,176.391,22.016723,22.024257,22.024257,0.109538,-7.0142
204114,680.0,175.804,22.35018,22.357887,22.357887,0.33363,-10.28174
204115,681.0,174.673,22.79496,22.823001,22.823001,0.465114,-9.75112
204116,682.0,174.414,23.01735,23.018807,23.018807,0.195806,-11.42686
204117,683.0,173.249,23.128666,23.157989,23.157989,0.139182,-5.91649
204118,684.0,172.839,22.795083,22.79877,22.79877,-0.359219,-3.11116
204119,685.0,172.406,22.795083,22.799195,22.799195,0.000425,-7.59932
204120,686.0,173.03,22.574564,22.583187,22.583187,-0.216008,-10.35879
204121,687.0,172.512,22.354711,22.360712,22.360712,-0.222475,-3.66833
204122,688.0,172.9,22.257194,22.260576,22.260576,-0.100136,-10.06812
204123,689.0,173.54,22.143169,22.152416,22.152416,-0.10816,-11.20724
204124,690.0,173.212,22.138086,22.140516,22.140516,-0.0119,-7.04564
204125,691.0,172.932,22.249229,22.250991,22.250991,0.110475,-9.00398
204126,692.0,172.58,22.467511,22.470269,22.470269,0.219278,-10.32004
204127,693.0,172.816,22.464506,22.465746,22.465746,-0.004523,-10.72952
204128,694.0,173.735,22.684261,22.702869,22.702869,0.237123,-27.78255
204129,695.0,173.373,22.906278,22.909138,22.909138,0.206269,-10.81283
204130,696.0,172.628,23.017472,23.029525,23.029525,0.120387,-7.78334
204131,697.0,173.151,23.128666,23.134579,23.134579,0.105054,-15.1393
204132,698.0,172.58,23.128666,23.135714,23.135714,0.001135,-7.36213
204133,699.0,172.216,23.46213,23.464953,23.464953,0.329239,-13.35182
204134,700.0,172.763,23.462249,23.468625,23.468625,0.003672,-14.08798
204135,701.0,172.694,23.573324,23.573425,23.573425,0.1048,-12.19446
204136,702.0,173.394,23.462609,23.473049,23.473049,-0.100376,-13.56532
204137,703.0,172.985,23.350935,23.354516,23.354516,-0.118533,-7.02429
204138,704.0,173.349,23.239861,23.242711,23.242711,-0.111805,-11.21313
204139,705.0,172.033,23.23974,23.276971,23.276971,0.03426,-3.90214
204140,706.0,173.167,23.240224,23.267874,23.267874,-0.009097,-21.57166
204141,707.0,173.204,23.239861,23.23989,23.23989,-0.027984,-10.49983
204142,708.0,173.326,23.240224,23.240544,23.240544,0.000654,-11.34473
204143,709.0,173.722,23.462249,23.465591,23.465591,0.225047,-18.40344
204144,710.0,174.353,23.573802,23.582245,23.582245,0.116654,-18.06039
204145,711.0,173.783,23.573324,23.580215,23.580215,-0.00203,-8.02217
204146,712.0,174.406,23.796187,23.804341,23.804341,0.224126,-22.95623
204147,713.0,173.135,23.796187,23.830106,23.830106,0.025765,-4.92304
204148,714.0,173.714,24.018573,24.02555,24.02555,0.195444,-21.08551
204149,715.0,172.702,23.795833,23.817342,23.817342,-0.208208,-3.19594
204150,716.0,174.2,23.906909,23.953795,23.953795,0.136453,-35.39029
204151,717.0,173.828,24.018221,24.021102,24.021102,0.067307,-10.75948
204152,718.0,173.471,24.018104,24.020757,24.020757,-0.000345,-9.92705
204153,719.0,173.592,23.795714,23.796022,23.796022,-0.224735,-9.19845
204154,720.0,173.645,23.573444,23.573503,23.573503,-0.222519,-8.52586
204155,721.0,173.159,23.463208,23.468241,23.468241,-0.105262,-6.94549
204156,722.0,173.524,23.131585,23.134464,23.134464,-0.333777,-8.16757
204157,723.0,173.249,23.131585,23.133219,23.133219,-0.001245,-8.96168
204158,724.0,173.22,23.025169,23.025187,23.025187,-0.108032,-8.76962
204159,725.0,173.463,23.048609,23.04989,23.04989,0.024703,-12.02977
204200,726.0,173.532,23.473942,23.474044,23.474044,0.424154,-21.18599
204201,727.0,173.791,23.097077,23.098529,23.098529,-0.375515,-6.99108
204202,728.0,174.427,23.15541,23.164143,23.164143,0.065614,-15.5353
204203,729.0,174.861,23.07336,23.077441,23.077441,-0.086702,-11.68053
204204,730.0,176.869,22.770062,22.85843,22.85843,-0.219011,-28.44511
204205,731.0,177.704,22.629001,22.644401,22.644401,-0.214029,-11.63447
204206,732.0,179.805,22.431094,22.529274,22.529274,-0.115127,-34.51636
204207,733.0,180.679,22.19811,22.215309,22.215309,-0.313965,-10.01583
204208,734.0,182.262,22.065412,22.122122,22.122122,-0.093187,-25.64352
204209,735.0,183.028,21.832439,21.845873,21.845873,-0.276249,-9.41376
204210,736.0,184.141,21.635359,21.663969,21.663969,-0.181904,-13.07193
204211,737.0,186.125,21.408034,21.499771,21.499771,-0.164198,-29.90983
204212,738.0,187.708,21.194547,21.253581,21.253581,-0.24619,-19.09458
204213,739.0,188.35,21.139411,21.149157,21.149157,-0.104424,-9.90724
204214,740.0,189.193,20.969484,20.986422,20.986422,-0.162735,-10.11614
204215,741.0,189.483,20.922756,20.924766,20.924766,-0.061656,-8.17563
204216,742.0,190.16,21.134421,21.145261,21.145261,0.220495,-20.93391
204217,743.0,190.26,21.301466,21.301701,21.301701,0.15644,-10.24374
204218,744.0,190.738,21.642318,21.647596,21.647596,0.345895,-22.90177
204219,745.0,191.013,22.005322,22.00704,22.00704,0.359444,-20.16534
204220,746.0,190.778,22.156254,22.1575,22.1575,0.15046,-9.6124
204221,747.0,190.487,22.2849,22.2868,22.2868,0.1293,-9.23829
204222,748.0,190.472,22.496938,22.496943,22.496943,0.210143,-12.11222
204223,749.0,190.839,22.368392,22.371402,22.371402,-0.125541,-9.79362
204224,750.0,190.9,22.519536,22.519618,22.519618,0.148216,-11.78356
204225,751.0,191.09,22.519528,22.520329,22.520329,0.000711,-10.62741
204226,752.0,191.272,22.603006,22.603739,22.603739,0.08341,-11.76017
204227,753.0,191.235,22.68697,22.687,22.687,0.083261,-10.67826
204228,754.0,191.219,22.55866,22.558666,22.558666,-0.128334,-7.90908
204229,755.0,191.235,22.686955,22.686961,22.686961,0.128295,-11.54581
204230,756.0,191.288,22.686948,22.68701,22.68701,4.9e-05,-10.11272
204231,757.0,191.021,22.602968,22.604545,22.604545,-0.082465,-7.1722
204232,758.0,190.67,22.709107,22.71182,22.71182,0.107275,-9.29007
204233,759.0,190.495,22.7091,22.709774,22.709774,-0.002046,-8.86129
204234,760.0,190.54,22.664972,22.665016,22.665016,-0.044758,-9.46369
204235,761.0,191.135,22.728355,22.736142,22.736142,0.071126,-14.68165
204236,762.0,190.86,23.033931,23.035573,23.035573,0.299431,-12.71375
204237,763.0,190.633,23.374833,23.375935,23.375935,0.340362,-14.10309
204238,764.0,190.997,23.547913,23.550726,23.550726,0.174791,-15.68183
204239,765.0,190.823,23.604341,23.604982,23.604982,0.054256,-11.00017
204240,766.0,192.017,23.92404,23.953816,23.953816,0.348834,-39.38979
204241,767.0,191.515,23.949327,23.954588,23.954588,0.000772,-9.03952
204242,768.0,190.596,24.023839,24.041411,24.041411,0.086823,-8.04216
204243,769.0,190.657,24.129299,24.129376,24.129376,0.087965,-13.61592
204244,770.0,190.382,24.129416,24.130983,24.130983,0.001607,-10.59067
204245,771.0,190.884,24.352151,24.357324,24.357324,0.226341,-21.45716
204246,772.0,190.58,24.352151,24.354048,24.354048,-0.003276,-10.73042
204247,773.0,191.135,24.462999,24.469294,24.469294,0.115246,-17.42721
204248,774.0,190.738,24.574536,24.577743,24.577743,0.108449,-12.13388
204249,775.0,190.313,24.574193,24.577868,24.577868,0.000125,-10.48101
204250,776.0,190.717,24.685388,24.688693,24.688693,0.110825,-16.78204
204251,777.0,190.791,24.685274,24.685385,24.685385,-0.003308,-13.36874
204252,778.0,189.711,24.574193,24.597914,24.597914,-0.087471,-5.68545
204253,779.0,190.67,24.462999,24.481789,24.481789,-0.116125,-16.36023
204254,780.0,190.466,24.352151,24.353005,24.353005,-0.128784,-9.56059
204255,781.0,190.617,24.463918,24.464384,24.464384,0.111379,-15.0038
204256,782.0,190.374,24.357345,24.358557,24.358557,-0.105827,-9.66873
204257,783.0,191.766,24.041034,24.081299,24.081299,-0.277258,-15.93411
204258,784.0,191.058,23.847756,23.858263,23.858263,-0.223036,-4.74141
204259,785.0,190.738,23.747224,23.74938,23.74938,-0.108883,-8.24815
204300,786.0,190.731,23.485602,23.485603,23.485603,-0.263777,-7.52596
204301,787.0,189.824,23.468,23.48552,23.48552,-8.3e-05,-6.04206
204302,788.0,189.824,23.129031,23.129031,23.129031,-0.356489,-5.85359
204303,789.0,190.731,23.017472,23.035335,23.035335,-0.093696,-14.14259
204304,790.0,191.37,22.683765,22.692764,22.692764,-0.342571,-8.981
204305,791.0,190.009,22.573068,22.61406,22.61406,-0.078704,-1.19367
204306,792.0,190.868,22.4615,22.47792,22.47792,-0.13614,-12.52645
204307,793.0,189.787,22.239112,22.265369,22.265369,-0.212551,-0.55976
204308,794.0,190.038,22.238985,22.240402,22.240402,-0.024967,-10.22807
204309,795.0,190.58,22.12779,22.134427,22.134427,-0.105975,-10.67211
204310,796.0,189.391,21.794722,21.82713,21.82713,-0.307297,1.78376
204311,797.0,189.734,21.684177,21.68689,21.68689,-0.14024,-8.53791
204312,798.0,190.427,21.593826,21.604943,21.604943,-0.081947,-11.06972
204313,799.0,189.65,21.594325,21.608299,21.608299,0.003356,-3.99562
204314,800.0,190.001,21.569953,21.572808,21.572808,-0.035491,-9.70164
204315,801.0,189.33,21.662201,21.672591,21.672591,0.099783,-5.84798
204316,802.0,189.33,21.976519,21.976519,21.976519,0.303928,-37.46327
204317,803.0,189.771,21.968904,21.97333,21.97333,-0.003189,-11.16122
204318,804.0,189.621,22.111581,22.112089,22.112089,0.138759,-9.86574
204319,805.0,189.629,22.388339,22.388341,22.388341,0.276252,-12.89778
204320,806.0,190.252,22.643727,22.652296,22.652296,0.263955,-23.39607
204321,807.0,189.885,22.684506,22.687475,22.687475,0.035179,-8.2428
204322,808.0,189.985,22.696678,22.696898,22.696898,0.009423,-10.50654
204323,809.0,190.839,22.790434,22.806429,22.806429,0.109531,-21.20179
204324,810.0,190.192,22.696635,22.705854,22.705854,-0.100575,-4.99031
204325,811.0,191.235,22.522272,22.546409,22.546409,-0.159445,-13.34362
204326,812.0,190.054,22.576278,22.607147,22.607147,0.060738,-3.95154
204327,813.0,189.864,22.428433,22.429237,22.429237,-0.17791,-6.13876
204328,814.0,189.581,22.576236,22.57801,22.57801,0.148773,-9.98327
204329,815.0,189.071,22.670491,22.676227,22.676227,0.098217,-8.24042
204330,816.0,189.285,22.884218,22.885219,22.885219,0.208992,-13.99272
204331,817.0,189.758,22.938499,22.943376,22.943376,0.058157,-13.57081
204332,818.0,189.97,22.938478,22.939458,22.939458,-0.003918,-11.32235
204333,819.0,189.779,22.725419,22.726222,22.726222,-0.213236,-6.09644
204334,820.0,190.731,22.670386,22.690366,22.690366,-0.035856,-16.67742
204335,821.0,191.698,22.696395,22.716986,22.716986,0.02662,-19.65759
204336,822.0,191.616,22.696374,22.696522,22.696522,-0.020464,-9.11978
204337,823.0,190.945,22.750018,22.759911,22.759911,0.063389,-7.03687
204338,824.0,189.88,22.844097,22.868909,22.868909,0.108998,-5.61774
204339,825.0,189.634,22.749975,22.751305,22.751305,-0.117604,-7.05216
204340,826.0,190.281,22.884002,22.893146,22.893146,0.141841,-18.8358
204341,827.0,190.176,22.830332,22.830574,22.830574,-0.062572,-8.65282
204342,828.0,189.985,22.883958,22.884755,22.884755,0.054181,-9.76225
204343,829.0,191.256,22.790001,22.825415,22.825415,-0.05934,-21.66578
204344,830.0,190.686,22.749868,22.757007,22.757007,-0.068408,-5.90194
204345,831.0,190.609,22.843947,22.844077,22.844077,0.08707,-10.75145
204346,832.0,190.466,23.072204,23.072647,23.072647,0.22857,-12.58561
204347,833.0,190.366,23.111977,23.112193,23.112193,0.039546,-10.43038
204348,834.0,190.176,23.261094,23.26187,23.26187,0.149677,-11.61075
204349,835.0,190.374,23.206163,23.207008,23.207008,-0.054862,-10.99157
204350,836.0,190.221,23.166509,23.167015,23.167015,-0.039993,-9.18671
204351,837.0,190.244,23.166488,23.166499,23.166499,-0.000516,-10.67233
204352,838.0,190.54,22.97783,22.979736,22.979736,-0.186763,-9.48314
204353,839.0,190.419,22.858996,22.859317,22.859317,-0.120419,-7.86305
204354,840.0,190.519,22.590989,22.59121,22.59121,-0.268107,-6.81862
204355,841.0,189.581,22.417777,22.437393,22.437393,-0.153817,-2.3245
204356,842.0,190.236,22.283784,22.293409,22.293409,-0.143984,-11.04253
204357,843.0,189.819,22.22831,22.232221,22.232221,-0.061188,-6.07489
204358,844.0,189.962,22.133806,22.134268,22.134268,-0.097953,-8.5688
204359,845.0,190.168,22.347413,22.348362,22.348362,0.214094,-13.19504
204400,846.0,190.054,22.281374,22.281666,22.281666,-0.066696,-7.74969
204401,847.0,190.192,22.353746,22.354172,22.354172,0.072506,-10.99649
204402,848.0,189.977,22.29082,22.291857,22.291857,-0.062315,-7.26163
204403,849.0,190.115,22.418239,22.418664,22.418664,0.126807,-11.77972
204404,850.0,190.572,22.359043,22.363713,22.363713,-0.054951,-11.16808
204405,851.0,190.472,22.560192,22.560414,22.560414,0.196701,-11.57455
204406,852.0,190.078,22.691865,22.695285,22.695285,0.134871,-9.37906
204407,853.0,191.75,22.635611,22.697278,22.697278,0.001993,-31.66937
204408,854.0,193.55,22.40305,22.475245,22.475245,-0.222033,-24.37178
204409,855.0,194.707,22.228883,22.258973,22.258973,-0.216272,-12.86168
204410,856.0,195.621,21.940679,21.959708,21.959708,-0.299265,-10.09516
204411,857.0,196.657,21.67122,21.695969,21.695969,-0.263739,-10.86965
204412,858.0,197.289,21.458911,21.468216,21.468216,-0.227753,-8.78687
204413,859.0,198.166,21.453364,21.471283,21.471283,0.003067,-16.15931
204414,860.0,199.352,21.264469,21.297517,21.297517,-0.173766,-14.65978
204415,861.0,199.841,20.818578,20.82432,20.82432,-0.473197,-4.32138
204416,862.0,200.359,20.38527,20.39185,20.39185,-0.43247,-4.49239
204417,863.0,201.823,20.230213,20.283116,20.283116,-0.108734,-22.03404
204418,864.0,202.167,20.497046,20.499933,20.499933,0.216817,-13.95789
204419,865.0,201.564,20.778427,20.787175,20.787175,0.287242,-7.14918
204420,866.0,201.731,20.795196,20.795866,20.795866,0.008691,-8.15333
204421,867.0,201.762,20.456769,20.456792,20.456792,-0.339074,-2.94815
204422,868.0,201.419,19.894776,19.897732,19.897732,-0.55906,2.19089
204423,869.0,200.856,19.585047,19.593138,19.593138,-0.304594,0.88265
204424,870.0,201.427,19.228058,19.236535,19.236535,-0.356603,-4.44358
204425,871.0,201.633,19.209602,19.210706,19.210706,-0.025829,-5.97895
204426,872.0,201.35,19.038514,19.040617,19.040617,-0.170089,-1.53382
204427,873.0,201.136,18.651997,18.653225,18.653225,-0.387392,0.77932
204428,874.0,200.877,18.50856,18.510373,18.510373,-0.142852,-1.38844
204429,875.0,200.46,18.089178,18.093984,18.093984,-0.416389,2.69854
204430,876.0,200.383,17.738651,17.738818,17.738818,-0.355166,0.50881
204431,877.0,198.813,17.591612,17.661532,17.661532,-0.077286,6.05588
204432,878.0,197.992,17.34717,17.366587,17.366587,-0.294945,4.34127
204433,879.0,197.297,17.12812,17.142214,17.142214,-0.224373,3.15494
204434,880.0,197.046,17.855392,17.857156,17.857156,0.714942,-33.88302
204435,881.0,197.579,16.781216,16.789678,16.789678,-1.067478,4.64482
204438,884.0,198.462,65.656399,65.662337,21.887446,1.699256,-75.84639
204439,885.0,198.676,21.296038,21.297113,21.297113,-0.590333,-1.91732
204440,886.0,199.506,17.941113,17.960302,17.960302,-3.336811,25.44724
204442,888.0,200.787,41.086704,41.106668,20.553334,1.296516,-61.4938
204443,889.0,200.756,18.897953,18.897979,18.897979,-1.655355,13.0254
204444,890.0,201.213,20.979746,20.984722,20.984722,2.086743,-90.77833
204445,891.0,201.252,18.843161,18.843201,18.843201,-2.141521,17.80728
204446,892.0,201.228,17.008232,17.008249,17.008249,-1.834952,14.9832
204448,894.0,202.098,39.214609,39.224259,19.612129,1.30194,-55.02924
204449,895.0,202.357,18.936359,18.938131,18.938131,-0.673998,0.95501
204450,896.0,201.717,18.289571,18.300765,18.300765,-0.637366,6.02627
204451,897.0,201.815,19.87121,19.871451,19.871451,1.570686,-59.66271
204452,898.0,202.248,18.023735,18.028935,18.028935,-1.842516,12.53136
204453,899.0,201.443,19.65983,19.676304,19.676304,1.647369,-64.99335
204455,901.0,200.795,44.536975,44.541689,22.270845,1.29727,-74.32702
204456,902.0,200.602,18.123745,18.124772,18.124772,-4.146073,39.48012
204457,903.0,200.848,17.157329,17.159093,17.159093,-0.965679,5.10331
204458,904.0,200.261,19.166955,19.175942,19.175942,2.016849,-79.6623
204459,905.0,200.193,17.193241,17.193375,17.193375,-1.982567,16.66088
204500,906.0,200.246,16.214088,16.214174,16.214174,-0.979201,6.68563
204501,907.0,199.91,16.08448,16.087989,16.087989,-0.126185,1.15509
204502,908.0,199.271,13.869422,13.884135,13.884135,-2.203854,20.66353
204503,909.0,199.606,11.727326,11.73211,11.73211,-2.152025,13.26429
204504,910.0,199.675,13.611508,13.611683,13.611683,1.879573,-45.87466
204505,911.0,198.911,14.856948,14.876579,14.876579,1.264896,-30.12689
204506,912.0,199.133,14.924772,14.926423,14.926423,0.049844,-2.50232
204507,913.0,198.996,14.359999,14.360652,14.360652,-0.565771,4.90362
204508,914.0,199.186,14.248927,14.250194,14.250194,-0.110458,-0.50768
204513,919.0,199.461,114.58117,114.5815,22.9163,1.733221,-76.86837
204514,920.0,200.008,19.047541,19.055393,19.055393,-3.860907,33.44926
204516,922.0,199.619,39.755393,39.757296,19.878648,0.411627,-30.99081
204517,923.0,199.49,16.554866,16.555368,16.555368,-3.32328,29.40126
204518,924.0,199.323,17.574553,17.575346,17.575346,1.019978,-44.59946
204519,925.0,199.437,16.904288,16.904672,16.904672,-0.670674,3.13978
204520,926.0,199.041,18.347163,18.351436,18.351436,1.446764,-58.35593
204521,927.0,198.964,19.257736,19.25789,19.25789,0.906454,-49.18427
204522,928.0,198.105,19.61174,19.630543,19.630543,0.372653,-5.00456
204523,929.0,198.401,19.667085,19.669312,19.669312,0.038769,-7.74136
204524,930.0,196.726,19.41183,19.483961,19.483961,-0.185351,5.83011
204525,931.0,196.055,19.137419,19.149178,19.149178,-0.334783,2.26586
204526,932.0,194.927,19.140207,19.173417,19.173417,0.024239,0.89075
204527,933.0,194.668,18.912644,18.914417,18.914417,-0.259,-0.58293
204528,934.0,193.486,19.01448,19.051183,19.051183,0.136766,0.12918
204529,935.0,193.426,19.348062,19.348155,19.348155,0.296972,-27.56752
204530,936.0,193.32,18.792092,18.792391,18.792391,-0.555764,1.83519
204531,937.0,193.449,18.570158,18.570606,18.570606,-0.221785,-2.76805
204532,938.0,192.681,18.126168,18.14243,18.14243,-0.428176,4.71609
204533,939.0,192.718,17.793714,17.793752,17.793752,-0.348678,-0.23197
204534,940.0,192.062,17.014309,17.026951,17.026951,-0.766801,8.23845
204535,941.0,192.247,16.129534,16.130595,16.130595,-0.896356,5.23555
204536,942.0,191.766,15.129194,15.136838,15.136838,-0.993757,10.0952
204537,943.0,191.037,14.79576,14.813708,14.813708,-0.32313,5.95003
204538,944.0,190.694,13.489816,13.494176,13.494176,-1.319532,12.09214
204539,945.0,189.917,12.305609,12.330115,12.330115,-1.164061,13.23824
204540,946.0,189.33,11.369997,11.385139,11.385139,-0.944976,10.14749
204541,947.0,188.958,11.552168,11.558156,11.558156,0.173017,1.80641
204542,948.0,189.277,12.417149,12.421246,12.421246,0.86309,-22.15677
204543,949.0,188.63,12.811308,12.827636,12.827636,0.40639,1.22892
204544,950.0,188.593,12.38597,12.386025,12.386025,-0.441611,4.12308
204545,951.0,187.642,11.305449,11.345377,11.345377,-1.040648,12.74092
204546,952.0,186.767,9.512997,9.553154,9.553154,-1.792223,15.06083
204547,953.0,185.549,7.220404,7.322415,7.322415,-2.230739,16.24282
204548,954.0,184.849,5.323038,5.368867,5.368867,-1.953548,9.88928
204549,955.0,185.113,3.689806,3.699238,3.699238,-1.669629,1.98371
204550,956.0,184.719,2.477187,2.508325,2.508325,-1.190913,3.71696
204551,957.0,185.419,1.264954,1.445721,1.445721,-1.062604,-10.03024
204552,958.0,185.007,0.316239,0.519375,0.519375,-0.926346,2.23846
204553,959.0,184.484,0.234678,0.573239,0.573239,0.053864,2.56762
204554,960.0,184.484,0.134093,0.134093,0.134093,-0.439146,-0.30575
204555,961.0,184.999,0.234678,0.56595,0.56595,0.431857,-10.21211
204556,962.0,184.801,0.134093,0.239134,0.239134,-0.326816,-0.28621
204557,963.0,184.611,0.22239,0.292502,0.292502,0.053368,-0.33456
204558,964.0,184.659,0.134093,0.142425,0.142425,-0.150077,-0.32617
204559,965.0,184.732,0.111195,0.133016,0.133016,-0.009409,-0.33828
204600,966.0,184.817,0.111195,0.139962,0.139962,0.006946,-0.33896
204601,967.0,184.323,0.111195,0.50636,0.50636,0.366398,2.31492
204602,968.0,184.307,0.111195,0.11234,0.11234,-0.39402,-0.31578
204603,969.0,184.817,0.111195,0.521981,0.521981,0.409641,-10.07371
204604,970.0,184.954,0.111195,0.176446,0.176446,-0.345535,-0.30107
204605,971.0,184.08,0.111195,0.881045,0.881045,0.704599,4.19908
204606,972.0,184.149,0.074944,0.101871,0.101871,-0.779174,-0.29689
204607,973.0,184.764,0.134093,0.629449,0.629449,0.527578,-12.21605
204608,974.0,184.286,0.0,0.478,0.0,-0.629449,-0.35
204609,975.0,184.164,0.111195,0.165071,0.165071,0.165071,-0.4475
204610,976.0,184.695,0.448492,0.695058,0.695058,0.529987,-10.7075
204611,977.0,184.651,1.927008,1.927511,1.927511,1.232453,-4.5682
204612,978.0,183.623,3.545971,3.691977,3.691977,1.764466,1.97394
204613,979.0,184.627,4.673731,4.780354,4.780354,1.088377,-27.42955
204614,980.0,184.149,5.594442,5.614826,5.614826,0.834472,0.14818
204615,981.0,183.905,6.21685,6.221637,6.221637,0.606811,-4.83787
204616,982.0,184.339,6.992415,7.005871,7.005871,0.784234,-16.64481
204617,983.0,183.971,8.271802,8.279983,8.279983,1.274112,-16.11768
204618,984.0,184.04,9.341527,9.341782,9.341782,1.061799,-17.31347
204619,985.0,184.558,12.516116,12.526831,12.526831,3.185049,-81.06367
204620,986.0,183.425,12.226657,12.27904,12.27904,-0.247791,8.86591
204621,987.0,184.156,12.375509,12.39708,12.39708,0.11804,-12.28568
204622,988.0,183.842,13.250709,13.254429,13.254429,0.857349,-21.90848
204623,989.0,183.303,13.206991,13.217985,13.217985,-0.036444,3.60114
204624,990.0,183.578,13.040716,13.043615,13.043615,-0.17437,0.22353
204625,991.0,182.785,13.213075,13.23685,13.23685,0.193235,3.28105
204626,992.0,183.06,12.291304,12.29438,12.29438,-0.94247,5.89292
204627,993.0,182.93,11.092256,11.093017,11.093017,-1.201363,9.02624
204628,994.0,182.505,9.518525,9.528009,9.528009,-1.565008,11.32941
204629,995.0,181.728,7.651553,7.690903,7.690903,-1.837106,12.60835
204630,996.0,181.424,5.77068,5.778682,5.778682,-1.912221,8.05978
204631,997.0,180.687,3.911334,3.980164,3.980164,-1.798518,8.08839
204632,998.0,180.489,3.030573,3.037034,3.037034,-0.94313,2.61162
204633,999.0,180.946,3.196369,3.228873,3.228873,0.191839,-9.08412
204634,1000.0,180.595,4.647853,4.661088,4.661088,1.432215,-7.8221
204635,1001.0,180.587,8.693494,8.693498,8.693498,4.03241,-69.32594
204636,1002.0,179.371,8.621419,8.706752,8.706752,0.013254,7.13557
204637,1003.0,179.538,8.943247,8.944806,8.944806,0.238054,-4.56496
204638,1004.0,179.012,9.743345,9.757533,9.757533,0.812727,-8.85505
204639,1005.0,179.096,10.49215,10.492486,10.492486,0.734953,-12.89435
204640,1006.0,178.671,11.325271,11.333243,11.333243,0.840757,-14.50255
204641,1007.0,177.963,11.699712,11.721114,11.721114,0.387871,2.25378
204642,1008.0,177.955,12.216368,12.216371,12.216371,0.495257,-16.17443
204643,1009.0,177.955,12.516132,12.516132,12.516132,0.299761,-12.3509
204644,1010.0,177.31,11.92905,11.946474,11.946474,-0.569658,8.32994
204645,1011.0,177.59,12.74241,12.745486,12.745486,0.799012,-20.47111
204646,1012.0,177.286,13.639796,13.643183,13.643183,0.897697,-24.321
204647,1013.0,177.294,14.093407,14.09341,14.09341,0.450227,-8.46546
204648,1014.0,176.518,13.864627,13.886326,13.886326,-0.207084,5.81732
204649,1015.0,177.088,13.490366,13.502402,13.502402,-0.383924,-0.05688
204650,1016.0,177.271,12.819753,12.821059,12.821059,-0.681343,4.50102
204651,1017.0,176.298,11.916086,11.955744,11.955744,-0.865315,12.13468
204652,1018.0,176.634,11.549934,11.55482,11.55482,-0.400924,1.63007
204653,1019.0,176.869,11.391479,11.393903,11.393903,-0.160917,0.58786
204654,1020.0,176.946,11.541902,11.542159,11.542159,0.148256,-0.89517
204655,1021.0,176.42,11.242141,11.254439,11.254439,-0.28772,5.55892
204656,1022.0,176.634,10.944075,10.946167,10.946167,-0.308272,1.50451
204657,1023.0,177.234,11.167201,11.183308,11.183308,0.237141,-12.56283
204658,1024.0,177.363,11.168861,11.169606,11.169606,-0.013702,0.19372
204659,1025.0,177.59,11.092261,11.094583,11.094583,-0.075023,0.02385
204700,1026.0,177.477,11.017321,11.0179,11.0179,-0.076683,1.89676
204701,1027.0,177.622,10.866872,10.867839,10.867839,-0.150061,0.89277
204702,1028.0,178.161,10.65133,10.664959,10.664959,-0.20288,-2.57462
204703,1029.0,178.254,12.465019,12.465366,12.465366,1.800407,-40.14348
204704,1030.0,178.748,10.127202,10.139243,10.139243,-2.326123,11.21895
204705,1031.0,179.181,9.592822,9.60259,9.60259,-0.536653,1.11037
204706,1032.0,179.987,6.684823,6.733238,6.733238,-2.869352,6.68449
204707,1033.0,180.481,9.176232,9.189519,9.189519,2.456281,-49.20214
204708,1034.0,180.222,8.556541,8.560459,8.560459,-0.62906,4.92971
204709,1035.0,180.436,8.578995,8.581663,8.581663,0.021204,-1.90375
204710,1036.0,180.951,7.720029,7.737188,7.737188,-0.844475,1.20598
204711,1037.0,181.453,6.83439,6.852801,6.852801,-0.884387,0.9133
204712,1038.0,180.991,5.97152,5.989365,5.989365,-0.863436,5.6449
204713,1039.0,180.809,5.120003,5.123237,5.123237,-0.866128,3.60005
204714,1040.0,181.453,4.9064,4.948484,4.948484,-0.174753,-9.21644
204715,1041.0,181.34,5.142896,5.144137,5.144137,0.195653,0.15735
204716,1042.0,181.477,6.8754,6.876765,6.876765,1.732628,-23.32617
204717,1043.0,181.744,7.994657,7.999114,7.999114,1.122349,-19.75995
204718,1044.0,183.06,9.232775,9.326092,9.326092,1.326978,-45.10901
204719,1045.0,184.08,10.118564,10.169845,10.169845,0.843753,-32.06044
204720,1046.0,184.444,10.602413,10.608659,10.608659,0.438814,-12.25414
204721,1047.0,186.355,10.554761,10.726365,10.726365,0.117706,-34.48905
204722,1048.0,187.496,11.158987,11.217168,11.217168,0.490803,-27.98471
204723,1049.0,187.763,11.546236,11.549323,11.549323,0.332155,-8.43859
204724,1050.0,188.022,11.69342,11.696288,11.696288,0.146965,-4.20888
204725,1051.0,188.852,11.841194,11.870247,11.870247,0.173959,-15.36898
204726,1052.0,189.848,12.066539,12.107575,12.107575,0.237328,-19.82895
204727,1053.0,189.407,12.622021,12.629723,12.629723,0.522148,-0.57167
204728,1054.0,189.88,12.890891,12.899566,12.899566,0.269843,-11.40314
204729,1055.0,190.839,12.442733,12.479635,12.479635,-0.419931,-3.84895
204730,1056.0,192.147,11.242187,11.318023,11.318023,-1.161612,1.01918
204731,1057.0,192.385,10.567724,10.570404,10.570404,-0.747619,3.86604
204732,1058.0,193.624,10.044992,10.121115,10.121115,-0.449289,-11.31266
204733,1059.0,193.915,9.145903,9.150531,9.150531,-0.970584,3.93389
204734,1060.0,193.899,7.956532,7.956548,7.956548,-1.193983,5.8321
204735,1061.0,194.485,8.295836,8.316507,8.316507,0.359959,-14.23414
204736,1062.0,195.141,7.651591,7.67966,7.67966,-0.636847,-0.86732
204737,1063.0,195.706,8.093981,8.113677,8.113677,0.434017,-14.92373
204738,1064.0,194.364,7.497726,7.61688,7.61688,-0.496797,9.8971
204739,1065.0,195.355,6.560241,6.63467,6.63467,-0.98221,-4.39422
204740,1066.0,194.927,6.071503,6.08657,6.08657,-0.5481,4.43409
204741,1067.0,195.727,5.8836,5.93774,5.93774,-0.14883,-11.74844
204742,1068.0,195.505,6.045853,6.049928,6.049928,0.112188,1.03352
204743,1069.0,195.865,6.777896,6.78745,6.78745,0.737522,-14.42713
204744,1070.0,196.869,7.472614,7.53976,7.53976,0.75231,-27.36137
204745,1071.0,197.151,7.801333,7.806428,7.806428,0.266668,-7.06815
204746,1072.0,197.83,8.393751,8.42117,8.42117,0.614742,-20.04823
204747,1073.0,198.118,8.471615,8.476509,8.476509,0.055339,-3.86377
204748,1074.0,198.401,9.295743,9.30005,9.30005,0.823541,-17.02816
204749,1075.0,199.101,9.745286,9.770394,9.770394,0.470344,-18.76498
204750,1076.0,200.032,7.947199,8.001546,8.001546,-1.768848,3.22786
204751,1077.0,201.456,7.612282,7.744328,7.744328,-0.257218,-20.57908
204752,1078.0,202.188,6.78126,6.820653,6.820653,-0.923675,-0.22531
204753,1079.0,202.943,6.508509,6.552153,6.552153,-0.2685,-9.04375
204754,1080.0,203.506,5.929985,5.956651,5.956651,-0.595502,-2.30521
204755,1081.0,203.691,5.322203,5.325417,5.325417,-0.631234,0.98797
204756,1082.0,203.57,4.271822,4.273535,4.273535,-1.051882,3.21553
204757,1083.0,204.103,3.147658,3.192466,3.192466,-1.081069,-2.80465
204758,1084.0,203.85,1.876903,1.893878,1.893878,-1.298588,2.58897
204759,1085.0,204.201,1.577752,1.616324,1.616324,-0.277554,-5.56278
204800,1086.0,203.699,1.876903,1.942876,1.942876,0.326552,2.22667
204801,1087.0,205.002,2.11019,2.480063,2.480063,0.537187,-26.35207
204802,1088.0,204.735,2.550529,2.564466,2.564466,0.084403,1.21762
204803,1089.0,205.528,3.374323,3.466253,3.466253,0.901787,-19.99038
204804,1090.0,206.296,3.401694,3.487312,3.487312,0.021059,-13.74578
204805,1091.0,207.626,3.9224,4.141754,4.141754,0.654442,-28.9651
204806,1092.0,208.173,4.352452,4.38669,4.38669,0.244936,-11.26307
204807,1093.0,208.846,4.436857,4.487608,4.487608,0.100918,-12.39391
204808,1094.0,208.912,4.398914,4.399409,4.399409,-0.088199,-0.11677
204809,1095.0,209.623,4.72051,4.773755,4.773755,0.374346,-15.53253
204810,1096.0,209.782,6.461091,6.463047,6.463047,1.689292,-21.99686
204811,1097.0,209.713,8.245131,8.24542,8.24542,1.782373,-29.49639
204812,1098.0,210.194,9.906559,9.918229,9.918229,1.672809,-37.32819
204813,1099.0,210.112,10.811914,10.812225,10.812225,0.893996,-20.86725
204814,1100.0,210.202,11.131861,11.132225,11.132225,0.32,-4.84895
204815,1101.0,210.585,11.461902,11.468299,11.468299,0.336074,-10.66939
204816,1102.0,210.545,11.790474,11.790542,11.790542,0.322243,-11.04133
204817,1103.0,210.249,11.897857,11.901539,11.901539,0.110997,1.82135
204818,1104.0,210.537,12.123954,12.127374,12.127374,0.225835,-6.44041
204819,1105.0,210.202,12.233508,12.238094,12.238094,0.11072,2.00589
204820,1106.0,210.598,12.346277,12.352626,12.352626,0.114532,-5.97336
204821,1107.0,210.622,12.567038,12.567061,12.567061,0.214435,-1.5263
204822,1108.0,210.714,12.898829,12.899157,12.899157,0.332096,-5.85446
204823,1109.0,210.722,13.010022,13.010025,13.010025,0.110868,-0.37502
204824,1110.0,211.261,13.121215,13.132281,13.132281,0.122256,-9.13015
204825,1111.0,211.499,13.233045,13.235185,13.235185,0.102904,-3.10526
204826,1112.0,211.637,13.232409,13.233128,13.233128,-0.002057,-0.40323
204827,1113.0,211.866,13.121858,13.123856,13.123856,-0.109272,-0.04591
204828,1114.0,211.98,12.694155,12.694667,12.694667,-0.429189,3.10385
204829,1115.0,212.102,12.900571,12.901148,12.901148,0.206481,-3.34733
204830,1116.0,212.384,13.121858,13.124887,13.124887,0.223739,-6.87738
204831,1117.0,212.49,13.01067,13.011102,13.011102,-0.113785,0.72816
204832,1118.0,212.849,13.232409,13.237278,13.237278,0.226176,-8.43878
204833,1119.0,213.254,13.009806,13.016109,13.016109,-0.221169,-0.13874
204834,1120.0,212.812,13.010022,13.017528,13.017528,0.001419,2.90617
204835,1121.0,214.025,12.676443,12.734347,12.734347,-0.283181,-11.70198
204836,1122.0,213.513,12.344685,12.355298,12.355298,-0.379049,6.31858
204837,1123.0,213.322,11.898801,11.900334,11.900334,-0.454964,5.03191
204838,1124.0,213.65,11.68148,11.686084,11.686084,-0.21425,0.49511
204839,1125.0,213.904,11.119745,11.122646,11.122646,-0.563438,2.93644
204840,1126.0,214.329,10.062402,10.071373,10.071373,-1.051273,4.27503
204841,1127.0,214.329,9.383575,9.383575,9.383575,-0.687798,4.20388
204842,1128.0,213.88,8.785678,8.797144,8.797144,-0.586431,5.87996
204843,1129.0,213.848,8.345006,8.345068,8.345068,-0.452076,2.74261
204844,1130.0,213.658,7.678305,7.680655,7.680655,-0.664413,4.28633
204845,1131.0,213.811,7.237379,7.238996,7.238996,-0.441659,1.27048
204846,1132.0,214.009,6.904263,6.907102,6.907102,-0.331894,0.47665
204847,1133.0,213.589,5.897619,5.912555,5.912555,-0.994547,5.80404
204848,1134.0,213.124,4.893151,4.915196,4.915196,-0.997359,5.40404
204849,1135.0,212.865,3.894708,3.90331,3.90331,-1.011886,3.63647
204850,1136.0,213.092,3.121567,3.129809,3.129809,-0.773501,0.02376
204851,1137.0,213.217,1.748493,1.752955,1.752955,-1.376854,0.46433
204852,1138.0,212.979,1.025703,1.052953,1.052953,-0.700002,1.46622
204853,1139.0,212.72,0.23468,0.349508,0.349508,-0.703445,-0.18268
204854,1140.0,212.421,0.0,0.299,0.0,-0.349508,-0.35
204855,1141.0,212.004,0.0,0.417,0.0,0.0,-0.35
204856,1142.0,212.667,0.07495,0.667223,0.667223,0.667223,-13.31025
204857,1143.0,213.048,0.18664,0.424259,0.424259,-0.242964,-0.25684
204858,1144.0,213.27,0.111195,0.248291,0.248291,-0.175968,-0.30485
204859,1145.0,212.688,0.0,0.582,0.0,-0.248291,-0.35
204900,1146.0,212.347,0.0,0.341,0.0,0.0,-0.35
204901,1147.0,213.201,0.18664,0.874157,0.874157,0.874157,-17.40041
204902,1148.0,212.514,0.18664,0.711901,0.711901,-0.162256,3.56696
204903,1149.0,212.651,0.319757,0.34787,0.34787,-0.364031,-0.24991
204904,1150.0,212.429,0.373279,0.434305,0.434305,0.086435,-0.33515
204905,1151.0,212.942,0.319757,0.604494,0.604494,0.170189,-9.89648
204906,1152.0,212.797,0.134096,0.197501,0.197501,-0.406993,-0.2884
204907,1153.0,213.46,0.1499,0.679735,0.679735,0.482234,-13.08468
204908,1154.0,213.071,0.111195,0.40458,0.40458,-0.275155,-0.25383
204909,1155.0,212.704,0.134096,0.390731,0.390731,-0.013849,-0.31459
204910,1156.0,212.696,0.810191,0.81023,0.81023,0.419499,-1.07038
204911,1157.0,212.765,1.804202,1.805521,1.805521,0.995291,-4.52395
204912,1158.0,212.979,2.891068,2.898978,2.898978,1.093457,-9.49677
204913,1159.0,213.116,4.33725,4.339413,4.339413,1.440435,-13.46108
204914,1160.0,212.894,5.379814,5.384392,5.384392,1.044979,-8.46481
204915,1161.0,212.826,5.610039,5.610451,5.610451,0.226059,-0.19284
204916,1162.0,212.688,6.029496,6.031075,6.031075,0.420624,-4.39586
204917,1163.0,212.836,5.620543,5.622491,5.622491,-0.408584,0.62249
204918,1164.0,212.627,5.023939,5.028284,5.028284,-0.594207,2.92409
204919,1165.0,212.841,5.059594,5.064117,5.064117,0.035833,-3.17864
204920,1166.0,212.49,4.974559,4.986927,4.986927,-0.07719,2.23921
204921,1167.0,212.339,5.586259,5.588299,5.588299,0.601372,-5.56346
204922,1168.0,212.49,5.27741,5.27957,5.27957,-0.308729,0.19663
204923,1169.0,212.125,5.85045,5.861825,5.861825,0.582255,0.26499
204924,1170.0,211.491,6.760212,6.789877,6.789877,0.928052,0.22102
204925,1171.0,210.492,7.794875,7.858631,7.858631,1.068754,1.17435
204926,1172.0,209.967,8.475999,8.492242,8.492242,0.633611,0.33071
204927,1173.0,209.478,8.996836,9.010116,9.010116,0.517874,0.59789
204928,1174.0,208.989,8.694996,8.708735,8.708735,-0.301381,4.66371
204929,1175.0,207.771,7.870612,7.964299,7.964299,-0.744436,10.45934
204930,1176.0,207.715,6.454389,6.454632,6.454632,-1.509667,6.02485
204931,1177.0,206.785,4.946749,5.033411,5.033411,-1.421221,9.24971
204932,1178.0,206.563,3.922735,3.929012,3.929012,-1.104399,3.65374
204933,1179.0,206.717,3.848277,3.851357,3.851357,-0.077655,-1.53644
204934,1180.0,206.962,2.800357,2.811054,2.811054,-1.040303,0.17984
204935,1181.0,206.785,3.285524,3.290289,3.290289,0.479235,0.01851
204936,1182.0,206.558,3.267055,3.274932,3.274932,-0.015357,1.20894
204937,1183.0,206.748,4.558992,4.562949,4.562949,1.288017,-13.66803
204938,1184.0,206.648,5.006017,5.007015,5.007015,0.444066,-4.16806
204939,1185.0,206.122,5.559746,5.584573,5.584573,0.577558,1.23179
204940,1186.0,205.948,6.132232,6.134701,6.134701,0.550128,-5.34888
204941,1187.0,205.985,6.021342,6.021456,6.021456,-0.113245,0.36638
204942,1188.0,206.199,5.784079,5.788036,5.788036,-0.23342,-0.25786
204943,1189.0,205.551,5.450613,5.488997,5.488997,-0.299039,4.63493
204944,1190.0,205.535,5.006017,5.006042,5.006042,-0.482955,1.53554
204945,1191.0,205.123,4.893151,4.910465,4.910465,-0.095577,2.61618
204946,1192.0,205.483,4.559608,4.573798,4.573798,-0.336667,-2.78838
204947,1193.0,204.909,4.009327,4.050208,4.050208,-0.52359,4.35961
204948,1194.0,204.896,2.244015,2.244053,2.244053,-1.806155,2.19066
204949,1195.0,205.588,0.938673,1.166178,1.166178,-1.077875,-10.48869
204950,1196.0,205.2,1.396733,1.449623,1.449623,0.283445,1.68149
204951,1197.0,205.123,0.683802,0.688124,0.688124,-0.761499,0.42707
204952,1198.0,205.345,0.66717,0.703135,0.703135,0.015011,-4.29391
204953,1199.0,204.986,0.874142,0.944989,0.944989,0.241854,1.58182
204954,1200.0,205.321,0.463243,0.571681,0.571681,-0.373308,-6.00397
204955,1201.0,205.414,0.70404,0.710156,0.710156,0.138475,-2.06403
204956,1202.0,205.628,1.697494,1.71093,1.71093,1.000774,-7.08135
204957,1203.0,205.734,1.951505,1.954381,1.954381,0.243451,-2.6688
204958,1204.0,205.018,0.936773,1.179067,1.179067,-0.775314,4.21546
204959,1205.0,205.284,0.333585,0.426655,0.426655,-0.752412,-0.13398
205000,1206.0,205.345,0.897014,0.899085,0.899085,0.47243,-2.03486
205001,1207.0,205.572,1.029984,1.054702,1.054702,0.155617,-4.57888
205002,1208.0,205.705,0.817696,0.828442,0.828442,-0.22626,-2.23268
205003,1209.0,205.483,0.631655,0.669531,0.669531,-0.158911,0.99104
205004,1210.0,204.896,0.536385,0.795159,0.795159,0.125628,2.90056
205005,1211.0,205.398,0.599721,0.782093,0.782093,-0.013066,-9.42881
205006,1212.0,204.888,0.599721,0.787252,0.787252,0.005159,2.52872
205008,1214.0,204.888,0.792667,0.792667,0.396334,-0.195459,-0.27357
205009,1215.0,205.047,0.46936,0.49556,0.49556,0.099226,-0.33661
205010,1216.0,205.047,0.365717,0.365717,0.365717,-0.129843,-0.29298
205011,1217.0,205.01,0.23468,0.237579,0.237579,-0.128138,-0.31319
205012,1218.0,205.171,0.374749,0.40787,0.40787,0.170291,-0.59497
205013,1219.0,205.398,0.134096,0.263649,0.263649,-0.144221,-0.30676
205014,1220.0,204.957,0.926485,1.026088,1.026088,0.762439,1.72964
205015,1221.0,204.78,0.186639,0.257222,0.257222,-0.768866,-0.21739
205016,1222.0,204.69,0.936774,0.941087,0.941087,0.683865,-0.13723
205017,1223.0,205.229,0.111195,0.55035,0.55035,-0.390737,-9.79267
205018,1224.0,204.331,1.114472,1.431242,1.431242,0.880892,4.01736
205019,1225.0,204.759,0.599721,0.736783,0.736783,-0.694459,-7.11956
205020,1226.0,204.796,1.669607,1.670017,1.670017,0.933234,-3.51734
205021,1227.0,205.475,0.46936,0.825433,0.825433,-0.844584,-11.40197
205022,1228.0,205.094,1.891799,1.929784,1.929784,1.104351,0.71518
205023,1229.0,204.621,1.206866,1.296247,1.296247,-0.633537,2.83135
205024,1230.0,204.621,0.23468,0.23468,0.23468,-1.061567,-0.19035
205025,1231.0,204.582,1.50514,1.505645,1.505645,1.270965,-3.66746
205026,1232.0,204.545,1.057368,1.058015,1.058015,-0.44763,0.20864
205027,1233.0,204.666,0.820383,0.829258,0.829258,-0.228757,-2.00548
205028,1234.0,204.505,0.853917,0.868962,0.868962,0.039704,0.59154
205029,1235.0,204.331,0.820383,0.838632,0.838632,-0.03033,0.69453
205030,1236.0,204.529,0.889379,0.911153,0.911153,0.072521,-3.89541
205031,1237.0,204.613,0.889379,0.893337,0.893337,-0.017816,-1.62967
205032,1238.0,204.925,0.781797,0.841754,0.841754,-0.051583,-5.82329
205033,1239.0,204.735,0.889379,0.909448,0.909448,0.067694,0.73979
205034,1240.0,204.986,0.820383,0.857921,0.857921,-0.051527,-4.68525
205035,1241.0,204.69,0.889379,0.937343,0.937343,0.079422,1.32009
205036,1242.0,204.774,0.820383,0.824672,0.824672,-0.112671,-1.50321
205037,1243.0,205.192,0.853917,0.950735,0.950735,0.126063,-8.06882
205038,1244.0,204.698,0.820383,0.957634,0.957634,0.006899,2.45312
205039,1245.0,204.492,0.889379,0.912924,0.912924,-0.04471,0.88604
