050547,0,77.008,0.0,0.0,0,0,-0.35
050548,1.0,77.745,5.547349,5.596092,5.596092,5.596092,-74.52712
050549,2.0,78.958,5.922023,6.044976,6.044976,0.448884,-27.24263
050550,3.0,79.198,6.67047,6.674787,6.674787,0.629811,-11.15406
050551,4.0,80.231,7.345854,7.41813,7.41813,0.743343,-28.77187
050552,5.0,80.63,7.720558,7.730862,7.730862,0.312732,-10.30493
050553,6.0,81.656,6.970267,7.045374,7.045374,-0.685488,-8.41119
050554,7.0,81.489,5.556257,5.558766,5.558766,-1.486608,5.96012
050555,8.0,82.348,4.146127,4.234177,4.234177,-1.324589,-4.62771
050556,9.0,82.771,3.030779,3.060155,3.060155,-1.174022,-0.54304
050557,10.0,82.86,2.124923,2.126786,2.126786,-0.933369,0.48644
050558,11.0,83.064,1.563578,1.57683,1.57683,-0.549956,-2.12388
050559,12.0,82.808,1.029862,1.061202,1.061202,-0.515628,1.53343
050600,13.0,82.551,0.319753,0.410233,0.410233,-0.650969,-0.15818
050601,14.0,83.252,0.134096,0.713711,0.713711,0.303478,-14.11079
050602,15.0,83.748,0.134096,0.513807,0.513807,-0.199904,-9.58007
050603,16.0,83.862,2.3399,2.342675,2.342675,1.828868,-10.30235
050604,17.0,83.69,1.727482,1.736024,1.736024,-0.606651,1.40598
050605,18.0,83.96,2.213746,2.23015,2.23015,0.494126,-7.08279
050606,19.0,83.487,2.27933,2.32789,2.32789,0.09774,2.43785
050607,20.0,83.804,3.389816,3.404606,3.404606,1.076716,-12.68209
050608,21.0,83.027,4.620189,4.68507,4.68507,1.280464,1.02291
050609,22.0,83.862,5.34577,5.410589,5.410589,0.725519,-22.54816
050610,23.0,83.365,6.449741,6.468862,6.468862,1.058273,-6.2641
050611,24.0,83.653,6.359788,6.366306,6.366306,-0.102556,-2.63046
050612,25.0,83.093,6.595088,6.61882,6.61882,0.252514,2.51069
050613,26.0,83.373,6.359788,6.365949,6.365949,-0.252871,-0.59187
050614,27.0,83.698,5.389724,5.399513,5.399513,-0.966436,1.33236
050615,28.0,83.833,6.016209,6.017723,6.017723,0.61821,-8.41088
050616,29.0,83.54,5.36308,5.371078,5.371078,-0.646645,3.85872
050617,30.0,83.238,4.790772,4.800281,4.800281,-0.570797,3.42392
050618,31.0,83.418,4.450322,4.453961,4.453961,-0.34632,-0.08133
050619,32.0,83.222,3.232483,3.238419,3.238419,-1.215542,3.36753
050620,33.0,83.04,2.345894,2.352944,2.352944,-0.885475,2.12158
050621,34.0,83.027,1.232295,1.232364,1.232364,-1.12058,0.64026
050622,35.0,82.982,0.319757,0.322908,0.322908,-0.909456,-0.15012
050623,36.0,82.99,0.22485,0.224993,0.224993,-0.097915,-0.3177
050624,37.0,83.524,0.316251,0.620621,0.620621,0.395628,-10.96885
050625,38.0,83.003,0.1499,0.542136,0.542136,-0.078485,2.71579
050626,39.0,83.569,0.22485,0.609027,0.609027,0.066891,-11.18711
050627,40.0,83.492,0.1499,0.16852,0.16852,-0.440507,-0.29198
050628,41.0,83.598,0.22485,0.248583,0.248583,0.080063,-0.34023
050629,42.0,83.598,0.18664,0.18664,0.18664,-0.061943,-0.32714
050630,43.0,83.69,0.22485,0.242944,0.242944,0.056304,-0.33707
050631,44.0,83.093,0.316251,0.675592,0.675592,0.432648,2.96793
050632,45.0,83.5,0.402289,0.572263,0.572263,-0.103329,-7.92969
050634,47.0,82.853,12.121725,12.13898,6.06949,2.748614,-28.84207
050635,48.0,83.487,3.157353,3.220378,3.220378,-2.849112,1.66496
050636,49.0,82.942,2.268911,2.333448,2.333448,-0.88693,4.19782
050637,50.0,83.064,1.601201,1.605842,1.605842,-0.727606,-0.22748
050638,51.0,82.739,0.817699,0.879919,0.879919,-0.725923,1.96789
050639,52.0,82.86,0.76444,0.773957,0.773957,-0.105962,-2.30135
050640,53.0,82.853,0.848749,0.848778,0.848778,0.074821,-0.2737
050641,54.0,83.584,0.804579,1.087064,1.087064,0.238286,-14.66513
050642,55.0,83.397,0.316252,0.367402,0.367402,-0.719662,-0.16343
050643,56.0,82.974,0.37328,0.564152,0.564152,0.19675,2.06455
050644,57.0,83.238,0.250843,0.364168,0.364168,-0.199984,-0.27594
050645,58.0,83.524,0.250843,0.380419,0.380419,0.016251,-0.32082
050646,59.0,83.532,0.18664,0.186811,0.186811,-0.193608,-0.31271
050647,60.0,83.056,0.316252,0.571482,0.571482,0.384671,2.30601
050648,61.0,83.584,0.498384,0.726065,0.726065,0.154583,-10.55983
050649,62.0,83.756,0.704041,0.724746,0.724746,-0.001319,-3.46043
050650,63.0,83.569,0.704041,0.728452,0.728452,0.003706,0.78594
050651,64.0,83.886,0.792667,0.853704,0.853704,0.125252,-6.43635
050652,65.0,83.267,0.683802,0.922359,0.922359,0.068655,3.24985
050653,66.0,82.575,0.45105,0.826021,0.826021,-0.096338,3.74474
050654,67.0,82.771,0.341901,0.394097,0.394097,-0.431924,-0.2163
050655,68.0,83.04,0.341901,0.435037,0.435037,0.04094,-0.32292
050656,69.0,82.53,0.111195,0.521981,0.521981,0.086944,2.59932
050657,70.0,82.702,0.23468,0.290962,0.290962,-0.231019,-0.28554
050658,71.0,82.092,0.111195,0.620052,0.620052,0.32909,3.08953
050659,72.0,82.454,0.111195,0.378693,0.378693,-0.241359,-0.2638
050700,73.0,82.498,0.07495,0.086911,0.086911,-0.291782,-0.32765
050701,74.0,82.07,0.0,0.428,0.0,-0.086911,-0.35
050702,75.0,82.673,0.07495,0.60764,0.60764,0.60764,-12.54907
050703,76.0,82.477,1.336442,1.350738,1.350738,0.743098,0.30525
050704,77.0,82.266,0.111195,0.238506,0.238506,-1.112232,-0.17404
050705,78.0,82.771,0.889559,1.022908,1.022908,0.784402,-11.38809
050706,79.0,82.763,3.002263,3.002274,3.002274,1.979366,-12.78311
050707,80.0,83.093,4.558992,4.57092,4.57092,1.568646,-19.46266
050708,81.0,83.357,5.149991,5.156753,5.156753,0.585833,-9.82316
050709,82.0,83.344,6.145044,6.145058,6.145058,0.988305,-13.97551
050710,83.0,83.629,7.702046,7.707317,7.707317,1.562259,-27.06135
050711,84.0,82.535,8.47327,8.543602,8.543602,0.836285,2.59764
050712,85.0,83.492,9.95638,10.002267,10.002267,1.458665,-44.07609
050713,86.0,83.645,10.499721,10.500836,10.500836,0.498569,-9.88743
050714,87.0,82.771,10.762348,10.797778,10.797778,0.296942,3.94667
050715,88.0,82.673,10.869066,10.869508,10.869508,0.07173,0.91932
050716,89.0,81.92,11.080284,11.105841,11.105841,0.236333,3.63812
050717,90.0,81.859,10.954629,10.954799,10.954799,-0.151042,2.14547
050718,91.0,81.994,11.414196,11.414995,11.414995,0.460196,-9.11481
050719,92.0,81.278,11.85092,11.87253,11.87253,0.457535,1.9004
050720,93.0,79.809,12.165704,12.254074,12.254074,0.381544,6.65695
050721,94.0,79.809,12.177815,12.177815,12.177815,-0.076259,1.53772
050722,95.0,79.975,11.960708,11.96186,11.96186,-0.215955,1.54162
050723,96.0,79.243,11.52855,11.551766,11.551766,-0.410094,7.89892
050724,97.0,79.93,11.080045,11.101322,11.101322,-0.450444,-0.17101
050725,98.0,80.057,10.117862,10.118659,10.118659,-0.982663,5.79959
050726,99.0,79.666,9.900759,9.908477,9.908477,-0.210182,4.14233
050727,100.0,80.102,8.724225,8.735113,8.735113,-1.173364,4.01893
050728,101.0,78.982,11.288969,11.344391,11.344391,2.609278,-41.15295
050729,102.0,79.418,9.871387,9.881011,9.881011,-1.46338,6.63659
050730,103.0,79.402,7.150897,7.150915,7.150915,-2.730096,11.85939
050731,104.0,80.089,5.323699,5.367843,5.367843,-1.783072,1.79883
050732,105.0,79.787,4.10282,4.11392,4.11392,-1.253923,4.77437
050733,106.0,80.012,5.293042,5.297822,5.297822,1.183902,-15.42388
050734,107.0,79.861,6.376726,6.378513,6.378513,1.080691,-13.0084
050735,108.0,80.456,7.905821,7.92818,7.92818,1.549667,-33.44446
050736,109.0,80.496,8.399479,8.399574,8.399574,0.471394,-6.13514
050737,110.0,80.757,9.220589,9.224282,9.224282,0.824708,-17.2346
050738,111.0,81.368,7.710458,7.734628,7.734628,-1.489654,3.63654
050739,112.0,81.225,7.651589,7.652925,7.652925,-0.081703,1.57664
050740,113.0,80.842,10.969746,10.97643,10.97643,3.323505,-68.74822
050741,114.0,81.571,8.365379,8.397083,8.397083,-2.579347,8.97672
050742,115.0,81.558,8.114736,8.114746,8.114746,-0.282337,1.86038
050743,116.0,82.078,7.339231,7.357629,7.357629,-0.757117,0.62929
050744,117.0,81.761,5.43609,5.445325,5.445325,-1.912304,8.06971
050745,118.0,82.673,3.587841,3.701939,3.701939,-1.743386,-4.156
050746,119.0,82.409,2.059832,2.076681,2.076681,-1.625258,3.32496
050747,120.0,82.432,1.372346,1.372539,1.372539,-0.704142,0.20276
050748,121.0,81.558,1.697526,1.909312,1.909312,0.536773,4.23817
050749,122.0,82.462,0.631662,1.10282,1.10282,-0.806492,-15.74095
050750,123.0,82.16,0.581618,0.65535,0.65535,-0.44747,1.61388
050751,124.0,81.896,0.186645,0.323315,0.323315,-0.332035,-0.25924
050752,125.0,81.819,0.36572,0.373738,0.373738,0.050423,-0.32881
050753,126.0,82.047,0.996777,1.022521,1.022521,0.648783,-5.76369
050754,127.0,81.92,1.116412,1.123613,1.123613,0.101092,0.41042
050755,128.0,81.933,1.199256,1.199327,1.199327,0.075714,-0.4314
050756,129.0,81.526,2.699215,2.729727,2.729727,1.5304,-0.21943
050757,130.0,81.994,3.85434,3.882649,3.882649,1.152922,-17.04535
050758,131.0,82.417,5.412714,5.429217,5.429217,1.546568,-23.38742
050759,132.0,82.266,6.247486,6.249311,6.249311,0.820094,-9.48001
050800,133.0,82.686,7.092528,7.104953,7.104953,0.855642,-18.16331
050801,134.0,82.884,9.696093,9.698114,9.698114,2.593161,-50.34646
050802,135.0,82.921,13.411309,13.41136,13.41136,3.713246,-94.76696
050803,136.0,82.62,12.81487,12.818404,12.818404,-0.592956,6.82296
050804,137.0,82.71,12.180702,12.181034,12.181034,-0.63737,5.02286
050805,138.0,83.019,13.371039,13.374609,13.374609,1.193575,-33.38598
050806,139.0,83.056,11.440523,11.440583,11.440583,-1.934026,13.64892
050807,140.0,83.365,12.093201,12.097148,12.097148,0.656565,-17.37607
050808,141.0,83.584,13.788316,13.790055,13.790055,1.692907,-46.27615
050809,142.0,84.789,13.51397,13.567586,13.567586,-0.222469,-13.35846
050810,143.0,84.435,15.664469,15.668468,15.668468,2.100882,-68.238
050811,144.0,83.479,16.489555,16.517244,16.517244,0.848776,-20.98509
050812,145.0,83.764,17.393148,17.395483,17.395483,0.878239,-32.90291
050813,146.0,83.954,16.495551,16.496646,16.496646,-0.898837,5.43397
050814,147.0,83.968,19.064287,19.064293,19.064293,2.567647,-94.77903
050815,148.0,84.398,19.85519,19.859846,19.859846,0.795553,-37.96523
050816,149.0,84.113,20.213267,20.215276,20.215276,0.35543,-8.86424
050817,150.0,84.774,20.473846,20.484514,20.484514,0.269238,-22.53126
050818,151.0,84.224,21.322938,21.33003,21.33003,0.845516,-48.12976
050819,152.0,84.525,22.006746,22.008804,22.008804,0.678774,-35.06184
050820,153.0,84.118,22.704585,22.708233,22.708233,0.699429,-50.7009
050821,154.0,84.721,23.278977,23.286786,23.286786,0.578553,-38.8479
050822,155.0,85.091,22.418893,22.421946,22.421946,-0.86484,-0.10821
050823,156.0,85.363,24.234423,24.235949,24.235949,1.814003,-93.15109
050824,157.0,86.161,24.269644,24.28276,24.28276,0.046811,-19.01318
050825,158.0,85.762,24.431889,24.435147,24.435147,0.152387,-12.38699
050826,159.0,85.701,24.614692,24.614768,24.614768,0.179621,-15.03691
050827,160.0,86.893,25.054673,25.083012,25.083012,0.468244,-48.08565
050828,161.0,87.096,25.564328,25.565134,25.565134,0.482122,-30.47616
050829,162.0,87.072,25.564337,25.564348,25.564348,-0.000786,-14.2736
050830,163.0,87.276,25.396151,25.39697,25.39697,-0.167378,-12.81337
050831,164.0,87.323,25.182012,25.182056,25.182056,-0.214914,-10.85939
050832,165.0,87.072,25.289075,25.29032,25.29032,0.108264,-14.10782
050833,166.0,86.832,25.182027,25.183171,25.183171,-0.107149,-10.80148
050834,167.0,86.718,25.182035,25.182293,25.182293,-0.000878,-13.09182
050835,168.0,86.914,25.309421,25.31018,25.31018,0.127887,-17.00317
050836,169.0,86.922,25.18205,25.182052,25.182052,-0.128128,-11.91539
050837,170.0,86.969,25.289113,25.289157,25.289157,0.107105,-15.80109
050838,171.0,88.203,25.182066,25.212283,25.212283,-0.076874,-22.04844
050839,172.0,87.987,25.182073,25.183,25.183,-0.029283,-12.08823
050840,173.0,87.751,25.309461,25.310561,25.310561,0.127561,-14.51668
050841,174.0,87.942,24.254136,24.254888,24.254888,-1.055673,1.70001
050845,178.0,90.729,114.729326,114.763172,28.690793,1.108976,-80.78511
050846,179.0,90.92,26.284799,26.285493,26.285493,-2.4053,20.22972
050847,180.0,91.688,26.289182,26.300398,26.300398,0.014905,-20.38101
050848,181.0,93.356,26.395814,26.448464,26.448464,0.148066,-42.88173
050849,182.0,94.402,26.2848,26.305605,26.305605,-0.142859,-19.55799
050852,185.0,97.443,76.884744,76.944861,25.648287,-0.219106,-17.10761
050854,187.0,99.172,48.083204,48.11428,24.05714,-0.795573,-5.639
050855,188.0,99.692,23.44908,23.454845,23.454845,-0.602295,-5.63373
050856,189.0,100.725,23.961829,23.984085,23.984085,0.52924,-46.11401
050857,190.0,101.579,25.252131,25.266567,25.266567,1.282482,-82.3864
050858,191.0,102.371,24.228427,24.241368,24.241368,-1.025199,-2.17708
050859,192.0,102.607,24.719022,24.720148,24.720148,0.47878,-29.5522
050900,193.0,103.671,23.032589,23.057152,23.057152,-1.662996,6.04364
050902,195.0,106.33,49.614995,49.686196,24.843098,0.892973,-71.14574
050904,197.0,108.443,47.311104,47.358266,23.679133,-0.581982,-9.27652
050905,198.0,108.927,24.530122,24.534896,24.534896,0.855763,-52.25512
050906,199.0,109.265,24.310618,24.312967,24.312967,-0.221929,-11.08556
050907,200.0,111.11,24.404845,24.474486,24.474486,0.161519,-44.94516
050908,201.0,111.305,23.953945,23.954739,23.954739,-0.519747,-5.54758
050909,202.0,112.174,23.856987,23.872809,23.872809,-0.08193,-15.43701
050910,203.0,112.275,23.686705,23.68692,23.68692,-0.185889,-9.29245
050911,204.0,112.999,23.663447,23.67452,23.67452,-0.0124,-15.26065
050912,205.0,113.21,23.717128,23.718066,23.718066,0.043546,-13.15895
050913,206.0,113.231,23.602381,23.60239,23.60239,-0.115676,-9.67874
050914,207.0,112.597,23.621313,23.62982,23.62982,0.02743,-7.937
050915,208.0,111.987,23.621335,23.62921,23.62921,-0.00061,-7.68564
050916,209.0,111.403,23.965674,23.972789,23.972789,0.343579,-13.2187
050917,210.0,111.133,24.144849,24.146359,24.146359,0.17357,-12.93512
050918,211.0,110.121,24.450009,24.470944,24.470944,0.324585,-11.40266
050919,212.0,109.07,24.700905,24.723254,24.723254,0.25231,-10.60087
050920,213.0,107.952,24.786247,24.811448,24.811448,0.088194,-7.99171
050921,214.0,106.478,24.669749,24.713745,24.713745,-0.097703,-3.08438
050922,215.0,105.489,24.527845,24.547776,24.547776,-0.165969,-4.6214
050923,216.0,104.591,24.388948,24.405474,24.405474,-0.142302,-5.26009
050924,217.0,103.79,24.305952,24.319146,24.319146,-0.086328,-6.47948
050925,218.0,102.176,24.190968,24.24475,24.24475,-0.074396,-1.85782
050926,219.0,100.96,23.894304,23.925226,23.925226,-0.319524,-0.20347
050927,220.0,99.534,23.990356,24.032699,24.032699,0.107473,-5.16142
050928,221.0,99.216,23.791796,23.793922,23.793922,-0.238777,-6.30283
050929,222.0,98.038,23.924887,23.95387,23.95387,0.159948,-7.19007
050930,223.0,97.731,23.924919,23.926888,23.926888,-0.026982,-9.52928
050931,224.0,97.647,23.924951,23.925098,23.925098,-0.00179,-11.16103
050932,225.0,97.412,23.841374,23.842533,23.842533,-0.082565,-9.03227
050933,226.0,96.825,23.925015,23.932215,23.932215,0.089682,-9.56402
050934,227.0,95.451,24.024001,24.06326,24.06326,0.131045,-5.84287
050935,228.0,93.8,24.324326,24.380292,24.380292,0.317032,-7.4503
050936,229.0,93.528,24.625737,24.627239,24.627239,0.246947,-14.82023
050937,230.0,93.287,24.868741,24.869908,24.869908,0.242669,-15.37946
050938,231.0,91.287,24.890748,24.97097,24.97097,0.101062,-3.38457
050939,232.0,91.25,24.965904,24.965931,24.965931,-0.005039,-13.10496
050940,233.0,90.964,25.285253,25.28687,25.28687,0.320939,-17.05226
050941,234.0,89.923,25.273797,25.295226,25.295226,0.008356,-8.09711
050942,235.0,89.773,25.383094,25.383538,25.383538,0.088312,-14.55994
050943,236.0,89.086,25.412284,25.421569,25.421569,0.038031,-10.79294
050944,237.0,88.845,25.28665,25.287799,25.287799,-0.13377,-10.57589
050945,238.0,86.922,25.196956,25.27023,25.27023,-0.017569,-2.60027
050946,239.0,85.904,25.098708,25.119344,25.119344,-0.150886,-5.58094
050947,240.0,84.858,25.257072,25.278722,25.278722,0.159378,-10.27449
050948,241.0,83.23,25.322701,25.374979,25.374979,0.096257,-6.16668
050949,242.0,82.567,25.60666,25.615241,25.615241,0.240262,-14.30617
050950,243.0,81.55,25.691699,25.71182,25.71182,0.096579,-10.29085
050951,244.0,80.157,25.687787,25.725529,25.725529,0.013709,-6.90563
050952,245.0,79.14,25.917258,25.937204,25.937204,0.211675,-12.4514
050953,246.0,78.543,25.777281,25.784193,25.784193,-0.153011,-9.06547
050954,247.0,78.054,25.673575,25.678231,25.678231,-0.105962,-10.21606
050955,248.0,77.069,25.495525,25.514546,25.514546,-0.163685,-6.22546
050956,249.0,76.125,25.354217,25.371785,25.371785,-0.142761,-6.53681
050957,250.0,76.022,25.590658,25.590865,25.590865,0.21908,-17.15834
050958,251.0,74.899,25.623266,25.647863,25.647863,0.056998,-8.96833
050959,252.0,74.199,25.532551,25.542145,25.542145,-0.105718,-8.77529
051000,253.0,73.266,25.835437,25.852278,25.852278,0.310133,-14.26143
051001,254.0,71.927,26.237506,26.271651,26.271651,0.419373,-14.43745
051002,255.0,70.849,26.431309,26.453283,26.453283,0.181632,-12.6278
051003,256.0,69.321,26.211472,26.255972,26.255972,-0.197311,-3.83277
051004,257.0,68.959,26.530126,26.532595,26.532595,0.276623,-18.37185
051005,258.0,67.818,26.321392,26.346111,26.346111,-0.186484,-6.37641
051006,259.0,67.176,25.710235,25.718249,25.718249,-0.627862,-1.538
051007,260.0,66.357,26.595375,26.607983,26.607983,0.889734,-71.56964
051008,261.0,65.929,27.246535,27.249896,27.249896,0.641913,-69.46303
051009,262.0,65.696,27.443256,27.444245,27.444245,0.194349,-19.64291
051010,263.0,65.123,27.630497,27.636438,27.636438,0.192193,-18.04419
051011,264.0,65.252,27.719902,27.720202,27.720202,0.083764,-20.48875
051012,265.0,65.635,28.011941,28.014559,28.014559,0.294357,-27.74296
051013,266.0,65.35,28.040188,28.041636,28.041636,0.027077,-17.81949
051014,267.0,65.704,28.532597,28.534793,28.534793,0.493157,-39.05843
051015,268.0,65.905,28.473901,28.474611,28.474611,-0.060182,-20.01979
051016,269.0,66.296,28.362738,28.365433,28.365433,-0.109178,-20.08432
051017,270.0,66.296,28.633717,28.633717,28.633717,0.268284,-24.68729
051018,271.0,66.296,28.593636,28.593636,28.593636,-0.040081,-19.43532
051019,272.0,66.935,28.251384,28.25861,28.25861,-0.335026,-17.56631
051020,273.0,66.845,27.929046,27.929191,27.929191,-0.329419,-12.88655
051021,274.0,66.621,27.565977,27.566887,27.566887,-0.362304,-10.95435
051022,275.0,66.259,27.360591,27.362986,27.362986,-0.203901,-12.35388
051023,276.0,66.14,26.896104,26.896367,26.896367,-0.466619,-8.78788
051024,277.0,65.611,26.869748,26.874954,26.874954,-0.021413,-13.40663
051025,278.0,65.627,26.88283,26.882835,26.882835,0.007881,-17.01457
051026,279.0,64.922,26.554506,26.563863,26.563863,-0.318972,-7.19319
051027,280.0,64.055,26.393152,26.407388,26.407388,-0.156475,-8.51868
051028,281.0,63.326,26.420208,26.430263,26.430263,0.022875,-12.12799
051029,282.0,62.964,26.367469,26.369954,26.369954,-0.060309,-12.84124
051030,283.0,62.649,26.072992,26.074895,26.074895,-0.295059,-9.00266
051031,284.0,62.364,25.908613,25.91018,25.91018,-0.164715,-10.88742
051032,285.0,62.356,25.64906,25.649062,25.649062,-0.261118,-10.59391
051033,286.0,62.34,25.628,25.628005,25.628005,-0.021057,-14.11824
051034,287.0,61.867,26.054609,26.058902,26.058902,0.430897,-19.15066
051035,288.0,61.341,26.602665,26.607864,26.607864,0.548962,-21.82182
051036,289.0,61.114,27.054069,27.055022,27.055022,0.447158,-22.90116
051037,290.0,60.58,27.061969,27.067237,27.067237,0.012215,-14.26617
051038,291.0,60.755,26.752568,26.75314,26.75314,-0.314097,-12.63875
051039,292.0,59.716,26.844221,26.86432,26.86432,0.11118,-12.54037
051040,293.0,58.918,26.939361,26.951178,26.951178,0.086858,-13.70862
051041,294.0,58.739,26.939361,26.939956,26.939956,-0.011222,-15.69643
051042,295.0,58.062,26.720907,26.729482,26.729482,-0.210474,-9.32453
051043,296.0,56.363,26.724802,26.778753,26.778753,0.049271,-7.61044
051044,297.0,56.229,26.298639,26.298981,26.298981,-0.479772,-7.56016
051045,298.0,56.432,25.987438,25.98823,25.98823,-0.310751,-11.59811
051046,299.0,55.47,25.915683,25.933532,25.933532,-0.054698,-8.70505
051047,300.0,54.876,25.598592,25.605482,25.605482,-0.32805,-6.14976
051048,301.0,54.696,25.472974,25.47361,25.47361,-0.131872,-11.25113
051049,302.0,54.223,25.362309,25.366719,25.366719,-0.106891,-9.76077
051050,303.0,53.56,25.070199,25.078964,25.078964,-0.287755,-5.534
051051,304.0,53.388,25.135302,25.13589,25.13589,0.056926,-13.51892
051052,305.0,53.718,24.968513,24.970694,24.970694,-0.165196,-12.86714
051053,306.0,53.274,24.870014,24.873977,24.873977,-0.096717,-9.26209
051054,307.0,52.487,24.905618,24.918049,24.918049,0.044072,-9.41798
051055,308.0,52.757,24.979896,24.981355,24.981355,0.063306,-15.88311
051056,309.0,52.968,25.376109,25.376986,25.376986,0.395631,-25.95306
051057,310.0,53.605,25.475966,25.483928,25.483928,0.106942,-19.85727
051058,311.0,53.433,25.496717,25.497297,25.497297,0.013369,-13.50558
051059,312.0,53.539,25.529465,25.529685,25.529685,0.032388,-15.4445
051100,313.0,54.289,25.234837,25.24598,25.24598,-0.283705,-13.973
051101,314.0,54.884,25.015359,25.022434,25.022434,-0.223546,-13.61819
051102,315.0,56.395,24.737438,24.783542,24.783542,-0.238892,-19.21374
051103,316.0,57.064,24.84079,24.849797,24.849797,0.066255,-17.99247
051104,317.0,57.753,24.529031,24.538705,24.538705,-0.311092,-12.1495
051105,318.0,57.935,24.266591,24.267274,24.267274,-0.271431,-9.40086
051106,319.0,58.755,23.911145,23.925201,23.925201,-0.342073,-11.57591
051107,320.0,59.46,23.690339,23.700826,23.700826,-0.224375,-12.23516
051108,321.0,59.603,23.385725,23.386163,23.386163,-0.314663,-7.31356
051109,322.0,60.62,23.066186,23.088595,23.088595,-0.297568,-12.1612
051110,323.0,61.281,22.743711,22.753314,22.753314,-0.335281,-9.16063
051111,324.0,61.212,23.142167,23.14227,23.14227,0.388956,-45.04916
051112,325.0,61.733,23.011635,23.017532,23.017532,-0.124738,-11.54483
051113,326.0,63.305,23.065976,23.119482,23.119482,0.10195,-35.54679
051114,327.0,65.567,23.139043,23.249343,23.249343,0.129861,-50.26862
051115,328.0,65.905,23.384161,23.386603,23.386603,0.13726,-14.62792
051116,329.0,66.238,23.397514,23.399884,23.399884,0.013281,-12.92162
051117,330.0,66.288,23.506914,23.506967,23.506967,0.107083,-12.75593
051118,331.0,67.049,23.288141,23.300571,23.300571,-0.206396,-12.22716
051119,332.0,67.953,23.344132,23.361629,23.361629,0.061058,-20.97756
051120,333.0,67.892,23.235036,23.235116,23.235116,-0.126513,-8.49703
051121,334.0,69.305,23.333109,23.375854,23.375854,0.140738,-34.4902
051122,335.0,69.548,23.342141,23.343405,23.343405,-0.032449,-11.69124
051123,336.0,69.398,23.466438,23.466917,23.466917,0.123512,-11.76775
051124,337.0,69.472,23.426119,23.426236,23.426236,-0.040681,-10.73499
051125,338.0,69.773,23.303696,23.305639,23.305639,-0.120597,-10.763
051126,339.0,69.525,23.066193,23.067526,23.067526,-0.238113,-5.66846
051127,340.0,70.442,23.061435,23.07966,23.07966,0.012134,-18.78377
051128,341.0,71.089,22.733325,22.74253,22.74253,-0.33713,-9.04381
051129,342.0,70.751,22.331026,22.333584,22.333584,-0.408946,-1.91508
051130,343.0,71.337,21.850536,21.858393,21.858393,-0.475191,-5.80158
051131,344.0,71.654,21.7693,21.771608,21.771608,-0.086785,-9.10997
051132,345.0,71.308,21.43879,21.441582,21.441582,-0.330026,-1.79685
051133,346.0,71.43,21.228977,21.229328,21.229328,-0.212254,-5.69859
051134,347.0,70.901,20.678735,20.6855,20.6855,-0.543828,2.72664
051135,348.0,70.941,20.689755,20.689794,20.689794,0.004294,-7.19109
051136,349.0,70.886,20.6575,20.657573,20.657573,-0.032221,-6.16052
051137,350.0,68.999,20.426934,20.513907,20.513907,-0.143666,5.89358
051138,351.0,67.884,20.327162,20.357719,20.357719,-0.156188,1.79674
051139,352.0,67.321,20.104287,20.112169,20.112169,-0.24555,-0.02982
051140,353.0,66.214,19.901608,19.932371,19.932371,-0.179798,2.53035
051141,354.0,66.357,19.971908,19.97242,19.97242,0.040049,-7.27163
051142,355.0,65.273,20.191373,20.22045,20.22045,0.24803,-3.00477
051143,356.0,64.951,20.279356,20.281912,20.281912,0.061462,-5.25503
051144,357.0,64.1,20.248181,20.266056,20.266056,-0.015856,-1.27589
051145,358.0,64.393,20.641987,20.644066,20.644066,0.37801,-20.00933
051146,359.0,63.989,20.753832,20.757764,20.757764,0.113698,-6.059
051147,360.0,63.033,20.820237,20.842174,20.842174,0.08441,-2.64724
051148,361.0,62.137,20.963842,20.982981,20.982981,0.140807,-3.88142
051149,362.0,60.372,21.71335,21.784967,21.784967,0.801986,-8.50338
051150,363.0,58.665,22.343141,22.408253,22.408253,0.623286,-7.68725
051151,364.0,57.566,22.827887,22.854326,22.854326,0.446073,-9.6393
051152,365.0,57.04,23.427485,23.433389,23.433389,0.579063,-46.1466
051153,366.0,55.98,23.812637,23.836218,23.836218,0.402829,-11.04744
051154,367.0,55.65,23.974866,23.977137,23.977137,0.140919,-11.82368
051155,368.0,55.372,24.049755,24.051362,24.051362,0.074225,-11.30897
051156,369.0,55.372,24.049761,24.049761,24.049761,-0.001601,-11.83564
051157,370.0,55.079,23.825119,23.82692,23.82692,-0.222841,-6.70473
051158,371.0,55.198,23.572962,23.573263,23.573263,-0.253657,-8.27649
051159,372.0,55.23,23.415642,23.415664,23.415664,-0.157599,-8.8697
051200,373.0,55.822,23.427524,23.435002,23.435002,0.019338,-14.54569
051201,374.0,55.536,23.226112,23.227873,23.227873,-0.207129,-6.0931
051202,375.0,55.507,23.008755,23.008773,23.008773,-0.2191,-7.09782
051203,376.0,55.095,22.95897,22.962667,22.962667,-0.046106,-7.15921
051204,377.0,55.898,23.076385,23.090352,23.090352,0.127685,-21.8303
051205,378.0,55.801,23.340685,23.340887,23.340887,0.250535,-13.59914
051206,379.0,56.041,23.631491,23.632709,23.632709,0.291822,-19.0959
051207,380.0,55.605,23.781528,23.785525,23.785525,0.152816,-11.05661
051208,381.0,55.777,23.781268,23.78189,23.78189,-0.003635,-12.36497
051209,382.0,55.732,23.857324,23.857367,23.857367,0.075477,-12.34425
051210,383.0,55.605,23.856546,23.856884,23.856884,-0.000483,-10.81059
051211,384.0,55.793,23.706508,23.707253,23.707253,-0.149631,-10.31045
051212,385.0,55.793,24.082372,24.082372,24.082372,0.375119,-49.50273
051213,386.0,56.289,24.15662,24.161712,24.161712,0.07934,-16.01393
051214,387.0,56.139,24.381677,24.382138,24.382138,0.220426,-14.68845
051215,388.0,56.347,24.30742,24.30831,24.30831,-0.073828,-12.42455
051216,389.0,55.642,24.381422,24.391612,24.391612,0.083302,-9.5563
051217,390.0,55.576,24.306656,24.306746,24.306746,-0.084866,-10.69001
051218,391.0,55.515,24.456694,24.45677,24.45677,0.150024,-14.32408
051219,392.0,55.605,24.532468,24.532633,24.532633,0.075863,-14.25864
051220,393.0,55.801,24.531711,24.532494,24.532494,-0.000139,-13.77536
051221,394.0,55.605,24.531711,24.532494,24.532494,0.0,-29.45122
051222,395.0,55.568,24.381672,24.3817,24.3817,-0.150794,-10.0347
051223,396.0,55.462,24.156615,24.156848,24.156848,-0.224852,-8.24118
051224,397.0,55.531,23.85628,23.85638,23.85638,-0.300468,-7.74372
051225,398.0,55.499,23.481444,23.481466,23.481466,-0.374914,-5.6098
051226,399.0,54.741,23.03133,23.043801,23.043801,-0.437665,-0.00685
051227,400.0,54.717,22.580943,22.580956,22.580956,-0.462845,-3.31021
051228,401.0,54.125,21.831029,21.839054,21.839054,-0.741902,4.40639
051229,402.0,53.89,20.930508,20.931828,20.931828,-0.907226,5.24587
051230,403.0,53.433,19.955252,19.960484,19.960484,-0.971344,8.0203
051231,404.0,53.148,19.355094,19.357192,19.357192,-0.603292,3.25759
051232,405.0,53.29,18.679916,18.680456,18.680456,-0.676736,2.16158
051233,406.0,52.794,18.005082,18.011912,18.011912,-0.668544,6.21895
051234,407.0,53.208,17.55462,17.559501,17.559501,-0.452411,-0.93241
051235,408.0,52.997,17.179881,17.181176,17.181176,-0.378325,2.19914
051236,409.0,53.298,17.030933,17.033593,17.033593,-0.147583,-2.93162
051237,410.0,53.177,16.879807,16.880241,16.880241,-0.153352,-0.31226
051238,411.0,53.372,17.029843,17.030959,17.030959,0.150718,-5.96754
051239,412.0,53.372,17.479952,17.479952,17.479952,0.448993,-29.2626
051240,413.0,53.311,18.00508,18.005183,18.005183,0.525231,-32.3847
051241,414.0,53.245,18.604894,18.605011,18.605011,0.599828,-36.99487
051242,415.0,53.23,19.055013,19.055019,19.055019,0.450008,-33.94753
051243,416.0,53.51,19.655485,19.65748,19.65748,0.602461,-27.1485
051244,417.0,53.23,20.185211,20.187153,20.187153,0.529673,-35.82062
051245,418.0,53.763,20.562928,20.569834,20.569834,0.382681,-24.72958
051246,419.0,53.861,20.560224,20.560457,20.560457,-0.009377,-7.18572
051247,420.0,53.14,20.556616,20.569257,20.569257,0.0088,-2.70946
051248,421.0,53.742,20.555714,20.564527,20.564527,-0.00473,-10.3675
051249,422.0,53.163,20.630433,20.638556,20.638556,0.074029,-4.40576
051250,423.0,53.066,20.480695,20.480925,20.480925,-0.157631,-4.18251
051251,424.0,53.267,20.483109,20.484095,20.484095,0.00317,-7.82854
051252,425.0,53.253,20.483108,20.483113,20.483113,-0.000982,-6.54186
051253,426.0,54.08,20.63043,20.646999,20.646999,0.163886,-21.61666
051254,427.0,53.8,20.335217,20.337144,20.337144,-0.309855,-1.1439
051255,428.0,53.869,20.074671,20.07479,20.07479,-0.262354,-3.4198
051256,429.0,53.433,19.831463,19.836256,19.836256,-0.238534,-0.53097
051257,430.0,53.747,20.044078,20.046537,20.046537,0.210281,-13.00083
051258,431.0,54.231,20.341749,20.347507,20.347507,0.30097,-20.21369
051259,432.0,53.449,20.802355,20.817049,20.817049,0.469542,-8.3072
051300,433.0,53.703,21.188721,21.190244,21.190244,0.373195,-19.77952
051301,434.0,53.975,21.575264,21.576978,21.576978,0.386734,-21.22328
051302,435.0,54.17,21.903189,21.904057,21.904057,0.327079,-17.61613
051303,436.0,54.997,22.067702,22.083192,22.083192,0.179135,-23.62059
051304,437.0,55.38,22.364616,22.367895,22.367895,0.284703,-19.97661
051305,438.0,56.672,22.407988,22.445204,22.445204,0.077309,-28.46393
051306,439.0,57.505,22.528174,22.543569,22.543569,0.098365,-20.61159
051307,440.0,57.994,22.602633,22.607922,22.607922,0.064353,-13.27434
051308,441.0,58.58,22.467788,22.475428,22.475428,-0.132494,-11.0378
051309,442.0,60.491,22.43891,22.520138,22.520138,0.04471,-39.03872
051310,443.0,61.725,22.408043,22.441996,22.441996,-0.078142,-20.47543
051311,444.0,62.792,22.203759,22.229382,22.229382,-0.212614,-12.41636
051312,445.0,64.446,21.922486,21.984792,21.984792,-0.24459,-21.1624
051313,446.0,66.055,21.703975,21.763534,21.763534,-0.221258,-21.26146
051314,447.0,69.427,21.460442,21.723742,21.723742,-0.039792,-63.07493
051315,448.0,70.095,21.156044,21.166588,21.166588,-0.557154,-4.48126
051316,449.0,71.232,21.081025,21.111665,21.111665,-0.054923,-18.94549
051317,450.0,71.813,20.855967,20.864058,20.864058,-0.247607,-7.45412
051318,451.0,72.46,20.856855,20.866888,20.866888,0.00283,-11.73389
051319,452.0,74.027,20.705927,20.765136,20.765136,-0.101752,-25.16953
051320,453.0,75.322,20.630907,20.671511,20.671511,-0.093625,-20.21055
051321,454.0,76.352,20.555587,20.581376,20.581376,-0.090135,-15.19746
051322,455.0,77.024,20.405546,20.416608,20.416608,-0.164768,-8.44288
051323,456.0,78.709,20.330526,20.400233,20.400233,-0.016375,-30.74167
051324,457.0,80.638,20.255505,20.34715,20.34715,-0.053083,-33.9566
051325,458.0,82.063,20.106694,20.157127,20.157127,-0.190023,-18.69758
051326,459.0,82.514,20.18079,20.185829,20.185829,0.028702,-9.18618
051327,460.0,84.293,20.030751,20.109596,20.109596,-0.076233,-30.03388
051328,461.0,85.77,19.955422,20.010008,20.010008,-0.099588,-23.23955
051329,462.0,87.112,19.880402,19.925645,19.925645,-0.084363,-21.19918
051330,463.0,88.544,19.880713,19.932219,19.932219,0.006574,-26.51028
051331,464.0,89.004,19.955422,19.960724,19.960724,0.028505,-8.94715
051332,465.0,88.959,20.030443,20.030493,20.030493,0.069769,-6.61843
051333,466.0,89.606,20.18079,20.191159,20.191159,0.160666,-17.62282
051334,467.0,89.945,20.481772,20.484577,20.484577,0.293418,-17.28967
051335,468.0,90.156,20.708312,20.709386,20.709386,0.224809,-12.28084
051336,469.0,90.338,21.008353,21.009142,21.009142,0.299756,-15.13245
051337,470.0,90.188,21.231056,21.231586,21.231586,0.222444,-9.54869
051338,471.0,90.322,21.156037,21.156461,21.156461,-0.075125,-7.38005
051339,472.0,89.976,20.930979,20.933839,20.933839,-0.222622,-2.52032
051340,473.0,89.879,20.630903,20.631131,20.631131,-0.302708,-2.6191
051341,474.0,88.528,20.480865,20.525375,20.525375,-0.105756,2.33987
051342,475.0,88.203,20.330522,20.33312,20.33312,-0.192255,-2.28764
051343,476.0,87.788,20.255807,20.260058,20.260058,-0.073062,-3.09901
051344,477.0,87.609,20.181706,20.1825,20.1825,-0.077558,-4.30589
051345,478.0,85.815,20.108226,20.188096,20.188096,0.005596,3.98524
051346,479.0,84.663,19.658166,19.691892,19.691892,-0.496204,6.71013
051347,480.0,83.711,19.1331,19.15677,19.15677,-0.535122,6.48973
051348,481.0,81.346,18.557031,18.707128,18.707128,-0.449642,14.05648
051349,482.0,80.313,18.115787,18.145215,18.145215,-0.561913,8.07561
051350,483.0,79.206,17.9217,17.955857,17.955857,-0.189358,4.72501
051351,484.0,77.33,18.103458,18.200401,18.200401,0.244544,4.27983
051352,485.0,76.714,18.244256,18.254653,18.254653,0.054252,-0.9936
051353,486.0,74.574,18.269553,18.39446,18.39446,0.139807,6.68348
051354,487.0,74.207,18.139726,18.143438,18.143438,-0.251022,0.94597
051355,488.0,71.699,17.859553,18.034792,18.034792,-0.108646,11.84817
051356,489.0,70.294,17.889818,17.944905,17.944905,-0.089887,5.40352
051357,490.0,69.744,17.889801,17.898254,17.898254,-0.046651,0.08422
051358,491.0,68.071,17.991383,18.069001,18.069001,0.170747,4.05772
051359,492.0,67.281,17.780387,17.797929,17.797929,-0.271072,3.90768
051400,493.0,66.275,17.351315,17.380453,17.380453,-0.417476,7.00772
051401,494.0,63.949,16.56494,16.727448,16.727448,-0.653005,17.38858
051402,495.0,60.25,15.865169,16.290678,16.290678,-0.43677,23.45862
051403,496.0,58.866,15.387103,15.44922,15.44922,-0.841458,14.34082
051404,497.0,56.913,15.085449,15.211343,15.211343,-0.237877,12.31172
051405,498.0,56.297,14.899216,14.911945,14.911945,-0.299398,5.36365
051406,499.0,54.973,15.042388,15.100543,15.100543,0.188598,4.99872
051407,500.0,54.35,15.006457,15.019383,15.019383,-0.08116,3.41765
051408,501.0,53.592,15.49395,15.51248,15.51248,0.493097,-1.40598
051409,502.0,52.434,15.523386,15.566518,15.566518,0.054038,4.83532
051410,503.0,51.871,16.734532,16.744,16.744,1.177482,-40.24899
051411,504.0,49.263,17.153404,17.350532,17.350532,0.606532,5.83099
051412,505.0,48.693,17.555891,17.565142,17.565142,0.21461,-2.14496
051413,506.0,47.01,17.290998,17.372712,17.372712,-0.19243,8.61612
051414,507.0,46.042,17.200318,17.227535,17.227535,-0.145177,4.16102
051415,508.0,45.675,17.564523,17.568357,17.568357,0.340822,-4.61391
051416,509.0,45.284,17.771746,17.776047,17.776047,0.20769,-3.34861
051417,510.0,45.675,17.447719,17.4521,17.4521,-0.323947,-2.03038
051418,511.0,46.206,17.317712,17.325851,17.325851,-0.126249,-4.73663
051419,512.0,47.123,17.284989,17.309296,17.309296,-0.016555,-14.41274
051420,513.0,47.837,16.909338,16.924406,16.924406,-0.38489,-2.85385
051421,514.0,48.859,16.237006,16.269138,16.269138,-0.655268,-1.57451
051422,515.0,49.813,15.822022,15.850757,15.850757,-0.418381,-3.16924
051423,516.0,50.315,15.751302,15.759299,15.759299,-0.091458,-3.53257
051424,517.0,50.804,15.286209,15.294028,15.294028,-0.465271,0.25953
051425,518.0,50.413,14.7544,14.75958,14.75958,-0.534448,6.19529
051426,519.0,50.825,14.255951,14.261903,14.261903,-0.497677,1.48951
051427,520.0,51.073,13.790806,13.793036,13.793036,-0.468867,2.39099
051428,521.0,51.494,13.558346,13.564881,13.564881,-0.228155,-0.4266
051429,522.0,51.097,13.192908,13.19888,13.19888,-0.366001,5.52466
051430,523.0,51.628,12.698657,12.709754,12.709754,-0.489126,1.29484
051431,524.0,51.713,12.431983,12.432273,12.432273,-0.277481,2.39186
051432,525.0,51.187,12.229833,12.241139,12.241139,-0.191134,5.35517
051433,526.0,51.599,12.164714,12.171689,12.171689,-0.06945,-2.06682
051434,527.0,52.231,12.436897,12.452945,12.452945,0.281256,-14.91719
051435,528.0,51.734,12.75055,12.760232,12.760232,0.307287,1.23478
051436,529.0,52.117,13.010832,13.016468,13.016468,0.256236,-9.87257
051437,530.0,52.418,13.595622,13.598954,13.598954,0.582486,-17.43849
051438,531.0,52.41,14.011364,14.011367,14.011367,0.412413,-18.73219
051439,532.0,52.801,14.23473,14.240099,14.240099,0.228732,-10.14965
051440,533.0,52.825,14.351207,14.351227,14.351227,0.111128,-1.43812
051441,534.0,54.252,14.462348,14.532578,14.532578,0.181351,-29.01822
051442,535.0,54.236,14.573489,14.573498,14.573498,0.04092,-0.78853
051443,536.0,55.19,14.569626,14.600826,14.600826,0.027328,-15.4969
051444,537.0,56.054,14.790638,14.815852,14.815852,0.215026,-19.30899
051445,538.0,56.844,14.900309,14.921237,14.921237,0.105385,-14.73473
051446,539.0,57.626,15.011503,15.031857,15.031857,0.11062,-14.79242
051447,540.0,57.935,15.013002,15.016182,15.016182,-0.015675,-2.51232
051448,541.0,59.167,15.124185,15.174281,15.174281,0.158099,-24.9802
051449,542.0,60.588,15.346551,15.412198,15.412198,0.237917,-31.20574
051450,543.0,62.084,15.459008,15.531225,15.531225,0.119027,-29.11483
051451,544.0,62.295,15.6801,15.68152,15.68152,0.150295,-5.34501
051452,545.0,62.597,15.792531,15.795419,15.795419,0.113899,-6.04478
051453,546.0,63.167,15.568917,15.579348,15.579348,-0.216071,-2.64219
051454,547.0,63.408,15.459008,15.460887,15.460887,-0.118461,-1.55051
051455,548.0,63.289,15.459008,15.459466,15.459466,-0.001421,-0.5405
051456,549.0,63.611,15.013002,15.016455,15.016455,-0.443011,1.17157
051457,550.0,63.762,14.678497,14.679274,14.679274,-0.337181,1.41975
051458,551.0,63.949,14.232951,14.234179,14.234179,-0.445095,2.35523
051459,552.0,64.515,13.788987,13.800599,13.800599,-0.43358,0.27443
051500,553.0,64.491,13.790008,13.790029,13.790029,-0.01057,0.2523
051501,554.0,64.763,13.899568,13.902229,13.902229,0.1122,-4.42517
051502,555.0,64.959,14.122553,14.123913,14.123913,0.221684,-6.1066
051503,556.0,64.922,14.344342,14.344389,14.344389,0.220476,-2.00173
051504,557.0,65.289,14.566729,14.571351,14.571351,0.226962,-9.87802
051505,558.0,65.138,15.011315,15.012075,15.012075,0.440724,-19.22761
051506,559.0,65.35,15.23389,15.235365,15.235365,0.22329,-7.27271
051507,560.0,66.198,15.456277,15.479522,15.479522,0.244157,-20.38285
051508,561.0,66.246,15.790393,15.790466,15.790466,0.310944,-7.26317
051509,562.0,66.877,15.901052,15.913567,15.913567,0.123101,-12.75859
051510,563.0,67.44,15.901052,15.911015,15.911015,-0.002552,-7.50684
051511,564.0,67.982,15.901583,15.910817,15.910817,-0.000198,-7.17501
051512,565.0,68.743,15.789858,15.808186,15.808186,-0.102631,-8.18024
051513,566.0,68.463,15.901052,15.903517,15.903517,0.095331,-0.89863
051514,567.0,68.426,15.78968,15.789723,15.789723,-0.113794,-0.2547
051515,568.0,69.736,15.678664,15.733296,15.733296,-0.056427,-20.20562
051516,569.0,70.014,15.567471,15.569953,15.569953,-0.163343,-1.4388
051517,570.0,69.826,15.56729,15.568425,15.568425,-0.001528,-0.23539
051518,571.0,70.209,15.570183,15.574892,15.574892,0.006467,-4.19012
051519,572.0,70.624,15.39179,15.397384,15.397384,-0.177508,-1.96973
051520,573.0,71.39,15.058165,15.077636,15.077636,-0.319748,-2.50235
051521,574.0,72.082,15.3233,15.338918,15.338918,0.261282,-17.77355
051522,575.0,72.286,14.992381,14.993768,14.993768,-0.34515,1.00167
051523,576.0,73.198,15.314354,15.341486,15.341486,0.347718,-24.63694
051524,577.0,74.252,15.223764,15.260206,15.260206,-0.08128,-14.40683
051525,578.0,74.236,15.249893,15.249901,15.249901,-0.010305,-0.88036
051526,579.0,74.923,15.267342,15.282791,15.282791,0.03289,-10.75718
051527,580.0,74.659,15.13679,15.139092,15.139092,-0.143699,1.81735
051528,581.0,75.893,15.157626,15.207773,15.207773,0.068681,-22.36643
051529,582.0,75.75,15.17009,15.170764,15.170764,-0.037009,0.15074
051530,583.0,76.474,15.242757,15.259942,15.259942,0.089178,-13.15474
051531,584.0,76.421,15.234444,15.234536,15.234536,-0.025406,-0.52063
051532,585.0,76.736,15.234444,15.2377,15.2377,0.003164,-2.89306
051533,586.0,76.572,15.345634,15.34651,15.34651,0.10881,-1.17985
051534,587.0,77.285,15.456277,15.472714,15.472714,0.126204,-14.17859
051535,588.0,77.927,15.568013,15.581245,15.581245,0.108531,-12.32904
051536,589.0,77.565,15.679203,15.683381,15.683381,0.102136,-0.28665
051537,590.0,77.61,15.902468,15.902532,15.902532,0.219151,-4.44284
051538,591.0,78.649,15.902468,15.936374,15.936374,0.033842,-17.85612
051539,592.0,78.289,15.901583,15.905657,15.905657,-0.030717,0.73278
051540,593.0,79.14,16.012773,16.03537,16.03537,0.129713,-17.29477
051541,594.0,78.921,15.901583,15.903091,15.903091,-0.132279,0.87081
051542,595.0,79.536,15.901583,15.913471,15.913471,0.01038,-8.92086
051543,596.0,79.153,16.012773,16.017352,16.017352,0.103881,-0.49514
051544,597.0,79.547,16.012773,16.017619,16.017619,0.000267,-4.37306
051545,598.0,79.658,16.012773,16.013157,16.013157,-0.004462,-2.31379
051546,599.0,79.381,16.124836,16.127215,16.127215,0.114058,-1.30576
051547,600.0,79.304,16.013652,16.013837,16.013837,-0.113378,-0.2122
051548,601.0,78.982,16.013652,16.016889,16.016889,0.003052,0.10083
051549,602.0,79.536,15.901583,15.91123,15.91123,-0.105659,-4.10601
051550,603.0,79.198,15.901052,15.904644,15.904644,-0.006586,0.38231
051551,604.0,79.169,15.790393,15.790419,15.790419,-0.114225,-0.29813
051552,605.0,79.275,15.679203,15.679561,15.679561,-0.110858,-1.01637
051553,606.0,78.686,15.568013,15.579151,15.579151,-0.10041,2.96174
051554,607.0,79.063,15.345634,15.350264,15.350264,-0.228887,-1.25572
051555,608.0,79.003,15.345083,15.345201,15.345201,-0.005063,-0.75288
051556,609.0,78.717,15.122696,15.1254,15.1254,-0.219801,2.62771
051557,610.0,78.746,15.011503,15.011531,15.011531,-0.113869,-0.0375
051558,611.0,78.746,14.900876,14.900876,14.900876,-0.110655,0.18123
051559,612.0,78.538,14.789687,14.791149,14.791149,-0.109727,1.44704
051600,613.0,79.349,14.678498,14.700885,14.700885,-0.090264,-9.37022
051601,614.0,78.355,14.677922,14.711541,14.711541,0.010656,4.98285
051602,615.0,78.453,14.789687,14.790011,14.790011,0.07847,-1.94125
051603,616.0,78.987,15.012065,15.02156,15.02156,0.231549,-13.5784
051604,617.0,79.394,14.901821,14.907378,14.907378,-0.114182,-2.13167
051605,618.0,79.748,15.012065,15.016239,15.016239,0.108861,-6.46968
051606,619.0,79.922,14.900309,14.901325,14.901325,-0.114914,-0.78195
051607,620.0,79.901,14.678498,14.678513,14.678513,-0.222812,1.42413
051608,621.0,79.47,14.678498,14.684824,14.684824,0.006311,1.80531
051609,622.0,80.028,14.789687,14.800209,14.800209,0.115385,-10.48824
051610,623.0,80.036,14.900876,14.900878,14.900878,0.100669,-1.70951
051611,624.0,80.223,14.789116,14.790298,14.790298,-0.11058,-0.81508
051612,625.0,79.869,14.900309,14.904514,14.904514,0.114216,0.2495
051613,626.0,80.548,15.123255,15.13849,15.13849,0.233976,-16.54234
051614,627.0,80.789,15.122696,15.124616,15.124616,-0.013874,-2.22505
051615,628.0,80.858,15.122696,15.122854,15.122854,-0.001762,-1.3425
051616,629.0,81.204,14.90012,14.904137,14.904137,-0.218717,-0.8662
051617,630.0,81.225,14.789116,14.789131,14.789131,-0.115006,0.178
051618,631.0,80.932,14.789687,14.792589,14.792589,0.003458,0.95351
051619,632.0,81.196,14.678498,14.680872,14.680872,-0.111717,-1.17075
051620,633.0,81.827,14.677922,14.691479,14.691479,0.010607,-8.81074
051621,634.0,82.498,14.789116,14.80433,14.80433,0.112851,-12.59993
051622,635.0,82.726,14.567309,14.569093,14.569093,-0.235237,0.16777
051623,636.0,83.056,14.45612,14.459886,14.459886,-0.109207,-1.41934
051624,637.0,82.718,14.566729,14.57065,14.57065,0.110764,0.46616
051625,638.0,82.657,14.67773,14.677857,14.677857,0.107207,-1.18343
051626,639.0,83.41,14.67773,14.697033,14.697033,0.019176,-11.41751
051627,640.0,83.299,14.566729,14.567152,14.567152,-0.129881,1.21804
051628,641.0,83.703,14.567309,14.57291,14.57291,0.005758,-4.25025
051629,642.0,83.381,14.344342,14.347956,14.347956,-0.224954,3.37586
051630,643.0,83.968,13.902607,13.914994,13.914994,-0.432962,0.09838
051631,644.0,83.862,13.57097,13.571384,13.571384,-0.34361,3.5148
051632,645.0,83.666,13.232409,13.233861,13.233861,-0.337523,4.13295
051633,646.0,84.036,12.787637,12.792988,12.792988,-0.440873,1.83296
051634,647.0,84.301,12.454736,12.457555,12.457555,-0.335433,1.76935
051635,648.0,83.862,12.121176,12.129123,12.129123,-0.328432,5.87523
051636,649.0,84.232,12.009287,12.014985,12.014985,-0.114138,-0.24617
051637,650.0,84.578,12.231442,12.236335,12.236335,0.22135,-7.8026
051638,651.0,84.586,12.565251,12.565253,12.565253,0.328918,-4.12645
051639,652.0,84.39,12.787637,12.789139,12.789139,0.223886,0.10648
051640,653.0,85.273,13.233048,13.262475,13.262475,0.473336,-25.3782
051641,654.0,84.744,13.454795,13.465191,13.465191,0.202716,1.68399
051642,655.0,85.619,13.455423,13.483844,13.483844,0.018653,-13.40428
051643,656.0,85.408,13.344235,13.345903,13.345903,-0.137941,2.61036
051644,657.0,85.167,13.010672,13.012904,13.012904,-0.332999,4.4487
051645,658.0,85.611,13.010672,13.018246,13.018246,0.005342,-4.62578
051646,659.0,86.071,13.233048,13.24104,13.24104,0.222794,-10.65041
051647,660.0,85.897,13.565989,13.567104,13.567104,0.326064,-1.41501
051648,661.0,85.965,13.899366,13.899532,13.899532,0.332428,-6.51484
051649,662.0,85.965,14.344342,14.344342,14.344342,0.44481,-20.58321
051650,663.0,85.688,14.45534,14.457994,14.457994,0.113652,0.18256
051651,664.0,85.957,14.45534,14.457843,14.457843,-0.000151,-1.99124
051652,665.0,86.38,14.457094,14.463281,14.463281,0.005438,-4.57652
051653,666.0,86.01,14.344342,14.349113,14.349113,-0.114168,2.71959
051654,667.0,85.941,14.567309,14.567472,14.567472,0.218359,-1.99554
051655,668.0,86.523,14.566535,14.578158,14.578158,0.010686,-7.83233
051656,669.0,85.936,14.678498,14.69023,14.69023,0.112072,1.78708
051657,670.0,86.079,14.789687,14.790378,14.790378,0.100148,-2.38851
051658,671.0,86.124,14.789687,14.789755,14.789755,-0.000623,-0.95171
051659,672.0,86.192,14.678498,14.678655,14.678655,-0.1111,-0.04845
051700,673.0,86.351,14.677922,14.678783,14.678783,0.000128,-1.52797
051701,674.0,86.356,14.566729,14.56673,14.56673,-0.112053,0.39936
051702,675.0,86.425,14.566729,14.566892,14.566892,0.000162,-0.92614
051703,676.0,86.351,14.568275,14.568463,14.568463,0.001571,-0.11755
051704,677.0,86.396,14.901821,14.901889,14.901889,0.333426,-7.03199
051705,678.0,86.351,15.013004,15.013071,15.013071,0.111182,-1.59319
051706,679.0,86.282,15.011503,15.011661,15.011661,-0.00141,-0.4639
051707,680.0,86.034,14.900309,14.902373,14.902373,-0.109288,1.59293
051708,681.0,86.222,15.122696,15.123865,15.123865,0.221492,-6.67583
051709,682.0,86.237,15.3449,15.344907,15.344907,0.221042,-3.48862
051710,683.0,85.989,15.234444,15.236463,15.236463,-0.108444,1.33892
051711,684.0,85.989,15.345634,15.345634,15.345634,0.109171,-2.1255
051712,685.0,85.989,15.345634,15.345634,15.345634,0.0,-9.68462
051713,686.0,86.388,15.345083,15.35027,15.35027,0.004636,-4.36932
051714,687.0,86.652,15.234444,15.236732,15.236732,-0.113538,-1.55824
051715,688.0,87.323,15.134425,15.149293,15.149293,-0.087439,-6.8098
051716,689.0,87.564,15.275249,15.27715,15.27715,0.127857,-4.99956
051717,690.0,87.828,15.147482,15.149783,15.149783,-0.127367,-1.37063
051718,691.0,88.272,15.266026,15.272481,15.272481,0.122698,-8.76325
051719,692.0,89.276,15.078324,15.111713,15.111713,-0.160768,-11.05531
051720,693.0,89.781,15.288508,15.296846,15.296846,0.185133,-11.83648
051721,694.0,90.262,15.305066,15.312622,15.312622,0.015776,-6.27741
051722,695.0,90.92,15.464634,15.478626,15.478626,0.166004,-14.33624
051723,696.0,91.591,15.394716,15.409332,15.409332,-0.069294,-7.40189
051724,697.0,93.604,15.389503,15.520598,15.520598,0.111266,-38.86674
051725,698.0,94.259,15.370086,15.384037,15.384037,-0.136561,-5.05076
051726,699.0,94.283,15.102867,15.102887,15.102887,-0.28115,1.4031
051727,700.0,95.293,14.871907,14.906164,14.906164,-0.196723,-10.1182
051728,701.0,95.142,14.738282,14.739056,14.739056,-0.167108,1.6507
051729,702.0,95.972,14.73829,14.761642,14.761642,0.022586,-13.02839
051730,703.0,97.074,14.969299,15.009808,15.009808,0.248166,-25.03692
051731,704.0,97.48,14.945246,14.95076,14.95076,-0.059048,-2.64135
051732,705.0,97.663,14.871946,14.873072,14.873072,-0.077688,-1.13898
051733,706.0,97.858,14.799804,14.801089,14.801089,-0.071983,-1.20458
051734,707.0,98.318,14.723628,14.730812,14.730812,-0.070277,-3.17741
051735,708.0,98.387,14.632222,14.632385,14.632385,-0.098427,-0.13139
051736,709.0,98.455,14.416941,14.417101,14.417101,-0.215284,1.01023
051737,710.0,98.387,14.247191,14.247353,14.247353,-0.169748,1.51439
051738,711.0,98.667,13.988546,13.991348,13.991348,-0.256005,0.37782
051739,712.0,98.688,13.818971,13.818987,13.818987,-0.172361,1.28208
051740,713.0,99.103,13.476044,13.482432,13.482432,-0.336555,0.50431
051741,714.0,100.123,13.023797,13.063678,13.063678,-0.418754,-4.85433
051742,715.0,99.578,12.732984,12.744642,12.744642,-0.319036,6.19647
051743,716.0,99.985,12.583173,12.589754,12.589754,-0.154888,-0.42614
051744,717.0,99.822,12.900577,12.901607,12.901607,0.311853,-0.8293
051745,718.0,100.258,13.121001,13.128243,13.128243,0.226636,-10.21647
051746,719.0,99.972,13.345291,13.348355,13.348355,0.220112,0.23944
051747,720.0,100.379,13.566612,13.572715,13.572715,0.22436,-9.88716
051748,721.0,100.81,13.566612,13.573456,13.573456,0.000741,-4.37449
051749,722.0,100.091,13.6778,13.696685,13.696685,0.123229,3.23314
051750,723.0,100.342,13.900177,13.902443,13.902443,0.205758,-6.58753
051751,724.0,99.935,14.236117,14.241934,14.241934,0.339491,-0.78279
051752,725.0,99.822,14.347287,14.347732,14.347732,0.105798,-0.60612
051753,726.0,99.98,14.457094,14.457958,14.457958,0.110226,-2.44208
051754,727.0,99.745,14.233742,14.235682,14.235682,-0.222276,2.91936
051755,728.0,99.346,14.011365,14.017045,14.017045,-0.218637,3.95893
051756,729.0,99.571,13.67883,13.68068,13.68068,-0.336365,1.50335
051757,730.0,99.753,13.600831,13.602049,13.602049,-0.078631,-0.26656
051758,731.0,99.481,13.496426,13.499167,13.499167,-0.102882,2.59692
051759,732.0,99.753,13.694495,13.697196,13.697196,0.198029,-6.65246
051800,733.0,99.526,13.599566,13.601461,13.601461,-0.095735,2.22056
051801,734.0,99.534,13.614267,13.61427,13.61427,0.012809,-0.00338
051802,735.0,99.082,13.599569,13.607078,13.607078,-0.007192,2.80443
051803,736.0,99.306,13.803762,13.805579,13.805579,0.198501,-5.80579
051804,737.0,98.492,13.847167,13.871071,13.871071,0.065492,4.1176
051805,738.0,97.94,13.956121,13.967033,13.967033,0.095962,2.29269
051806,739.0,97.882,13.847169,13.847291,13.847291,-0.119742,1.29283
051807,740.0,98.091,13.708692,13.710285,13.710285,-0.137006,-0.01978
051808,741.0,97.647,13.462061,13.469381,13.469381,-0.240904,4.69206
051809,742.0,97.285,13.474707,13.479568,13.479568,0.010187,2.23293
051810,743.0,97.578,13.257934,13.261171,13.261171,-0.218397,0.38496
051811,744.0,97.013,13.454586,13.466444,13.466444,0.205273,1.86913
051812,745.0,96.59,13.69756,13.70409,13.70409,0.237646,0.60823
051813,746.0,96.704,13.847097,13.847566,13.847566,0.143476,-2.20653
051814,747.0,96.833,13.625669,13.62628,13.62628,-0.221286,1.16202
051815,748.0,96.801,13.253471,13.25351,13.25351,-0.37277,3.4551
051816,749.0,96.825,12.920436,12.920458,12.920458,-0.333052,2.96285
051817,750.0,95.85,12.836894,12.873868,12.873868,-0.04659,6.56201
051818,751.0,96.41,12.400936,12.413573,12.413573,-0.460295,0.99688
051819,752.0,95.784,11.722669,11.739372,11.739372,-0.674201,9.18016
051820,753.0,96.154,11.045091,11.051287,11.051287,-0.688085,3.16802
051821,754.0,96.215,10.829963,10.830135,10.830135,-0.221152,1.8592
051822,755.0,95.911,10.491067,10.495471,10.495471,-0.334664,4.56247
051823,756.0,95.496,11.090913,11.098674,11.098674,0.603203,-9.53922
051824,757.0,96.357,11.523953,11.556072,11.556072,0.457398,-23.13087
051825,758.0,95.67,11.618962,11.639254,11.639254,0.083182,4.31117
051826,759.0,96.426,11.494577,11.519411,11.519411,-0.119843,-7.99518
051827,760.0,96.931,11.840325,11.851089,11.851089,0.331678,-13.42887
051828,761.0,97.293,12.393893,12.399178,12.399178,0.548089,-16.18478
051829,762.0,97.98,12.954411,12.972615,12.972615,0.573437,-23.82456
051830,763.0,98.968,13.293591,13.330255,13.330255,0.35764,-24.44901
051831,764.0,99.721,13.514971,13.535932,13.535932,0.205677,-16.04833
051832,765.0,100.855,13.618848,13.665979,13.665979,0.130047,-21.45522
051833,766.0,101.843,13.717295,13.752829,13.752829,0.08685,-17.50776
051834,767.0,101.843,13.939041,13.939041,13.939041,0.186212,-1.59574
051835,768.0,103.399,13.944902,14.031445,14.031445,0.092404,-28.74944
051836,769.0,103.761,14.179301,14.183921,14.183921,0.152476,-7.42979
051837,770.0,103.732,14.636198,14.636227,14.636227,0.452306,-20.95927
051838,771.0,104.689,14.739797,14.770831,14.770831,0.134604,-18.74489
051839,772.0,105.973,14.857546,14.912925,14.912925,0.142094,-25.36252
051840,773.0,105.777,14.864941,14.866233,14.866233,-0.046692,0.77362
051841,774.0,106.237,14.864941,14.872057,14.872057,0.005824,-5.43069
051842,775.0,107.355,15.189625,15.230713,15.230713,0.358656,-28.84065
051843,776.0,108.029,15.065465,15.080534,15.080534,-0.150179,-4.9996
051844,777.0,108.074,15.275266,15.275332,15.275332,0.194798,-3.23099
051845,778.0,108.835,15.242766,15.261751,15.261751,-0.013581,-10.7903
051846,779.0,110.045,15.346552,15.39418,15.39418,0.132429,-23.93036
051847,780.0,110.755,15.293518,15.30999,15.30999,-0.08419,-7.69152
051848,781.0,110.89,15.543588,15.544175,15.544175,0.234185,-6.36935
051849,782.0,111.329,15.323613,15.3299,15.3299,-0.214275,-1.73154
051850,783.0,111.617,15.27828,15.280994,15.280994,-0.048906,-2.30995
051851,784.0,114.888,15.511785,15.852915,15.852915,0.571921,-77.7431
051852,785.0,115.319,15.603786,15.609737,15.609737,-0.243178,-1.62167
051853,786.0,115.892,15.587707,15.598235,15.598235,-0.011502,-7.32893
051854,787.0,117.057,15.479057,15.522836,15.522836,-0.075399,-16.78755
051855,788.0,116.225,15.347482,15.370017,15.370017,-0.152819,4.99075
051856,789.0,117.361,14.992931,15.035906,15.035906,-0.334111,-8.47964
051857,790.0,117.118,15.054268,15.056229,15.056229,0.020323,0.30662
051858,791.0,117.187,15.247073,15.247229,15.247229,0.191,-3.56284
051859,792.0,117.293,15.163383,15.163754,15.163754,-0.083475,-0.86494
051900,793.0,116.952,14.974696,14.978578,14.978578,-0.185176,2.73584
051901,794.0,117.419,14.71684,14.724248,14.724248,-0.25433,-1.14004
051902,795.0,117.427,14.414861,14.414863,14.414863,-0.309385,2.14986
051903,796.0,117.411,13.841179,13.841188,13.841188,-0.573675,4.73479
051904,797.0,116.724,13.614347,13.631669,13.631669,-0.209519,5.75355
051905,798.0,117.248,13.538106,13.548244,13.548244,-0.083425,-3.92277
051906,799.0,117.512,14.128938,14.131404,14.131404,0.58316,-17.49436
051907,800.0,117.427,14.455535,14.455785,14.455785,0.324381,-15.78139
051908,801.0,117.179,14.90012,14.902184,14.902184,0.446399,-17.22805
051909,802.0,118.017,14.789116,14.812839,14.812839,-0.089345,-9.94069
051910,803.0,117.179,14.566535,14.59062,14.59062,-0.222219,6.16713
051911,804.0,117.707,14.344931,14.354645,14.354645,-0.235975,-1.42241
051912,805.0,118.252,14.233149,14.243579,14.243579,-0.111066,-3.60979
051913,806.0,117.792,14.45534,14.462658,14.462658,0.219079,0.33521
051914,807.0,117.504,14.566729,14.569576,14.569576,0.106918,0.21029
051915,808.0,118.344,14.458459,14.48284,14.48284,-0.086736,-10.01557
051916,809.0,118.751,14.233743,14.23956,14.23956,-0.24328,-0.59834
051917,810.0,117.919,14.232951,14.257248,14.257248,0.017688,4.33215
051918,811.0,118.645,14.455535,14.473755,14.473755,0.216507,-16.45509
051919,812.0,118.593,14.677922,14.678014,14.678014,0.204259,-2.07216
051920,813.0,120.173,15.011315,15.094237,15.094237,0.416223,-39.33896
051921,814.0,120.778,15.345084,15.357005,15.357005,0.262768,-16.16553
051922,815.0,122.427,15.567471,15.654563,15.654563,0.297558,-37.6613
051923,816.0,123.153,15.679204,15.696003,15.696003,0.04144,-11.95473
051924,817.0,123.917,15.568014,15.586749,15.586749,-0.109254,-8.01667
051925,818.0,123.864,15.568014,15.568104,15.568104,-0.018645,-0.85908
051926,819.0,125.005,15.678664,15.720127,15.720127,0.152023,-23.40543
051927,820.0,125.996,15.567471,15.598982,15.598982,-0.121145,-12.03858
051928,821.0,127.14,15.567471,15.609448,15.609448,0.010466,-19.04087
051929,822.0,127.632,15.345084,15.352969,15.352969,-0.256479,-1.67398
051930,823.0,128.501,15.233705,15.258471,15.258471,-0.094498,-10.44922
051931,824.0,129.22,15.23389,15.250848,15.250848,-0.007623,-10.15968
051932,825.0,129.91,15.123256,15.138988,15.138988,-0.11186,-6.45763
051933,826.0,130.787,14.900309,14.926096,14.926096,-0.212892,-7.08044
051934,827.0,131.022,14.90012,14.901973,14.901973,-0.024123,-1.92907
051935,828.0,131.447,14.789116,14.795221,14.795221,-0.106752,-2.22295
051936,829.0,131.627,14.45534,14.456461,14.456461,-0.33876,1.386
051937,830.0,131.627,14.455535,14.455535,14.455535,-0.000926,-0.43993
051938,831.0,131.833,14.344342,14.345821,14.345821,-0.109714,-0.62865
051939,832.0,132.512,14.45612,14.472058,14.472058,0.126237,-12.97647
051940,833.0,132.803,14.344146,14.347097,14.347097,-0.124961,-0.98989
051941,834.0,132.808,14.233149,14.23315,14.23315,-0.113947,0.63638
051942,835.0,133.294,14.122554,14.130914,14.130914,-0.102236,-2.71367
051943,836.0,133.186,14.011365,14.011782,14.011782,-0.119132,1.47091
051944,837.0,133.612,13.788989,13.795567,13.795567,-0.216215,-0.67932
051945,838.0,133.649,14.012371,14.01242,14.01242,0.216853,-2.83811
051946,839.0,134.09,14.122554,14.129438,14.129438,0.117018,-7.94469
051947,840.0,134.399,14.233149,14.236502,14.236502,0.107064,-5.16879
051948,841.0,134.423,14.121756,14.121776,14.121776,-0.114726,0.60588
051949,842.0,134.732,14.010561,14.013968,14.013968,-0.107808,-1.01996
051950,843.0,134.922,14.121955,14.123233,14.123233,0.109265,-2.8776
051951,844.0,135.21,14.010762,14.013722,14.013722,-0.109511,-0.88516
051952,845.0,135.284,13.899569,13.899766,13.899766,-0.113956,0.45272
051953,846.0,135.231,13.788171,13.788273,13.788273,-0.111493,1.23147
051954,847.0,135.065,13.899569,13.90056,13.90056,0.112287,-0.01085
051955,848.0,136.695,14.121756,14.215516,14.215516,0.314956,-36.49647
051956,849.0,136.019,14.121756,14.137926,14.137926,-0.07759,4.3106
051957,850.0,135.86,14.233149,14.234037,14.234037,0.096111,-0.17347
051958,851.0,136.217,14.121955,14.126467,14.126467,-0.10757,-1.37016
051959,852.0,136.959,14.233149,14.252476,14.252476,0.126009,-14.07296
052000,853.0,137.089,14.345914,14.346503,14.346503,0.094027,-1.90498
052001,854.0,136.907,14.344932,14.346086,14.346086,-0.000417,0.68209
052002,855.0,137.321,14.566729,14.572611,14.572611,0.226525,-10.7899
052003,856.0,136.936,14.67773,14.682779,14.682779,0.110168,0.64543
052004,857.0,137.678,14.45534,14.474372,14.474372,-0.208407,-4.6578
052005,858.0,138.262,14.566729,14.578431,14.578431,0.104059,-10.56269
052006,859.0,138.801,14.677922,14.687816,14.687816,0.109385,-9.90191
052007,860.0,138.769,14.788925,14.78896,14.78896,0.101144,-1.3938
052008,861.0,139.414,14.789116,14.803174,14.803174,0.014214,-9.23479
052009,862.0,139.078,14.789688,14.793504,14.793504,-0.00967,1.30977
052010,863.0,140.104,14.45612,14.492484,14.492484,-0.30102,-7.49911
052011,864.0,140.421,14.234733,14.238262,14.238262,-0.254222,0.0096
052012,865.0,141.314,13.900177,13.928832,13.928832,-0.30943,-4.88366
052013,866.0,141.134,13.678831,13.680015,13.680015,-0.248817,3.12731
052014,867.0,141.361,13.788989,13.790857,13.790857,0.110842,-3.48172
052015,868.0,141.11,13.899569,13.901835,13.901835,0.110978,0.48699
052016,869.0,141.649,14.344932,14.355054,14.355054,0.453219,-19.45508
052017,870.0,142.36,14.566729,14.584071,14.584071,0.229017,-16.60816
052018,871.0,142.656,14.344932,14.347985,14.347985,-0.236086,-0.08578
052019,872.0,143.407,14.122554,14.142508,14.142508,-0.205477,-4.9603
052020,873.0,143.74,13.900177,13.904165,13.904165,-0.238343,-0.02576
052021,874.0,144.778,13.566612,13.606264,13.606264,-0.297901,-8.11381
052022,875.0,145.143,13.234114,13.239146,13.239146,-0.367118,1.13328
052023,876.0,145.301,12.900578,12.901546,12.901546,-0.3376,2.23249
052024,877.0,145.787,12.690447,12.69975,12.69975,-0.201796,-0.58537
052025,878.0,146.197,12.535285,12.541988,12.541988,-0.157762,-0.40184
052026,879.0,145.885,12.465225,12.469129,12.469129,-0.072859,3.16073
052027,880.0,146.197,12.710853,12.714682,12.714682,0.245553,-8.04159
052028,881.0,146.992,12.905563,12.930026,12.930026,0.215344,-16.74494
052029,882.0,148.477,13.403842,13.485852,13.485852,0.555826,-39.46381
052030,883.0,148.712,13.77724,13.779244,13.779244,0.293392,-8.58542
052031,884.0,149.122,14.123736,14.129686,14.129686,0.350442,-13.84352
052032,885.0,149.904,14.257814,14.279243,14.279243,0.149557,-15.52423
052033,886.0,150.078,14.525968,14.52701,14.52701,0.247767,-6.73074
052034,887.0,151.035,14.377747,14.409561,14.409561,-0.117449,-11.40306
052035,888.0,151.413,14.284145,14.289146,14.289146,-0.120415,-1.49099
052036,889.0,151.397,14.004865,14.004874,14.004874,-0.284272,2.30036
052037,890.0,151.891,13.912309,13.921077,13.921077,-0.083797,-3.36604
052038,891.0,151.944,13.695227,13.69533,13.69533,-0.225747,1.59463
052039,892.0,152.443,13.78836,13.797387,13.797387,0.102057,-8.50232
052040,893.0,152.808,13.855672,13.860479,13.860479,0.063092,-4.87841
052041,894.0,153.286,13.895302,13.903521,13.903521,0.043042,-6.52834
052042,895.0,153.424,13.682323,13.683018,13.683018,-0.220503,1.07064
052043,896.0,153.796,13.453508,13.45865,13.45865,-0.224368,-0.12516
052044,897.0,154.0,12.878169,12.879785,12.879785,-0.578865,3.79669
052045,898.0,154.076,11.710976,11.711223,11.711223,-1.168562,8.51997
052046,899.0,153.635,9.818125,9.828024,9.828024,-1.883199,14.03947
052047,900.0,153.72,8.534697,8.53512,8.53512,-1.292904,6.47024
052048,901.0,153.712,7.890283,7.890287,7.890287,-0.644833,3.44239
052049,902.0,153.643,7.519794,7.520111,7.520111,-0.370176,2.39973
052050,903.0,153.72,7.301638,7.302044,7.302044,-0.218067,0.83767
052051,904.0,153.286,7.06217,7.075493,7.075493,-0.226551,3.75488
052052,905.0,154.28,6.684132,6.757637,6.757637,-0.317856,-13.18263
052053,906.0,154.311,6.386711,6.386786,6.386786,-0.370851,1.45537
052054,907.0,153.476,5.941656,6.000042,6.000042,-0.386744,6.36288
052055,908.0,153.825,5.874055,5.884414,5.884414,-0.115628,-3.92737
052056,909.0,153.606,6.107825,6.11175,6.11175,0.227336,0.66128
052057,910.0,154.137,6.417609,6.43954,6.43954,0.32779,-12.7414
052058,911.0,154.113,6.548143,6.548187,6.548187,0.108647,-0.01541
052059,912.0,154.053,6.391546,6.391828,6.391828,-0.156359,1.17682
052100,913.0,154.356,6.161573,6.169018,6.169018,-0.22281,-1.57134
052101,914.0,154.515,5.707005,5.709219,5.709219,-0.459799,0.79868
052102,915.0,154.227,5.18136,5.189358,5.189358,-0.519861,3.35718
052103,916.0,153.939,4.356765,4.366274,4.366274,-0.823084,3.8013
052104,917.0,154.401,3.482758,3.513267,3.513267,-0.853007,-2.32994
052105,918.0,154.084,2.629639,2.648677,2.648677,-0.86459,3.04484
052106,919.0,154.372,2.239828,2.258268,2.258268,-0.390409,-3.51615
052107,920.0,154.555,2.002917,2.01126,2.01126,-0.247008,-2.31923
052108,921.0,153.992,2.706445,2.764383,2.764383,0.753123,1.90783
052109,922.0,153.939,3.55903,3.559425,3.559425,0.795042,-5.95641
052110,923.0,153.878,4.339202,4.339631,4.339631,0.780206,-7.14408
052111,924.0,153.735,4.89776,4.899848,4.899848,0.560217,-4.48159
052112,925.0,153.992,4.781971,4.788873,4.788873,-0.110975,-2.81602
052113,926.0,153.688,4.670791,4.680673,4.680673,-0.1082,2.1151
052114,927.0,153.667,4.679836,4.679883,4.679883,-0.00079,0.19415
052115,928.0,154.206,4.796101,4.826293,4.826293,0.14641,-10.68898
052116,929.0,153.265,4.796101,4.887542,4.887542,0.061249,5.32409
052117,930.0,153.918,4.790807,4.835105,4.835105,-0.052437,-10.99755
052118,931.0,153.688,4.675617,4.681271,4.681271,-0.153834,1.81507
052119,932.0,153.188,4.448431,4.476443,4.476443,-0.204828,3.46208
052120,933.0,153.21,4.447797,4.447851,4.447851,-0.028592,-0.00317
052121,934.0,153.067,4.670791,4.672979,4.672979,0.225128,0.27613
052122,935.0,153.157,4.670187,4.671054,4.671054,-0.001925,-0.65761
052123,936.0,153.476,4.447797,4.459222,4.459222,-0.211832,-3.30803
052124,937.0,152.922,4.447797,4.482166,4.482166,0.022944,3.17559
052125,938.0,152.93,4.336602,4.33661,4.33661,-0.145556,0.36186
052126,939.0,152.552,4.120375,4.137678,4.137678,-0.198932,2.67354
052127,940.0,152.118,4.34245,4.364084,4.364084,0.226406,1.95601
052128,941.0,152.763,4.226074,4.275012,4.275012,-0.089072,-10.7752
052129,942.0,152.755,4.014271,4.014279,4.014279,-0.260733,0.66645
052130,943.0,152.438,3.460105,3.474596,3.474596,-0.539683,2.87709
052131,944.0,152.885,2.672901,2.71002,2.71002,-0.764576,-4.10777
052132,945.0,152.681,2.255372,2.264579,2.264579,-0.445441,1.61053
052133,946.0,152.792,2.23984,2.242589,2.242589,-0.02199,-1.74067
052134,947.0,152.504,2.246871,2.265254,2.265254,0.022665,1.47231
052135,948.0,153.104,2.263759,2.341924,2.341924,0.07667,-11.60772
052136,949.0,152.649,2.027528,2.077955,2.077955,-0.263969,2.76683
052137,950.0,153.12,1.952435,2.008443,2.008443,-0.069512,-8.58674
052138,951.0,152.808,2.338501,2.359223,2.359223,0.35078,1.16387
052139,952.0,153.051,2.630629,2.641828,2.641828,0.282605,-5.7379
052140,953.0,153.371,2.255552,2.278138,2.278138,-0.36369,-4.23295
052141,954.0,153.278,1.59257,1.595284,1.595284,-0.682854,0.96084
052142,955.0,153.21,0.907958,0.910501,0.910501,-0.684783,0.48466
052143,956.0,152.861,0.502457,0.611771,0.611771,-0.29873,1.81548
052144,957.0,153.432,0.150187,0.590421,0.590421,-0.02135,-11.18405
052145,958.0,153.667,0.134177,0.270607,0.270607,-0.319814,-0.27597
052146,959.0,153.318,0.225281,0.415394,0.415394,0.144787,-0.34941
052147,960.0,153.318,0.58207,0.58207,0.58207,0.166676,-0.70981
052148,961.0,153.751,1.668624,1.723889,1.723889,1.141819,-12.08776
052149,962.0,153.038,2.145808,2.261164,2.261164,0.537275,3.23275
052150,963.0,153.476,1.779119,1.832241,1.832241,-0.428923,-6.72887
052151,964.0,153.529,0.704178,0.70617,0.70617,-1.126071,-0.12781
052152,965.0,153.788,0.234726,0.349539,0.349539,-0.356631,-0.24684
052153,966.0,153.204,0.451074,0.737919,0.737919,0.38838,2.90195
052154,967.0,152.945,1.225447,1.252518,1.252518,0.514599,0.86916
052155,968.0,153.157,1.556729,1.571098,1.571098,0.31858,-4.9733
052156,969.0,153.445,1.558539,1.584925,1.584925,0.013827,-5.4949
052157,970.0,153.12,1.334339,1.373348,1.373348,-0.211577,1.80678
052158,971.0,153.278,1.134541,1.14549,1.14549,-0.227858,-2.55535
052159,972.0,152.998,0.792722,0.840718,0.840718,-0.304772,1.48179
052200,973.0,153.379,0.268353,0.46602,0.46602,-0.374698,-0.20752
