203818,0,155.139,0.0,0.0,0,0,-0.35
203819,1.0,154.327,0.075094,0.815465,0.815465,0.815465,3.77932
203820,2.0,156.557,0.134177,2.234033,2.234033,1.418568,-46.5737
203821,3.0,154.713,0.111195,1.84735,1.84735,-0.386683,10.26572
203822,4.0,155.26,0.075094,0.55213,0.55213,-1.29522,-8.89706
203823,5.0,155.35,0.111195,0.143054,0.143054,-0.409076,-0.30572
203824,6.0,155.139,0.075094,0.223964,0.223964,0.08091,-0.34174
203825,7.0,156.23,0.640592,1.265164,1.265164,1.0412,-22.48285
203826,8.0,155.73,0.570764,0.758796,0.758796,-0.506368,2.65537
203827,9.0,154.705,0.570764,1.173199,1.173199,0.414403,5.071
203828,10.0,156.489,0.570764,1.87308,1.87308,0.699881,-35.01663
203829,11.0,155.508,0.075094,0.98387,0.98387,-0.88921,5.57254
203830,12.0,155.268,0.225281,0.329168,0.329168,-0.654702,-0.20312
203831,13.0,156.914,0.0,1.646,0.0,-0.329168,-0.35
203832,14.0,156.452,0.134177,0.48109,0.48109,0.48109,-0.91537
203833,15.0,155.009,0.983235,1.746139,1.746139,1.265049,6.44167
203834,16.0,158.843,0.633116,3.885922,3.885922,2.139783,-85.14775
203835,17.0,155.942,0.448892,2.935525,2.935525,-0.950397,17.28289
203836,18.0,156.513,0.448892,0.726323,0.726323,-2.209202,-7.62571
203837,19.0,155.95,0.268353,0.623685,0.623685,-0.102638,2.80999
203838,20.0,156.52,0.251229,0.622909,0.622909,-0.000776,-10.63623
203839,21.0,156.201,0.251229,0.40605,0.40605,-0.216859,-0.26774
203840,22.0,156.692,0.18687,0.525359,0.525359,0.119309,-9.33175
203841,23.0,155.995,0.251229,0.740895,0.740895,0.215536,3.42661
203842,24.0,155.995,0.134177,0.134177,0.134177,-0.606718,-0.29371
203843,25.0,156.943,0.075094,0.95097,0.95097,0.816793,-18.93511
203844,26.0,157.065,0.134177,0.181349,0.181349,-0.769621,-0.25749
203845,27.0,157.21,0.134177,0.197556,0.197556,0.016207,-0.3356
203846,28.0,157.49,0.075094,0.289895,0.289895,0.092339,-0.34115
203847,29.0,156.399,0.075094,1.093581,1.093581,0.803686,5.20617
203848,30.0,157.506,0.134177,1.115102,1.115102,0.021521,-20.39912
203849,31.0,156.943,0.075094,0.567986,0.567986,-0.547116,2.94272
203850,32.0,156.214,0.150187,0.74431,0.74431,0.176324,3.6174
203851,33.0,156.542,0.075094,0.336486,0.336486,-0.407824,-0.24608
203852,34.0,156.444,0.075094,0.123463,0.123463,-0.213023,-0.32526
203853,35.0,156.261,0.150187,0.236739,0.236739,0.113276,-0.34554
203902,44.0,155.67,12.677111,12.69088,1.410098,0.130373,0.0221
203903,45.0,155.738,5.581121,5.581535,5.581535,4.171437,-43.50975
203904,46.0,155.63,1.643395,1.64694,1.64694,-3.934595,3.98094
203905,47.0,155.828,1.256145,1.271654,1.271654,-0.375286,-2.73923
203906,48.0,155.025,0.111195,0.810662,0.810662,-0.460992,4.30777
203907,49.0,155.025,0.0,0.0,0.0,-0.810662,-0.35
203909,51.0,154.462,5.221891,5.252153,2.626077,1.313039,-2.36749
203910,52.0,154.79,2.717593,2.737315,2.737315,0.111238,-6.17265
203911,53.0,156.692,1.073414,2.183992,2.183992,-0.553323,-32.38171
203912,54.0,154.562,0.560612,2.202541,2.202541,0.018549,11.43652
203913,55.0,154.097,1.301229,1.381818,1.381818,-0.820723,2.93296
203914,56.0,156.801,0.251229,2.715646,2.715646,1.333828,-55.98072
203915,57.0,154.576,0.502458,2.281028,2.281028,-0.434618,12.53611
203916,58.0,156.808,0.365835,2.261782,2.261782,-0.019246,-40.59355
204159,221.0,151.77,413.121449,413.152167,2.534676,0.001674,0.0267
204202,224.0,151.526,38.840894,38.841661,12.94722,3.470848,-88.30921
204203,225.0,151.011,12.359528,12.370253,12.370253,-0.576967,7.61325
204204,226.0,149.872,12.434599,12.486656,12.486656,0.116403,6.1752
204205,227.0,150.071,12.866757,12.868296,12.868296,0.38164,-8.9375
204206,228.0,149.13,13.233048,13.266463,13.266463,0.398167,2.50006
204207,229.0,148.274,12.677111,12.705978,12.705978,-0.560485,9.27757
204208,230.0,148.342,11.901648,11.901842,11.901842,-0.804136,5.86861
204209,231.0,148.554,12.12048,12.122334,12.122334,0.220492,-4.86
204210,232.0,146.847,11.898805,12.020624,12.020624,-0.10171,11.01341
204211,233.0,146.704,11.675709,11.676584,11.676584,-0.34404,3.89566
204212,234.0,146.242,11.453324,11.462638,11.462638,-0.213946,4.73398
204213,235.0,146.408,11.342131,11.343346,11.343346,-0.119292,0.67648
204214,236.0,145.764,11.565247,11.583164,11.583164,0.239818,2.83527
204215,237.0,145.613,11.788815,11.789782,11.789782,0.206618,0.36583
204216,238.0,145.544,12.12234,12.122536,12.122536,0.332754,-10.98082
204217,239.0,145.18,12.121177,12.126642,12.126642,0.004106,2.91977
204218,240.0,144.976,12.009287,12.011019,12.011019,-0.115623,2.90636
204219,241.0,144.194,11.897857,11.923528,11.923528,-0.087491,5.76695
204220,242.0,144.059,12.009052,12.009811,12.009811,0.086283,1.18098
204221,243.0,143.203,11.787619,11.818659,11.818659,-0.191152,6.83133
204222,244.0,142.323,11.786901,11.819706,11.819706,0.001047,5.69855
204223,245.0,142.778,11.67764,11.686501,11.686501,-0.133205,-1.648
204224,246.0,142.392,11.455292,11.461794,11.461794,-0.224707,4.38764
204225,247.0,142.218,11.568172,11.56948,11.56948,0.107686,1.12018
204226,248.0,142.247,11.786901,11.786937,11.786937,0.217457,-1.48557
204227,249.0,142.17,11.898805,11.899054,11.899054,0.112117,0.592
204228,250.0,141.103,12.009052,12.05636,12.05636,0.157306,5.76612
204229,251.0,141.309,12.34355,12.345269,12.345269,0.288909,-6.4554
204230,252.0,141.549,12.7894,12.791652,12.791652,0.446383,-11.16781
204231,253.0,141.686,13.010673,13.011394,13.011394,0.219742,-3.98991
204232,254.0,141.361,13.232409,13.2364,13.2364,0.225006,0.4389
204233,255.0,141.103,13.343602,13.346096,13.346096,0.109696,0.84606
204234,256.0,140.96,13.455424,13.456184,13.456184,0.110088,0.1375
204235,257.0,141.301,13.6778,13.68205,13.68205,0.225866,-8.32
204236,258.0,140.859,13.566612,13.57381,13.57381,-0.10824,3.33415
204237,259.0,140.505,13.454796,13.459452,13.459452,-0.114358,2.96795
204238,260.0,140.209,13.010673,13.01404,13.01404,-0.445412,5.30108
204239,261.0,140.209,12.676444,12.676444,12.676444,-0.337596,3.04086
204240,262.0,140.043,12.231672,12.232799,12.232799,-0.443645,4.83086
204241,263.0,139.913,11.898094,11.898804,11.898804,-0.333995,3.83508
204242,264.0,140.088,12.009991,12.011266,12.011266,0.112462,-1.69131
204243,265.0,139.52,12.459489,12.472429,12.472429,0.461163,0.6748
204244,266.0,139.39,11.898094,11.898804,11.898804,-0.573625,5.42169
204245,267.0,138.952,11.454062,11.462433,11.462433,-0.436371,6.02181
204246,268.0,138.574,12.128616,12.134505,12.134505,0.672072,-13.03516
204247,269.0,138.489,12.459489,12.459779,12.459779,0.325274,-11.13982
204248,270.0,138.323,12.792926,12.794003,12.794003,0.334224,-10.50095
204249,271.0,138.473,13.235604,13.236454,13.236454,0.442451,-9.88275
204250,272.0,137.99,13.570974,13.579567,13.579567,0.343113,0.14409
204251,273.0,138.072,13.677182,13.677428,13.677428,0.097861,-1.15766
204252,274.0,137.49,13.899366,13.911545,13.911545,0.234117,1.23911
204253,275.0,137.829,14.012371,14.016471,14.016471,0.104926,-5.34134
204254,276.0,137.889,13.790011,13.790141,13.790141,-0.22633,1.36744
204255,277.0,137.155,13.569105,13.588943,13.588943,-0.201198,5.62205
204256,278.0,136.801,13.010673,13.015488,13.015488,-0.573455,6.54466
204257,279.0,136.521,12.787637,12.790702,12.790702,-0.224786,3.72168
204258,280.0,136.574,12.676444,12.676555,12.676555,-0.114147,1.17549
204259,281.0,136.42,12.453832,12.454784,12.454784,-0.221771,3.16231
204300,282.0,136.005,12.233516,12.240553,12.240553,-0.214231,4.62545
204301,283.0,136.391,12.231672,12.237761,12.237761,-0.002792,-3.0054
204302,284.0,135.86,12.342865,12.354282,12.354282,0.116521,2.93736
204303,285.0,135.588,12.121177,12.124229,12.124229,-0.230053,3.99892
204304,286.0,134.687,12.232364,12.265501,12.265501,0.141272,4.84178
204305,287.0,133.892,12.342865,12.368442,12.368442,0.102941,4.46339
204306,288.0,133.778,12.454058,12.45458,12.45458,0.086138,0.81026
204307,289.0,132.634,12.453832,12.506265,12.506265,0.051685,6.64136
204308,290.0,131.492,12.342637,12.395356,12.395356,-0.110909,7.81642
204309,291.0,131.038,12.342865,12.351212,12.351212,-0.044144,3.62331
204310,292.0,130.591,12.454058,12.462077,12.462077,0.110865,2.45216
204311,293.0,129.561,12.565251,12.607396,12.607396,0.145319,5.30247
204312,294.0,129.265,12.677111,12.680566,12.680566,0.07317,1.75712
204313,295.0,128.57,13.011756,13.030304,13.030304,0.349738,1.70841
204314,296.0,127.965,12.899485,12.913665,12.913665,-0.116639,4.66157
204315,297.0,126.979,11.899989,11.940768,11.940768,-0.972897,12.76761
204316,298.0,125.574,11.119746,11.208157,11.208157,-0.732611,13.04892
204317,299.0,125.375,10.898137,10.899954,10.899954,-0.308203,3.72124
204318,300.0,124.34,11.454062,11.500728,11.500728,0.600774,2.65894
204319,301.0,123.653,11.898094,11.917911,11.917911,0.417183,1.90111
204320,302.0,123.048,12.121177,12.136266,12.136266,0.218355,2.78423
204321,303.0,122.744,11.588617,11.592604,11.592604,-0.543662,6.03415
204322,304.0,122.585,12.464915,12.465929,12.465929,0.873325,-22.57415
204323,305.0,122.162,12.900578,12.907511,12.907511,0.441582,-0.3377
204324,306.0,121.148,13.343602,13.382075,13.382075,0.474564,2.23156
204325,307.0,121.208,13.343602,13.343737,13.343737,-0.038338,0.21196
204326,308.0,120.749,13.232409,13.240368,13.240368,-0.103369,3.58766
204327,309.0,120.868,13.343602,13.344133,13.344133,0.103765,-1.16548
204328,310.0,119.953,13.899366,13.929451,13.929451,0.585318,0.32087
204329,311.0,120.152,13.566612,13.568071,13.568071,-0.36138,1.75081
204330,312.0,120.12,14.233149,14.233185,14.233185,0.665114,-24.72391
204331,313.0,120.21,13.900177,13.900468,13.900468,-0.332717,1.96532
204332,314.0,120.574,14.121955,14.126646,14.126646,0.226178,-9.05266
204333,315.0,119.726,14.010762,14.036401,14.036401,-0.090245,5.12159
204334,316.0,120.347,14.011365,14.02512,14.02512,-0.011281,-7.468
204335,317.0,120.104,14.011365,14.013472,14.013472,-0.011648,1.22123
204336,318.0,120.302,14.240077,14.241453,14.241453,0.227981,-6.13589
204337,319.0,120.112,14.304248,14.305509,14.305509,0.064056,0.12084
204338,320.0,120.233,14.05055,14.051071,14.051071,-0.254438,1.10616
204339,321.0,120.157,14.429885,14.430085,14.430085,0.379014,-16.74633
204340,322.0,119.961,14.358887,14.360225,14.360225,-0.06986,1.1814
204341,323.0,119.885,14.202773,14.202976,14.202976,-0.157249,1.32602
204342,324.0,119.803,14.350782,14.351017,14.351017,0.148041,-1.1745
204343,325.0,120.03,14.414847,14.416634,14.416634,0.065617,-2.41579
204344,326.0,119.977,14.371772,14.37187,14.37187,-0.044764,0.19193
204345,327.0,119.597,14.116293,14.121407,14.121407,-0.250463,3.76958
204346,328.0,119.56,13.988732,13.988781,13.988781,-0.132626,1.0557
204347,329.0,119.385,14.088014,14.089101,14.089101,0.10032,-0.08092
204348,330.0,119.288,14.161009,14.161341,14.161341,0.07224,-0.34125
204349,331.0,118.857,14.686591,14.692913,14.692913,0.531572,-15.03086
204350,332.0,118.865,14.996979,14.996981,14.996981,0.304068,-5.34032
204351,333.0,117.594,15.245785,15.298673,15.298673,0.301692,3.1863
204352,334.0,116.325,15.137127,15.190227,15.190227,-0.108446,6.74988
204353,335.0,115.683,15.230063,15.243588,15.243588,0.053361,1.91415
204354,336.0,114.64,14.952376,14.988709,14.988709,-0.254879,6.88876
204355,337.0,114.08,14.607366,14.618097,14.618097,-0.370612,5.43113
204356,338.0,112.523,14.700941,14.783163,14.783163,0.165066,6.37358
204357,339.0,111.102,14.795783,14.863863,14.863863,0.0807,6.25834
204358,340.0,110.248,14.954673,14.979037,14.979037,0.115174,2.77934
204359,341.0,109.411,14.968232,14.991616,14.991616,0.012579,3.53158
204400,342.0,108.821,14.746869,14.758667,14.758667,-0.232949,4.38523
204401,343.0,108.359,13.087759,13.095911,13.095911,-1.662756,15.04982
204402,344.0,107.122,11.966103,12.029871,12.029871,-1.06604,14.90021
204403,345.0,107.167,10.283777,10.283875,10.283875,-1.745996,10.42551
204404,346.0,106.961,8.957462,8.95983,8.95983,-1.324045,8.23356
204405,347.0,106.578,7.504324,7.514091,7.514091,-1.445739,8.4741
204406,348.0,106.781,5.923851,5.927328,5.927328,-1.586763,4.29668
204407,349.0,105.83,4.028277,4.139012,4.139012,-1.788316,9.31112
204408,350.0,106.005,2.899826,2.905102,2.905102,-1.23391,0.93148
204409,351.0,106.306,2.456633,2.475004,2.475004,-0.430098,-3.19191
204410,352.0,105.55,3.017242,3.110512,3.110512,0.635508,2.93673
204411,353.0,105.497,4.510701,4.511013,4.511013,1.400501,-12.48897
204412,354.0,106.042,6.816455,6.838208,6.838208,2.327195,-38.04758
204413,355.0,105.497,8.373337,8.391055,8.391055,1.552847,-17.37383
204414,356.0,105.09,9.481333,9.490064,9.490064,1.099009,-15.49792
204415,357.0,104.697,9.715809,9.723754,9.723754,0.23369,1.48584
204416,358.0,103.51,10.374044,10.441732,10.441732,0.717978,3.00952
204417,359.0,103.225,10.387072,10.390982,10.390982,-0.05075,2.54382
204418,360.0,102.258,10.712654,10.75621,10.75621,0.365228,3.83835
204419,361.0,102.221,11.261003,11.261064,11.261064,0.504854,-14.23343
204420,362.0,101.322,11.704631,11.739105,11.739105,0.478041,2.6755
204421,363.0,100.68,12.153676,12.17062,12.17062,0.431515,1.52132
204422,364.0,100.59,12.498096,12.49842,12.49842,0.3278,-11.18453
204423,365.0,99.888,12.941354,12.96038,12.96038,0.46196,0.99459
204424,366.0,99.224,13.280019,13.296608,13.296608,0.336228,1.42286
204425,367.0,99.224,13.834071,13.834071,13.834071,0.537463,-20.91293
204426,368.0,99.473,14.505151,14.507288,14.507288,0.673217,-19.34043
204427,369.0,99.549,14.843881,14.844076,14.844076,0.336788,-7.3549
204428,370.0,99.518,15.072003,15.072035,15.072035,0.227959,-2.73907
204429,371.0,98.899,15.078918,15.091618,15.091618,0.019583,2.20224
204430,372.0,99.557,15.078918,15.093267,15.093267,0.001649,-8.81207
204431,373.0,99.452,15.078917,15.079283,15.079283,-0.013984,-0.31181
204432,374.0,99.549,15.189617,15.189927,15.189927,0.110644,-2.55713
204433,375.0,99.732,14.843879,14.845007,14.845007,-0.34492,1.03482
204434,376.0,99.261,14.720855,14.728388,14.728388,-0.116619,2.80248
204435,377.0,99.103,14.726787,14.727634,14.727634,-0.000754,0.14492
204436,378.0,99.452,14.578908,14.583085,14.583085,-0.144549,-1.34485
204437,379.0,99.79,14.344931,14.348913,14.348913,-0.234172,-0.41249
204438,380.0,100.265,14.791973,14.799598,14.799598,0.450685,-17.78664
204439,381.0,101.042,14.826216,14.846562,14.846562,0.046964,-12.17187
204440,382.0,100.575,14.734082,14.741481,14.741481,-0.105081,2.67661
204441,383.0,102.916,14.953055,15.135196,15.135196,0.393715,-50.80695
204442,384.0,102.53,14.808205,14.813235,14.813235,-0.321961,3.97024
204443,385.0,102.575,14.987678,14.987746,14.987746,0.174511,-2.6299
204444,386.0,102.493,14.377784,14.378017,14.378017,-0.609729,4.86694
204445,387.0,102.356,14.411992,14.412643,14.412643,0.034626,-0.01442
204446,388.0,102.839,13.220157,13.228978,13.228978,-1.183665,6.40518
204447,389.0,102.765,13.568567,13.568768,13.568768,0.33979,-13.88452
204448,390.0,102.765,13.776791,13.776791,13.776791,0.208023,-12.28125
204449,391.0,102.651,13.629539,13.630016,13.630016,-0.146775,1.80388
204450,392.0,102.855,12.044934,12.046661,12.046661,-1.583355,10.50344
204451,393.0,102.311,11.771586,11.784149,11.784149,-0.262512,5.58853
204452,394.0,102.403,12.011163,12.011515,12.011515,0.227366,-2.74545
204453,395.0,102.448,12.790941,12.79102,12.79102,0.779505,-15.55327
204454,396.0,102.342,13.45982,13.460237,13.460237,0.669217,-21.36725
204455,397.0,102.123,13.79144,13.793178,13.793178,0.332941,-1.40184
204456,398.0,102.667,14.01237,14.022926,14.022926,0.229748,-12.37307
204457,399.0,102.334,13.900177,13.904165,13.904165,-0.118761,2.6181
204458,400.0,102.453,13.900177,13.900686,13.900686,-0.003479,-0.73876
204459,401.0,102.826,14.010561,14.015525,14.015525,0.114839,-6.21799
204500,402.0,102.786,13.899569,13.899626,13.899626,-0.115899,0.99939
204501,403.0,102.509,13.900176,13.902936,13.902936,0.00331,1.36881
204502,404.0,102.493,14.122554,14.122563,14.122563,0.219627,-1.91124
204503,405.0,102.53,14.121756,14.121804,14.121804,-0.000759,-0.46812
204504,406.0,102.152,14.347287,14.352266,14.352266,0.230462,-0.21691
204505,407.0,102.229,14.471117,14.471321,14.471321,0.119055,-1.90744
204506,408.0,102.453,14.754298,14.755998,14.755998,0.284677,-8.54918
204507,409.0,101.518,14.849452,14.878859,14.878859,0.122861,3.24448
204508,410.0,101.481,15.137015,15.13706,15.13706,0.258201,-15.70017
204509,411.0,100.871,15.187808,15.200053,15.200053,0.062993,1.6962
204510,412.0,100.371,15.246818,15.255014,15.255014,0.054961,1.11677
204511,413.0,99.985,15.250465,15.255349,15.255349,0.000335,0.95793
204512,414.0,100.395,15.053058,15.058641,15.058641,-0.196708,-1.5755
204513,415.0,100.371,14.855549,14.855568,14.855568,-0.203073,0.98589
204514,416.0,100.144,14.659044,14.660802,14.660802,-0.194766,2.1558
204515,417.0,99.774,14.560443,14.565143,14.565143,-0.095659,2.19591
204516,418.0,99.782,14.521928,14.52193,14.52193,-0.043213,-0.26086
204517,419.0,99.404,14.544056,14.548967,14.548967,0.027037,1.25771
204518,420.0,99.338,14.46201,14.462161,14.462161,-0.086806,0.53746
204519,421.0,98.847,14.177614,14.186113,14.186113,-0.276048,4.54112
204520,422.0,98.492,13.928206,13.932729,13.932729,-0.253384,3.7641
204521,423.0,98.212,13.794308,13.797149,13.797149,-0.13558,2.5249
204522,424.0,96.968,13.852757,13.908501,13.908501,0.111352,5.80764
204523,425.0,96.862,14.070233,14.070632,14.070632,0.162131,-0.92605
204524,426.0,96.175,14.058065,14.074842,14.074842,0.00421,3.47895
204525,427.0,94.923,14.103637,14.159099,14.159099,0.084257,5.87202
204526,428.0,94.651,13.790399,13.793081,13.793081,-0.366018,4.25253
204527,429.0,94.072,13.402877,13.415378,13.415378,-0.377703,6.19015
204528,430.0,93.723,13.006967,13.011648,13.011648,-0.40373,5.29156
204529,431.0,92.73,13.296244,13.333273,13.333273,0.321625,3.29721
204530,432.0,92.132,13.163393,13.176969,13.176969,-0.156304,4.77202
204531,433.0,91.363,12.837181,12.860194,12.860194,-0.316775,7.01894
204532,434.0,90.233,12.305825,12.357598,12.357598,-0.502596,10.46413
204533,435.0,90.09,12.032483,12.033333,12.033333,-0.324265,3.96243
204534,436.0,90.526,12.122338,12.130176,12.130176,0.096843,-6.16198
204535,437.0,89.485,12.565923,12.608969,12.608969,0.478793,3.02342
204536,438.0,89.07,12.459484,12.466394,12.466394,-0.142575,4.03455
204537,439.0,89.078,12.67711,12.677113,12.677113,0.210719,-1.1983
204538,440.0,89.358,13.010023,13.013036,13.013036,0.335923,-9.43465
204539,441.0,90.05,13.010023,13.028414,13.028414,0.015378,-9.19609
204540,442.0,89.086,12.899485,12.935455,12.935455,-0.092959,6.44088
204541,443.0,88.89,12.788298,12.789799,12.789799,-0.145656,2.70245
204542,444.0,89.176,12.899485,12.902655,12.902655,0.112856,-4.06964
204543,445.0,89.509,13.011755,13.016015,13.016015,0.11336,-4.99131
204544,446.0,89.432,13.237516,13.23774,13.23774,0.221725,-0.88924
204545,447.0,89.276,13.457935,13.458839,13.458839,0.221099,-0.62223
204546,448.0,88.943,13.235601,13.23979,13.23979,-0.219049,3.75394
204547,449.0,89.139,13.12186,13.123324,13.123324,-0.116466,0.17568
204548,450.0,89.094,12.788298,12.788377,12.788377,-0.334947,3.22589
204549,451.0,89.184,12.788298,12.788614,12.788614,0.000237,0.10364
204550,452.0,88.964,12.899485,12.901361,12.901361,0.112747,0.9215
204551,453.0,88.634,12.679776,12.684069,12.684069,-0.217292,3.99233
204552,454.0,88.711,12.568612,12.568848,12.568848,-0.115221,1.10845
204553,455.0,88.914,12.454736,12.456391,12.456391,-0.112457,0.45705
204554,456.0,88.166,12.567044,12.589285,12.589285,0.132894,3.86358
204555,457.0,88.19,12.788297,12.78832,12.78832,0.199035,-1.27701
204556,458.0,88.793,12.67711,12.691443,12.691443,-0.096877,-4.82225
204557,459.0,88.362,12.565923,12.573313,12.573313,-0.11813,3.89961
204558,460.0,87.699,12.231672,12.249627,12.249627,-0.323686,6.72335
204559,461.0,87.45,12.454058,12.456547,12.456547,0.20692,0.71065
204600,462.0,88.008,12.676222,12.688497,12.688497,0.23195,-11.80036
204601,463.0,87.849,12.788297,12.789286,12.789286,0.100789,0.74695
204602,464.0,87.45,13.010672,13.016789,13.016789,0.227503,0.99072
204603,465.0,87.17,13.343602,13.34654,13.34654,0.329751,-0.6658
204604,466.0,87.202,13.344235,13.344274,13.344274,-0.002266,0.09829
204605,467.0,87.284,13.45647,13.45672,13.45672,0.112446,-1.10608
204606,468.0,87.691,13.569102,13.575205,13.575205,0.118485,-6.72351
204607,469.0,86.56,13.567649,13.614708,13.614708,0.039503,5.954
204608,470.0,87.556,13.677182,13.713399,13.713399,0.098691,-17.08803
204609,471.0,87.08,13.566611,13.574959,13.574959,-0.13844,3.74993
204610,472.0,86.983,13.454795,13.455145,13.455145,-0.119814,1.61111
204611,473.0,86.893,13.455423,13.455724,13.455724,0.000579,0.67114
204612,474.0,86.335,13.455423,13.466989,13.466989,0.011265,3.13843
204613,475.0,86.808,13.6778,13.685976,13.685976,0.218987,-10.55897
204614,476.0,86.742,13.678829,13.678988,13.678988,-0.006988,0.44985
204615,477.0,86.401,13.900176,13.904358,13.904358,0.22537,-2.0e-05
204616,478.0,86.327,14.349053,14.349244,14.349244,0.444886,-18.37386
204617,479.0,86.607,14.569628,14.572319,14.572319,0.223075,-7.73909
204618,480.0,86.396,14.677922,14.679439,14.679439,0.10712,-0.40886
204619,481.0,86.185,14.67773,14.679247,14.679247,-0.000192,0.46786
204620,482.0,86.079,14.677922,14.678305,14.678305,-0.000942,-0.09845
204621,483.0,86.222,14.679457,14.680153,14.680153,0.001848,-1.4819
204622,484.0,85.965,14.567309,14.569575,14.569575,-0.110578,1.69777
204623,485.0,85.22,14.345912,14.365244,14.365244,-0.204331,5.25171
204624,486.0,85.212,14.234731,14.234733,14.234733,-0.130511,0.72481
204625,487.0,85.875,14.234731,14.250163,14.250163,0.01543,-9.00213
204626,488.0,85.867,14.344931,14.344933,14.344933,0.09477,-1.14618
204627,489.0,85.22,14.45612,14.470591,14.470591,0.125658,1.99316
204628,490.0,84.826,14.677922,14.683209,14.683209,0.212618,-0.2749
204629,491.0,84.85,14.789116,14.789135,14.789135,0.105926,-1.77335
204630,492.0,85.273,14.677922,14.684016,14.684016,-0.105119,-2.13925
204631,493.0,84.565,14.789116,14.806053,14.806053,0.122037,2.07549
204632,494.0,85.001,14.900876,14.907253,14.907253,0.1012,-7.44863
204633,495.0,84.631,14.789687,14.794314,14.794314,-0.112939,2.17479
204634,496.0,84.15,14.789116,14.796936,14.796936,0.002622,1.82736
204635,497.0,84.504,14.678498,14.682766,14.682766,-0.11417,-1.68771
204636,498.0,84.126,14.678498,14.683364,14.683364,0.000598,1.36997
204637,499.0,83.764,14.789116,14.793545,14.793545,0.110181,0.29505
204638,500.0,83.674,14.789687,14.789961,14.789961,-0.003584,-0.25043
204639,501.0,84.118,14.789116,14.795779,14.795779,0.005818,-4.89851
204640,502.0,83.487,14.677922,14.691479,14.691479,-0.1043,3.60235
204641,503.0,83.592,14.566535,14.566914,14.566914,-0.124565,-0.1629
204642,504.0,83.455,14.677922,14.678561,14.678561,0.111647,-0.84886
204643,505.0,83.146,14.568275,14.571552,14.571552,-0.107009,1.95149
204644,506.0,82.425,14.679457,14.697152,14.697152,0.1256,2.2095
204645,507.0,82.348,14.901821,14.90202,14.90202,0.204868,-2.13771
204646,508.0,82.287,14.789687,14.789813,14.789813,-0.112207,0.48541
204647,509.0,81.851,15.012065,15.018395,15.018395,0.228582,-0.48224
204648,510.0,81.473,14.900309,14.905103,14.905103,-0.113292,2.1414
204649,511.0,81.204,15.12251,15.124902,15.124902,0.219799,-1.41949
204650,512.0,81.014,15.011503,15.012705,15.012705,-0.112197,1.02705
204651,513.0,81.167,15.013003,15.013783,15.013783,0.001078,-1.79244
204652,514.0,81.632,15.011503,15.018703,15.018703,0.00492,-5.3332
204653,515.0,80.871,15.012065,15.031341,15.031341,0.012638,3.08604
204654,516.0,80.752,15.233705,15.23417,15.23417,0.202829,-2.19722
204655,517.0,80.924,15.123255,15.124233,15.124233,-0.109937,-1.05115
204656,518.0,80.992,15.124186,15.124338,15.124338,0.000105,-1.40963
204657,519.0,80.947,15.014316,15.014383,15.014383,-0.109955,0.21556
204658,520.0,80.562,14.678498,14.683546,14.683546,-0.330837,4.11629
204659,521.0,80.48,14.45534,14.455573,14.455573,-0.227973,1.76609
204700,522.0,80.292,14.344146,14.345377,14.345377,-0.110196,1.4725
204701,523.0,81.058,14.232951,14.253548,14.253548,-0.091829,-8.03263
204702,524.0,80.94,14.344342,14.344827,14.344827,0.091279,-0.51747
204703,525.0,81.204,14.344146,14.346575,14.346575,0.001748,-1.88936
204704,526.0,80.895,14.122553,14.125933,14.125933,-0.220642,3.14723
204705,527.0,80.736,14.233148,14.234036,14.234036,0.108103,-0.34013
204706,528.0,81.632,14.121955,14.150351,14.150351,-0.083685,-10.62213
204707,529.0,80.916,14.233148,14.251146,14.251146,0.100795,2.74484
204708,530.0,81.069,14.233148,14.233971,14.233971,-0.017175,-1.05097
204709,531.0,81.521,14.121955,14.129187,14.129187,-0.104784,-1.91971
204710,532.0,81.595,14.010762,14.010957,14.010957,-0.11823,0.32569
204711,533.0,81.119,14.011364,14.019448,14.019448,0.008491,2.33402
204712,534.0,80.85,14.013775,14.016357,14.016357,-0.003091,1.29661
204713,535.0,81.09,14.017793,14.019847,14.019847,0.00349,-1.53569
204714,536.0,81.058,13.904429,13.904465,13.904465,-0.115382,0.94986
204715,537.0,80.435,14.013775,14.027617,14.027617,0.123152,2.23569
204716,538.0,80.63,14.012369,14.013726,14.013726,-0.013891,-1.15015
204717,539.0,80.517,13.900176,13.900635,13.900635,-0.113091,1.37674
204718,540.0,80.313,14.010561,14.012046,14.012046,0.111411,0.0521
204719,541.0,79.674,14.010561,14.025125,14.025125,0.013079,3.18403
204720,542.0,79.846,14.233742,14.234781,14.234781,0.209656,-5.15813
204721,543.0,79.645,14.344931,14.346339,14.346339,0.111558,-0.2274
204722,544.0,79.536,14.455535,14.455946,14.455946,0.109607,-0.80217
204723,545.0,80.488,14.344931,14.376486,14.376486,-0.07946,-11.79252
204724,546.0,80.231,14.236115,14.238434,14.238434,-0.138052,2.14165
204725,547.0,78.839,13.697543,13.768092,13.768092,-0.470342,11.17836
204726,548.0,79.23,13.419336,13.425031,13.425031,-0.343061,0.63292
204727,549.0,78.635,13.300211,13.313513,13.313513,-0.111518,4.35029
204728,550.0,78.921,13.368592,13.371651,13.371651,0.058138,-2.89924
204729,551.0,78.807,13.433143,13.433627,13.433627,0.061976,0.35798
204730,552.0,77.985,13.556776,13.581673,13.581673,0.148046,3.47008
204731,553.0,78.184,13.561456,13.562916,13.562916,-0.018757,-0.83045
204732,554.0,75.953,13.789883,13.969189,13.969189,0.406273,8.85798
204733,555.0,76.775,13.754684,13.779224,13.779224,-0.189965,-6.48289
204734,556.0,75.848,13.890243,13.921141,13.921141,0.141917,3.83205
204735,557.0,74.561,13.92682,13.98616,13.98616,0.065019,6.34509
204736,558.0,75.237,13.694856,13.711531,13.711531,-0.274629,-1.63927
204737,559.0,74.342,13.586515,13.615962,13.615962,-0.095569,5.68888
204738,560.0,74.199,13.901188,13.901924,13.901924,0.285962,-1.54689
204739,561.0,74.13,14.121955,14.122124,14.122124,0.2202,-1.62442
204740,562.0,73.393,14.45534,14.474116,14.474116,0.351992,0.65939
204741,563.0,72.859,14.458456,14.468314,14.468314,-0.005802,2.43732
204742,564.0,72.822,14.567308,14.567355,14.567355,0.099041,-1.19992
204743,565.0,72.64,14.678497,14.679626,14.679626,0.112271,-0.6085
204744,566.0,72.534,14.568274,14.56866,14.56866,-0.110966,0.87814
204745,567.0,71.911,14.232951,14.246579,14.246579,-0.322081,5.59361
204746,568.0,71.744,14.34493,14.345903,14.345903,0.099324,-0.3145
204747,569.0,70.991,14.677922,14.697224,14.697224,0.351321,0.53887
204748,570.0,70.383,14.680798,14.693383,14.693383,-0.003841,2.65493
204749,571.0,70.18,14.571365,14.572779,14.572779,-0.120604,1.48307
204750,572.0,69.3,14.912205,14.938148,14.938148,0.365369,0.87962
204751,573.0,69.142,14.903142,14.90398,14.90398,-0.034168,0.28595
204752,574.0,68.772,15.124185,15.12871,15.12871,0.22473,-0.91235
204753,575.0,68.78,15.345083,15.345085,15.345085,0.216375,-3.12854
204754,576.0,69.028,15.567471,15.569446,15.569446,0.224361,-7.93597
204755,577.0,68.005,15.456823,15.49064,15.49064,-0.078806,4.92267
204756,578.0,66.666,15.011503,15.071103,15.071103,-0.419537,9.83417
204757,579.0,66.621,15.568013,15.568078,15.568078,0.496975,-23.46706
204758,580.0,66.132,16.016463,16.023926,16.023926,0.455848,-3.20187
204759,581.0,65.574,15.903706,15.913492,15.913492,-0.110434,2.31596
204800,582.0,65.313,15.791284,15.793441,15.793441,-0.120051,0.87787
204801,583.0,64.8,15.567471,15.575921,15.575921,-0.21752,3.27229
204802,584.0,64.792,15.456095,15.456097,15.456097,-0.119824,-0.23718
204803,585.0,64.8,15.345634,15.345636,15.345636,-0.110461,-0.3191
204804,586.0,64.687,15.457734,15.458147,15.458147,0.112511,-1.66406
204805,587.0,64.137,15.345634,15.355487,15.355487,-0.10266,2.65264
204806,588.0,63.04,15.012065,15.052093,15.052093,-0.303394,7.55154
204807,589.0,62.988,15.011503,15.011593,15.011593,-0.0405,-0.32308
204808,590.0,62.641,14.903142,14.907181,14.907181,-0.104412,1.89829
204809,591.0,61.611,14.569626,14.605989,14.605989,-0.301192,7.44264
204810,592.0,61.146,14.569626,14.577045,14.577045,-0.028944,2.16739
204811,593.0,60.377,14.237893,14.258645,14.258645,-0.3184,6.35544
204812,594.0,59.399,14.124944,14.158762,14.158762,-0.099883,5.82942
204813,595.0,59.484,13.791436,13.791698,13.791698,-0.367064,2.31435
204814,596.0,58.58,13.235599,13.266435,13.266435,-0.525263,9.11924
204815,597.0,59.056,12.570625,12.579634,12.579634,-0.686801,2.92722
204816,598.0,58.152,11.459219,11.494821,11.494821,-1.084813,12.7284
204817,599.0,56.469,10.123187,10.262135,10.262135,-1.232686,16.90406
204818,600.0,56.192,8.563324,8.567803,8.567803,-1.694332,10.0506
204819,601.0,55.785,7.229228,7.240675,7.240675,-1.327128,7.87756
204820,602.0,54.786,5.782136,5.867802,5.867802,-1.372873,10.1014
204821,603.0,54.379,4.114212,4.134295,4.134295,-1.733507,6.21044
204822,604.0,54.786,2.335093,2.370298,2.370298,-1.763997,-0.0487
204823,605.0,55.182,1.000754,1.076255,1.076255,-1.294043,-4.71417
204824,606.0,54.44,0.341917,0.816989,0.816989,-0.259266,3.88522
204825,607.0,55.055,0.575867,0.842524,0.842524,0.025535,-11.44241
204826,608.0,54.921,0.44478,0.464527,0.464527,-0.377997,-0.21424
204827,609.0,54.508,0.561014,0.696639,0.696639,0.232112,1.87158
204828,610.0,54.717,0.631796,0.665468,0.665468,-0.031171,-3.96274
204829,611.0,54.614,0.469408,0.480575,0.480575,-0.184893,-0.26119
204830,612.0,54.936,0.402414,0.515384,0.515384,0.034809,-6.14988
204831,613.0,54.81,0.341917,0.364395,0.364395,-0.150989,-0.28954
204832,614.0,54.688,0.234704,0.264518,0.264518,-0.099877,-0.31364
204833,615.0,54.717,0.333585,0.334843,0.334843,0.070325,-0.33568
204834,616.0,54.448,0.234704,0.356997,0.356997,0.022154,-0.32516
204835,617.0,54.725,1.66961,1.692433,1.692433,1.335436,-9.1913
204836,618.0,54.664,3.787321,3.787812,3.787812,2.095379,-15.15018
204837,619.0,54.929,6.034448,6.040264,6.040264,2.252452,-28.86879
204838,620.0,54.868,7.47602,7.476269,7.476269,1.436005,-21.61304
204839,621.0,55.312,9.517713,9.528063,9.528063,2.051794,-41.93487
204842,624.0,55.703,51.859146,51.86062,17.286873,2.58627,-83.56938
204843,625.0,54.944,15.254882,15.273752,15.273752,-2.013121,20.09446
204844,626.0,54.944,15.289333,15.289333,15.289333,0.015581,-1.30368
204845,627.0,54.604,15.394434,15.398188,15.398188,0.108855,-0.3386
204846,628.0,54.342,15.430032,15.432256,15.432256,0.034068,-0.15285
204847,629.0,53.695,15.465912,15.479439,15.479439,0.047183,1.79509
204848,630.0,53.983,15.527866,15.530537,15.530537,0.051098,-3.60255
204849,631.0,53.599,15.689154,15.693852,15.693852,0.163315,-0.84411
204850,632.0,53.605,15.886501,15.886502,15.886502,0.19265,-3.41873
204851,633.0,54.035,17.214576,17.219946,17.219946,1.333444,-48.36174
204852,634.0,53.592,17.451045,17.456667,17.456667,0.236721,-3.07205
204853,635.0,54.374,16.924872,16.942928,16.942928,-0.513739,-2.09719
204854,636.0,55.198,17.217626,17.237333,17.237333,0.294405,-22.1434
204855,637.0,55.531,18.192716,18.195763,18.195763,0.95843,-36.72019
204856,638.0,55.462,18.103908,18.10404,18.10404,-0.091723,-2.57965
204857,639.0,56.921,18.333427,18.39139,18.39139,0.28735,-34.74662
204858,640.0,57.891,18.281211,18.306927,18.306927,-0.084463,-12.95471
204859,641.0,58.649,17.625319,17.641611,17.641611,-0.665316,-0.99089
204900,642.0,60.189,16.397844,16.47,16.47,-1.171611,0.11431
204901,643.0,60.641,15.627163,15.633698,15.633698,-0.836302,3.34527
204902,644.0,61.228,15.668045,15.679037,15.679037,0.045339,-8.99035
204903,645.0,62.597,16.051061,16.109336,16.109336,0.430299,-35.1397
204904,646.0,65.522,16.428296,16.686658,16.686658,0.577322,-68.98152
204905,647.0,65.973,16.672631,16.67873,16.67873,-0.007928,-5.31777
204906,648.0,66.779,16.835933,16.855215,16.855215,0.176485,-17.71902
204907,649.0,70.045,17.227897,17.534742,17.534742,0.679527,-79.88845
204908,650.0,71.858,17.639822,17.732746,17.732746,0.198004,-37.60362
204909,651.0,72.92,17.742751,17.774506,17.774506,0.04176,-18.6654
204910,652.0,72.693,18.177304,18.178722,18.178722,0.404216,-24.57789
204911,653.0,73.303,18.592704,18.602707,18.602707,0.423985,-24.15292
204912,654.0,74.838,18.420699,18.484544,18.484544,-0.118163,-22.22691
204913,655.0,76.352,18.274084,18.336694,18.336694,-0.14785,-20.7807
204914,656.0,77.911,18.522066,18.58756,18.58756,0.250866,-35.52919
204915,657.0,79.764,18.985318,19.075532,19.075532,0.487972,-49.87391
204916,658.0,80.622,19.36449,19.383489,19.383489,0.307957,-25.54224
204917,659.0,81.624,19.718445,19.743887,19.743887,0.360398,-30.53362
204918,660.0,82.018,20.166155,20.170004,20.170004,0.426117,-22.3934
204919,661.0,82.649,20.46491,20.474636,20.474636,0.304632,-22.51548
204920,662.0,83.939,20.716448,20.756573,20.756573,0.281937,-34.05999
204921,663.0,85.64,20.931947,21.000948,21.000948,0.244375,-40.40779
204922,664.0,86.087,21.156121,21.160842,21.160842,0.159894,-14.22902
204923,665.0,88.914,21.231141,21.418526,21.418526,0.257684,-62.05974
204924,666.0,89.683,21.156121,21.170093,21.170093,-0.248433,-8.94806
204925,667.0,90.209,21.232015,21.23853,21.23853,0.068437,-12.12073
204926,668.0,90.867,21.381182,21.391304,21.391304,0.152774,-18.03477
204927,669.0,92.827,21.457066,21.546399,21.546399,0.155095,-42.16396
204928,670.0,92.767,21.531222,21.531306,21.531306,-0.015093,-7.6722
204929,671.0,93.467,21.457068,21.468483,21.468483,-0.062823,-11.16297
204930,672.0,93.673,21.380895,21.381887,21.381887,-0.086596,-8.06539
204931,673.0,94.215,21.455915,21.46276,21.46276,0.080873,-13.08863
204932,674.0,93.361,21.155833,21.173062,21.173062,-0.289698,0.39322
204933,675.0,92.653,20.931952,20.943923,20.943923,-0.229139,-0.83319
204934,676.0,92.36,20.78073,20.782796,20.782796,-0.161127,-3.68822
204935,677.0,91.628,20.705709,20.718644,20.718644,-0.064152,-2.32958
204936,678.0,90.505,20.78073,20.811052,20.811052,0.092408,-2.12854
204937,679.0,89.532,20.930771,20.953375,20.953375,0.142323,-3.72868
204938,680.0,88.386,21.005792,21.03703,21.03703,0.083655,-2.2178
204939,681.0,86.872,21.156126,21.21023,21.21023,0.1732,-1.51127
204940,682.0,85.106,21.306166,21.379229,21.379229,0.168999,-0.33614
204941,683.0,83.976,21.306166,21.336111,21.336111,-0.043118,-1.22521
204942,684.0,82.99,21.306166,21.328969,21.328969,-0.007142,-2.42828
204943,685.0,81.254,21.305876,21.376484,21.376484,0.047515,0.94999
204944,686.0,80.411,21.381186,21.397798,21.397798,0.021314,-3.64283
204945,687.0,79.499,21.381186,21.400628,21.400628,0.00283,-3.04987
204946,688.0,78.897,21.456206,21.46465,21.46465,0.064022,-5.56254
204947,689.0,78.717,21.456207,21.456962,21.456962,-0.007688,-6.99884
204948,690.0,76.963,21.456207,21.527781,21.527781,0.070819,0.5539
204949,691.0,74.883,21.53094,21.631176,21.631176,0.103395,1.79161
204950,692.0,73.996,21.53094,21.549203,21.549203,-0.081973,-2.37711
204951,693.0,72.318,21.382055,21.447796,21.447796,-0.101407,2.31092
204952,694.0,71.398,21.383499,21.403281,21.403281,-0.044515,-2.44441
204953,695.0,70.09,21.313127,21.353226,21.353226,-0.050055,-0.19177
204954,696.0,69.805,21.395056,21.396954,21.396954,0.043728,-6.95234
204955,697.0,68.05,21.362664,21.434632,21.434632,0.037678,1.0909
204956,698.0,67.223,21.309843,21.325884,21.325884,-0.108748,-2.08307
204957,699.0,65.876,21.457906,21.500143,21.500143,0.174259,-2.86308
204958,700.0,63.754,21.417181,21.522047,21.522047,0.021904,3.15951
204959,701.0,61.709,21.491277,21.588354,21.588354,0.066307,2.11189
205000,702.0,61.334,21.696822,21.700063,21.700063,0.111709,-7.71487
205001,703.0,59.545,21.813478,21.886716,21.886716,0.186653,-1.1874
205002,704.0,58.139,21.69561,21.741121,21.741121,-0.145595,0.96547
205003,705.0,56.823,21.346921,21.387447,21.387447,-0.353674,3.42117
205004,706.0,56.342,21.27991,21.285346,21.285346,-0.102101,-3.99454
205005,707.0,55.74,21.324335,21.33283,21.33283,0.047484,-5.17278
205006,708.0,56.318,21.334765,21.342593,21.342593,0.009763,-11.18005
205007,709.0,56.303,21.354745,21.354751,21.354751,0.012158,-7.98847
205008,710.0,55.927,21.421508,21.424808,21.424808,0.070057,-6.80628
205009,711.0,56.078,21.384213,21.384746,21.384746,-0.040062,-8.31519
205010,712.0,55.793,21.203677,21.205593,21.205593,-0.179153,-4.04943
205011,713.0,55.312,20.802435,20.807995,20.807995,-0.397598,0.05128
205012,714.0,56.303,20.538651,20.562545,20.562545,-0.24545,-9.4524
205013,715.0,55.576,20.119369,20.132499,20.132499,-0.430046,2.49462
205014,716.0,55.785,19.800658,19.801761,19.801761,-0.330738,-3.36923
205015,717.0,55.267,19.342902,19.349837,19.349837,-0.451924,2.37725
205016,718.0,54.952,18.810636,18.813274,18.813274,-0.536563,2.65636
205017,719.0,55.417,18.353456,18.359346,18.359346,-0.453928,-2.06387
205018,720.0,54.958,17.904553,17.910436,17.910436,-0.44891,3.30945
205019,721.0,54.997,17.605318,17.605361,17.605361,-0.305075,-0.57008
205020,722.0,55.042,17.306112,17.30617,17.30617,-0.299191,-0.40083
205021,723.0,54.614,17.508276,17.513506,17.513506,0.207336,-2.93411
205022,724.0,54.582,17.113583,17.113613,17.113613,-0.399893,1.14117
205023,725.0,54.469,16.729818,16.7302,16.7302,-0.383413,1.72191
205024,726.0,54.749,16.129672,16.132102,16.132102,-0.598098,1.93696
205025,727.0,54.072,14.904226,14.919594,14.919594,-1.212508,12.89046
205026,728.0,54.035,13.50094,13.500991,13.500991,-1.418603,11.01558
205027,729.0,54.522,12.636406,12.645787,12.645787,-0.855204,4.04008
205028,730.0,54.35,12.688695,12.68986,12.68986,0.044073,1.28311
205029,731.0,54.876,13.049788,13.060385,13.060385,0.370525,-14.82799
205030,732.0,54.876,13.491668,13.491668,13.491668,0.431283,-17.40003
205031,733.0,55.703,14.501094,14.524657,14.524657,1.032989,-39.73773
205032,734.0,56.347,14.567308,14.581536,14.581536,0.056879,-9.88546
205033,735.0,56.303,14.645342,14.645408,14.645408,0.063872,-0.93789
205035,737.0,58.086,36.864354,36.907447,18.453724,1.904158,-80.20533
205036,738.0,58.731,16.868849,16.881176,16.881176,-1.572548,8.63914
205037,739.0,59.151,14.650821,14.65684,14.65684,-2.224336,15.18188
205038,740.0,59.716,14.602032,14.612959,14.612959,-0.043881,-5.69564
205039,741.0,59.851,15.346242,15.346836,15.346836,0.733877,-20.31268
205040,742.0,60.115,13.897801,13.900308,13.900308,-1.446528,9.63394
205041,743.0,60.604,14.553469,14.561682,14.561682,0.661374,-23.49831
205042,744.0,60.528,14.898706,14.8989,14.8989,0.337218,-16.68308
205043,745.0,62.274,15.457051,15.55535,15.55535,0.65645,-47.98095
205044,746.0,63.342,15.88928,15.925133,15.925133,0.369783,-27.5944
205045,747.0,64.01,17.683972,17.696584,17.696584,1.771451,-68.64132
205046,748.0,63.77,17.460182,17.461832,17.461832,-0.234752,0.39378
205047,749.0,63.542,17.90254,17.903992,17.903992,0.44216,-25.02584
205048,750.0,64.108,18.460797,18.469472,18.469472,0.56548,-28.05461
205049,751.0,64.401,19.126852,19.129096,19.129096,0.659624,-27.46233
205050,752.0,63.815,19.570451,19.579222,19.579222,0.450126,-7.3028
205051,753.0,64.108,19.904033,19.90619,19.90619,0.326968,-16.47354
205052,754.0,63.469,20.126422,20.136563,20.136563,0.230373,-5.39122
205053,755.0,63.619,20.571609,20.572155,20.572155,0.435592,-18.83228
205054,756.0,63.281,20.682801,20.685562,20.685562,0.113407,-6.47597
205055,757.0,63.334,21.015841,21.015908,21.015908,0.330346,-13.55052
205056,758.0,62.784,21.127169,21.134327,21.134327,0.118419,-6.01277
205057,759.0,62.129,21.462719,21.472711,21.472711,0.338384,-8.55959
205058,760.0,62.153,21.795368,21.795381,21.795381,0.32267,-13.6852
205059,761.0,62.763,22.572695,22.580936,22.580936,0.785555,-44.9869
205100,762.0,61.468,22.795083,22.831839,22.831839,0.250903,-6.19946
205101,763.0,61.347,23.240224,23.240539,23.240539,0.4087,-44.06113
205102,764.0,60.551,23.351417,23.36498,23.36498,0.124441,-8.17828
205103,765.0,59.024,23.462609,23.512247,23.512247,0.147267,-4.72863
205104,766.0,59.077,23.463209,23.463269,23.463269,-0.048978,-10.70978
205105,767.0,58.482,23.463209,23.470752,23.470752,0.007483,-7.92138
205106,768.0,58.086,23.462609,23.465951,23.465951,-0.004801,-8.83956
205107,769.0,57.101,23.462609,23.483276,23.483276,0.017325,-5.94056
205108,770.0,56.694,23.463209,23.466738,23.466738,-0.016538,-8.62712
205109,771.0,56.139,23.573324,23.579857,23.579857,0.113119,-9.69847
205110,772.0,55.801,23.684638,23.68705,23.68705,0.107193,-10.98242
205111,773.0,54.635,23.795833,23.824383,23.824383,0.137333,-7.0904
205112,774.0,52.952,24.018221,24.077115,24.077115,0.252732,-6.24297
205113,775.0,51.684,24.129416,24.162709,24.162709,0.085594,-6.41285
205114,776.0,50.629,24.129765,24.152818,24.152818,-0.009891,-6.27528
205115,777.0,50.143,24.351689,24.356538,24.356538,0.20372,-12.6108
205116,778.0,49.715,24.351689,24.35545,24.35545,-0.001088,-10.1497
205117,779.0,50.278,24.351804,24.358312,24.358312,0.002862,-15.61774
205118,780.0,50.067,24.462999,24.463909,24.463909,0.105597,-12.96674
205119,781.0,49.121,24.462884,24.481168,24.481168,0.017259,-7.7807
205120,782.0,49.25,24.574537,24.574875,24.574875,0.093707,-14.85178
205121,783.0,48.97,24.57591,24.577505,24.577505,0.00263,-11.37805
205122,784.0,49.533,24.5782,24.584647,24.584647,0.007142,-16.05363
205123,785.0,49.956,24.701679,24.705301,24.705301,0.120654,-17.05337
205124,786.0,49.002,24.7076,24.726011,24.726011,0.02071,-8.19767
205125,787.0,49.393,24.913197,24.916265,24.916265,0.190254,-18.31587
205126,788.0,49.422,25.021669,25.021686,25.021686,0.105421,-15.2496
205127,789.0,49.113,25.131061,25.13296,25.13296,0.111274,-13.68408
205128,790.0,48.835,25.241248,25.242779,25.242779,0.109819,-14.02937
205129,791.0,48.888,25.463749,25.463804,25.463804,0.221025,-17.81054
205130,792.0,48.978,25.574833,25.574991,25.574991,0.111187,-16.65842
205131,793.0,48.941,25.909395,25.909421,25.909421,0.33443,-19.79817
205132,794.0,48.241,26.131777,26.14115,26.14115,0.231729,-15.14504
205133,795.0,48.635,26.242003,26.24496,26.24496,0.10381,-19.45059
205134,796.0,49.015,26.353304,26.356044,26.356044,0.111084,-19.68991
205135,797.0,48.851,26.353198,26.353708,26.353708,-0.002336,-15.05266
205136,798.0,48.611,26.353304,26.354397,26.354397,0.000689,-14.68332
205137,799.0,48.859,26.464499,26.465661,26.465661,0.111264,-19.17958
205138,800.0,49.121,26.242431,26.243739,26.243739,-0.221922,-13.97121
205139,801.0,49.113,26.24211,26.242111,26.242111,-0.001628,-15.71139
205140,802.0,48.888,25.797332,25.798313,25.798313,-0.443798,-7.38118
205141,803.0,49.189,25.574943,25.576714,25.576714,-0.221599,-13.0772
205142,804.0,48.648,25.241694,25.247491,25.247491,-0.329223,-6.43409
205143,805.0,48.827,25.018858,25.019499,25.019499,-0.227992,-11.42257
205144,806.0,48.341,24.796469,24.801231,24.801231,-0.218268,-7.58224
205145,807.0,48.46,24.685274,24.685561,24.685561,-0.11567,-12.11267
205146,808.0,48.325,24.352151,24.352525,24.352525,-0.333036,-7.24568
205147,809.0,48.391,24.351804,24.351894,24.351894,-0.000631,-12.84622
205148,810.0,48.296,24.351689,24.351874,24.351874,-2.0e-05,-11.97559
205149,811.0,48.497,24.240494,24.241327,24.241327,-0.110547,-11.91798
205150,812.0,48.251,24.129416,24.13067,24.13067,-0.110657,-9.30151
205151,813.0,47.543,23.796187,23.806717,23.806717,-0.323953,-3.44803
205152,814.0,47.955,23.463208,23.466825,23.466825,-0.339892,-8.87327
205153,815.0,48.024,23.019305,23.019408,23.019408,-0.447417,-5.01053
205154,816.0,47.889,22.796934,22.797334,22.797334,-0.222074,-6.47099
205155,817.0,47.673,22.796934,22.797957,22.797957,0.000623,-8.85474
205156,818.0,47.739,22.704709,22.704805,22.704805,-0.093152,-9.0681
205157,819.0,47.807,22.486796,22.486899,22.486899,-0.217906,-7.20191
205158,820.0,48.101,21.541169,21.543175,21.543175,-0.943724,1.52
205159,821.0,48.97,20.978019,20.99601,20.99601,-0.547165,-5.78187
205200,822.0,50.067,20.629356,20.658503,20.658503,-0.337507,-9.08572
205201,823.0,51.472,20.711944,20.759543,20.759543,0.10104,-29.12941
205202,824.0,52.537,20.570506,20.598057,20.598057,-0.161486,-12.64805
205203,825.0,54.02,20.502071,20.555637,20.555637,-0.04242,-24.88348
205204,826.0,54.651,20.402611,20.412366,20.412366,-0.143271,-8.47074
205205,827.0,56.205,20.369076,20.428269,20.428269,0.015903,-28.34916
205206,828.0,57.703,20.468674,20.523416,20.523416,0.095147,-30.42474
205207,829.0,58.152,20.50202,20.506936,20.506936,-0.01648,-9.04117
205208,830.0,58.784,20.436302,20.446072,20.446072,-0.060864,-9.4559
205209,831.0,59.545,20.602797,20.616847,20.616847,0.170775,-19.89264
205210,832.0,60.279,20.930985,20.943851,20.943851,0.327004,-25.82359
205211,833.0,60.911,20.908668,20.918218,20.918218,-0.025633,-10.47913
205212,834.0,60.723,21.251867,21.252698,21.252698,0.33448,-10.71445
205213,835.0,62.145,21.429915,21.477042,21.477042,0.224344,-34.9882
205214,836.0,63.107,21.748619,21.769885,21.769885,0.292843,-29.65034
205215,837.0,64.137,22.346173,22.369898,22.369898,0.600013,-44.47808
205216,838.0,63.823,22.496968,22.499159,22.499159,0.129261,-9.48363
205217,839.0,64.076,22.307743,22.309178,22.309178,-0.189981,-8.31979
205218,840.0,64.28,21.967223,21.96817,21.96817,-0.341008,-5.74353
205219,841.0,64.288,22.027659,22.027661,22.027661,0.059491,-9.65758
205220,842.0,63.86,22.133764,22.137902,22.137902,0.110241,-8.06697
205221,843.0,63.432,22.133757,22.137895,22.137895,-7.0e-06,-6.70877
205222,844.0,63.138,22.027638,22.0296,22.0296,-0.108295,-5.95491
205223,845.0,62.8,21.815557,21.818176,21.818176,-0.211424,-4.1702
205224,846.0,64.393,21.558342,21.617117,21.617117,-0.201059,-21.07636
205225,847.0,66.214,21.195203,21.273286,21.273286,-0.343831,-19.48888
205226,848.0,65.973,21.301393,21.302756,21.302756,0.02947,-6.88932
205227,849.0,64.927,21.407633,21.433172,21.433172,0.130416,-3.88265
205228,850.0,64.499,21.385681,21.389963,21.389963,-0.043209,-5.12599
205229,851.0,64.177,21.598534,21.600934,21.600934,0.210971,-9.05107
205230,852.0,64.177,21.513911,21.513911,21.513911,-0.087023,-7.10843
205231,853.0,63.68,21.493468,21.499214,21.499214,-0.014697,-5.24064
205232,854.0,64.536,21.736138,21.752987,21.752987,0.253773,-26.09647
205233,855.0,63.897,21.951227,21.960526,21.960526,0.207539,-7.83528
205234,856.0,64.364,22.20448,22.209391,22.209391,0.248865,-19.27317
205235,857.0,63.513,22.453036,22.469157,22.469157,0.259766,-8.13695
205236,858.0,63.928,22.719781,22.723571,22.723571,0.254414,-19.14228
205237,859.0,63.868,22.430795,22.430875,22.430875,-0.292696,-5.49673
205238,860.0,63.212,22.291855,22.301505,22.301505,-0.12937,-4.09924
205239,861.0,63.387,22.317862,22.318548,22.318548,0.017043,-10.47774
205240,862.0,63.59,22.160294,22.161224,22.161224,-0.157324,-8.24745
205241,863.0,63.762,22.245179,22.245844,22.245844,0.08462,-11.19002
205242,864.0,63.838,22.127917,22.128048,22.128048,-0.117796,-7.99532
205243,865.0,64.348,22.016723,22.022629,22.022629,-0.105419,-10.36953
205244,866.0,63.138,22.016595,22.04982,22.04982,0.027191,-2.64524
205245,867.0,63.513,21.905529,21.908738,21.908738,-0.141082,-9.03953
205246,868.0,63.249,21.794206,21.795805,21.795805,-0.112933,-5.73933
205247,869.0,63.22,22.016723,22.016742,22.016742,0.220937,-11.41705
205248,870.0,63.469,22.016723,22.018131,22.018131,0.001389,-10.24694
205249,871.0,63.167,21.905914,21.907996,21.907996,-0.110135,-5.72015
205250,872.0,63.114,21.572337,21.572402,21.572402,-0.335594,-3.91469
205251,873.0,63.305,21.349426,21.35028,21.35028,-0.222122,-6.32481
205252,874.0,63.447,21.127169,21.127646,21.127646,-0.222634,-5.77118
205253,875.0,63.521,20.904781,20.904912,20.904912,-0.222734,-5.12308
205254,876.0,63.199,20.793586,20.79608,20.79608,-0.108832,-4.14632
205255,877.0,63.244,20.793992,20.794041,20.794041,-0.002039,-7.38274
205256,878.0,63.709,20.6828,20.688027,20.688027,-0.106014,-8.33692
205257,879.0,64.031,20.574478,20.576997,20.576997,-0.11103,-7.35813
205258,880.0,64.145,20.251363,20.251684,20.251684,-0.325313,-3.40274
205259,881.0,64.732,19.718033,19.726769,19.726769,-0.524915,-3.22279
205300,882.0,64.544,19.622094,19.622995,19.622995,-0.103774,-3.49235
205301,883.0,64.1,19.376374,19.38146,19.38146,-0.241535,-0.32736
205302,884.0,63.762,19.023792,19.026794,19.026794,-0.354666,0.66867
205303,885.0,62.507,18.684509,18.72661,18.72661,-0.300184,5.39777
205304,886.0,62.176,18.68135,18.684282,18.684282,-0.042328,-2.28527
205305,887.0,62.694,18.791943,18.799081,18.799081,0.114799,-11.84781
205306,888.0,62.776,18.903138,18.903315,18.903315,0.104234,-6.33015
205307,889.0,63.249,19.014332,19.020215,19.020215,0.1169,-11.26329
205308,890.0,63.582,19.459257,19.462106,19.462106,0.441891,-20.86538
205309,891.0,63.68,19.570451,19.570696,19.570696,0.10859,-7.30459
205310,892.0,63.537,19.792697,19.793214,19.793214,0.222518,-7.53334
205311,893.0,62.972,19.904033,19.912051,19.912051,0.118837,-4.2449
205312,894.0,63.439,19.793265,19.798773,19.798773,-0.113278,-7.17135
205313,895.0,62.988,19.681645,19.686811,19.686811,-0.111962,-2.0421
205314,896.0,63.236,19.348063,19.349652,19.349652,-0.337159,-3.04081
205315,897.0,62.565,19.246072,19.257765,19.257765,-0.091887,-0.55887
205316,898.0,62.589,18.851679,18.851694,18.851694,-0.406071,-0.59724
205317,899.0,62.914,18.99561,18.99839,18.99839,0.146696,-9.58974
205318,900.0,62.763,19.488703,19.489288,19.489288,0.490898,-33.1753
205319,901.0,62.988,19.809418,19.810696,19.810696,0.321408,-14.90554
205320,902.0,63.077,19.848526,19.848726,19.848726,0.03803,-6.83853
205321,903.0,62.996,20.068961,20.069125,20.069125,0.220399,-8.23082
205322,904.0,63.048,20.045885,20.045953,20.045953,-0.023172,-6.20754
205323,905.0,63.257,20.377534,20.378606,20.378606,0.332653,-15.71636
205324,906.0,63.558,20.779666,20.781846,20.781846,0.40324,-20.64458
205325,907.0,64.132,21.047751,21.055576,21.055576,0.27373,-20.93036
205326,908.0,63.191,21.275847,21.296647,21.296647,0.241071,-5.56664
205327,909.0,63.056,21.504085,21.504509,21.504509,0.207862,-9.88712
205328,910.0,63.257,21.409851,21.410795,21.410795,-0.093714,-7.98615
205329,911.0,63.635,21.141751,21.145129,21.145129,-0.265666,-6.57499
205330,912.0,63.439,20.833895,20.834817,20.834817,-0.310312,-2.54803
205331,913.0,62.853,20.29779,20.306247,20.306247,-0.52857,2.65445
205332,914.0,62.853,20.109281,20.109281,20.109281,-0.196966,-4.059
205333,915.0,62.919,19.841175,19.841285,19.841285,-0.267996,-3.32475
205334,916.0,62.784,19.533257,19.533724,19.533724,-0.307561,-1.46157
205335,917.0,62.657,19.627645,19.628056,19.628056,0.094332,-5.9947
205336,918.0,62.303,19.667254,19.67044,19.67044,0.042384,-4.2416
205337,919.0,62.808,19.627614,19.63411,19.63411,-0.03633,-8.02491
205338,920.0,62.731,19.722177,19.722328,19.722328,0.088218,-6.3224
205339,921.0,62.808,19.359561,19.359714,19.359714,-0.362614,-1.84339
205340,922.0,62.8,19.131088,19.13109,19.13109,-0.228624,-2.57739
205341,923.0,62.438,18.768733,18.772224,18.772224,-0.358866,1.09105
205342,924.0,62.446,18.594977,18.594979,18.594979,-0.177245,-2.63968
205343,925.0,61.799,18.446611,18.457954,18.457954,-0.137025,0.66469
205344,926.0,62.731,18.634656,18.657948,18.657948,0.199994,-22.31241
205345,927.0,62.858,18.784142,18.784571,18.784571,0.126623,-6.66476
205346,928.0,62.446,18.957438,18.961915,18.961915,0.177344,-4.47697
205347,929.0,61.777,19.320063,19.331642,19.331642,0.369727,-5.62051
205348,930.0,61.851,19.493437,19.493577,19.493577,0.161935,-7.65265
205349,931.0,62.063,19.588017,19.589164,19.589164,0.095587,-7.80875
205350,932.0,61.777,19.667038,19.669117,19.669117,0.079953,-5.02222
205351,933.0,62.137,19.627401,19.630702,19.630702,-0.038415,-7.20637
205352,934.0,62.137,19.493375,19.493375,19.493375,-0.137327,-4.00239
205353,935.0,62.581,19.66699,19.672002,19.672002,0.178627,-13.50719
205354,936.0,62.124,19.840842,19.846104,19.846104,0.174102,-5.35724
205355,937.0,62.515,20.297405,20.301171,20.301171,0.455067,-23.60907
205356,938.0,62.364,20.391892,20.392452,20.392452,0.091281,-6.84047
205357,939.0,62.124,20.525878,20.527281,20.527281,0.134829,-7.03571
205358,940.0,62.176,20.659864,20.65993,20.65993,0.132649,-8.79015
205359,941.0,62.176,20.754488,20.754488,20.754488,0.094558,-8.19951
205400,942.0,62.694,20.793834,20.800285,20.800285,0.045797,-10.7447
205401,943.0,62.657,20.888442,20.888475,20.888475,0.08819,-8.11079
205402,944.0,62.446,21.022415,21.023474,21.023474,0.134999,-7.89827
205403,945.0,62.898,21.061794,21.066643,21.066643,0.043169,-10.50317
205404,946.0,62.808,20.967342,20.967536,20.967536,-0.099107,-5.74719
205405,947.0,62.153,20.833304,20.843598,20.843598,-0.123938,-2.21417
205406,948.0,62.43,20.967307,20.969136,20.969136,0.125538,-10.37374
205407,949.0,62.205,21.10131,21.102509,21.102509,0.133373,-7.91662
205408,950.0,62.002,21.101292,21.102268,21.102268,-0.000241,-6.46739
205409,951.0,62.649,21.156282,21.166173,21.166173,0.063905,-14.08823
205410,952.0,62.708,21.127442,21.127524,21.127524,-0.038649,-7.4808
205411,953.0,62.768,21.188612,21.188697,21.188697,0.061173,-8.74598
205412,954.0,61.875,21.390674,21.409306,21.409306,0.220609,-5.75659
205413,955.0,62.552,21.575431,21.58605,21.58605,0.176744,-19.51294
205414,956.0,62.829,21.618184,21.619959,21.619959,0.033909,-10.21961
205415,957.0,63.86,21.731879,21.756321,21.756321,0.136362,-24.53295
205416,958.0,64.581,21.901828,21.913693,21.913693,0.157372,-19.84989
205417,959.0,65.522,22.08012,22.100162,22.100162,0.186469,-25.26837
205418,960.0,66.74,22.060228,22.093827,22.093827,-0.006335,-22.37793
205419,961.0,68.058,22.47242,22.511037,22.511037,0.41721,-42.32263
205420,962.0,70.029,22.229554,22.316763,22.316763,-0.194274,-28.49868
205421,963.0,70.489,22.077661,22.082453,22.082453,-0.23431,-8.5977
205422,964.0,71.166,21.818913,21.829414,21.829414,-0.253039,-9.2219
205423,965.0,71.67,21.849245,21.855057,21.855057,0.025643,-11.69995
205424,966.0,72.709,22.163908,22.188248,22.188248,0.333191,-33.25052
205425,967.0,73.845,22.263568,22.292532,22.292532,0.104284,-25.62166
205426,968.0,73.649,21.981587,21.982461,21.982461,-0.310071,-3.95849
205427,969.0,74.727,21.750915,21.777612,21.777612,-0.204849,-11.92864
205428,970.0,74.492,21.61405,21.615328,21.615328,-0.162284,-5.06077
205429,971.0,74.891,21.540653,21.544348,21.544348,-0.07098,-9.52238
205430,972.0,76.255,21.610578,21.653581,21.653581,0.109233,-29.45989
205431,973.0,76.315,21.613515,21.613598,21.613598,-0.039983,-8.14006
205432,974.0,75.946,21.575224,21.578379,21.578379,-0.035219,-5.80637
205433,975.0,75.2,21.343537,21.35657,21.35657,-0.221809,-1.22407
205434,976.0,74.276,21.035171,21.055455,21.055455,-0.301115,1.0551
205435,977.0,74.109,20.63355,20.634225,20.634225,-0.42123,-1.20127
205436,978.0,74.365,20.348484,20.350094,20.350094,-0.284131,-4.75583
205437,979.0,74.387,19.866458,19.86647,19.86647,-0.483624,-0.73062
205438,980.0,73.821,19.187366,19.195713,19.195713,-0.670757,5.12067
205439,981.0,73.084,18.017714,18.03278,18.03278,-1.162933,11.88758
205440,982.0,73.694,17.433754,17.444422,17.444422,-0.588358,-0.79908
205441,983.0,72.106,15.986161,16.06484,16.06484,-1.379582,19.15677
205442,984.0,71.203,18.335747,18.357969,18.357969,2.293129,-77.56833
205443,985.0,69.969,18.888234,18.9285,18.9285,0.570531,-4.08977
205444,986.0,70.637,19.04808,19.059789,19.059789,0.131289,-15.3879
205445,987.0,71.189,21.121977,21.129188,21.129188,2.069399,-91.58019
205446,988.0,72.497,15.505899,15.560969,15.560969,-5.568219,39.67305
205447,989.0,73.332,15.957994,15.979825,15.979825,0.418856,-24.84765
205449,991.0,74.04,39.386972,39.393335,19.696668,1.858421,-73.76894
205450,992.0,75.237,20.863275,20.897585,20.897585,1.200917,-68.42992
205451,993.0,74.923,19.406654,19.409194,19.409194,-1.488391,12.39764
205452,994.0,75.433,18.540649,18.547662,18.547662,-0.861532,1.72989
205453,995.0,75.066,16.847475,16.851471,16.851471,-1.696191,15.32423
205455,997.0,75.269,42.502892,42.503377,21.251688,2.200108,-89.06409
205456,998.0,75.502,20.266431,20.26777,20.26777,-0.983918,3.35551
205457,999.0,75.668,21.290492,21.291139,21.291139,1.023369,-43.57404
205458,1000.0,75.726,19.560057,19.560143,19.560143,-1.730996,12.94783
205459,1001.0,75.864,20.055502,20.055977,20.055977,0.495834,-20.14974
205500,1002.0,75.705,19.380886,19.381538,19.381538,-0.674439,2.78384
205501,1003.0,75.457,18.512694,18.514355,18.514355,-0.867183,5.94765
205502,1004.0,75.84,18.526756,18.530714,18.530714,0.016359,-6.61799
205503,1005.0,76.133,16.910998,16.913536,16.913536,-1.617178,10.97545
205504,1006.0,76.218,19.472408,19.472594,19.472594,2.559058,-93.44647
205505,1007.0,75.005,16.8012,16.844931,16.844931,-2.627663,28.67347
205506,1008.0,74.704,18.334342,18.336813,18.336813,1.491882,-60.99408
205507,1009.0,74.313,17.104936,17.109404,17.109404,-1.227409,10.9804
205508,1010.0,73.43,16.656086,16.679475,16.679475,-0.429929,6.3931
205509,1011.0,73.446,15.71078,15.710788,15.710788,-0.968687,6.85074
205510,1012.0,73.034,12.373789,12.380646,12.380646,-3.330142,26.01871
205512,1014.0,73.176,33.791239,33.791537,16.895769,2.257561,-70.03189
205513,1015.0,73.523,16.300329,16.304022,16.304022,-0.591747,1.41143
205514,1016.0,73.935,16.166698,16.171947,16.171947,-0.132075,-3.00194
205515,1017.0,73.612,16.30031,16.30351,16.30351,0.131563,-1.4928
205516,1018.0,73.145,16.203299,16.210027,16.210027,-0.093483,1.41619
205524,1026.0,73.763,228.920717,228.921551,28.615194,1.550646,-89.62728
205525,1027.0,74.424,21.351531,21.36176,21.36176,-7.253434,74.67142
205526,1028.0,72.986,21.462715,21.510834,21.510834,0.149074,-2.0824
205527,1029.0,72.965,20.126421,20.126432,20.126432,-1.384402,9.33224
205528,1030.0,72.497,21.143116,21.148295,21.148295,1.021863,-54.18194
205529,1031.0,71.255,21.050026,21.086635,21.086635,-0.06166,-0.05551
205530,1032.0,70.933,20.943439,20.945914,20.945914,-0.140721,-3.96914
205531,1033.0,69.842,20.371984,20.401177,20.401177,-0.544737,5.49774
205532,1034.0,68.066,20.695832,20.771895,20.771895,0.370718,-1.72211
205533,1035.0,67.688,20.695831,20.699283,20.699283,-0.072612,-4.13501
205534,1036.0,67.485,20.57229,20.573292,20.573292,-0.125991,-4.31698
205535,1037.0,67.102,20.349914,20.353518,20.353518,-0.219774,-1.99925
205536,1038.0,66.726,20.128514,20.132026,20.132026,-0.221492,-1.75906
205537,1039.0,66.283,19.570307,19.57532,19.57532,-0.556706,2.889
205538,1040.0,66.499,18.347775,18.349047,18.349047,-1.226273,7.18867
205539,1041.0,64.475,17.458247,17.57518,17.57518,-0.773867,15.30127
205540,1042.0,63.86,16.020661,16.032461,16.032461,-1.542719,15.30584
205541,1043.0,63.138,16.013648,16.029916,16.029916,-0.002545,2.15211
205542,1044.0,62.235,15.467719,15.494055,15.494055,-0.535861,8.20586
205543,1045.0,62.956,14.754067,14.771673,14.771673,-0.722382,1.24639
205544,1046.0,62.808,11.84642,11.847344,11.847344,-2.924329,20.99493
205545,1047.0,61.88,11.460908,11.498417,11.498417,-0.348927,8.15363
205546,1048.0,61.92,10.461172,10.461249,10.461249,-1.037168,6.52444
205547,1049.0,61.717,13.311716,13.313263,13.313263,2.852014,-73.55747
205548,1050.0,60.536,12.787799,12.842218,12.842218,-0.471045,10.37916
205549,1051.0,59.5,11.337848,11.385082,11.385082,-1.457136,15.72492
205550,1052.0,59.093,9.19679,9.205791,9.205791,-2.179291,13.92441
205551,1053.0,58.807,5.174603,5.182501,5.182501,-4.02329,13.26197
205552,1054.0,58.852,3.181597,3.181915,3.181915,-2.000586,3.21265
205553,1055.0,58.918,1.691047,1.692334,1.692334,-1.489581,0.83186
205554,1056.0,58.572,1.060532,1.115546,1.115546,-0.576788,1.98833
205555,1057.0,58.58,1.003384,1.003415,1.003415,-0.112131,-0.24873
205556,1058.0,58.438,1.420429,1.427509,1.427509,0.424094,0.20566
205557,1059.0,58.445,1.306411,1.30643,1.30643,-0.121079,-0.19283
205558,1060.0,58.807,0.871488,0.943682,0.943682,-0.362748,-6.09172
205559,1061.0,58.559,0.319735,0.404641,0.404641,-0.539041,-0.19549
205600,1062.0,58.498,0.149888,0.161826,0.161826,-0.242815,-0.31488
205601,1063.0,58.475,0.074944,0.078394,0.078394,-0.083432,-0.33994
205602,1064.0,58.572,0.134093,0.165499,0.165499,0.087105,-0.34447
205603,1065.0,58.95,0.134093,0.40108,0.40108,0.235581,-0.63716
205604,1066.0,58.784,0.18663,0.249774,0.249774,-0.151306,-0.30852
205605,1067.0,59.138,0.134093,0.378546,0.378546,0.128772,-0.34612
205606,1068.0,58.58,0.134093,0.573886,0.573886,0.19534,2.68061
205607,1069.0,58.792,0.074944,0.224857,0.224857,-0.349029,-0.28792
205608,1070.0,58.017,0.134093,0.786515,0.786515,0.561658,3.69918
205609,1071.0,58.62,0.0,0.603,0.0,-0.786515,-0.35
205610,1072.0,58.792,0.074944,0.187618,0.187618,0.187618,-0.46748
205611,1073.0,58.475,0.074944,0.325739,0.325739,0.138121,-0.34836
205612,1074.0,58.287,0.074944,0.202387,0.202387,-0.123352,-0.31954
205613,1075.0,58.295,0.0,0.008,0.0,-0.202387,-0.35
205614,1076.0,58.221,0.134093,0.153157,0.153157,0.153157,-0.43603
205615,1077.0,58.747,0.134093,0.542823,0.542823,0.389666,-10.24751
205616,1078.0,58.718,0.134093,0.137193,0.137193,-0.40563,-0.3078
205617,1079.0,58.543,0.134093,0.220468,0.220468,0.083275,-0.34216
205618,1080.0,58.43,0.134093,0.175357,0.175357,-0.045111,-0.33124
205619,1081.0,58.596,0.134093,0.213394,0.213394,0.038037,-0.33704
205620,1082.0,58.567,0.234678,0.236463,0.236463,0.023069,-0.33367
205621,1083.0,58.71,0.234678,0.274814,0.274814,0.038351,-0.33336
205622,1084.0,58.303,0.234678,0.469812,0.469812,0.194998,-0.65072
205623,1085.0,58.438,0.234678,0.270738,0.270738,-0.199074,-0.29784
205624,1086.0,58.649,0.896983,0.921466,0.921466,0.650728,-5.08903
205625,1087.0,58.498,0.55989,0.579895,0.579895,-0.341571,0.632
205626,1088.0,58.649,1.396681,1.40482,1.40482,0.824925,-4.89993
205627,1089.0,58.784,3.641905,3.644406,3.644406,2.239586,-17.0619
205628,1090.0,58.718,5.292646,5.293057,5.293057,1.648651,-17.00424
205629,1091.0,58.572,6.152504,6.154236,6.154236,0.861179,-9.41394
205630,1092.0,58.453,6.779521,6.780565,6.780565,0.626329,-8.15806
205631,1093.0,58.16,7.493729,7.499455,7.499455,0.71889,-7.36803
205632,1094.0,58.379,8.662689,8.665457,8.665457,1.166002,-20.50191
205633,1095.0,58.078,8.842065,8.847187,8.847187,0.18173,1.24312
205634,1096.0,58.53,9.718304,9.72881,9.72881,0.881623,-21.47106
205635,1097.0,58.282,11.193725,11.196472,11.196472,1.467662,-30.43619
205636,1098.0,58.041,12.159217,12.161605,12.161605,0.965133,-22.29209
205637,1099.0,57.663,13.153297,13.158727,13.158727,0.997122,-23.65601
205638,1100.0,57.904,13.431528,13.43369,13.43369,0.274963,-7.5392
205639,1101.0,56.424,13.197615,13.280341,13.280341,-0.153349,9.51047
205640,1102.0,56.799,12.594986,12.600568,12.600568,-0.679773,3.42553
205641,1103.0,56.95,12.290793,12.291721,12.291721,-0.308847,2.16473
205642,1104.0,56.176,11.39635,11.422604,11.422604,-0.869117,10.5934
205643,1105.0,55.515,10.048017,10.069735,10.069735,-1.352869,11.84059
205644,1106.0,55.576,8.544325,8.544542,8.544542,-1.525193,7.37666
205645,1107.0,55.312,7.119668,7.124561,7.124561,-1.419981,7.3667
205646,1108.0,55.507,5.625188,5.628567,5.628567,-1.495994,3.76283
205647,1109.0,55.507,4.273248,4.273248,4.273248,-1.355319,3.23617
205648,1110.0,55.394,3.072699,3.074776,3.074776,-1.198472,2.57417
205649,1111.0,55.304,2.023485,2.025485,2.025485,-1.049291,1.4912
205650,1112.0,55.238,1.502996,1.504445,1.504445,-0.52104,0.57024
205651,1113.0,54.643,1.648765,1.752841,1.752841,0.248396,2.80012
205652,1114.0,54.966,2.772923,2.791672,2.791672,1.038831,-10.91986
205653,1115.0,54.921,4.872621,4.872829,4.872829,2.081157,-19.901
205654,1116.0,54.921,6.673711,6.673711,6.673711,1.800882,-24.83994
205655,1117.0,54.709,7.869893,7.872748,7.872748,1.199037,-16.56795
205656,1118.0,54.273,8.019766,8.031609,8.031609,0.158861,2.06769
205657,1119.0,54.463,7.869893,7.872186,7.872186,-0.159423,0.04054
205658,1120.0,53.779,8.093939,8.122789,8.122789,0.250603,3.0093
205659,1121.0,53.652,8.69349,8.694418,8.694418,0.571629,-10.09245
205700,1122.0,53.396,9.518523,9.521964,9.521964,0.827546,-13.51629
205701,1123.0,53.689,10.344647,10.348795,10.348795,0.826831,-18.23493
205702,1124.0,53.658,10.792493,10.792537,10.792537,0.443742,-12.44347
205703,1125.0,52.683,10.492734,10.537935,10.537935,-0.254602,7.53142
205704,1126.0,51.885,9.968158,10.000048,10.000048,-0.537887,7.99174
205705,1127.0,51.39,9.893219,9.905594,9.905594,-0.094454,3.85271
205706,1128.0,51.787,10.119869,10.127654,10.127654,0.22206,-8.4465
205707,1129.0,51.501,10.567089,10.570959,10.570959,0.443305,-0.32551
205708,1130.0,51.248,11.017314,11.020218,11.020218,0.449259,-8.7831
205709,1131.0,51.248,11.092253,11.092253,11.092253,0.072035,0.35086
205711,1133.0,51.457,21.659927,21.660935,10.830468,-0.130892,0.97602
205712,1134.0,51.457,10.794212,10.794212,10.794212,-0.036256,0.97022
205713,1135.0,51.636,11.018998,11.020451,11.020451,0.226239,-4.48264
205714,1136.0,51.795,11.400153,11.401262,11.401262,0.380811,-7.38435
205715,1137.0,51.261,11.541897,11.554244,11.554244,0.152982,2.79559
205716,1138.0,51.877,11.84166,11.857671,11.857671,0.303427,-14.14468
205717,1139.0,51.758,12.068019,12.068606,12.068606,0.210935,0.22696
205718,1140.0,51.961,11.76672,11.768471,11.768471,-0.300135,1.75422
205719,1141.0,52.643,11.466958,11.487221,11.487221,-0.28125,-2.77376
205720,1142.0,53.095,11.541898,11.550745,11.550745,0.063524,-5.93663
205721,1143.0,53.074,11.167197,11.167217,11.167217,-0.383528,3.30426
205722,1144.0,53.938,10.867436,10.901728,10.901728,-0.265489,-7.03247
205723,1145.0,53.599,10.647262,10.652658,10.652658,-0.24907,4.05922
205724,1146.0,54.035,10.726204,10.735062,10.735062,0.082404,-6.32738
205725,1147.0,54.035,10.651324,10.651324,10.651324,-0.083738,1.22843
205726,1148.0,53.84,10.642614,10.644401,10.644401,-0.006923,1.83661
205727,1149.0,54.064,10.792494,10.794818,10.794818,0.150417,-3.79132
205728,1150.0,54.387,10.942374,10.94714,10.94714,0.152322,-5.61626
205729,1151.0,54.252,11.093926,11.094748,11.094748,0.147608,0.62141
205730,1152.0,54.493,11.111745,11.114358,11.114358,0.01961,-1.31879
205731,1153.0,54.762,10.888306,10.891628,10.891628,-0.22273,0.64779
205732,1154.0,55.304,10.627641,10.641453,10.641453,-0.250175,-1.68293
205733,1155.0,56.102,10.522396,10.552612,10.552612,-0.088841,-9.6481
205734,1156.0,56.53,10.6189,10.627521,10.627521,0.074909,-6.06633
205735,1157.0,56.694,10.937268,10.938497,10.938497,0.310976,-5.94673
205736,1158.0,57.198,11.689765,11.700625,11.700625,0.762128,-22.12113
205737,1159.0,58.881,12.145114,12.261169,12.261169,0.560544,-39.71643
205738,1160.0,60.084,12.334671,12.393197,12.393197,0.132028,-21.13559
205739,1161.0,60.401,12.375568,12.379627,12.379627,-0.01357,-1.50187
205740,1162.0,61.986,12.153692,12.256608,12.256608,-0.123019,-22.24265
205741,1163.0,61.859,11.546235,11.546934,11.546934,-0.709674,6.11583
205742,1164.0,62.708,11.168908,11.20113,11.20113,-0.345804,-4.78029
205743,1165.0,63.122,10.867486,10.875369,10.875369,-0.325761,0.4752
205744,1166.0,63.011,10.887377,10.887943,10.887943,0.012574,1.2953
205745,1167.0,63.484,10.513384,10.524019,10.524019,-0.363924,0.26321
205746,1168.0,64.222,9.593507,9.621851,9.621851,-0.902168,1.39415
205747,1169.0,64.528,7.944867,7.950758,7.950758,-1.671093,6.11105
205748,1170.0,65.101,4.397668,4.434841,4.434841,-3.515917,5.5768
205749,1171.0,65.432,4.647872,4.659643,4.659643,0.224802,-7.04115
205750,1172.0,66.32,4.696767,4.779976,4.779976,0.120333,-16.34014
205751,1173.0,66.642,6.061168,6.069716,6.069716,1.28974,-19.09945
205752,1174.0,67.44,7.564094,7.606071,7.606071,1.536355,-34.499
205753,1175.0,67.712,8.927598,8.931741,8.931741,1.32567,-24.6136
205754,1176.0,68.14,7.593574,7.605626,7.605626,-1.326115,3.62501
205755,1177.0,68.999,8.999328,9.040232,9.040232,1.434606,-37.45012
205756,1178.0,69.142,10.47593,10.476906,10.476906,1.436674,-27.57288
205757,1179.0,69.855,10.576489,10.600495,10.600495,0.123589,-12.27097
205758,1180.0,69.789,10.647305,10.647509,10.647509,0.047014,0.81292
205759,1181.0,71.631,10.497491,10.657875,10.657875,0.010366,-30.71582
205800,1182.0,71.882,10.269766,10.272833,10.272833,-0.385042,1.51
205801,1183.0,72.888,9.892637,9.943656,9.943656,-0.329177,-9.3767
205802,1184.0,72.355,9.968201,9.982441,9.982441,0.038785,3.33391
205803,1185.0,73.332,9.968202,10.015966,10.015966,0.033525,-15.56242
205804,1186.0,73.332,9.820212,9.820212,9.820212,-0.195754,1.68795
205805,1187.0,73.071,9.443627,9.447233,9.447233,-0.372979,3.95516
205806,1188.0,74.13,9.149278,9.210362,9.210362,-0.236871,-12.71037
205807,1189.0,74.981,8.993306,9.03348,9.03348,-0.176882,-10.06026
205808,1190.0,75.998,9.299069,9.354516,9.354516,0.321036,-21.5761
205809,1191.0,77.084,9.968202,10.027185,10.027185,0.672669,-29.54539
205810,1192.0,78.295,9.968202,10.041492,10.041492,0.014307,-19.48549
205811,1193.0,79.613,9.442972,9.534508,9.534508,-0.506984,-12.36336
205812,1194.0,80.157,8.844117,8.860832,8.860832,-0.673676,0.84811
205813,1195.0,80.797,8.169677,8.194707,8.194707,-0.666125,-0.03981
205814,1196.0,80.963,7.236628,7.238531,7.238531,-0.956176,3.25357
205815,1197.0,81.542,5.824258,5.852967,5.852967,-1.385564,1.51595
205816,1198.0,82.1,6.9851,7.007352,7.007352,1.154385,-23.58962
205817,1199.0,82.07,9.787736,9.787782,9.787782,2.78043,-53.94087
205818,1200.0,81.859,12.139001,12.140834,12.140834,2.353052,-54.29407
205819,1201.0,82.673,13.249376,13.274358,13.274358,1.133524,-39.25537
205820,1202.0,83.336,15.907231,15.921042,15.921042,2.646684,-87.96762
205821,1203.0,82.974,17.774909,17.778595,17.778595,1.857553,-69.25241
205822,1204.0,83.201,15.014308,15.016024,15.016024,-2.762571,20.89357
205823,1205.0,83.915,14.363711,14.381446,14.381446,-0.634578,0.7204
205824,1206.0,83.703,14.061783,14.063381,14.063381,-0.318065,3.41691
205825,1207.0,84.171,14.039396,14.047194,14.047194,-0.016187,-4.53044
205826,1208.0,84.924,14.462333,14.481923,14.481923,0.434729,-22.08557
205827,1209.0,83.772,14.460197,14.506012,14.506012,0.024089,5.54064
205828,1210.0,84.85,14.56962,14.609446,14.609446,0.103434,-19.13857
205829,1211.0,84.993,14.901816,14.902503,14.902503,0.293057,-7.41779
205830,1212.0,85.429,14.900874,14.907251,14.907251,0.004748,-4.7594
205831,1213.0,85.091,14.789115,14.792977,14.792977,-0.114274,2.01203
205832,1214.0,85.693,14.566728,14.579162,14.579162,-0.213815,-2.16044
205833,1215.0,85.424,14.233148,14.23569,14.23569,-0.343472,3.83584
205834,1216.0,85.989,13.788986,13.800556,13.800556,-0.435134,0.21121
205835,1217.0,85.807,13.565781,13.567002,13.567002,-0.233554,2.86784
205836,1218.0,85.709,13.011749,13.012118,13.012118,-0.554884,5.01604
205837,1219.0,86.259,11.805948,11.818752,11.818752,-1.193366,5.74936
205838,1220.0,85.468,9.175128,9.209161,9.209161,-2.609591,18.22967
205839,1221.0,86.026,11.282317,11.296108,11.296108,2.086947,-50.73433
205840,1222.0,85.521,9.169894,9.183789,9.183789,-2.112319,14.08724
205841,1223.0,86.449,9.581542,9.626377,9.626377,0.442588,-22.17791
205842,1224.0,87.096,9.898902,9.920024,9.920024,0.293647,-14.37177
205843,1225.0,86.816,10.452323,10.456073,10.456073,0.536049,-9.23887
205844,1226.0,87.02,10.070493,10.072559,10.072559,-0.383514,1.68758
205845,1227.0,87.308,9.196504,9.201012,9.201012,-0.871547,3.42829
205846,1228.0,87.096,6.438372,6.441861,6.441861,-2.759151,11.27126
205847,1229.0,87.178,4.740272,4.740981,4.740981,-1.70088,4.0961
205848,1230.0,86.673,7.945398,7.96143,7.96143,3.220449,-41.52471
205849,1231.0,84.639,7.758914,8.021091,8.021091,0.059661,11.23288
205850,1232.0,84.419,9.957772,9.960201,9.960201,1.93911,-35.75451
205851,1233.0,82.018,9.78393,10.074229,10.074229,0.114028,13.11914
205852,1234.0,81.376,8.241121,8.266089,8.266089,-1.80814,12.24592
205853,1235.0,80.419,9.119336,9.169413,9.169413,0.903324,1.14934
205854,1236.0,80.247,8.02206,8.023904,8.023904,-1.145509,6.44993
205855,1237.0,79.47,8.514508,8.549887,8.549887,0.525983,2.19739
205856,1238.0,78.575,8.173218,8.222075,8.222075,-0.327812,6.80487
205857,1239.0,77.782,8.209188,8.247401,8.247401,0.025326,4.63505
205858,1240.0,77.626,6.176976,6.178946,6.178946,-2.068455,8.16022
205859,1241.0,78.07,6.541954,6.557003,6.557003,0.378057,-11.16449
205900,1242.0,77.708,7.454372,7.463156,7.463156,0.906153,-8.65308
205901,1243.0,78.062,8.056395,8.064169,8.064169,0.601013,-13.3857
205902,1244.0,78.009,7.216805,7.217,7.217,-0.847169,3.99749
205903,1245.0,78.408,6.534108,6.546279,6.546279,-0.670721,0.49979
205904,1246.0,78.131,5.059592,5.067169,5.067169,-1.47911,5.77001
205905,1247.0,78.445,3.816857,3.829751,3.829751,-1.237418,0.89627
205906,1248.0,78.387,2.06228,2.063095,2.063095,-1.766656,2.16517
205907,1249.0,78.339,0.933196,0.934429,0.934429,-1.128666,0.57553
205908,1250.0,78.258,0.599598,0.605044,0.605044,-0.329385,0.25263
205909,1251.0,78.575,0.536302,0.622984,0.622984,0.01794,-6.01582
205910,1252.0,77.83,0.463242,0.877279,0.877279,0.254295,3.66456
205911,1253.0,77.927,0.463242,0.473288,0.473288,-0.403991,-0.20483
205912,1254.0,78.258,0.250842,0.41531,0.41531,-0.057978,-0.30258
205913,1255.0,77.777,0.250842,0.542478,0.542478,0.127168,2.2817
205914,1256.0,78.033,0.365717,0.446413,0.446413,-0.096065,-0.28957
205915,1257.0,78.831,1.453285,1.657963,1.657963,1.21155,-18.29032
205916,1258.0,78.144,2.124635,2.232945,2.232945,0.574982,2.87048
205917,1259.0,78.144,2.033478,2.033478,2.033478,-0.199467,0.04366
205918,1260.0,78.567,1.367604,1.431527,1.431527,-0.601951,-6.10402
205919,1261.0,78.469,0.671366,0.678481,0.678481,-0.753046,0.52487
205920,1262.0,78.686,0.448507,0.498244,0.498244,-0.180237,-0.25921
205921,1263.0,78.966,0.111195,0.301271,0.301271,-0.196973,-0.29231
205922,1264.0,78.424,0.341901,0.640828,0.640828,0.339557,2.54006
205923,1265.0,78.709,0.581606,0.647681,0.647681,0.006853,-5.40925
205924,1266.0,78.628,1.151656,1.154501,1.154501,0.50682,-0.13863
205925,1267.0,78.921,0.731433,0.787937,0.787937,-0.366564,-4.96878
205926,1268.0,78.635,0.671366,0.729746,0.729746,-0.058191,1.29464
205927,1269.0,78.289,0.373279,0.508973,0.508973,-0.220773,1.64294
205928,1270.0,78.392,0.2998,0.317,0.317,-0.191973,-0.29018
205929,1271.0,78.131,0.319756,0.412753,0.412753,0.095753,-0.33818
205930,1272.0,78.596,0.555975,0.724798,0.724798,0.312045,-9.10543
205931,1273.0,78.884,0.897014,0.942114,0.942114,0.217316,-5.75756
205932,1274.0,78.778,0.820383,0.827202,0.827202,-0.114912,0.34935
205933,1275.0,78.762,0.824449,0.824604,0.824604,-0.002598,-0.19385
205934,1276.0,78.07,1.319345,1.489811,1.489811,0.665207,2.99854
205935,1277.0,78.001,1.336442,1.338222,1.338222,-0.151589,0.24952
205936,1278.0,78.001,1.044696,1.044696,1.044696,-0.293526,-0.09363
205937,1279.0,78.363,1.011919,1.07472,1.07472,0.030024,-6.75604
205938,1280.0,78.538,1.25935,1.271451,1.271451,0.196731,-3.67772
205939,1281.0,78.53,1.225438,1.225464,1.225464,-0.045987,-0.17431
205940,1282.0,78.062,1.462867,1.535905,1.535905,0.310441,2.06575
205941,1283.0,79.312,1.513869,1.963237,1.963237,0.427332,-24.31023
205942,1284.0,78.966,1.620381,1.65691,1.65691,-0.306327,1.9576
