180312,0,10.287,0.0,0.0,0,0,-0.35
180316,4.0,7.19,29.259649,29.423095,7.355774,1.838943,-13.64909
180318,6.0,6.556,13.662177,13.676879,6.83844,-0.258667,2.96716
180320,8.0,5.253,10.82956,10.907666,5.453833,-0.692304,5.75646
180329,17.0,3.789,11.057959,11.15445,1.239383,-0.468272,0.9571
180353,41.0,3.131,3.309557,3.374335,0.140597,-0.045783,-0.33497
180358,46.0,2.6,42.676143,42.679446,8.535889,1.679058,-27.81111
180405,53.0,-0.502,85.173253,85.229721,12.175674,0.519969,-0.15942
180410,58.0,-4.143,72.5534,72.644702,14.52894,0.470653,-0.39461
180419,67.0,-3.081,149.448194,149.451967,16.605774,0.230759,-6.51742
180424,72.0,-0.38,84.304111,84.347369,16.869474,0.05274,-8.86326
180430,78.0,1.86,95.096947,95.123325,15.853887,-0.169265,-2.18961
180441,89.0,-1.004,159.682081,159.707763,14.518888,-0.121364,1.83493
180444,92.0,-3.546,46.89515,46.963996,15.654665,0.378592,-0.15146
180447,95.0,-5.322,47.793589,47.826575,15.942192,0.095842,0.64638
180451,99.0,-9.269,64.976807,65.096576,16.274144,0.082988,2.59029
180453,101.0,-10.337,32.545572,32.563091,16.281546,0.003701,0.83762
180504,112.0,-13.412,181.190666,181.216757,16.474251,0.017519,-0.85093
180517,125.0,-14.369,224.003835,224.005879,17.231221,0.058228,-3.10415
180524,132.0,-13.745,111.802039,111.803781,15.971969,-0.179893,-0.64314
180532,140.0,-12.498,113.986022,113.992842,14.249105,-0.215358,0.4967
180538,146.0,-11.827,45.978009,45.982905,7.663818,-1.097548,4.40719
180547,155.0,-10.543,69.537759,69.549613,7.727735,0.007102,-0.66614
180556,164.0,-8.762,128.354801,128.367157,14.263017,0.726142,-19.3114
180609,177.0,-8.561,214.168745,214.16884,16.474526,0.170116,-3.84801
180626,194.0,-6.59,300.426903,300.433368,17.672551,0.070472,-4.72455
180637,205.0,-4.894,181.092272,181.100214,16.463656,-0.1099,-2.03684
180652,220.0,-2.632,205.340949,205.353408,13.690227,-0.184895,0.61683
180700,228.0,-2.574,94.644078,94.644095,11.830512,-0.232464,2.39197
180706,234.0,-1.966,23.708712,23.716507,3.952751,-1.31296,2.30789
182309,1197.0,-4.133,236.573077,236.583002,0.245673,-0.00385,-0.32944
182320,1208.0,-2.88,44.247083,44.264821,4.024075,0.343491,-3.86383
182330,1218.0,-2.563,63.536135,63.536926,6.353693,0.232962,-1.79199
182340,1228.0,-3.826,46.754031,46.771087,4.677109,-0.167658,1.17039
182344,1232.0,-4.798,13.706455,13.740877,3.435219,-0.310472,1.84897
182345,1233.0,-4.888,3.638308,3.639421,3.639421,0.204202,0.03267
182349,1237.0,-4.244,18.889533,18.900507,4.725127,0.271426,-4.32235
182356,1244.0,-4.333,76.916395,76.916447,10.988064,0.894705,-22.2278
182402,1250.0,-3.023,57.576248,57.591148,9.598525,-0.23159,0.63402
182415,1263.0,-3.377,152.142712,152.143124,11.703317,0.161907,-0.01394
182422,1270.0,-3.245,58.534615,58.534764,8.362109,-0.477315,2.54423
182432,1280.0,-3.572,72.552057,72.552794,7.255279,-0.110683,0.9318
182443,1291.0,-5.454,145.109553,145.121757,13.192887,0.539783,-16.24468
182450,1298.0,-6.748,67.536979,67.549375,9.649911,-0.506139,4.3068
182458,1306.0,-6.933,1.172201,1.18671,0.148339,-1.187697,-0.24029
182543,1351.0,-7.224,23.281229,23.283047,0.517401,0.008201,-0.27499
182552,1360.0,-8.699,85.00689,85.019686,9.446632,0.992137,-17.90153
182559,1367.0,-7.853,33.582033,33.592687,4.798955,-0.663954,1.16933
182603,1371.0,-8.318,51.756564,51.758653,12.939663,2.035177,-52.68472
182607,1375.0,-8.852,59.84682,59.849202,14.9623,0.505659,-20.45857
182612,1380.0,-8.455,61.796914,61.79819,12.359638,-0.520532,3.97509
182627,1395.0,-5.607,198.565323,198.585746,13.23905,0.058627,-1.13452
182633,1401.0,-4.666,77.614203,77.619908,12.936651,-0.0504,0.02176
182644,1412.0,-1.924,149.201756,149.22695,13.566086,0.057221,-2.22815
182648,1416.0,-0.65,54.762564,54.777381,13.694345,0.032065,-2.89616
182653,1421.0,1.44,63.457074,63.491482,12.698296,-0.19921,-0.21786
182658,1426.0,4.587,58.061207,58.14643,11.629286,-0.213802,-3.09672
182702,1430.0,6.696,42.700495,42.752546,10.688136,-0.235287,-1.64471
182711,1439.0,10.213,78.906106,78.984447,8.77605,-0.212454,-1.2105
182715,1443.0,10.487,23.916418,23.917988,5.979497,-0.699138,2.11923
182721,1449.0,10.81,14.455664,14.459272,2.409879,-0.594936,0.35072
182731,1459.0,7.908,112.904357,112.941646,11.294165,0.888429,-17.68663
182734,1462.0,6.593,36.923021,36.94643,12.315477,0.340437,0.92479
182741,1469.0,3.586,90.698512,90.748345,12.964049,0.092653,2.16549
182743,1471.0,2.286,25.913534,25.946122,12.973061,0.004506,3.99137
182751,1479.0,-1.099,100.166159,100.223339,12.527917,-0.055643,3.43527
182753,1481.0,-1.802,24.544643,24.554709,12.277354,-0.125281,3.64876
182756,1484.0,-3.282,36.233886,36.2641,12.088033,-0.063107,4.0894
182801,1489.0,-5.047,60.836481,60.862079,12.172416,0.016877,2.74644
182804,1492.0,-6.172,36.194267,36.211747,12.070582,-0.033945,3.25965
182818,1506.0,-9.195,170.064526,170.091392,12.149385,0.005629,2.08951
182828,1516.0,-12.176,98.77543,98.820403,9.88204,-0.226734,3.48839
182832,1520.0,-12.503,2.998955,3.01673,0.754183,-2.281964,1.10946
182840,1528.0,-12.562,45.937788,45.937826,5.742228,0.623506,-8.56967
182842,1530.0,-11.484,20.144611,20.173434,10.086717,2.172245,-47.62878
182847,1535.0,-7.763,54.364115,54.491309,10.898262,0.162309,-13.48375
182851,1539.0,-4.418,47.201532,47.319907,11.829977,0.232929,-16.53311
182855,1543.0,-1.2,45.028401,45.143243,11.285811,-0.136042,-8.24095
182900,1548.0,3.039,51.664684,51.838293,10.367659,-0.18363,-8.78993
182904,1552.0,6.487,47.384165,47.509449,11.877362,0.377426,-20.19687
182906,1554.0,8.043,25.76706,25.813998,12.906999,0.514818,-22.67686
182911,1559.0,11.634,57.502741,57.614759,11.522952,-0.276809,-3.4646
182914,1562.0,12.979,36.532192,36.556943,12.185648,0.220899,-9.1695
182919,1567.0,14.612,51.902907,51.92859,10.385718,-0.359986,0.99091
182921,1569.0,14.895,28.019217,28.020646,14.010323,1.812303,-46.21617
182927,1575.0,17.268,66.354219,66.396638,11.066106,-0.490703,1.65048
182935,1583.0,18.451,71.608126,71.617897,8.952237,-0.264234,1.01342
182941,1589.0,19.73,36.523314,36.545701,6.09095,-0.476881,0.63721
182956,1604.0,20.578,107.093523,107.09688,7.139792,0.069923,-0.28754
183008,1616.0,21.812,46.980562,46.996766,3.916397,-0.268616,0.00385
183009,1617.0,22.277,4.964486,4.986216,4.986216,1.069819,-17.34026
183019,1627.0,25.409,46.845419,46.950003,4.695,-0.029122,-4.46952
183029,1637.0,26.413,30.043557,30.060329,3.006033,-0.168897,-0.39885
183043,1651.0,25.049,105.413619,105.422443,7.530175,0.323153,-5.41878
183055,1663.0,23.2,97.784976,97.802455,8.150205,0.051669,1.01419
183057,1665.0,22.074,8.552112,8.62592,4.31296,-1.918623,7.66074
183109,1677.0,22.082,2.607148,2.607161,0.217263,-0.341308,-0.2912
183204,1732.0,21.775,17.620625,17.623299,0.320424,0.001876,-0.3242
183210,1738.0,21.596,38.98718,38.987591,6.497932,1.029585,-14.20823
183220,1748.0,21.926,92.456543,92.457132,9.245713,0.274778,-2.68173
183233,1761.0,24.111,124.767996,124.787127,9.59901,0.027177,-0.75148
183245,1773.0,25.335,109.550062,109.5569,9.129742,-0.039106,0.172
183249,1777.0,25.221,26.664257,26.664501,6.666125,-0.615904,2.67547
183258,1786.0,26.405,71.897574,71.907323,7.989703,0.147064,-2.44987
183310,1798.0,27.078,121.536424,121.538288,10.128191,0.178207,-1.34454
183323,1811.0,25.012,126.111273,126.128195,9.702169,-0.032771,1.6421
183331,1819.0,24.735,71.386486,71.387024,8.923378,-0.097349,1.17238
183340,1828.0,25.85,151.204214,151.208325,16.800925,0.875283,-26.9674
183346,1834.0,21.738,128.962916,129.028455,21.504742,0.78397,-42.29425
183348,1836.0,21.08,46.829104,46.833726,23.416863,0.95606,-64.85369
183350,1838.0,17.949,47.851915,47.954237,23.977119,0.280128,-7.06383
183352,1840.0,17.297,47.266471,47.270967,23.635484,-0.170818,-7.29419
183359,1847.0,15.524,169.664541,169.673805,24.239115,0.086233,-12.05936
183409,1857.0,18.459,243.948939,243.966594,24.396659,0.015754,-14.34682
183416,1864.0,21.971,155.812451,155.852026,22.264575,-0.304583,-8.17662
183421,1869.0,25.612,112.188208,112.247276,22.449455,0.036976,-15.29653
183429,1877.0,29.642,182.154079,182.198653,22.774832,0.040672,-13.22153
183430,1878.0,29.462,23.018448,23.019152,23.019152,0.24432,-12.48064
183433,1881.0,30.91,68.941506,68.956711,22.98557,-0.011194,-12.77266
183435,1883.0,32.783,45.258569,45.297309,22.648654,-0.168458,-12.75682
183444,1892.0,32.205,169.66293,169.663915,18.851546,-0.421901,0.04137
183452,1900.0,28.495,126.58932,126.643673,15.830459,-0.377636,4.20407
183457,1905.0,24.383,80.505441,80.610387,16.122077,0.058324,2.06021
183504,1912.0,21.559,99.446937,99.487026,14.212432,-0.272806,4.00925
183509,1917.0,20.795,50.002743,50.008579,10.001716,-0.842143,6.13936
183517,1925.0,18.301,77.111758,77.152079,9.64401,-0.044713,2.52803
183523,1931.0,16.385,53.89698,53.931025,8.988504,-0.109251,2.79086
183531,1939.0,16.25,11.839057,11.839826,1.479978,-0.938566,0.63258
183611,1979.0,16.189,5.218877,5.219233,0.130481,-0.033737,-0.33692
183626,1994.0,16.647,2.830613,2.867427,0.191162,0.004045,-0.33484
183629,1997.0,16.536,8.392021,8.392755,2.797585,0.868808,-4.98036
183634,2002.0,18.084,31.99926,32.036682,6.407336,0.72195,-12.70941
183637,2005.0,21.641,34.329916,34.513698,11.504566,1.699077,-54.36067
183640,2008.0,26.098,35.252985,35.533615,11.844538,0.113324,-25.76189
183643,2011.0,30.091,36.989248,37.204146,12.401382,0.185615,-24.60517
183646,2014.0,33.922,37.086789,37.284132,12.428044,0.008887,-19.5421
183651,2019.0,38.152,58.346709,58.499841,11.699968,-0.145615,-8.47893
183653,2021.0,41.812,19.638814,19.976952,9.988476,-0.855746,-14.53817
183655,2023.0,45.184,21.090986,21.35884,10.67942,0.345472,-34.37738
183656,2024.0,46.624,10.495708,10.594031,10.594031,-0.085389,-21.36764
183659,2027.0,48.508,22.028044,22.108464,7.369488,-1.074848,1.29662
183700,2028.0,48.944,7.1629,7.176157,7.176157,-0.193331,-3.54677
183705,2033.0,52.841,32.148634,32.383966,6.476793,-0.139873,-10.96697
183708,2036.0,53.689,7.873155,7.918691,2.639564,-1.279076,0.20267
183729,2057.0,54.358,2.952595,3.027438,0.144164,-0.118829,-0.32875
183748,2076.0,54.773,1.927105,1.971283,0.103752,-0.002127,-0.34142
183755,2083.0,57.019,27.417841,27.509681,3.929954,0.5466,-9.09987
183759,2087.0,59.146,40.738933,40.794422,10.198605,1.567163,-36.41017
183805,2093.0,62.113,64.115916,64.18453,10.697422,0.083136,-7.38651
183809,2097.0,64.89,44.511636,44.598178,11.149544,0.11303,-11.50751
183811,2099.0,66.341,20.944081,20.994283,10.497141,-0.326201,-3.66849
183816,2104.0,69.628,59.310901,59.401914,11.880383,0.276648,-14.23695
183819,2107.0,72.735,35.148933,35.285988,11.761996,-0.039462,-14.22445
183823,2111.0,76.506,42.899936,43.065356,10.766339,-0.248914,-8.89707
183825,2113.0,77.629,20.654536,20.685043,10.342522,-0.211909,-3.04057
183836,2124.0,79.042,106.280357,106.289749,9.662704,-0.061802,0.22862
183848,2136.0,78.427,129.167279,129.168743,10.764062,0.09178,0.47742
183853,2141.0,80.369,50.217929,50.255465,10.051093,-0.142594,-1.42418
183859,2147.0,83.946,52.24557,52.367877,8.727979,-0.220519,-4.87407
183900,2148.0,84.15,7.723098,7.725792,7.725792,-1.002187,3.54179
183904,2152.0,85.574,25.719784,25.759174,6.439794,-0.321499,-1.07621
