020711,0,288.3408,0.0,0.0,0,0,-0.35,-2.349,-8.1,290.0
020713,2.0,288.3408,14.182309,14.182309,7.091155,3.545578,-52.32092,6.1845,21.0,294.5
020715,4.0,288.036,11.317431,11.321535,5.660767,-0.715194,3.43621,1.66839,5.7,292.7
020717,6.0,286.8168,8.286638,8.375847,4.187924,-0.736422,5.35279,-8.0769,-28.5,283.4
020719,8.0,286.2072,8.665098,8.686515,4.343257,0.077666,1.602,-13.5278,-47.3,286.0
020721,10.0,282.5496,13.176651,13.674874,6.837437,1.24709,5.84218,-2.44104,-8.4,290.6
020723,12.0,280.1112,13.27593,13.498004,6.749002,-0.044217,7.50306,2.49486,8.6,290.1
020725,14.0,284.6832,7.467339,8.755817,4.377909,-1.185547,-33.04559,-5.12512,-18.2,281.6
020727,16.0,290.1696,5.966513,8.105545,4.052773,-0.162568,-50.95587,-26.34711,-96.9,271.9
020729,18.0,292.3032,10.842223,11.05016,5.52508,0.736153,-27.31198,-26.76003,-97.7,273.9
020731,20.0,294.4368,15.624879,15.769879,7.88494,1.17993,-36.72364,-23.97571,-86.9,275.9
020733,22.0,298.704,17.575247,18.085859,9.04293,0.578995,-48.83159,-18.79632,-68.4,274.8
020735,24.0,302.9712,18.485116,18.971255,9.485628,0.221349,-42.42536,-20.41292,-74.8,272.9
020737,26.0,302.0568,19.658438,19.679693,9.839847,0.177109,2.3243,-22.6976,-82.0,276.8
020739,28.0,302.9712,20.698484,20.718671,10.359336,0.259745,-10.67381,-11.10831,-39.1,284.1
020741,30.0,302.0568,19.758012,19.77916,9.88958,-0.234878,4.71997,-1.7196,-6.0,286.6
020743,32.0,301.752,17.18827,17.190972,8.595486,-0.647047,4.68001,-1.66286,-5.8,286.7
020745,34.0,303.5808,15.071413,15.181963,7.590981,-0.502253,-7.99963,-0.14415,-0.5,288.3
020747,36.0,304.1904,12.85669,12.871134,6.435567,-0.577707,0.69331,-0.46112,-1.6,288.2
020749,38.0,302.9712,10.68493,10.754263,5.377132,-0.529218,5.33384,-0.0,-0.0,288.5
020751,40.0,301.752,8.123779,8.214757,4.107379,-0.634876,5.06503,-0.17304,-0.6,288.4
020753,42.0,301.1424,3.8413,3.88937,1.944685,-1.081347,2.81135,-2.35094,-8.2,286.7
020755,44.0,300.228,2.217115,2.398276,1.199138,-0.372774,2.65118,-8.8322,-31.6,279.5
020757,46.0,299.6184,6.361273,6.390415,3.195207,0.998034,-0.18332,-17.63574,-64.2,274.7
020759,48.0,299.6184,11.373303,11.373303,5.686651,1.245722,-16.12743,-22.89195,-83.7,273.5
020801,50.0,299.3136,15.435206,15.438216,7.719108,1.016229,-15.47482,-15.51796,-55.6,279.1
020803,52.0,299.9232,17.948641,17.95899,8.979495,0.630194,-14.27406,-10.8878,-38.5,282.8
020805,54.0,299.9232,18.512332,18.512332,9.256166,0.138336,-0.12482,3.30395,11.5,287.3
020807,56.0,299.6184,15.720616,15.723571,7.861785,-0.697191,4.536,-0.94578,-3.3,286.6
020809,58.0,300.5328,13.996114,14.025952,7.012976,-0.424404,-1.03238,0.49249,1.7,289.7
020811,60.0,300.5328,11.388605,11.388605,5.694302,-0.659337,2.38884,3.9204,13.5,290.4
020813,62.0,300.228,7.361377,7.367685,3.683842,-1.00523,3.033,-0.20181,-0.7,288.3
020815,64.0,300.5328,1.923708,1.947706,0.973853,-1.354994,-0.41284,-2.0097,-7.0,287.1
020817,66.0,301.4472,0.475231,1.03052,0.51526,-0.229297,-8.82263,-3.23988,-11.4,284.2
020819,68.0,302.3616,2.900233,3.040966,1.520483,0.502612,-10.27022,-12.08493,-42.9,281.7
020821,70.0,302.0568,7.235806,7.242223,3.621111,1.050314,-5.99532,-14.27065,-51.5,277.1
020823,72.0,302.0568,10.662859,10.662859,5.33143,0.85516,-11.01484,-17.5175,-63.7,275.0
020825,74.0,301.4472,14.024816,14.038058,7.019029,0.843799,-8.43931,6.10698,20.9,292.2
020827,76.0,299.3136,12.810993,12.987447,6.493724,-0.262653,7.42172,3.97711,13.7,290.3
020829,78.0,298.0944,8.062362,8.154025,4.077012,-1.208356,6.42415,0.77409,2.7,286.7
020831,80.0,297.4848,5.486208,5.519972,2.759986,-0.658513,2.71724,-9.22166,-33.1,278.6
020833,82.0,296.8752,7.701863,7.725951,3.862975,0.551494,0.50177,-13.6097,-49.4,275.5
020835,84.0,296.5704,11.885824,11.889732,5.944866,1.040945,-11.50175,-4.53627,-15.9,285.3
020837,86.0,296.2656,14.295256,14.298505,7.149253,0.602194,-8.25043,3.4392,12.0,286.6
020839,88.0,296.5704,14.142031,14.145316,7.072658,-0.038298,-0.44627,-1.4898,-5.2,286.5
020841,90.0,296.2656,14.527008,14.530205,7.265103,0.096223,0.83127,-1.74765,-6.1,286.5
020843,92.0,296.2656,15.158638,15.158638,7.579319,0.157108,-0.29697,-1.77692,-6.2,286.6
020845,94.0,291.3888,16.813011,17.506014,8.753007,0.586844,11.59041,-1.78312,-6.2,287.6
020847,96.0,286.8168,17.455948,18.044759,9.022379,0.134686,13.05335,0.63404,2.2,288.2
020849,98.0,282.5496,17.133009,17.656415,8.828207,-0.097086,13.36533,3.03472,10.4,291.8
020851,100.0,280.416,14.909162,15.061054,7.530527,-0.64884,9.41404,4.9179,16.9,291.0
020853,102.0,279.1968,13.265608,13.321517,6.660758,-0.434884,5.50621,3.28265,11.3,290.5
020855,104.0,277.9776,12.080439,12.141806,6.070903,-0.294928,4.78939,6.61954,22.6,292.9
020857,106.0,277.368,8.891202,8.912076,4.456038,-0.807433,3.92482,1.3896,4.8,289.5
020859,108.0,277.6728,5.564559,5.5729,2.78645,-0.834794,0.38387,-0.72,-2.5,288.0
020901,110.0,277.9776,4.091686,4.103023,2.051511,-0.367469,-1.21087,-3.4892,-12.2,286.0
020903,112.0,278.5872,5.562322,5.595626,2.797813,0.373151,-7.48578,-13.27309,-47.9,277.1
020905,114.0,278.2824,9.713432,9.718213,4.859106,1.030647,-8.78443,-16.65033,-59.7,278.9
020907,116.0,280.7208,13.647441,13.863565,6.931783,1.036338,-35.88434,-0.74724,-2.6,287.4
020909,118.0,280.7208,14.516348,14.516348,7.258174,0.163196,-0.33275,-0.02875,-0.1,287.5
020911,120.0,280.416,13.687818,13.691212,6.845606,-0.206284,2.02126,0.96822,3.3,293.4
020913,122.0,280.1112,10.398922,10.403388,5.201694,-0.821956,3.52081,5.95752,20.6,289.2
020915,124.0,280.1112,3.909726,3.909726,1.954863,-1.623416,1.6848,-2.06784,-7.2,287.2
020917,126.0,280.1112,0.22239,0.22239,0.111195,-0.921834,-0.28018,-1.98306,-6.9,287.4
020919,128.0,280.1112,0.374062,0.374062,0.187031,0.037918,-0.338,-1.95432,-6.8,287.4
020921,130.0,280.416,0.344151,0.45972,0.22986,0.021414,-0.33302,-1.98099,-6.9,287.1
020923,132.0,280.416,0.44478,0.44478,0.22239,-0.003735,-0.33029,-1.98237,-6.9,287.3
020925,134.0,279.5016,0.279465,0.956153,0.478076,0.127843,-0.34455,-2.4066,-8.4,286.5
020927,136.0,278.892,0.679823,0.913111,0.456555,-0.010761,-0.30763,-4.65365,-16.3,285.5
020929,138.0,278.2824,3.707284,3.757068,1.878534,0.710989,0.7857,-8.13824,-28.9,281.6
020931,140.0,277.9776,6.4433,6.450505,3.225253,0.67336,-2.64848,-11.172,-39.9,280.0
020933,142.0,280.7208,9.037112,9.444286,4.722143,0.748445,-32.44415,-15.79674,-57.8,273.3
020935,144.0,281.94,11.147305,11.21378,5.60689,0.442374,-15.29321,-17.7891,-64.5,275.8
020937,146.0,282.2448,13.384787,13.388257,6.694128,0.543619,-8.31631,-11.25544,-40.4,278.6
020939,148.0,282.5496,14.233437,14.2367,7.11835,0.212111,-3.94338,-11.09592,-39.6,280.2
020941,150.0,281.94,14.24714,14.260176,7.130088,0.005869,2.07929,-9.31734,-33.3,279.8
020943,152.0,281.6352,13.578372,13.581792,6.790896,-0.169596,1.86184,-5.83016,-20.3,287.2
020945,154.0,281.6352,11.601044,11.601044,5.800522,-0.495187,1.88231,0.31592,1.1,287.2
020947,156.0,282.2448,7.94073,7.964095,3.982047,-0.909238,0.37872,-5.7933,-20.5,282.6
020949,158.0,284.988,6.358896,6.925367,3.462683,-0.259682,-24.10442,-12.89854,-46.7,276.2
020951,160.0,285.5976,8.177755,8.200444,4.100222,0.318769,-7.59132,-11.0203,-38.6,285.5
020953,162.0,285.5976,7.405788,7.405788,3.702894,-0.198664,0.41354,-1.7118,-6.0,285.3
020955,164.0,286.2072,5.315566,5.350407,2.675204,-0.513845,-2.74797,-4.15863,-14.7,282.9
020957,166.0,286.8168,3.840399,3.88848,1.94424,-0.365482,-4.28038,-5.69433,-20.1,283.3
020959,168.0,290.4744,5.166649,6.330269,3.165134,0.610447,-38.64436,-3.5575,-12.5,284.6
021001,170.0,291.3888,4.503489,4.595382,2.297691,-0.433721,-6.56136,-3.74352,-13.2,283.6
021003,172.0,294.7416,3.680574,4.978744,2.489372,0.095841,-32.55718,-6.46723,-22.7,284.9
021005,174.0,302.6664,6.578154,10.299251,5.149625,1.330126,-89.02517,-1.4846,-5.2,285.5
021007,176.0,308.7624,7.749948,9.860168,4.930084,-0.10977,-56.79726,-1.48512,-5.2,285.6
021009,178.0,309.6768,6.466309,6.530641,3.265321,-0.832382,-2.86431,-1.51421,-5.3,285.7
021011,180.0,314.8584,4.380046,6.78482,3.39241,0.063545,-49.94312,-0.14335,-0.5,286.7
021013,182.0,317.6016,3.737949,4.63653,2.318265,-0.537073,-23.7759,-0.68856,-2.4,286.9
021015,184.0,318.8208,1.385736,1.845729,0.922864,-0.697701,-10.61758,-2.1405,-7.5,285.4
021017,186.0,321.8688,2.119471,3.712474,1.856237,0.466687,-31.03539,-2.08561,-7.3,285.7
021019,188.0,323.6976,1.397319,2.301524,1.150762,-0.352738,-16.92449,-2.02918,-7.1,285.8
021021,190.0,327.66,0.889559,4.061026,2.030513,0.439876,-39.8921,-2.02776,-7.1,285.6
021023,192.0,329.793599,1.676783,2.713641,1.35682,-0.336847,-19.71483,-2.08561,-7.3,285.7
021025,194.0,331.927199,1.385737,2.544114,1.272057,-0.042381,-20.53577,-2.05632,-7.2,285.6
021027,196.0,334.365599,0.679819,2.531393,1.265696,-0.003181,-23.58804,-2.05776,-7.2,285.8
021029,198.0,336.499199,1.670069,2.709498,1.354749,0.044527,-20.73698,-2.05704,-7.2,285.7
021031,200.0,334.975199,4.476682,4.728981,2.36449,0.504871,3.54706,-2.05848,-7.2,285.9
021033,202.0,332.841599,2.781161,3.505297,1.752648,-0.305921,6.26498,-2.05848,-7.2,285.9
021035,204.0,330.707999,1.937086,2.881762,1.440881,-0.155884,6.05449,-2.05704,-7.2,285.7
021037,206.0,330.707999,0.676967,0.676967,0.338483,-0.551199,-0.21114,-2.05848,-7.2,285.9
021039,208.0,331.317599,1.613202,1.724539,0.862269,0.261893,-6.44868,-2.08634,-7.3,285.8
021041,210.0,331.622399,0.950473,0.998149,0.499075,-0.181597,-0.2536,-2.08488,-7.3,285.6
021043,212.0,331.012799,0.47589,0.773359,0.386679,-0.056198,-0.3038,-2.0878,-7.3,286.0
021045,214.0,329.793599,1.068733,1.621308,0.810654,0.211988,3.13201,-2.08707,-7.3,285.9
021047,216.0,329.793599,2.469595,2.469595,1.234797,0.212071,-1.22721,-2.08707,-7.3,285.9
021049,218.0,326.4408,2.410844,4.12958,2.06479,0.414997,8.98721,-2.0878,-7.3,286.0
021051,220.0,322.1736,0.892183,4.359471,2.179735,0.057473,12.06182,-2.05776,-7.2,285.8
021053,222.0,320.04,2.145793,3.026,1.513,-0.333368,6.22517,-2.08561,-7.3,285.7
021055,224.0,320.04,2.881735,2.881735,1.440867,-0.036067,-0.19426,-2.11418,-7.4,285.7
021057,226.0,320.9544,3.974007,4.07785,2.038925,0.299029,-9.8108,-2.11566,-7.4,285.9
021059,228.0,318.8208,3.740611,4.306323,2.153161,0.057118,5.91344,-2.11418,-7.4,285.7
021101,230.0,312.7248,1.077584,6.190509,3.095255,0.471047,16.63156,-2.11566,-7.4,285.9
021103,232.0,311.5056,1.800071,2.174099,1.087049,-1.004103,3.89817,-2.08707,-7.3,285.9
021105,234.0,311.8104,1.800071,1.825694,0.912847,-0.087101,-2.87913,-2.17284,-7.6,285.9
021107,236.0,308.7624,1.565902,3.426712,1.713356,0.400254,8.17831,-2.39736,-8.4,285.4
021109,238.0,305.4096,2.742646,4.331671,2.165836,0.22624,9.21176,-3.74005,-13.1,285.5
021111,240.0,307.2384,0.253863,1.846336,0.923168,-0.621334,-16.66009,-6.92982,-24.6,281.7
021113,242.0,304.8,4.547938,5.160381,2.580191,0.828511,5.6467,-9.15525,-32.5,281.7
021115,244.0,305.7144,10.510812,10.550511,5.275256,1.347533,-21.59844,-2.0805,-7.3,285.0
021117,246.0,302.9712,7.740555,8.212267,4.106134,-0.584561,9.33405,-2.0041,-7.0,286.3
021119,248.0,301.1424,6.946763,7.183455,3.591727,-0.257204,5.78261,-2.11122,-7.4,285.3
021121,250.0,300.8376,7.008088,7.014713,3.507356,-0.042185,0.92791,-3.06396,-10.8,283.7
021123,252.0,300.228,6.16553,6.195593,3.097796,-0.20478,2.05342,-7.11436,-25.3,281.2
021125,254.0,299.6184,8.013187,8.036341,4.01817,0.460187,0.68203,-10.55754,-37.8,279.3
021127,256.0,299.6184,10.642696,10.642696,5.321348,0.651589,-8.8554,-10.58064,-37.6,281.4
021129,258.0,298.704,13.66146,13.692028,6.846014,0.762333,-0.11757,-5.08539,-17.9,284.1
021131,260.0,298.0944,14.834917,14.847437,7.423719,0.288852,0.87993,-1.93664,-6.8,284.8
021133,262.0,297.7896,15.393185,15.396202,7.698101,0.137191,0.67522,0.37245,1.3,286.5
021135,264.0,297.18,15.532767,15.544725,7.772362,0.03713,2.01366,0.3438,1.2,286.5
021137,266.0,294.4368,16.450749,16.677898,8.338949,0.283294,7.01655,0.319,1.1,290.0
021139,268.0,292.9128,14.930464,15.008042,7.504021,-0.417464,6.62423,7.02756,24.1,291.6
021141,270.0,292.3032,12.715679,12.730283,6.365142,-0.56944,4.14333,1.1532,4.0,288.3
021143,272.0,290.7792,11.443387,11.544422,5.772211,-0.296466,5.58812,0.54644,1.9,287.6
021145,274.0,291.084,9.536423,9.541293,4.770647,-0.500782,0.61179,-4.63485,-16.5,280.9
021147,276.0,294.4368,10.987861,11.48801,5.744005,0.486679,-36.5292,-4.53627,-15.9,285.3
021149,278.0,298.704,12.124464,12.853468,6.426734,0.341365,-43.94169,-1.7166,-6.0,286.1
021151,280.0,303.8856,11.293958,12.425879,6.212939,-0.106898,-47.23584,-1.05783,-3.7,285.9
021153,282.0,305.7144,11.965873,12.104818,6.052409,-0.080265,-15.17731,0.55062,1.9,289.8
021155,284.0,304.4952,10.410312,10.481462,5.240731,-0.405839,4.89725,1.0925,3.8,287.5
021157,286.0,302.9712,4.852471,5.086162,2.543081,-1.348825,6.27934,-2.33946,-8.2,285.3
021159,288.0,301.4472,2.764746,3.15696,1.57848,-0.482301,4.62547,-6.29216,-22.4,280.9
021201,290.0,300.228,5.600661,5.731828,2.865914,0.643717,2.33209,-4.76952,-16.7,285.6
021203,292.0,299.0088,6.34911,6.46511,3.232555,0.183321,3.10164,-1.9414,-6.8,285.5
021205,294.0,298.0944,5.841276,5.912413,2.956207,-0.138174,2.78581,-8.74835,-31.3,279.5
021207,296.0,297.18,7.232562,7.290136,3.645068,0.34443,1.873,-8.92881,-31.9,279.9
021209,298.0,294.4368,10.367444,10.724227,5.362114,0.858523,5.34759,-9.68824,-34.7,279.2
021211,300.0,291.3888,13.452323,13.793306,6.896653,0.767269,5.99314,-11.2812,-40.8,276.5
021213,302.0,288.9504,15.648112,15.836957,7.918478,0.510912,5.09468,-1.90682,-6.7,284.6
021215,304.0,286.8168,16.275827,16.415078,8.207539,0.14453,5.93375,-1.87902,-6.6,284.7
021217,306.0,284.988,16.574985,16.67557,8.337785,0.065123,5.45068,-1.881,-6.6,285.0
021219,308.0,283.1592,16.655737,16.755838,8.377919,0.020067,5.67625,-1.90883,-6.7,284.9
021221,310.0,281.3304,16.735174,16.834802,8.417401,0.019741,5.68271,-1.94684,-6.8,286.3
021223,312.0,279.1968,16.311683,16.450631,8.225316,-0.096043,7.09704,0.45888,1.6,286.8
021225,314.0,277.6728,15.013094,15.090248,7.545124,-0.340096,6.29671,5.7618,19.8,291.0
021227,316.0,276.4536,12.461044,12.520546,6.260273,-0.642425,6.12126,5.75309,19.9,289.1
021229,318.0,275.2344,7.748413,7.843746,3.921873,-1.1692,6.20879,2.21221,7.7,287.3
021231,320.0,274.32,2.301441,2.476441,1.23822,-1.341826,3.36798,-2.05704,-7.2,285.7
021233,322.0,273.7104,0.169249,0.632659,0.31633,-0.460945,-0.237,-1.97202,-6.9,285.8
021235,324.0,273.7104,0.169249,0.169249,0.084625,-0.115853,-0.33693,-1.97064,-6.9,285.6
021237,326.0,273.7104,0.169249,0.169249,0.084625,0.0,-0.37459,-1.97133,-6.9,285.7
021239,328.0,274.0152,0.22239,0.377307,0.188653,0.052014,-0.33946,-1.96995,-6.9,285.5
021241,330.0,274.0152,0.22239,0.22239,0.111195,-0.038729,-0.33786,-1.9964,-7.0,285.2
021243,332.0,273.7104,0.818721,0.873617,0.436808,0.162807,-0.61739,-5.377,-19.0,283.0
021245,334.0,273.7104,4.149206,4.149206,2.074603,0.818897,-4.31387,-2.11048,-7.4,285.2
021247,336.0,274.0152,5.131053,5.140098,2.570049,0.247723,-3.79947,-5.3862,-19.1,282.0
021249,338.0,274.0152,6.07981,6.07981,3.039905,0.234928,-2.66447,-13.09737,-47.3,276.9
021251,340.0,273.7104,9.169519,9.174583,4.587292,0.773693,-5.81131,-15.33136,-56.2,272.8
021253,342.0,273.4056,13.64603,13.649434,6.824717,1.118713,-14.69534,-19.57118,-71.9,272.2
021255,344.0,273.7104,17.252948,17.25564,8.62782,0.901552,-15.66933,-5.6883,-20.1,283.0
021257,346.0,273.4056,18.081564,18.084133,9.042067,0.207123,0.37541,3.538,12.2,290.0
021259,348.0,273.1008,16.846599,16.849357,8.424678,-0.308694,2.91809,5.11176,17.7,288.8
021301,350.0,272.796,14.120238,14.123528,7.061764,-0.681457,4.0443,3.39722,11.8,287.9
021303,352.0,272.1864,11.271285,11.287758,5.643879,-0.708942,4.28484,6.1374,21.2,289.5
021305,354.0,272.1864,6.965281,6.965281,3.482641,-1.080619,2.17113,1.22851,4.3,285.7
021307,356.0,272.1864,2.45192,2.45192,1.22596,-1.12834,0.56893,-2.19835,-7.7,285.5
021309,358.0,272.4912,0.169249,0.348638,0.174319,-0.525821,-0.28109,-2.05344,-7.2,285.2
021311,360.0,272.1864,0.405016,0.506894,0.253447,0.039564,-0.33398,-1.88364,-6.6,285.4
021313,362.0,271.8816,0.253874,0.39668,0.19834,-0.027553,-0.32964,-1.88364,-6.6,285.4
021315,364.0,271.8816,0.337504,0.337504,0.168752,-0.014794,-0.33395,-1.88364,-6.6,285.4
021317,366.0,271.8816,0.0,0.0,0.0,-0.084376,-0.35,-1.86095,-6.5,286.3
021319,368.0,272.1864,1.385786,1.41891,0.709455,0.354728,-3.59241,-8.44461,-30.3,278.7
021321,370.0,271.5768,6.725181,6.752753,3.376376,1.333461,-4.34573,-17.2898,-63.8,271.0
021323,372.0,271.5768,12.746196,12.746196,6.373098,1.498361,-21.25131,-23.17056,-86.2,268.8
021325,374.0,271.5768,17.573651,17.573651,8.786826,1.206864,-24.35254,-22.43997,-83.7,268.1
021327,376.0,271.8816,21.39819,21.400361,10.70018,0.956677,-19.48135,-21.48511,-79.9,268.9
021329,378.0,272.4912,24.298229,24.305874,12.152937,0.726379,-18.80663,-21.792,-80.0,272.4
021331,380.0,273.1008,25.987901,25.99505,12.997525,0.422294,-12.282,-17.39925,-62.7,277.5
021333,382.0,273.1008,26.052056,26.052056,13.026028,0.014252,0.51823,-2.00362,-7.1,282.2
021335,384.0,273.7104,24.368142,24.375766,12.187883,-0.419073,2.3225,-1.72447,-6.1,282.7
021337,386.0,274.32,22.516757,22.525007,11.262504,-0.462689,2.24836,-1.75584,-6.2,283.2
021339,388.0,274.9296,20.367595,20.376716,10.188358,-0.537073,2.22555,-1.78479,-6.3,283.3
021341,390.0,275.5392,18.793882,18.803766,9.401883,-0.393237,1.0643,-1.78479,-6.3,283.3
021343,392.0,276.7584,16.965284,17.009036,8.504518,-0.448683,-1.68909,-1.75832,-6.2,283.6
021345,394.0,277.0632,15.779642,15.782585,7.891293,-0.306612,0.98529,-1.75894,-6.2,283.7
021347,396.0,277.9776,13.564195,13.594981,6.797491,-0.546901,-0.14294,-1.73118,-6.1,283.8
021349,398.0,277.9776,12.645269,12.645269,6.322635,-0.237428,1.13494,-1.7324,-6.1,284.0
021351,400.0,277.9776,10.920042,10.920042,5.460021,-0.431307,1.54172,-1.7148,-6.0,285.8
021353,402.0,277.9776,9.138814,9.138814,4.569407,-0.445307,1.26158,1.1428,4.0,285.7
021355,404.0,277.9776,5.620298,5.620298,2.810149,-0.879629,1.34986,-3.76942,-13.4,281.3
021357,406.0,277.6728,4.785138,4.794836,2.397418,-0.206365,1.02912,-15.30594,-55.8,274.3
021359,408.0,277.6728,9.05591,9.05591,4.527955,1.065268,-11.25928,-14.06783,-51.1,275.3
021401,410.0,277.368,12.807301,12.810928,6.405464,0.938754,-11.32987,-17.76768,-66.1,268.8
021403,412.0,276.7584,16.849315,16.860339,8.43017,1.012353,-14.19752,-21.10905,-76.9,274.5
021405,414.0,276.4536,20.092976,20.095287,10.047644,0.808737,-17.12585,-13.4456,-49.0,274.4
021407,416.0,276.1488,21.766324,21.768458,10.884229,0.418292,-10.5212,-12.98385,-47.3,274.5
021409,418.0,275.844,23.676815,23.678777,11.839389,0.47758,-13.25243,-12.91864,-47.2,273.7
021411,420.0,275.5392,25.265717,25.267555,12.633778,0.397195,-12.84346,-11.51337,-41.7,276.1
021413,422.0,275.5392,26.087649,26.087649,13.043824,0.205023,-0.95405,-12.5856,-46.0,273.6
021415,424.0,275.5392,26.580051,26.580051,13.290025,0.123101,-0.48984,-14.04762,-51.4,273.3
021417,426.0,276.4536,27.186784,27.202157,13.601079,0.155527,-8.64575,-13.81886,-50.6,273.1
021419,428.0,277.9776,27.943566,27.985093,13.992547,0.195734,-15.83752,-14.42784,-53.2,271.2
021421,430.0,280.416,28.356602,28.461249,14.230624,0.119038,-22.66896,-21.7056,-81.6,266.0
021423,432.0,281.6352,28.370548,28.396733,14.198366,-0.016129,-7.05946,-23.807,-89.5,266.0
021425,434.0,282.2448,28.78926,28.795713,14.397856,0.099745,-4.47725,-13.64938,-50.2,271.9
021427,436.0,282.8544,27.933595,27.940246,13.970123,-0.213866,0.03726,-14.78585,-54.5,271.3
021429,438.0,283.464,27.421493,27.428268,13.714134,-0.127994,-0.51899,-14.85594,-54.9,270.6
021431,440.0,284.3784,26.910376,26.925907,13.462953,-0.125591,-1.27653,-15.6774,-58.0,270.3
021433,442.0,284.988,25.644656,25.6519,12.82595,-0.318502,1.38363,-15.58477,-57.7,270.1
021435,444.0,286.512,25.311099,25.356938,12.678469,-0.07374,-8.42666,-17.21085,-64.1,268.5
021437,446.0,287.7312,25.048681,25.078334,12.539167,-0.069651,-5.58496,-18.6528,-69.6,268.0
021439,448.0,288.6456,25.35015,25.366636,12.683318,0.072076,-6.17458,-24.9744,-94.6,264.0
021441,450.0,289.2552,25.871472,25.878653,12.939327,0.128004,-4.71212,-23.20014,-86.6,267.9
021443,452.0,290.1696,26.395746,26.411579,13.20579,0.133231,-7.8966,-17.35828,-64.1,270.8
021445,454.0,291.084,25.776363,25.792576,12.896288,-0.154751,-0.7618,-14.92056,-55.2,270.3
021447,456.0,291.6936,25.264659,25.272012,12.636006,-0.130141,0.05422,-15.24492,-56.4,270.3
021449,458.0,292.608,24.662882,24.679827,12.339913,-0.148047,-0.73656,-13.53828,-49.7,272.4
021451,460.0,293.5224,24.255717,24.272947,12.136474,-0.101719,-1.89366,-9.52476,-34.8,273.7
021453,462.0,294.4368,22.976692,22.99488,11.49744,-0.319517,0.50704,-9.63776,-35.2,273.8
021455,464.0,294.7416,22.449658,22.451727,11.225864,-0.135788,0.95392,-7.38416,-26.6,277.6
021457,466.0,294.7416,22.283735,22.283735,11.141867,-0.041999,1.19728,-1.84536,-6.6,279.6
021459,468.0,294.7416,21.600999,21.600999,10.800499,-0.170684,1.94819,-1.8044,-6.5,277.6
021501,470.0,294.132,21.381353,21.390041,10.695021,-0.052739,2.93576,-7.24164,-25.9,279.6
021503,472.0,293.5224,22.2029,22.211267,11.105634,0.205307,1.33338,-0.7015,-2.5,280.6
021505,474.0,292.9128,22.147212,22.1556,11.0778,-0.013917,2.75857,-0.5901,-2.1,281.0
021507,476.0,291.9984,21.654794,21.674091,10.837046,-0.120377,4.27231,-0.50616,-1.8,281.2
021509,478.0,291.084,21.35564,21.375207,10.687604,-0.074721,3.95061,-0.47872,-1.7,281.6
021511,480.0,289.8648,21.035921,21.071222,10.535611,-0.075997,4.80544,-0.47906,-1.7,281.8
021513,482.0,288.9504,21.050069,21.06992,10.53496,-0.000325,3.45887,-0.47923,-1.7,281.9
021515,484.0,288.036,21.315749,21.335353,10.667676,0.066358,3.06256,-0.52128,-1.8,289.6
021517,486.0,287.7312,20.261455,20.263747,10.131873,-0.267902,3.23118,12.0672,41.9,288.0
021519,488.0,287.1216,17.314213,17.324941,8.662471,-0.734701,6.03906,8.23966,28.6,288.1
021521,490.0,287.1216,13.713756,13.713756,6.856878,-0.902797,3.95109,7.81564,27.1,288.4
021523,492.0,287.1216,8.689453,8.689453,4.344727,-1.256076,3.24953,1.73484,6.1,284.4
021525,494.0,287.1216,2.756019,2.756019,1.37801,-1.483359,0.97039,-0.45344,-1.6,283.4
021527,496.0,287.1216,0.337505,0.337505,0.168753,-0.604629,-0.27548,-2.08162,-7.4,281.3
021529,498.0,287.4264,1.324346,1.358969,0.679484,0.255366,-3.44685,-8.42715,-30.5,276.3
021531,500.0,287.1216,5.343747,5.352433,2.676216,0.998366,-3.46552,-14.97139,-54.7,273.7
021533,502.0,287.4264,11.109485,11.113666,5.556833,1.440309,-17.36102,-9.71568,-34.6,280.8
021535,504.0,287.4264,13.430151,13.430151,6.715075,0.579121,-10.20721,-2.65715,-9.5,279.7
021537,506.0,287.4264,13.801345,13.801345,6.900672,0.092798,-0.05613,-7.9895,-29.0,275.5
021539,508.0,287.4264,15.056987,15.056987,7.528493,0.313911,-7.5246,-9.6148,-34.4,279.5
021541,510.0,287.7312,15.850781,15.853712,7.926856,0.199181,-3.7415,-0.45136,-1.6,282.1
021543,512.0,288.036,14.363438,14.366671,7.183336,-0.37176,1.04432,4.272,15.0,284.8
021545,514.0,288.036,10.734664,10.734664,5.367332,-0.908002,3.01127,-0.4376,-1.6,273.5
021547,516.0,288.6456,10.788071,10.80528,5.40264,0.017654,-4.7538,-22.21935,-83.5,266.1
021549,518.0,289.8648,14.691266,14.741769,7.370884,0.984122,-24.03729,-30.03852,-115.8,259.4
021551,520.0,290.4744,19.239903,19.249558,9.624779,1.126948,-24.20303,-34.13595,-133.5,255.7
021553,522.0,292.3032,22.398599,22.473134,11.236567,0.805894,-31.60957,-34.15698,-132.7,257.4
021555,524.0,293.8272,24.587244,24.63443,12.317215,0.540324,-23.38676,-28.76614,-111.8,257.3
021557,526.0,295.656,25.989083,26.053348,13.026674,0.35473,-22.38364,-24.11132,-91.4,263.8
021559,528.0,297.7896,25.898318,25.986057,12.993028,-0.016823,-15.77696,-15.58242,-58.1,268.2
021601,530.0,299.3136,25.516352,25.561823,12.780911,-0.106058,-7.60773,-14.42903,-53.9,267.7
021603,532.0,300.5328,24.077096,24.107945,12.053972,-0.363469,0.20412,-21.877,-83.5,262.0
021605,534.0,301.1424,24.070587,24.078305,12.039153,-0.00741,-1.19907,-23.296,-89.6,260.0
021607,536.0,302.3616,25.479448,25.5086,12.7543,0.357574,-16.3351,-27.2738,-106.0,257.3
021609,538.0,305.1048,25.437985,25.585469,12.792735,0.019217,-22.57936,-27.048,-105.0,257.6
021611,540.0,306.324,26.408188,26.436317,13.218158,0.212712,-12.93088,-24.67882,-94.7,260.6
021613,542.0,307.2384,26.581615,26.597338,13.298669,0.040255,-5.4942,-22.12032,-84.3,262.4
021615,544.0,308.7624,26.681425,26.724914,13.362457,0.031894,-11.19061,-21.95851,-84.1,261.1
021617,546.0,309.9816,27.148735,27.176097,13.588048,0.112795,-10.45297,-21.0936,-79.9,264.0
021619,548.0,312.7248,26.21993,26.36304,13.18152,-0.203264,-16.84575,-19.33888,-73.7,262.4
021621,550.0,315.468,25.447077,25.594509,12.797255,-0.192132,-17.24159,-21.13345,-79.3,266.5
021623,552.0,317.6016,26.226994,26.313636,13.156818,0.179781,-20.90062,-20.6325,-78.6,262.5
021625,554.0,319.7352,25.068484,25.159117,12.579558,-0.28863,-9.00509,-20.83472,-78.8,264.4
021627,556.0,320.6496,25.249361,25.265913,12.632956,0.026699,-5.03702,-14.83964,-55.6,266.9
021629,558.0,323.088,23.622466,23.747983,11.873992,-0.379482,-10.36419,-14.79516,-55.6,266.1
021631,560.0,324.9168,23.336416,23.407965,11.703982,-0.085005,-11.49561,-14.3478,-54.0,265.7
021633,562.0,326.7456,22.079876,22.155484,11.077742,-0.31312,-6.97608,-9.88812,-36.3,272.4
021635,564.0,327.66,20.871736,20.891756,10.445878,-0.315932,0.11078,-7.48022,-28.1,266.2
021637,566.0,328.8792,19.185581,19.224281,9.61214,-0.416869,-0.78829,-14.92304,-55.6,268.4
021639,568.0,331.012799,18.915817,19.035765,9.517883,-0.047129,-16.71691,-17.76808,-67.1,264.8
021641,570.0,332.536799,19.07459,19.135375,9.567687,0.024902,-12.14468,-17.64606,-67.3,262.2
021643,572.0,334.670399,19.904723,20.018747,10.009374,0.220843,-21.71944,-18.17115,-68.7,264.5
021645,574.0,335.584799,20.652211,20.672444,10.336222,0.163424,-8.71171,-16.8896,-64.0,263.9
021647,576.0,336.194399,21.2864,21.295127,10.647564,0.155671,-5.52995,-18.6366,-69.8,267.0
021649,578.0,337.413599,21.171955,21.20703,10.603515,-0.022024,-7.72405,-13.1651,-49.4,266.5
021651,580.0,338.327999,21.832331,21.851471,10.925736,0.16111,-8.53148,-15.31358,-57.7,265.4
021653,582.0,338.632799,22.705824,22.707869,11.353935,0.2141,-3.7082,-11.89476,-44.4,267.9
021655,584.0,338.023199,22.938031,22.94613,11.473065,0.059565,2.33267,-9.4864,-35.2,269.5
021657,586.0,337.718399,23.164556,23.166562,11.583281,0.055108,1.50026,-9.59552,-35.2,272.6
021659,588.0,337.108799,23.211207,23.219211,11.609605,0.013162,2.66832,-2.73537,-9.9,276.3
021701,590.0,336.803999,23.285092,23.287087,11.643543,0.016969,1.76983,-0.41535,-1.5,276.9
021703,592.0,336.803999,22.62157,22.62157,11.310785,-0.166379,2.05509,-0.44352,-1.6,277.2
021705,594.0,336.499199,22.598977,22.601033,11.300516,-0.005134,1.86019,14.52528,50.4,288.2
021707,596.0,335.584799,21.401214,21.420739,10.71037,-0.295073,5.34017,13.1492,46.3,284.0
021709,598.0,334.365599,19.367927,19.406263,9.703132,-0.503619,7.07527,11.37008,39.7,286.4
021711,600.0,332.841599,18.009276,18.073643,9.036822,-0.333155,6.75484,9.8441,34.3,287.0
021713,602.0,331.317599,16.397706,16.468374,8.234187,-0.401317,6.81809,8.27136,28.8,287.2
021715,604.0,331.012799,14.767789,14.770934,7.385467,-0.42436,3.09725,10.45772,36.4,287.3
021717,606.0,330.098399,11.016122,11.054007,5.527003,-0.929232,5.81673,2.91181,10.3,282.7
021719,608.0,329.793599,9.03958,9.044717,4.522359,-0.502322,2.27408,0.64745,2.3,281.5
021721,610.0,329.183999,7.215123,7.24083,3.620415,-0.450972,2.68894,0.73268,2.6,281.8
021723,612.0,328.2696,8.638847,8.687105,4.343553,0.361569,1.75576,2.7783,9.8,283.5
021725,614.0,327.3552,8.212258,8.263009,4.131504,-0.106025,2.91471,-0.11244,-0.4,281.1
021727,616.0,327.0504,6.923107,6.929814,3.464907,-0.333298,1.51531,-7.97062,-28.9,275.8
021729,618.0,326.7456,8.562322,8.567745,4.283873,0.409483,-0.11442,-15.43512,-58.4,264.3
021731,620.0,326.7456,13.071596,13.071596,6.535798,1.125963,-16.9882,-25.71764,-98.8,260.3
021733,622.0,327.9648,17.570633,17.612881,8.806441,1.135321,-28.82851,-22.69944,-83.7,271.2
021735,624.0,328.8792,19.68223,19.703459,9.85173,0.522645,-15.79389,-11.91582,-44.1,270.2
021737,626.0,329.793599,19.463713,19.48518,9.74259,-0.05457,-4.63305,-10.69265,-39.5,270.7
021739,628.0,331.317599,19.243423,19.303676,9.651838,-0.045376,-10.76752,-12.51918,-47.1,265.8
021741,630.0,332.841599,19.795592,19.854169,9.927085,0.137624,-14.19071,-18.04882,-67.7,266.6
021743,632.0,332.841599,20.804471,20.804471,10.402236,0.237576,-9.09416,-12.37024,-46.4,266.6
021745,634.0,333.451199,20.801889,20.810819,10.40541,0.001587,-2.42015,-11.25674,-41.8,269.3
021747,636.0,334.975199,20.693336,20.749379,10.374689,-0.01536,-10.94515,-8.4382,-31.0,272.2
021749,638.0,335.889599,20.01956,20.040432,10.020216,-0.177237,-2.03524,-8.06355,-29.7,271.5
021751,640.0,335.584799,21.131274,21.133472,10.566736,0.27326,0.00803,-7.30568,-26.8,272.6
021753,642.0,334.975199,22.14397,22.152359,11.07618,0.254722,1.00895,-7.38746,-27.1,272.6
021755,644.0,334.365599,22.916159,22.924266,11.462133,0.192977,1.43304,-7.22655,-26.5,272.7
021757,646.0,333.755999,24.136571,24.144268,12.072134,0.305001,0.7265,-7.01353,-25.7,272.9
021759,648.0,332.841599,25.028019,25.044717,12.522358,0.225112,1.88216,0.31438,1.1,285.8
021801,650.0,332.536799,24.483957,24.485855,12.242927,-0.139715,2.93115,1.50768,5.4,279.2
021803,652.0,332.536799,21.915862,21.915862,10.957931,-0.642498,5.02569,0.08436,0.3,281.2
021805,654.0,332.841599,19.79722,19.799567,9.899783,-0.529074,2.92016,8.73543,30.9,282.7
021807,656.0,333.146399,15.911908,15.914827,7.957413,-0.971185,4.11131,5.79564,20.4,284.1
021809,658.0,333.451199,11.567059,11.571075,5.785537,-1.085938,3.00549,4.06224,14.4,282.1
021811,660.0,334.060799,6.68028,6.708036,3.354018,-1.215759,0.58716,1.73724,6.2,280.2
021813,662.0,334.365599,1.687139,1.714451,0.857226,-1.248396,-0.93939,-0.67128,-2.4,279.7
021815,664.0,334.670399,0.169272,0.348649,0.174325,-0.341451,-0.29997,-0.5594,-2.0,279.7
021817,666.0,334.975199,0.452761,0.545798,0.272899,0.049287,-0.33431,-0.5594,-2.0,279.7
021819,668.0,334.975199,0.202528,0.202528,0.101264,-0.085818,-0.33614,-0.5594,-2.0,279.7
021821,670.0,334.975199,0.279482,0.279482,0.139741,0.019239,-0.3395,-0.5594,-2.0,279.7
021823,672.0,335.279999,0.237951,0.386683,0.193341,0.0268,-0.33633,-0.5596,-2.0,279.8
021825,674.0,335.584799,0.202528,0.365951,0.182976,-0.005182,-0.33363,-0.58779,-2.1,279.9
021827,676.0,335.889599,0.22239,0.377307,0.188653,0.002838,-0.33401,-0.5604,-2.0,280.2
021829,678.0,335.889599,0.279482,0.279482,0.139741,-0.024456,-0.33591,-0.5604,-2.0,280.2
021831,680.0,335.889599,0.139741,0.139741,0.069871,-0.034935,-0.34253,-0.97125,-3.5,277.5
021833,682.0,335.889599,2.690066,2.690066,1.345033,0.637581,-2.43584,-11.18404,-41.3,270.8
021835,684.0,336.194399,6.92649,6.933193,3.466597,1.060782,-9.52424,-12.55193,-46.3,271.1
021837,686.0,337.413599,10.753234,10.822129,5.411065,0.972234,-20.85427,-17.98671,-67.9,264.9
021839,688.0,337.718399,13.986656,13.989977,6.994988,0.791961,-11.95162,-23.1934,-89.0,260.6
021841,690.0,338.327999,16.820009,16.831052,8.415526,0.710269,-15.16494,-25.08741,-96.9,258.9
021843,692.0,339.242399,19.630168,19.651453,9.825727,0.7051,-19.32087,-26.11972,-101.2,258.1
021845,694.0,340.461599,21.456142,21.490753,10.745376,0.459825,-17.8638,-24.92244,-96.3,258.8
021847,696.0,341.071199,22.490516,22.498776,11.249388,0.252006,-7.5185,-22.90502,-88.3,259.4
021849,698.0,341.985599,23.176433,23.194464,11.597232,0.173922,-8.65275,-15.89508,-60.3,263.6
021851,700.0,343.204799,22.782971,22.81557,11.407785,-0.094724,-5.59997,-14.79949,-55.7,265.7
021853,702.0,343.509599,22.013562,22.015672,11.007836,-0.199974,1.31291,-13.10265,-49.5,264.7
021855,704.0,345.033599,21.513922,21.567833,10.783916,-0.11196,-8.6553,-12.87195,-48.3,266.5
021857,706.0,345.947999,21.205725,21.22543,10.612715,-0.0856,-3.43546,-11.165,-40.6,275.0
021859,708.0,345.947999,19.96442,19.96442,9.98221,-0.315252,2.58243,-0.49644,-1.8,275.8
021901,710.0,345.643199,17.989602,17.992183,8.996092,-0.493059,4.07311,-0.46971,-1.7,276.3
021903,712.0,345.338399,17.052635,17.055359,8.52768,-0.234206,2.57633,-0.44288,-1.6,276.8
021905,714.0,345.947999,16.213271,16.224727,8.112363,-0.207658,-0.29697,-0.44304,-1.6,276.9
021907,716.0,345.643199,16.213264,16.216129,8.108064,-0.00215,1.35775,0.50184,1.8,278.8
021909,718.0,344.423999,17.153882,17.197154,8.598577,0.245257,2.80859,2.46224,8.8,279.8
021911,720.0,343.509599,17.524755,17.548595,8.774297,0.08786,2.74036,2.548,9.1,280.0
021913,722.0,342.595199,17.44137,17.465323,8.732662,-0.020817,3.29427,6.14304,21.6,284.4
021915,724.0,341.680799,16.58854,16.613723,8.306861,-0.2129,4.16891,11.79981,41.1,287.1
021917,726.0,340.766399,13.927482,13.957467,6.978733,-0.664064,5.6856,11.436,40.0,285.9
021919,728.0,339.851999,9.421463,9.465733,4.732866,-1.122934,5.83911,7.79201,27.7,281.3
021921,730.0,339.547199,2.995449,3.010916,1.505458,-1.613704,2.08609,-0.36374,-1.3,279.8
021923,732.0,340.156799,0.22239,0.648899,0.324449,-0.590505,-0.20941,-0.64308,-2.3,279.6
021925,734.0,340.156799,0.423178,0.423178,0.211589,-0.05643,-0.3247,-0.7826,-2.8,279.5
021927,736.0,340.461599,0.169271,0.348648,0.174324,-0.018633,-0.33302,-0.53143,-1.9,279.7
021929,738.0,340.461599,0.23795,0.23795,0.118975,-0.027674,-0.33778,-0.5594,-2.0,279.7
021931,740.0,340.461599,0.338542,0.338542,0.169271,0.025148,-0.33787,-0.53143,-1.9,279.7
021933,742.0,340.766399,0.139741,0.335307,0.167653,-0.000809,-0.33543,-0.53143,-1.9,279.7
021935,744.0,340.766399,0.0,0.0,0.0,-0.083827,-0.35,-0.5584,-2.0,279.2
021937,746.0,341.071199,0.279482,0.413537,0.206769,0.103384,-0.34468,-1.22848,-4.4,279.2
021939,748.0,341.071199,0.169271,0.169271,0.084636,-0.061066,-0.33965,-1.25595,-4.5,279.1
021941,750.0,341.071199,0.592449,0.592449,0.296224,0.105794,-0.3428,-2.28534,-8.2,278.7
021943,752.0,340.766399,3.308999,3.323007,1.661503,0.68264,0.00659,-3.43602,-12.6,272.7
021945,754.0,340.766399,7.213835,7.213835,3.606917,0.972707,-8.36039,-14.38612,-53.8,267.4
021947,756.0,341.071199,11.889536,11.893442,5.946721,1.169902,-15.1534,-24.19956,-92.4,261.9
021949,758.0,341.680799,15.406362,15.418418,7.709209,0.881244,-17.08533,-26.06116,-100.7,258.8
021951,760.0,342.595199,18.111876,18.134943,9.067472,0.679132,-18.17272,-21.91875,-83.5,262.5
021953,762.0,343.509599,19.105014,19.126884,9.563442,0.247985,-10.45602,-21.2268,-79.8,266.0
021955,764.0,344.423999,19.602441,19.623757,9.811878,0.124218,-8.05551,-18.55368,-70.6,262.8
021957,766.0,345.338399,19.93566,19.95662,9.97831,0.083216,-7.20371,-19.02846,-72.6,262.1
021959,768.0,345.947999,20.661297,20.670288,10.335144,0.178417,-6.067,-18.94752,-73.1,259.2
022001,770.0,346.862399,21.576583,21.59595,10.797975,0.231415,-10.06165,-24.96362,-97.4,256.3
022003,772.0,348.081599,22.074774,22.108417,11.054208,0.128116,-10.73316,-20.67,-79.5,260.0
022005,774.0,349.910399,22.42837,22.502807,11.251403,0.098598,-15.91907,-20.05371,-77.1,260.1
022007,776.0,352.043999,21.742566,21.847,10.9235,-0.163952,-13.33029,-17.5728,-67.2,261.5
022009,778.0,354.177599,21.089895,21.197545,10.598772,-0.162364,-13.64745,-20.19584,-78.4,257.6
022011,780.0,355.396799,20.869178,20.904761,10.45238,-0.073196,-6.75787,-24.9919,-98.2,254.5
022013,782.0,357.225599,21.243937,21.322508,10.661254,0.104437,-16.2581,-12.9301,-48.5,266.6
022015,784.0,358.749599,20.641151,20.697335,10.348668,-0.156293,-8.08243,-4.57724,-16.4,279.1
022017,786.0,360.273599,16.628598,16.698289,8.349145,-0.999762,1.013,8.97092,32.2,278.6
022019,788.0,361.187999,9.404966,9.449313,4.724656,-1.812245,2.47668,3.3012,12.0,275.1
022021,790.0,362.102399,2.801789,2.947227,1.473613,-1.625521,-4.04558,-1.0996,-4.0,274.9
022023,792.0,363.626399,0.712666,1.6824,0.8412,-0.316206,-14.33949,-1.23885,-4.5,275.3
022025,794.0,365.150399,0.632809,1.650158,0.825079,-0.00806,-14.85626,-1.26638,-4.6,275.3
022027,796.0,365.759999,0.423174,0.742084,0.371042,-0.227019,-0.26844,-1.24065,-4.5,275.7
022029,798.0,366.979199,0.51984,1.325399,0.6627,0.145829,-12.15569,-0.96705,-3.5,276.3
022031,800.0,367.893599,0.698702,1.150787,0.575394,-0.043653,-8.98881,-0.60786,-2.2,276.3
022033,802.0,368.503199,0.405051,0.7319,0.36595,-0.104722,-0.29585,-2.91492,-10.8,269.9
022035,804.0,369.112799,2.817945,2.883128,1.441564,0.537807,-7.36351,-12.29202,-45.9,267.8
022037,806.0,370.331999,5.703317,5.832176,2.916088,0.737262,-15.53684,-10.10688,-37.6,268.8
022039,808.0,370.636799,11.387153,11.391232,5.695616,1.389764,-17.13841,-10.57655,-39.1,270.5
022041,810.0,370.636799,15.737397,15.737397,7.868698,1.086541,-19.88012,-4.31436,-15.7,274.8
022043,812.0,371.246399,17.581064,17.591629,8.795815,0.463559,-11.24195,2.69951,9.7,278.3
022045,814.0,370.636799,18.985031,18.994815,9.497408,0.350797,0.46015,3.29574,11.8,279.3
022047,816.0,371.246399,19.999935,20.009223,10.004612,0.253602,-7.61067,4.116,14.7,280.0
022049,818.0,369.417599,21.623287,21.700485,10.850243,0.422815,3.44537,4.38516,15.6,281.1
022051,820.0,366.979199,23.483341,23.609598,11.804799,0.477278,4.75113,4.52249,16.1,280.9
022053,822.0,363.626399,24.137637,24.369382,12.184691,0.189946,9.37654,8.8206,30.5,289.2
022055,824.0,360.578399,24.558328,24.746752,12.373376,0.094342,9.07637,16.03395,55.5,288.9
022057,826.0,357.225599,22.638043,22.884979,11.44249,-0.465443,13.76014,13.93455,48.3,288.5
022059,828.0,354.177599,21.410124,21.625996,10.812998,-0.314746,11.64644,14.2926,49.2,290.5
022101,830.0,352.653599,19.828341,19.886822,9.943411,-0.434794,7.65833,16.52376,56.9,290.4
022103,832.0,349.300799,16.970677,17.298704,8.649352,-0.647029,13.48883,12.4657,43.0,289.9
022105,834.0,346.252799,14.319225,14.640031,7.320016,-0.664668,12.00975,12.63906,44.1,286.6
022107,836.0,345.338399,10.288636,10.32919,5.164595,-1.077711,6.03105,8.1681,28.5,286.6
022109,838.0,343.509599,8.149699,8.352371,4.176186,-0.494204,6.50865,3.81645,13.5,282.7
022111,840.0,342.290399,4.309342,4.47849,2.239245,-0.96847,4.63268,0.9849,3.5,281.4
022113,842.0,342.290399,0.782953,0.782953,0.391476,-0.923885,-0.1037,-0.89664,-3.2,280.2
022115,844.0,341.375999,3.76578,3.875206,1.937603,0.773064,1.57381,-0.98315,-3.5,280.9
022117,846.0,342.595199,5.63716,5.767497,2.883749,0.473073,-13.99546,-0.53352,-1.9,280.8
022119,848.0,340.766399,9.143789,9.32488,4.66244,0.889346,2.90902,2.7094,9.5,285.2
022121,850.0,338.937599,8.711721,8.901606,4.450803,-0.105819,5.60013,3.56202,12.6,282.7
022123,852.0,339.547199,6.302624,6.332036,3.166018,-0.642392,-1.29451,1.4035,5.0,280.7
022125,854.0,340.461599,7.408437,7.464655,3.732327,0.283155,-10.16911,-5.62005,-20.7,271.5
022127,856.0,341.071199,11.199372,11.21595,5.607975,0.937824,-14.87687,-21.93675,-82.5,265.9
022129,858.0,341.375999,15.183791,15.18685,7.593425,0.992725,-15.65222,-17.48896,-65.6,266.6
022131,860.0,341.680799,17.957146,17.959732,8.979866,0.69322,-12.44261,-16.0734,-60.2,267.0
022133,862.0,341.985599,19.496775,19.499158,9.749579,0.384856,-7.18501,-14.1076,-52.0,271.3
022135,864.0,341.680799,19.955909,19.958237,9.979118,0.11477,0.93901,-9.79488,-35.8,273.6
022137,866.0,341.375999,19.496762,19.499144,9.749572,-0.114773,2.23432,-7.23888,-26.4,274.2
022139,868.0,341.680799,19.046848,19.049287,9.524644,-0.112464,0.41647,-7.04256,-25.6,275.1
022141,870.0,341.071199,18.360946,18.371063,9.185532,-0.169556,3.28758,-0.47736,-1.7,280.8
022143,872.0,341.680799,15.597215,15.609124,7.804562,-0.690485,1.83941,6.38224,22.6,282.4
022145,874.0,342.290399,10.351935,10.369869,5.184934,-1.309814,2.362,4.29352,15.4,278.8
022147,876.0,341.680799,6.170123,6.200163,3.100082,-1.042426,3.57922,-8.6112,-32.0,269.1
022149,878.0,341.375999,7.93544,7.941291,3.970646,0.435282,-0.12991,-19.78496,-75.4,262.4
022151,880.0,340.766399,11.557506,11.573572,5.786786,0.90807,-6.64778,-20.13912,-74.7,269.6
022153,882.0,339.242399,14.280816,14.361904,7.180952,0.697083,1.80366,-8.5284,-30.9,276.0
022155,884.0,338.327999,14.141267,14.1708,7.0854,-0.047776,3.175,-0.49914,-1.8,277.3
022157,886.0,339.242399,13.902469,13.932508,6.966254,-0.059573,-6.10953,1.42341,5.1,279.1
022159,888.0,339.242399,11.2706,11.2706,5.6353,-0.665477,2.37976,-2.58312,-9.4,274.8
022201,890.0,339.242399,8.455183,8.455183,4.227591,-0.703855,1.78011,-8.44171,-31.7,266.3
022203,892.0,340.766399,9.881498,9.998329,4.999164,0.385787,-17.37162,-20.768,-80.0,259.6
022205,894.0,341.071199,13.900397,13.903738,6.951869,0.976353,-14.43252,-26.7904,-104.0,257.6
022207,896.0,341.680799,17.568798,17.579371,8.789686,0.918909,-19.13995,-27.00635,-105.7,255.5
022209,898.0,343.509599,20.573847,20.654968,10.327484,0.768899,-29.91639,-19.7775,-75.0,263.7
022211,900.0,345.338399,21.127714,21.206716,10.603358,0.137937,-16.97773,-11.94816,-44.8,266.7
022213,902.0,346.252799,21.128562,21.148339,10.57417,-0.014594,-4.94539,-10.58205,-39.5,267.9
022215,904.0,348.995999,19.462057,19.654435,9.827217,-0.373476,-16.10634,-10.36773,-38.7,267.9
022217,906.0,349.910399,19.68223,19.703459,9.85173,0.012257,-5.86769,-10.38321,-38.7,268.3
022219,908.0,350.519999,18.903138,18.912964,9.456482,-0.197624,-0.00337,-9.21641,-34.3,268.7
022221,910.0,350.519999,18.570324,18.570324,9.285162,-0.08566,1.09762,-7.2927,-27.0,270.1
022223,912.0,350.519999,18.347358,18.347358,9.173679,-0.055741,0.91482,-1.62191,-5.9,274.9
022225,914.0,350.215199,17.569614,17.572258,8.786129,-0.193775,2.43839,-0.50472,-1.8,280.4
022227,916.0,349.910399,15.79535,15.798291,7.899145,-0.443492,3.37827,11.49792,40.6,283.2
022229,918.0,349.605599,10.708217,10.712554,5.356277,-1.271434,5.02561,4.05275,14.5,279.5
022231,920.0,349.300799,5.513903,5.522321,2.76116,-1.297558,2.87606,0.48942,1.8,271.9
022233,922.0,349.300799,5.733758,5.733758,2.866879,0.05286,-0.18598,-12.654,-47.5,266.4
022235,924.0,348.691199,10.991514,11.008406,5.504203,1.318662,-10.50095,-16.0083,-59.4,269.5
022237,926.0,348.691199,15.134641,15.134641,7.56732,1.031559,-18.28522,-5.42424,-19.4,279.6
022239,928.0,347.776799,16.177529,16.203351,8.101675,0.267178,1.83155,7.56697,26.9,281.3
022241,930.0,346.862399,14.210592,14.239981,7.119991,-0.490842,5.03307,4.59528,16.4,280.2
022243,932.0,346.557599,13.081535,13.085086,6.542543,-0.288724,2.26555,3.88783,13.9,279.7
022245,934.0,346.252799,12.098353,12.102192,6.051096,-0.245723,1.97388,2.87885,10.3,279.5
022247,936.0,345.338399,11.017977,11.055855,5.527928,-0.261584,3.64934,3.892,13.9,280.0
022249,938.0,345.643199,8.676921,8.682272,4.341136,-0.593396,0.67838,2.109,7.5,281.2
022251,940.0,345.338399,6.417105,6.424339,3.21217,-0.564483,1.87829,2.05942,7.4,278.3
022253,942.0,345.338399,5.247854,5.247854,2.623927,-0.294122,0.33415,-0.94316,-3.4,277.4
022255,944.0,348.691199,1.837835,3.823468,1.911734,-0.356096,-30.91617,-5.94147,-21.9,271.3
022257,946.0,348.995999,3.862358,3.874366,1.937183,0.012725,-2.78231,-12.88532,-47.6,270.7
022259,948.0,349.910399,3.941475,4.046153,2.023077,0.042947,-8.7833,-8.502,-31.2,272.5
022301,950.0,350.215199,4.183796,4.194884,2.097442,0.037183,-2.83961,-8.04908,-29.9,269.2
022303,952.0,350.215199,4.525101,4.525101,2.26255,0.082554,-0.26158,-8.54803,-31.3,273.1
022305,954.0,350.215199,3.926816,3.926816,1.963408,-0.149571,-0.00611,-5.65524,-20.7,273.2
022307,956.0,350.215199,4.000487,4.000487,2.000244,0.018418,-0.19697,-3.93984,-14.4,273.6
022309,958.0,350.215199,4.196013,4.196013,2.098007,0.048882,-0.22685,-1.18766,-4.3,276.2
022311,960.0,349.605599,4.13673,4.181405,2.090702,-0.003653,1.59361,-1.07874,-3.9,276.6
022313,962.0,349.300799,3.233669,3.248002,1.624001,-0.23335,0.89212,-1.3272,-4.8,276.5
022315,964.0,348.691199,2.548996,2.620877,1.310438,-0.156782,1.64084,-1.6343,-5.9,277.0
022317,966.0,348.995999,4.033756,4.045256,2.022628,0.356095,-4.13017,-1.32768,-4.8,276.6
022319,968.0,348.691199,2.548997,2.567155,1.283578,-0.369525,0.91822,-1.2742,-4.6,277.0
022321,970.0,348.386399,1.012692,1.057567,0.528783,-0.377397,0.69115,-0.61006,-2.2,277.3
022323,972.0,347.471999,0.374081,0.987959,0.49398,-0.017402,-0.30223,-0.52687,-1.9,277.3
022325,974.0,347.167199,0.237953,0.386684,0.193342,-0.150319,-0.31621,-0.77644,-2.8,277.3
022327,976.0,346.252799,0.978215,1.339042,0.669521,0.238089,2.24888,-0.77756,-2.8,277.7
022329,978.0,345.338399,0.22239,0.941055,0.470528,-0.099496,-0.28181,-0.5554,-2.0,277.7
022331,980.0,344.423999,0.63286,1.112042,0.556021,0.042746,2.31871,-0.52782,-1.9,277.8
022333,982.0,342.595199,0.478086,1.890258,0.945129,0.194554,4.89302,-0.52782,-1.9,277.8
022335,984.0,341.071199,0.337545,1.560933,0.780467,-0.082331,4.14627,-0.66672,-2.4,277.8
022337,986.0,340.461599,0.277207,0.669668,0.334834,-0.222816,-0.27723,-0.52782,-1.9,277.8
022339,988.0,339.851999,0.22239,0.648899,0.324449,-0.005192,-0.32096,-0.5282,-1.9,278.0
121813,36662.0,346.252799,15.927879,17.165884,0.000481,-9.0e-06,-0.34996,-0.20388,-0.6,339.8
121815,36664.0,348.995999,2.277117,3.565166,1.782583,0.891051,-29.53119,-0.20388,-0.6,339.8
121817,36666.0,347.776799,0.51216,1.322406,0.661203,-0.56069,3.43775,-0.20388,-0.6,339.8
121819,36668.0,347.776799,1.870402,1.870402,0.935201,0.136999,-0.34424,-0.20388,-0.6,339.8
121821,36670.0,348.386399,1.58716,1.700203,0.850101,-0.04255,-5.93494,-0.20388,-0.6,339.8
121823,36672.0,352.043999,4.452104,5.761881,2.88094,1.015419,-40.69399,-0.20388,-0.6,339.8
121825,36674.0,354.177599,3.17496,3.82526,1.91263,-0.484155,-18.62405,-0.20382,-0.6,339.7
121827,36676.0,356.311199,2.764595,3.492168,1.746084,-0.083273,-20.21497,-0.20382,-0.6,339.7
121829,36678.0,357.835199,2.427129,2.865926,1.432963,-0.156561,-14.24804,-0.27184,-0.8,339.8
121831,36680.0,358.749599,1.76297,1.985999,0.992999,-0.219982,-8.48517,-0.27184,-0.8,339.8
121833,36682.0,359.663999,1.564356,1.811998,0.905999,-0.0435,-8.86412,-0.27176,-0.8,339.7
121835,36684.0,360.578399,1.425896,1.693902,0.846951,-0.029524,-8.90981,-0.27176,-0.8,339.7
121837,36686.0,360.883199,0.876143,0.927648,0.463824,-0.191564,-0.25769,-0.27184,-0.8,339.8
121839,36688.0,361.187999,0.538877,0.619105,0.309553,-0.077136,-0.30921,-0.30573,-0.9,339.7
121841,36690.0,361.187999,0.405077,0.405077,0.202538,-0.053507,-0.32613,-0.40656,-1.2,338.8
121843,36692.0,361.187999,0.423213,0.423213,0.211606,0.004534,-0.33227,-5.6364,-16.8,335.5
121845,36694.0,360.883199,2.494537,2.51309,1.256545,0.52247,0.25161,-3.08126,-9.1,338.6
121847,36696.0,359.968799,3.548237,3.664166,1.832083,0.287769,2.13461,-4.99056,-14.8,337.2
121849,36698.0,358.749599,3.772365,3.964491,1.982245,0.075081,3.24841,-1.31976,-3.9,338.4
121851,36700.0,356.311199,3.856028,4.562318,2.281159,0.149457,6.67508,-1.52415,-4.5,338.7
121853,36702.0,355.396799,2.837429,2.98113,1.490565,-0.395297,2.76026,-1.28934,-3.8,339.3
121855,36704.0,354.177599,3.403197,3.614996,1.807498,0.158466,3.15206,-1.11903,-3.3,339.1
121857,36706.0,351.739199,3.841959,4.550433,2.275217,0.23386,6.56227,-0.71253,-2.1,339.3
121859,36708.0,351.129599,4.2533,4.296763,2.148381,-0.063418,1.67432,-0.95032,-2.8,339.4
121901,36710.0,350.215199,4.092031,4.192952,2.096476,-0.025953,2.4998,-0.98223,-2.9,338.7
121903,36712.0,349.910399,3.329275,3.343199,1.671599,-0.212439,0.88231,-0.54288,-1.6,339.3
121905,36714.0,349.605599,2.370234,2.389752,1.194876,-0.238361,0.79915,-0.5088,-1.5,339.2
121907,36716.0,349.605599,1.998184,1.998184,0.999092,-0.097892,-0.20597,-0.57664,-1.7,339.2
121909,36718.0,349.300799,2.008825,2.031817,1.015908,0.008408,0.61122,-0.81312,-2.4,338.8
121911,36720.0,349.605599,2.168861,2.190174,1.095087,0.039589,-3.06836,-1.5228,-4.5,338.4
121913,36722.0,349.605599,2.626265,2.626265,1.313133,0.109023,-0.32009,-1.38908,-4.1,338.8
121915,36724.0,349.300799,1.741101,1.767579,0.88379,-0.214671,0.71618,-6.118,-18.4,332.5
121917,36726.0,348.995999,2.567558,2.585586,1.292793,0.204501,0.48512,-11.21199,-33.7,332.7
121919,36728.0,349.300799,7.025282,7.031891,3.515946,1.111577,-9.96459,-21.32045,-65.3,326.5
121921,36730.0,349.300799,15.102105,15.102105,7.551052,2.017553,-32.94569,-20.553,-62.0,331.5
121923,36732.0,349.300799,16.777017,16.777017,8.388509,0.418728,-10.16339,-17.64763,-53.3,331.1
121925,36734.0,348.995999,18.820794,18.823262,9.411631,0.511561,-10.26154,-1.08128,-3.2,337.9
121927,36736.0,349.300799,17.423844,17.42651,8.713255,-0.349188,1.45915,3.68064,10.8,340.8
121929,36738.0,350.215199,13.769475,13.799803,6.899902,-0.906677,1.35959,4.18446,12.3,340.2
121931,36740.0,349.605599,7.531573,7.556203,3.778102,-1.5609,5.20898,2.19582,6.6,332.7
121933,36742.0,349.605599,7.228841,7.228841,3.614421,-0.08184,0.14666,-18.471,-56.4,327.5
121935,36744.0,348.691199,12.877857,12.91028,6.45514,1.42036,-11.67377,-23.31901,-70.9,328.9
121937,36746.0,348.386399,17.265116,17.267806,8.633903,1.089382,-18.95839,-17.1644,-51.7,332.0
121939,36748.0,348.081599,19.463714,19.4661,9.73305,0.549574,-11.47616,-11.54492,-34.9,330.8
121941,36750.0,347.776799,20.682256,20.684502,10.342251,0.3046,-0.18248,-11.9035,-35.8,332.5
121943,36752.0,347.167199,22.683765,22.691955,11.345977,0.501863,-10.07667,-4.27736,-12.7,336.8
121945,36754.0,346.252799,22.90678,22.925024,11.462512,0.058268,3.21779,-0.3369,-1.0,336.9
121947,36756.0,345.338399,23.352315,23.370211,11.685105,0.111296,2.88536,-0.47166,-1.4,336.9
121949,36758.0,344.119199,24.129893,24.160674,12.080337,0.197616,3.23892,-0.53904,-1.6,336.9
121951,36760.0,342.290399,24.797769,24.865113,12.432556,0.176109,4.93333,1.697,5.0,339.4
121953,36762.0,340.461599,23.907509,23.977353,11.988677,-0.22194,7.90163,9.88091,28.9,341.9
121955,36764.0,338.937599,25.258413,25.304347,12.652174,0.331748,2.75877,5.24062,15.4,340.3
121957,36766.0,337.718399,24.044882,24.075772,12.037886,-0.307144,6.83403,14.91325,42.5,350.9
121959,36768.0,336.194399,22.134475,22.186878,11.093439,-0.472224,8.38082,5.85488,17.2,340.4
122001,36770.0,335.279999,15.790429,15.816882,7.908441,-1.592499,10.47609,1.45985,4.3,339.5
122003,36772.0,334.365599,14.190305,14.219735,7.109868,-0.399287,4.64669,-6.37558,-19.1,333.8
122005,36774.0,333.451199,14.008121,14.037934,7.018967,-0.04545,3.15564,-5.79348,-17.1,338.8
122007,36776.0,333.451199,13.474783,13.474783,6.737391,-0.140788,0.85761,1.66061,4.9,338.9
122009,36778.0,333.451199,13.413771,13.413771,6.706886,-0.015252,0.35697,-14.53536,-44.1,329.6
122011,36780.0,333.146399,14.056191,14.059495,7.029748,0.161431,0.54656,-21.93651,-66.9,327.9
122013,36782.0,332.536799,18.265341,18.275511,9.137756,1.054004,-16.68859,-18.87725,-57.5,328.3
122015,36784.0,332.536799,21.397224,21.397224,10.698612,0.780428,-20.8606,-17.69872,-53.6,330.2
122017,36786.0,331.927199,23.428581,23.436511,11.718255,0.509822,-10.85104,-14.07256,-42.4,331.9
122019,36788.0,331.012799,23.56458,23.582315,11.791157,0.036451,3.41635,-9.27119,-27.7,334.7
122021,36790.0,332.231999,24.049783,24.080666,12.040333,0.124588,-10.24578,2.88065,8.5,338.9
122023,36792.0,331.927199,21.78287,21.785002,10.892501,-0.573916,5.42953,-1.71207,-5.1,335.7
122025,36794.0,331.927199,20.266098,20.266098,10.133049,-0.379726,3.01772,-5.25636,-15.7,334.8
122027,36796.0,332.231999,20.20243,20.20473,10.102365,-0.015342,-0.03438,-5.25479,-15.7,334.7
122029,36798.0,332.536799,19.531913,19.534291,9.767145,-0.16761,0.78511,-4.9506,-14.8,334.5
122031,36800.0,332.841599,20.223235,20.225532,10.112766,0.17281,-3.0403,-6.5366,-19.6,333.5
122033,36802.0,333.451199,21.345751,21.354454,10.677227,0.282231,-8.19069,-6.73468,-20.2,333.4
122035,36804.0,333.451199,21.994598,21.994598,10.997299,0.160036,-0.13715,-1.72788,-5.1,338.8
122037,36806.0,332.231999,22.429696,22.462807,11.231404,0.117052,3.67679,-2.31357,-6.9,335.3
122039,36808.0,331.012799,21.56968,21.60411,10.802055,-0.214675,5.73928,-2.90594,-8.6,337.9
122041,36810.0,331.012799,21.15658,21.15658,10.57829,-0.111883,1.52315,3.77328,11.2,336.9
122043,36812.0,331.012799,20.054652,20.054652,10.027326,-0.275482,2.36385,-2.31633,-6.9,335.7
122045,36814.0,330.098399,18.442415,18.46507,9.232535,-0.397396,5.41303,-7.39482,-22.2,333.1
122047,36816.0,329.488799,20.153089,20.162306,10.081153,0.424309,-0.00667,-10.20775,-30.7,332.5
122049,36818.0,328.5744,23.45336,23.471178,11.735589,0.827218,-15.28199,-10.08368,-30.4,331.7
122051,36820.0,327.66,23.215522,23.233523,11.616762,-0.059413,4.04334,-9.27675,-27.9,332.5
122053,36822.0,327.66,24.06913,24.06913,12.034565,0.208901,-10.0426,-8.62494,-25.8,334.3
122055,36824.0,327.66,24.465573,24.465573,12.232786,0.099111,0.34138,-5.02981,-15.1,333.1
122057,36826.0,327.3552,24.518053,24.519948,12.259974,0.013594,1.82013,-7.52128,-22.6,332.8
122059,36828.0,329.793599,26.108301,26.221921,13.110961,0.425493,-30.1943,-2.88358,-8.6,335.3
122101,36830.0,329.488799,24.833411,24.835282,12.417641,-0.34666,4.3655,1.04346,3.1,336.6
122103,36832.0,329.183999,24.015038,24.016972,12.008486,-0.204578,3.48528,-1.74252,-5.2,335.1
122105,36834.0,329.183999,23.821418,23.821418,11.910709,-0.048889,1.39792,-2.97883,-8.9,334.7
122107,36836.0,328.8792,23.495067,23.497044,11.748522,-0.081093,2.46452,-5.57613,-16.7,333.9
122109,36838.0,328.2696,23.907727,23.915497,11.957749,0.104614,2.08603,-5.50275,-16.5,333.5
122111,36840.0,327.9648,24.01441,24.016344,12.008172,0.025212,1.86459,-4.3615,-13.0,335.5
122113,36842.0,329.183999,24.311975,24.342526,12.171263,0.081545,-9.25046,-2.24718,-6.7,335.4
122115,36844.0,330.098399,25.577468,25.593808,12.796904,0.31282,-12.29161,4.9068,14.5,338.4
122117,36846.0,328.2696,25.154954,25.221345,12.610672,-0.093116,6.81529,4.9213,14.5,339.4
122119,36848.0,327.0504,23.989101,24.020063,12.010032,-0.30032,6.79482,4.17508,12.4,336.7
122121,36850.0,325.5264,24.976413,25.022865,12.511433,0.250701,3.45811,-3.78776,-11.3,335.2
122123,36852.0,324.612,26.149809,26.165791,13.082895,0.285731,1.02992,-4.3215,-12.9,335.0
122125,36854.0,323.3928,27.331831,27.359011,13.679505,0.298305,1.34158,4.63745,13.7,338.5
122127,36856.0,320.9544,27.323811,27.432397,13.716199,0.018347,7.08012,4.28244,12.7,337.2
122129,36858.0,319.4304,27.375812,27.4182,13.7091,-0.00355,4.62663,-0.43771,-1.3,336.7
122131,36860.0,318.2112,28.042005,28.068496,14.034248,0.162574,2.16562,-0.50505,-1.5,336.7
122133,36862.0,316.992,28.37134,28.397525,14.198762,0.082257,2.7078,2.99024,8.8,339.8
122135,36864.0,315.468,28.713281,28.753696,14.376848,0.089043,3.39604,7.23987,21.3,339.9
122137,36866.0,314.5536,28.505625,28.520287,14.260144,-0.058352,2.96217,5.87854,17.3,339.8
122139,36868.0,314.5536,26.866799,26.866799,13.433399,-0.413372,3.64301,5.06004,14.9,339.6
122141,36870.0,314.5536,24.906471,24.906471,12.453235,-0.490082,4.52585,4.59,13.5,340.0
122143,36872.0,314.5536,22.255597,22.255597,11.127799,-0.662718,5.25114,5.15514,15.1,341.4
122145,36874.0,315.1632,18.731496,18.741413,9.370706,-0.878546,3.72301,6.06094,17.9,338.6
122147,36876.0,315.468,14.63887,14.642043,7.321021,-1.024843,3.89937,2.79046,8.2,340.3
122149,36878.0,315.7728,11.190069,11.194219,5.59711,-0.861956,2.12862,3.76623,11.1,339.3
122151,36880.0,316.6872,5.505874,5.581288,2.790644,-1.403233,-0.64679,-0.0,-0.0,337.5
122153,36882.0,317.2968,2.847645,2.912163,1.456082,-0.667281,-3.91003,-4.71786,-14.1,334.6
122155,36884.0,317.9064,4.237421,4.281045,2.140523,0.342221,-7.0709,-0.53936,-1.6,337.1
122157,36886.0,318.8208,4.649256,4.738323,2.369162,0.114319,-9.04217,-11.18166,-33.7,331.8
122159,36888.0,319.7352,7.919509,7.972123,3.986061,0.80845,-14.36289,-17.3946,-53.0,328.2
122201,36890.0,320.6496,12.069932,12.104519,6.052259,1.033099,-19.62661,-21.307,-65.0,327.8
122203,36892.0,320.9544,15.669419,15.672383,7.836192,0.891967,-14.46529,-19.642,-61.0,322.0
122205,36894.0,321.564,18.193794,18.204004,9.102002,0.632905,-14.41851,-28.7094,-88.5,324.4
122207,36896.0,323.088,21.029725,21.084874,10.542437,0.720218,-26.16042,-21.615,-66.0,327.5
122209,36898.0,324.3072,22.02412,22.05784,11.02892,0.243241,-13.24515,-13.9825,-42.5,329.0
122211,36900.0,325.5264,20.781707,20.81744,10.40872,-0.3101,-1.91574,-28.61136,-88.8,322.2
122213,36902.0,327.0504,21.325637,21.380022,10.690011,0.140646,-14.05741,-27.7242,-86.1,322.0
122215,36904.0,329.488799,23.114171,23.242433,11.621217,0.465603,-30.09735,-24.51015,-75.3,325.5
122217,36906.0,331.317599,24.29855,24.367274,12.183637,0.28121,-19.96053,-14.51331,-44.1,329.1
122219,36908.0,333.146399,22.9943,23.066911,11.533455,-0.325091,-6.15932,-10.395,-31.5,330.0
122221,36910.0,334.060799,21.405764,21.425286,10.712643,-0.410406,0.79758,-3.72405,-11.1,335.5
122223,36912.0,335.279999,18.490678,18.530829,9.265414,-0.723615,1.05343,5.7222,17.0,336.6
122225,36914.0,334.670399,14.410544,14.423432,7.211716,-1.026849,6.46314,3.25726,9.7,335.8
122227,36916.0,337.413599,5.436241,6.08916,3.04458,-2.083568,-13.4863,-0.03344,-0.1,334.4
122229,36918.0,341.680799,5.853857,7.244076,3.622038,0.288729,-42.65367,-1.93546,-5.8,333.7
122231,36920.0,344.728799,3.574928,4.697916,2.348958,-0.63654,-26.22468,-1.80684,-5.4,334.6
122233,36922.0,348.995999,1.506198,4.525221,2.262611,-0.043174,-40.81778,-1.77285,-5.3,334.5
122235,36924.0,352.043999,1.140567,3.254412,1.627206,-0.317702,-28.37234,-1.77497,-5.3,334.9
122237,36926.0,355.701599,1.642237,4.009362,2.004681,0.188737,-35.93147,-1.77444,-5.3,334.8
122239,36928.0,357.225599,1.189745,1.933409,0.966704,-0.518988,-13.83738,-1.77126,-5.3,334.2
122241,36930.0,359.054399,3.356345,3.822245,1.911123,0.472209,-19.28282,-1.77974,-5.3,335.8
122243,36932.0,358.444799,1.743508,1.847006,0.923503,-0.49381,1.75426,-1.76808,-5.3,333.6
122245,36934.0,358.444799,0.475898,0.475898,0.237949,-0.342777,-0.28152,-1.74096,-5.2,334.8
122247,36936.0,359.663999,1.208268,1.716496,0.858248,0.31015,-12.43336,-1.74148,-5.2,334.9
122249,36938.0,361.492799,1.687601,2.488475,1.244237,0.192995,-18.17262,-1.73628,-5.2,333.9
122251,36940.0,362.407199,0.423158,1.007567,0.503783,-0.370227,-8.69098,-6.55616,-19.7,332.8
122253,36942.0,360.883199,3.900095,4.187281,2.09364,0.794928,3.24635,-10.65025,-32.5,327.7
122255,36944.0,359.359199,4.719404,4.95937,2.479685,0.193023,3.97753,-16.61885,-50.9,326.5
122257,36946.0,357.835199,8.347358,8.485338,4.242669,0.881492,2.22782,-19.72551,-60.9,323.9
122259,36948.0,356.615999,14.243968,14.296051,7.148025,1.452678,-11.39409,-22.58276,-69.4,325.4
122301,36950.0,355.091999,17.433752,17.500236,8.750118,0.801046,0.8288,-16.70145,-51.5,324.3
122303,36952.0,353.263199,17.143882,17.241148,8.620574,-0.064772,6.13455,-22.12237,-68.3,323.9
122305,36954.0,352.043999,18.25549,18.296157,9.148078,0.263752,2.70625,-15.59852,-47.6,327.7
122307,36956.0,350.824799,18.54596,18.585991,9.292996,0.072459,3.74878,-13.89612,-42.6,326.2
122309,36958.0,348.995999,18.57922,18.66901,9.334505,0.020755,5.79292,-13.64748,-42.2,323.4
122311,36960.0,348.081599,18.19162,18.214587,9.107293,-0.113606,3.8474,-15.9593,-49.0,325.7
122313,36962.0,347.776799,18.914124,18.91658,9.45829,0.175498,0.55874,-13.3701,-41.0,326.1
122315,36964.0,347.776799,19.573339,19.573339,9.78667,0.16419,-0.23964,-9.91164,-30.2,328.2
122317,36966.0,347.471999,19.723063,19.725418,9.862709,0.038019,1.37365,-10.10718,-30.6,330.3
122319,36968.0,347.167199,20.000757,20.003079,10.00154,0.069416,1.20723,2.54068,7.6,334.3
122321,36970.0,345.947999,18.864069,18.903427,9.451714,-0.274913,5.69374,2.1684,6.5,333.6
122323,36972.0,344.728799,18.742309,18.781922,9.390961,-0.030377,4.32618,1.74044,5.2,334.7
122325,36974.0,343.509599,19.463426,19.501574,9.750787,0.179913,3.18125,2.65124,7.9,335.6
122327,36976.0,341.680799,19.903139,19.986982,9.993491,0.121352,5.29256,2.85345,8.5,335.7
122329,36978.0,340.461599,19.99988,20.037007,10.018503,0.012506,4.1788,2.9145,8.7,335.0
122331,36980.0,338.937599,20.406478,20.463307,10.231653,0.106575,4.52312,2.9524,8.8,335.5
122333,36982.0,338.937599,19.172855,19.172855,9.586427,-0.322613,2.49127,2.95944,8.8,336.3
122335,36984.0,337.718399,19.408612,19.446867,9.723434,0.068504,3.81651,2.95768,8.8,336.1
122337,36986.0,336.499199,20.874215,20.90979,10.454895,0.36573,2.07473,3.12759,9.3,336.3
122339,36988.0,334.670399,21.345636,21.423834,10.711917,0.128511,5.31002,8.66304,25.6,338.4
122341,36990.0,333.451199,19.626657,19.664489,9.832245,-0.439836,6.7645,3.58878,10.7,335.4
122343,36992.0,332.231999,19.083854,19.122759,9.56138,-0.135433,4.94448,2.25254,6.7,336.2
122345,36994.0,331.622399,19.11729,19.127007,9.563503,0.001061,2.42182,3.81827,11.3,337.9
122347,36996.0,330.098399,19.189096,19.249519,9.62476,0.030629,4.89829,2.3569,7.0,336.7
122349,36998.0,329.183999,19.37092,19.39249,9.696245,0.035742,3.12216,2.46,7.5,328.0
122351,37000.0,327.66,20.649998,20.706158,10.353079,0.328417,3.18581,-20.5282,-62.0,331.1
122353,37002.0,327.0504,22.652837,22.661038,11.330519,0.48872,-9.76099,2.92407,8.7,336.1
122355,37004.0,325.5264,22.369848,22.421701,11.210851,-0.059834,5.71798,3.39259,10.1,335.9
122357,37006.0,324.9168,21.670697,21.679269,10.839634,-0.185608,3.80895,2.95856,8.8,336.2
122359,37008.0,324.0024,20.096301,20.117094,10.058547,-0.390544,5.6883,2.75766,8.2,336.3
122401,37010.0,324.0024,18.612113,18.612113,9.306056,-0.376245,2.6907,1.9152,5.7,336.0
122403,37012.0,323.6976,17.832812,17.835416,8.917708,-0.194174,2.47421,1.77868,5.3,335.6
122405,37014.0,323.088,16.764386,16.775466,8.387733,-0.264988,3.56851,2.93016,8.7,336.8
122407,37016.0,323.088,14.846375,14.846375,7.423188,-0.482272,2.4857,6.62676,19.6,338.1
122409,37018.0,323.3928,10.884385,10.888652,5.444326,-0.989431,2.44257,8.08314,24.1,335.4
122411,37020.0,323.3928,4.091487,4.091487,2.045744,-1.699291,1.87073,-0.1674,-0.5,334.8
122413,37022.0,323.3928,0.650912,0.650912,0.325456,-0.860144,-0.15742,-2.07576,-6.2,334.8
122415,37024.0,323.3928,1.559027,1.559027,0.779514,0.227029,-0.92626,-7.18416,-21.6,332.6
122417,37026.0,323.6976,5.742853,5.750936,2.875468,1.047977,-8.39854,-5.976,-18.0,332.0
122419,37028.0,323.6976,8.563733,8.563733,4.281866,0.703199,-7.59799,-10.60263,-32.1,330.3
122421,37030.0,324.0024,11.603404,11.607407,5.803703,0.760918,-10.18874,-10.19458,-31.1,327.8
122423,37032.0,323.6976,15.300718,15.303754,7.651877,0.924087,-13.91835,-14.61096,-44.6,327.6
122425,37034.0,323.088,18.867485,18.877331,9.438665,0.893394,-14.46806,-14.49126,-44.1,328.6
122427,37036.0,322.4784,21.869044,21.877539,10.938769,0.750052,-14.80485,-10.12179,-30.7,329.7
122429,37038.0,322.1736,24.177782,24.179703,12.089852,0.575541,-15.93763,-4.3251,-13.0,332.7
122431,37040.0,320.6496,26.162862,26.207211,13.103606,0.506877,1.06876,4.13034,12.3,335.8
122433,37042.0,319.4304,26.61519,26.6431,13.32155,0.108972,3.10938,4.44708,13.2,336.9
122435,37044.0,318.2112,26.074285,26.102774,13.051387,-0.135082,5.15827,9.03376,26.2,344.8
122437,37046.0,316.992,24.892774,24.922613,12.461307,-0.29504,6.60891,4.82053,14.3,337.1
122439,37048.0,315.468,23.952806,24.001239,12.00062,-0.230344,7.18315,-2.13312,-6.4,333.3
122441,37050.0,313.944,24.36723,24.414841,12.207421,0.103401,4.71646,-4.09098,-12.3,332.6
122443,37052.0,312.7248,25.455371,25.484551,12.742275,0.267427,2.29651,-4.23545,-12.7,333.5
122445,37054.0,310.5912,26.715194,26.800258,13.400129,0.328927,3.96019,4.71645,14.1,334.5
122447,37056.0,309.372,26.851032,26.878697,13.439349,0.01961,3.7358,-1.3776,-4.1,336.0
122449,37058.0,308.1528,27.392387,27.419506,13.709753,0.135202,2.6314,5.63136,16.8,335.2
122451,37060.0,307.2384,27.403476,27.418727,13.709364,-0.000195,2.84389,-0.57239,-1.7,336.7
122453,37062.0,306.0192,27.680246,27.707083,13.853542,0.072089,3.04028,2.44623,7.3,335.1
122455,37064.0,304.8,27.661998,27.688853,13.844427,-0.004557,3.67003,-1.21284,-3.6,336.9
122457,37066.0,303.5808,28.132783,28.159189,14.079594,0.117584,2.50382,5.97375,17.7,337.5
122459,37068.0,302.6664,28.061423,28.076317,14.038158,-0.020718,2.797,4.42464,13.2,335.2
122501,37070.0,301.4472,27.861651,27.888313,13.944157,-0.047001,3.95234,-1.30299,-3.9,334.1
122503,37072.0,300.8376,28.376036,28.382584,14.191292,0.123568,0.61378,5.31196,15.8,336.2
122505,37074.0,299.3136,29.082409,29.122313,14.561156,0.184932,2.43597,0.20082,0.6,334.7
122507,37076.0,297.7896,29.51158,29.550904,14.775452,0.107148,2.93103,0.06752,0.2,337.6
122509,37078.0,296.2656,29.988875,30.027574,15.013787,0.119167,2.63071,6.28122,18.6,337.7
122511,37080.0,296.5704,28.519497,28.521126,14.260563,-0.376612,2.11648,-0.30168,-0.9,335.2
122513,37082.0,295.3512,28.225296,28.251615,14.125808,-0.067378,4.00456,-2.43601,-7.3,333.7
122515,37084.0,295.3512,28.029001,28.029001,14.014501,-0.055654,0.46618,-3.80076,-11.4,333.4
122517,37086.0,296.5704,28.100005,28.126442,14.063221,0.02436,-8.16999,-4.03051,-12.1,333.1
122519,37088.0,295.9608,28.211934,28.218519,14.109259,0.023019,1.50955,-5.71384,-17.2,332.2
122521,37090.0,295.656,29.298173,29.299759,14.649879,0.27031,-1.88528,-5.61418,-16.9,332.2
122523,37092.0,295.3512,29.189945,29.191536,14.595768,-0.027055,0.71221,-5.6108,-16.9,332.0
122525,37094.0,294.7416,28.519271,28.525785,14.262893,-0.166437,2.98923,-2.29977,-6.9,333.3
122527,37096.0,294.132,28.923716,28.930139,14.46507,0.101088,0.59363,0.77579,2.3,337.3
122529,37098.0,294.132,28.291556,28.291556,14.145778,-0.159646,1.24572,-0.76981,-2.3,334.7
122531,37100.0,293.5224,27.792574,27.799259,13.899629,-0.123075,2.84593,-1.70238,-5.1,333.8
122533,37102.0,293.2176,27.691379,27.693057,13.846528,-0.02655,1.21378,0.5392,1.6,337.0
122535,37104.0,291.9984,27.171732,27.199071,13.599536,-0.123496,4.77813,5.20058,15.4,337.7
122537,37106.0,291.6936,25.570103,25.57192,12.78596,-0.406788,4.69573,4.9915,14.9,335.0
122539,37108.0,290.7792,24.261389,24.278614,12.139307,-0.323327,6.04207,-3.81262,-11.3,337.4
122541,37110.0,289.8648,23.499824,23.517607,11.758804,-0.190251,4.97889,13.32528,39.1,340.8
122543,37112.0,290.1696,20.276843,20.279133,10.139567,-0.809619,4.7036,7.99875,23.7,337.5
122545,37114.0,289.8648,16.955233,16.957972,8.478986,-0.830291,5.53282,2.7216,8.0,340.2
122547,37116.0,289.56,14.794975,14.798115,7.399057,-0.539964,3.60519,7.43162,21.8,340.9
122549,37118.0,288.9504,10.960066,10.977006,5.488503,-0.955277,4.99757,4.66762,13.9,335.8
122551,37120.0,288.9504,4.237649,4.237649,2.118824,-1.684839,1.93223,-0.40284,-1.2,335.7
122553,37122.0,288.6456,0.277123,0.411947,0.205973,-0.956426,-0.21648,-0.60336,-1.8,335.2
122555,37124.0,288.6456,0.374053,0.374053,0.187026,-0.009473,-0.33279,-0.70371,-2.1,335.1
122557,37126.0,288.3408,0.279453,0.413518,0.206759,0.009867,-0.33332,-0.671,-2.0,335.5
122559,37128.0,288.3408,0.139727,0.139727,0.069863,-0.068448,-0.34115,-0.67,-2.0,335.0
122601,37130.0,288.3408,0.279453,0.279453,0.139727,0.034932,-0.34079,-0.671,-2.0,335.5
122603,37132.0,288.036,0.41918,0.518281,0.25914,0.059706,-0.33669,-1.17425,-3.5,335.5
122605,37134.0,288.036,0.279453,0.279453,0.139727,-0.059706,-0.33302,-0.6704,-2.0,335.2
122607,37136.0,288.036,0.169224,0.169224,0.084612,-0.027558,-0.34132,-0.669,-2.0,334.5
122609,37138.0,288.036,0.22239,0.22239,0.111195,0.013291,-0.34126,-0.6712,-2.0,335.6
122611,37140.0,287.7312,0.084612,0.316326,0.158163,0.023484,-0.33851,-0.7381,-2.2,335.5
122613,37142.0,287.7312,0.475884,0.475884,0.237942,0.039889,-0.33501,-1.50705,-4.5,334.9
122615,37144.0,287.7312,2.301418,2.301418,1.150709,0.456384,-1.72239,-4.96021,-14.9,332.9
122617,37146.0,287.4264,5.995103,6.002846,3.001423,0.925357,-3.77432,-5.53942,-16.6,333.7
122619,37148.0,287.4264,8.727639,8.727639,4.363819,0.681198,-7.54973,-4.07236,-12.2,333.8
122621,37150.0,287.4264,9.851865,9.851865,4.925932,0.281057,-4.6047,-4.9136,-14.8,332.0
122623,37152.0,287.1216,11.292156,11.296269,5.648134,0.361101,-0.1413,-7.66064,-23.2,330.2
122625,37154.0,287.4264,12.653138,12.656809,6.328405,0.340136,-5.52261,-9.4192,-29.0,324.8
122627,37156.0,288.036,15.017484,15.029851,7.514926,0.593261,-12.55387,-14.3044,-44.0,325.1
122629,37158.0,288.6456,17.7066,17.717091,8.858545,0.671809,-14.90756,-19.76925,-61.3,322.5
122631,37160.0,289.56,20.094998,20.115791,10.057896,0.599676,-17.42703,-14.99492,-45.8,327.4
122633,37162.0,290.4744,21.67443,21.693709,10.846855,0.39448,-13.54283,-16.46736,-50.7,324.8
122635,37164.0,291.084,23.212697,23.2207,11.61035,0.381747,-10.45467,-13.32086,-40.6,328.1
122637,37166.0,291.6936,24.105216,24.112923,12.056462,0.223056,-6.68447,-13.52832,-41.6,325.2
122639,37168.0,292.3032,24.770817,24.778317,12.389159,0.166348,-5.46432,-17.3045,-53.0,326.5
122641,37170.0,293.2176,25.414356,25.4308,12.7154,0.16312,-8.46856,-8.17817,-24.7,331.1
122643,37172.0,293.5224,24.977963,24.979823,12.489911,-0.112744,0.87163,-4.83406,-14.6,331.1
122645,37174.0,294.4368,24.105273,24.12261,12.061305,-0.214303,0.02378,-4.99508,-15.1,330.8
122647,37176.0,294.7416,23.174395,23.176399,11.588199,-0.236553,1.73168,-4.43289,-13.3,333.3
122649,37178.0,294.7416,22.219633,22.219633,11.109816,-0.239191,2.47792,-0.29997,-0.9,333.3
122651,37180.0,294.7416,21.302243,21.302243,10.651122,-0.229347,2.27579,-0.30015,-0.9,333.5
122653,37182.0,294.4368,20.842731,20.844959,10.42248,-0.114321,2.38219,-0.30042,-0.9,333.8
122655,37184.0,294.7416,20.719528,20.721769,10.360885,-0.030798,0.10355,-4.49955,-13.5,333.3
122657,37186.0,294.4368,20.719094,20.721335,10.360668,-0.000109,1.67313,-0.20124,-0.6,335.4
122659,37188.0,294.4368,20.116487,20.116487,10.058243,-0.151212,1.64038,4.0308,12.0,335.9
122701,37190.0,294.132,17.872654,17.875253,8.937627,-0.560308,4.40202,4.58728,13.6,337.3
122703,37192.0,293.8272,14.590649,14.593832,7.296916,-0.820355,4.76204,6.75762,20.1,336.2
122705,37194.0,293.8272,10.078517,10.078517,5.039258,-1.128829,3.45561,4.91862,14.7,334.6
122707,37196.0,294.4368,5.237457,5.272815,2.636407,-1.201425,-0.01384,-0.16725,-0.5,334.5
122709,37198.0,294.7416,1.01535,1.060112,0.530056,-1.053175,-2.04556,-0.7014,-2.1,334.0
122711,37200.0,295.3512,0.374053,0.715212,0.357606,-0.086225,-0.30097,-0.73348,-2.2,333.4
122713,37202.0,295.9608,0.44478,0.754613,0.377307,0.009851,-0.31956,-0.73568,-2.2,334.4
122715,37204.0,296.2656,0.277124,0.411948,0.205974,-0.085667,-0.32183,-3.66744,-11.1,330.4
122717,37206.0,296.5704,2.379963,2.399401,1.199701,0.496863,-4.129,-5.43768,-16.3,333.6
122719,37208.0,296.5704,5.445327,5.445327,2.722663,0.761481,-5.24978,-0.36751,-1.1,334.1
122721,37210.0,296.8752,5.197097,5.206027,2.603014,-0.059824,-2.2249,-1.9169,-5.8,330.5
122723,37212.0,296.5704,6.650399,6.65738,3.32869,0.362838,0.11471,-16.17006,-49.8,324.7
122725,37214.0,296.5704,10.890659,10.890659,5.445329,1.05832,-13.43207,-21.54087,-66.3,324.9
122727,37216.0,296.5704,15.855546,15.855546,7.927773,1.241222,-22.45679,-22.25193,-68.7,323.9
122729,37218.0,296.5704,19.680317,19.680317,9.840159,0.956193,-22.50299,-14.0598,-42.8,328.5
122731,37220.0,296.8752,21.924408,21.926527,10.963264,0.561552,-11.28192,-8.37648,-25.2,332.4
122733,37222.0,296.5704,22.757605,22.759646,11.379823,0.20828,0.44909,-0.3329,-1.0,332.9
122735,37224.0,296.2656,22.466732,22.4688,11.2344,-0.072712,2.29614,-0.3332,-1.0,333.2
122737,37226.0,295.3512,21.777282,21.796471,10.898235,-0.168082,4.59205,-0.6652,-2.0,332.6
122739,37228.0,295.3512,22.121835,22.121835,11.060917,0.081341,0.3802,-4.99508,-15.1,330.8
122741,37230.0,294.7416,22.740331,22.748501,11.37425,0.156667,1.67191,-7.71966,-23.4,329.9
122743,37232.0,293.8272,23.569758,23.587488,11.793744,0.209747,2.21784,-5.9607,-17.9,333.0
122745,37234.0,293.5224,24.054845,24.056776,12.028388,0.117322,1.20532,-0.43316,-1.3,333.2
122747,37236.0,292.608,23.959666,23.977108,11.988554,-0.019917,3.84654,-0.43329,-1.3,333.3
122749,37238.0,291.9984,23.725913,23.733743,11.866872,-0.060841,3.23008,-0.4329,-1.3,333.0
122751,37240.0,291.3888,23.524245,23.532142,11.766071,-0.0504,3.13618,-2.2576,-6.8,332.0
122753,37242.0,290.7792,23.748269,23.756092,11.878046,0.055987,2.41743,-3.3532,-10.1,332.0
122755,37244.0,290.1696,24.480186,24.487775,12.243888,0.182921,1.49058,-2.2977,-6.9,333.0
122757,37246.0,289.56,24.652385,24.659921,12.32996,0.043036,2.45074,-2.68353,-8.1,331.3
122759,37248.0,289.2552,25.319333,25.321168,12.660584,0.165312,0.48022,-0.56627,-1.7,333.1
122801,37250.0,288.9504,25.660219,25.662029,12.831015,0.085215,0.9733,-0.46704,-1.4,333.6
122803,37252.0,288.6456,25.414483,25.416311,12.708155,-0.06143,2.14224,0.43628,1.3,335.6
122805,37254.0,288.3408,24.660465,24.662348,12.331174,-0.188491,3.24899,0.30024,0.9,333.6
122807,37256.0,288.6456,23.524474,23.526448,11.763224,-0.283975,2.11507,-0.4002,-1.2,333.5
122809,37258.0,288.6456,22.090664,22.090664,11.045332,-0.358946,3.23517,0.1684,0.5,336.8
122811,37260.0,288.3408,19.798058,19.800404,9.900202,-0.572565,4.93081,-3.21361,-9.7,331.3
122813,37262.0,288.6456,18.41629,18.418812,9.209406,-0.345398,1.61112,-1.36735,-4.1,333.5
122815,37264.0,288.9504,17.535073,17.537722,8.768861,-0.220273,0.81525,-0.0,-0.0,336.2
122817,37266.0,289.2552,15.25105,15.254096,7.627048,-0.570907,2.0881,5.4351,16.2,335.5
122819,37268.0,289.8648,11.832107,11.8478,5.9239,-0.851574,1.41541,-0.16695,-0.5,333.9
122821,37270.0,289.8648,10.037278,10.037278,5.018639,-0.452631,1.44642,-7.67036,-23.3,329.2
122823,37272.0,290.4744,10.567445,10.585013,5.292507,0.136934,-6.03555,-5.9249,-17.9,331.0
122825,37274.0,291.084,11.321664,11.338064,5.669032,0.188263,-6.57698,-0.88209,-2.7,326.7
122827,37276.0,291.6936,12.427127,12.44207,6.221035,0.276002,-7.65546,-13.6268,-41.8,326.0
122829,37278.0,291.6936,14.901856,14.901856,7.450928,0.614946,-11.8727,-15.67579,-48.1,325.9
122831,37280.0,291.3888,18.038666,18.041241,9.020621,0.784847,-14.5498,-10.74496,-32.6,329.6
122833,37282.0,291.084,20.411664,20.41394,10.20697,0.593174,-13.1178,-1.56369,-4.7,332.7
122835,37284.0,290.7792,20.881912,20.884136,10.442068,0.117549,0.96452,-0.36608,-1.1,332.8
122837,37286.0,290.7792,20.646594,20.646594,10.323297,-0.059385,1.14858,-0.3663,-1.1,333.0
122839,37288.0,290.1696,20.642516,20.651515,10.325757,0.00123,2.5378,-0.3351,-1.0,335.1
122841,37290.0,289.8648,19.658815,19.661177,9.830589,-0.247584,3.02019,11.5591,34.3,337.0
122843,37292.0,289.56,16.412881,16.415711,8.207856,-0.811367,5.27325,9.394,28.0,335.5
122845,37294.0,288.6456,10.998032,11.035979,5.51799,-1.344933,7.15844,1.84195,5.5,334.9
122847,37296.0,288.6456,7.276351,7.276351,3.638176,-0.939907,1.9839,1.70289,5.1,333.9
122849,37298.0,288.6456,3.598881,3.598881,1.799441,-0.919367,0.77861,0.03349,0.1,334.9
122851,37300.0,287.4264,1.015396,1.586656,0.793328,-0.503057,3.46588,-0.36696,-1.1,333.6
122853,37302.0,286.2072,0.555975,1.339984,0.669992,-0.061668,3.24502,-0.90045,-2.7,333.5
122855,37304.0,285.2928,0.374057,0.98795,0.493975,-0.088008,-0.28174,-0.70077,-2.1,333.7
122857,37306.0,284.6832,0.333585,0.694904,0.347452,-0.073262,-0.30501,-0.70077,-2.1,333.7
122859,37308.0,284.0736,0.44478,0.754613,0.377307,0.014928,-0.32068,-0.69993,-2.1,333.3
122901,37310.0,284.0736,0.333585,0.333585,0.166792,-0.105258,-0.32527,-0.69993,-2.1,333.3
122903,37312.0,283.7688,0.22239,0.377307,0.188653,0.01093,-0.3349,-0.70224,-2.1,334.4
122905,37314.0,283.464,0.374057,0.482516,0.241258,0.026303,-0.33287,-0.7014,-2.1,334.0
122907,37316.0,282.5496,0.344149,0.977019,0.488509,0.123625,-0.34322,-0.69993,-2.1,333.3
122909,37318.0,282.2448,0.22239,0.377307,0.188653,-0.149928,-0.31708,-0.70056,-2.1,333.6
122911,37320.0,281.94,0.22239,0.377307,0.188653,0.0,-0.40482,-0.667,-2.0,333.5
122913,37322.0,281.94,0.0,0.0,0.0,-0.094327,-0.35,-0.6672,-2.0,333.6
122915,37324.0,281.94,0.0,0.0,0.0,0.0,-0.35,-0.6676,-2.0,333.8
122917,37326.0,281.94,0.139729,0.139729,0.069865,0.034933,-0.34539,-0.6668,-2.0,333.4
122919,37328.0,281.6352,0.202494,0.365933,0.182967,0.056551,-0.34026,-0.6674,-2.0,333.7
122921,37330.0,281.6352,0.279458,0.279458,0.139729,-0.021619,-0.33615,-0.6666,-2.0,333.3
122923,37332.0,281.6352,0.237944,0.237944,0.118972,-0.010378,-0.33899,-0.6674,-2.0,333.7
122925,37334.0,281.94,0.374057,0.482516,0.241258,0.061143,-0.33781,-0.6654,-2.0,332.7
122927,37336.0,282.2448,0.279458,0.413521,0.206761,-0.017249,-0.33003,-0.6666,-2.0,333.3
122929,37338.0,282.5496,0.277134,0.411955,0.205977,-0.000392,-0.33215,-0.63346,-1.9,333.4
122931,37340.0,282.5496,0.169233,0.169233,0.084616,-0.060681,-0.33967,-0.833,-2.5,333.2
122933,37342.0,281.94,0.831403,1.030943,0.515472,0.215428,1.38574,-1.29675,-3.9,332.5
122935,37344.0,280.416,1.621394,2.225196,1.112598,0.298563,3.94232,-1.23506,-3.7,333.8
122937,37346.0,280.1112,2.141547,2.163129,1.081564,-0.015517,0.63182,-4.28022,-12.9,331.8
122939,37348.0,279.5016,4.678959,4.718503,2.359251,0.638844,0.72792,-1.93372,-5.8,333.4
122941,37350.0,281.0256,6.691578,6.862929,3.431464,0.536106,-17.71439,-0.36729,-1.1,333.9
122943,37352.0,282.8544,6.432617,6.687531,3.343765,-0.043849,-16.77229,-0.5004,-1.5,333.6
122945,37354.0,283.464,5.078199,5.114657,2.557328,-0.393218,-3.51272,-5.52937,-16.7,331.1
122947,37356.0,284.0736,6.414249,6.443151,3.221576,0.332124,-7.40524,-17.29467,-53.1,325.7
122949,37358.0,284.3784,11.611537,11.615536,5.807768,1.293096,-16.29526,-6.79932,-20.4,333.3
122951,37360.0,284.988,13.991784,14.005058,7.002529,0.597381,-12.22037,-0.19998,-0.6,333.3
122953,37362.0,285.2928,13.92741,13.930745,6.965372,-0.018579,-0.76833,2.31771,6.9,335.9
122955,37364.0,285.5976,12.188786,12.192597,6.096298,-0.434537,0.90554,5.54565,16.5,336.1
122957,37366.0,285.5976,8.017118,8.017118,4.008559,-1.04387,2.46884,-0.16675,-0.5,333.5
122959,37368.0,285.5976,4.841648,4.841648,2.420824,-0.793868,0.9913,-3.1872,-9.6,332.0
123001,37370.0,285.9024,5.811103,5.819091,2.909546,0.244361,-3.84183,-1.06176,-3.2,331.8
123003,37372.0,284.0736,9.135758,9.317005,4.658503,0.874478,2.95152,-1.20168,-3.6,333.8
123005,37374.0,282.5496,8.763581,8.895107,4.447554,-0.105474,4.72065,-0.26688,-0.8,333.6
123007,37376.0,281.94,7.987714,8.010942,4.005471,-0.221042,2.28707,-0.23359,-0.7,333.7
123009,37378.0,281.6352,7.110957,7.117486,3.558743,-0.223364,1.31282,-0.30042,-0.9,333.8
123011,37380.0,281.94,6.609591,6.616616,3.308308,-0.125217,-1.49551,-0.2672,-0.8,334.0
123013,37382.0,281.6352,4.48538,4.495724,2.247862,-0.530223,1.42514,-0.334,-1.0,334.0
123015,37384.0,282.8544,1.189823,1.703563,0.851782,-0.69804,-10.73572,-1.6008,-4.8,333.5
123017,37386.0,284.0736,1.162901,1.68487,0.842435,-0.004673,-11.90464,-1.30026,-3.9,333.4
123019,37388.0,284.3784,1.157633,1.197087,0.598544,-0.121945,-2.98373,-1.56557,-4.7,333.1
123021,37390.0,284.6832,1.46356,1.494962,0.747481,0.074469,-3.19432,-1.43319,-4.3,333.3
123023,37392.0,284.6832,1.227719,1.227719,0.613859,-0.066811,-0.2728,-1.3653,-4.1,333.0
123025,37394.0,284.988,0.951773,0.999387,0.499694,-0.057082,-0.29003,-1.332,-4.0,333.0
123027,37396.0,285.2928,1.032447,1.076499,0.53825,0.019278,-3.1659,-0.93408,-2.8,333.6
123029,37398.0,284.988,0.0,0.3048,0.0,-0.269125,-0.35,-0.73348,-2.2,333.4
123031,37400.0,284.988,0.169231,0.169231,0.084615,0.042308,-0.34479,-0.83325,-2.5,333.3
123033,37402.0,284.988,0.169231,0.169231,0.084615,0.0,-0.37458,-1.8304,-5.5,332.8
123035,37404.0,284.6832,0.253846,0.396662,0.198331,0.056858,-0.33948,-1.40238,-4.2,333.9
123037,37406.0,284.6832,0.084615,0.084615,0.042308,-0.078011,-0.3444,-1.13152,-3.4,332.8
123039,37408.0,284.3784,0.169231,0.348629,0.174314,0.066003,-0.34169,-1.30182,-3.9,333.8
123041,37410.0,284.0736,0.169231,0.348629,0.174314,0.0,-0.40065,-1.6645,-5.0,332.9
123043,37412.0,284.0736,0.277132,0.277132,0.138566,-0.017874,-0.33657,-2.06646,-6.2,333.3
123045,37414.0,284.0736,0.51212,0.51212,0.25606,0.058747,-0.3367,-0.46676,-1.4,333.4
123047,37416.0,284.3784,0.084615,0.316327,0.158164,-0.048948,-0.33178,-0.46704,-1.4,333.6
123049,37418.0,284.6832,0.169231,0.348629,0.174314,0.008075,-0.33576,-0.26712,-0.8,333.9
123051,37420.0,284.988,0.169231,0.348629,0.174314,0.0,-0.40065,-0.20034,-0.6,333.9
123053,37422.0,284.988,0.0,0.0,0.0,-0.087157,-0.35,-0.20034,-0.6,333.9
123055,37424.0,284.988,0.0,0.0,0.0,0.0,-0.35,-0.20028,-0.6,333.8
123057,37426.0,284.988,0.22239,0.22239,0.111195,0.055597,-0.34402,-0.16695,-0.5,333.9
123059,37428.0,284.6832,0.0,0.3048,0.0,-0.055597,-0.35,-0.16695,-0.5,333.9
123101,37430.0,284.6832,0.0,0.0,0.0,0.0,-0.35,-0.20034,-0.6,333.9
123103,37432.0,284.988,0.084615,0.316327,0.158164,0.079082,-0.34368,-0.16695,-0.5,333.9
123105,37434.0,284.988,0.0,0.0,0.0,-0.079082,-0.35,-0.20034,-0.6,333.9
123107,37436.0,284.988,0.0,0.0,0.0,0.0,-0.35,-0.20034,-0.6,333.9
123109,37438.0,284.988,0.0,0.0,0.0,0.0,-0.35,-0.20034,-0.6,333.9
123111,37440.0,284.988,0.0,0.0,0.0,0.0,-0.35,-0.20034,-0.6,333.9
123113,37442.0,284.988,0.279457,0.279457,0.139729,0.069865,-0.34366,-0.20034,-0.6,333.9
224937,74546.0,377.037599,2690.243231,2691.817559,0.072548,-2.0e-06,-0.34373,-0.47565,-1.5,317.1
224939,74548.0,369.417599,2.837432,8.131139,4.065569,1.996511,17.20319,-2.27448,-7.2,315.9
224941,74550.0,363.321599,1.875185,6.377894,3.188947,-0.438311,18.31772,-3.92212,-12.4,316.3
224951,74560.0,374.294399,14.279608,18.008597,1.80086,-0.138809,-20.58259,-1.36009,-4.3,316.3
224953,74562.0,368.198399,3.693757,7.127767,3.563883,0.881511,15.68654,-1.42515,-4.5,316.7
224955,74564.0,368.503199,2.494859,2.513409,1.256705,-1.153589,-0.26756,-0.98239,-3.1,316.9
224957,74566.0,365.455199,2.142195,3.725494,1.862747,0.303021,8.2628,-1.1081,-3.5,316.6
224959,74568.0,362.407199,2.024611,3.659147,1.829573,-0.016587,8.60924,-1.17253,-3.7,316.9
225001,74570.0,359.359199,2.025382,3.659573,1.829787,0.000107,8.59133,-1.3314,-4.2,317.0
225003,74572.0,356.311199,1.729519,3.504503,1.752251,-0.038768,8.62447,-1.17253,-3.7,316.9
225005,74574.0,353.567999,2.137633,3.477732,1.738866,-0.006692,7.71203,-1.07712,-3.4,316.8
225007,74576.0,351.129599,2.481229,3.478835,1.739417,0.000275,6.82677,-1.04511,-3.3,316.7
225009,74578.0,348.691199,2.379529,3.407045,1.703522,-0.017948,6.84184,-0.7925,-2.5,317.0
225011,74580.0,346.862399,2.301473,2.939606,1.469803,-0.11686,5.14779,-1.1729,-3.7,317.0
225013,74582.0,345.338399,3.512642,3.828998,1.914499,0.222348,3.95795,-0.7925,-2.5,317.0
225015,74584.0,343.814399,2.855434,3.236678,1.618339,-0.14808,4.32255,-0.9504,-3.0,316.8
225017,74586.0,342.595199,2.096173,2.424952,1.212476,-0.202932,3.4125,-1.5855,-5.0,317.1
225019,74588.0,339.547199,3.253292,4.45805,2.229025,0.508275,7.96155,-2.2155,-7.0,316.5
225021,74590.0,338.327999,2.162296,2.482332,1.241166,-0.49393,3.63058,-1.3251,-4.2,315.5
225023,74592.0,337.108799,0.581176,1.350635,0.675317,-0.282925,3.33344,-5.91192,-18.9,312.8
225025,74594.0,335.584799,5.282372,5.49782,2.74891,1.036796,2.60906,-13.78995,-44.7,308.5
225027,74596.0,334.670399,9.809028,9.851556,4.925778,1.088434,-3.60069,-21.05334,-68.2,308.7
225029,74598.0,334.670399,13.532372,13.532372,6.766186,0.920204,-14.84115,-16.9235,-55.0,307.7
225031,74600.0,335.889599,15.398299,15.44649,7.723245,0.47853,-16.86629,-10.67088,-34.4,310.2
225033,74602.0,336.194399,16.912263,16.91501,8.457505,0.36713,-6.52281,-9.32877,-29.7,314.1
225035,74604.0,336.499199,16.461641,16.464463,8.232231,-0.112637,0.1522,4.794,15.0,319.6
225037,74606.0,336.499199,13.058234,13.058234,6.529117,-0.851557,3.5422,6.90711,21.7,318.3
225039,74608.0,335.889599,7.822255,7.845972,3.922986,-1.303065,4.76165,1.99332,6.3,316.4
225041,74610.0,335.279999,2.592262,2.662975,1.331488,-1.295749,2.53543,-5.29587,-17.1,309.7
225043,74612.0,336.803999,4.38842,4.645515,2.322758,0.495635,-16.69838,-19.88992,-65.6,303.2
225045,74614.0,336.803999,10.53969,10.53969,5.269845,1.473544,-17.32296,-19.4945,-63.5,307.0
225047,74616.0,336.499199,14.112457,14.115748,7.057874,0.894014,-12.17022,-17.93872,-58.7,305.6
225049,74618.0,336.499199,16.58965,16.58965,8.294825,0.618475,-13.31617,-18.8734,-61.0,309.4
225051,74620.0,335.889599,18.461463,18.471524,9.235762,0.470468,-0.17232,-8.05476,-25.8,312.2
225053,74622.0,334.060799,19.90839,19.992211,9.996106,0.380172,3.77325,-2.2008,-7.0,314.4
225055,74624.0,331.927199,20.357295,20.468799,10.234399,0.119147,6.20438,-1.35278,-4.3,314.6
225057,74626.0,332.841599,16.906926,16.931636,8.465818,-0.884291,2.2797,-1.38556,-4.4,314.9
225059,74628.0,331.622399,17.915184,17.956622,8.978311,0.256247,2.74856,-1.4175,-4.5,315.0
225101,74630.0,331.012799,19.463713,19.473257,9.736629,0.379159,0.285,-1.38556,-4.4,314.9
225103,74632.0,331.317599,21.127206,21.129404,10.564702,0.414036,-7.98645,-1.14192,-3.6,317.2
225105,74634.0,331.622399,19.470889,19.473275,9.736637,-0.414032,2.18692,5.21316,16.2,321.8
225107,74636.0,331.317599,23.243593,23.245591,11.622795,0.943079,-23.59271,10.65635,33.5,318.1
225109,74638.0,330.707999,18.169183,18.179407,9.089703,-1.266546,9.12179,1.81203,5.7,317.9
225111,74640.0,331.317599,16.174464,16.185947,8.092974,-0.498365,1.08032,-3.06936,-9.8,313.2
225113,74642.0,329.793599,18.992546,19.053592,9.526796,0.716911,1.04512,-9.55077,-30.7,311.1
225115,74644.0,328.5744,20.494071,20.530304,10.265152,0.369178,2.06493,-10.2267,-33.0,309.9
225117,74646.0,327.0504,22.354439,22.406328,11.203164,0.469006,2.23617,-10.45374,-33.7,310.2
225119,74648.0,325.5264,23.054596,23.104912,11.552456,0.174646,4.19793,-10.58464,-34.1,310.4
225121,74650.0,325.5264,23.818905,23.818905,11.909453,0.178498,-0.1929,-11.64636,-37.4,311.4
225123,74652.0,326.4408,24.516984,24.53403,12.267015,0.178781,-8.67466,-7.67028,-24.6,311.8
225125,74654.0,326.136,24.02732,24.029253,12.014627,-0.126194,2.93,-12.08536,-39.2,308.3
225127,74656.0,327.9648,24.21249,24.281458,12.140729,0.063051,-14.70404,-12.15156,-39.3,309.2
225129,74658.0,328.8792,24.449498,24.466592,12.233296,0.046283,-5.46061,-11.9928,-38.0,315.6
225131,74660.0,328.5744,23.633712,23.635677,11.817839,-0.207728,3.35934,3.3096,10.5,315.2
225133,74662.0,329.488799,21.638627,21.657939,10.828969,-0.494435,1.37936,-0.9435,-3.0,314.5
225135,74664.0,330.098399,20.348177,20.357306,10.178653,-0.325158,0.95239,-1.38512,-4.4,314.8
225137,74666.0,329.183999,19.104709,19.126579,9.56329,-0.307681,5.0344,-1.47909,-4.7,314.7
225139,74668.0,327.9648,18.251198,18.291875,9.145937,-0.208677,5.24481,-1.44716,-4.6,314.6
225141,74670.0,327.0504,17.764448,17.787966,8.893983,-0.125977,3.86823,-3.46653,-11.1,312.3
225143,74672.0,325.5264,18.041166,18.10542,9.05271,0.079363,4.56674,-6.44805,-20.7,311.5
225145,74674.0,324.0024,19.014521,19.075497,9.537748,0.242519,3.70003,-10.323,-33.3,310.0
225147,74676.0,323.088,19.981918,20.002829,10.001414,0.231833,2.01007,-11.31108,-36.3,311.6
225149,74678.0,321.2592,21.35592,21.434081,10.71704,0.357813,3.86741,-0.59774,-1.9,314.6
225151,74680.0,320.6496,20.47639,20.485463,10.242731,-0.237154,3.95818,-0.50384,-1.6,314.9
225153,74682.0,319.1256,19.940437,19.99859,9.999295,-0.121718,5.84314,-0.53567,-1.7,315.1
225155,74684.0,318.2112,19.512231,19.533645,9.766823,-0.116236,4.00342,-0.59869,-1.9,315.1
225157,74686.0,318.2112,16.975763,16.975763,8.487882,-0.63947,3.70831,-2.21662,-7.1,312.2
225159,74688.0,318.8208,18.323488,18.333626,9.166813,0.339466,-9.15722,-10.51917,-33.9,310.3
225201,74690.0,319.4304,20.41065,20.419752,10.209876,0.521532,-13.00323,-11.71868,-37.9,309.2
225203,74692.0,320.3448,22.14052,22.159394,11.079697,0.434911,-14.48151,-12.34413,-39.3,314.1
225205,74694.0,321.2592,22.538113,22.556655,11.278327,0.099315,-7.06541,-0.5032,-1.6,314.5
225207,74696.0,323.088,21.900881,21.977104,10.988552,-0.144887,-10.73115,-6.17298,-19.9,310.2
225209,74698.0,322.1736,21.038507,21.058369,10.529184,-0.229684,4.87546,-6.90864,-22.2,311.2
225211,74700.0,325.2216,22.348639,22.555531,11.277765,0.37429,-33.85248,-6.97524,-22.2,314.2
225213,74702.0,327.0504,21.900858,21.977081,10.98854,-0.144613,-10.73757,-0.50336,-1.6,314.6
225215,74704.0,331.317599,21.85857,22.271193,11.135597,0.073529,-39.02444,-0.96844,-3.1,312.4
225217,74706.0,332.231999,21.561716,21.581097,10.790548,-0.172524,-1.45459,-7.9356,-25.5,311.2
225219,74708.0,331.927199,21.891459,21.893581,10.946791,0.078121,1.26414,-8.10636,-25.8,314.2
225221,74710.0,332.536799,22.330802,22.339121,11.169561,0.111385,-4.42218,-0.59755,-1.9,314.5
225223,74712.0,331.317599,21.904579,21.938483,10.969241,-0.10016,5.05018,-0.56646,-1.8,314.7
225225,74714.0,330.707999,21.385522,21.394209,10.697105,-0.136068,3.45857,0.03167,0.1,316.7
225227,74716.0,330.403199,20.312127,20.314414,10.157207,-0.269949,3.25013,10.32657,32.1,321.7
225229,74718.0,329.793599,17.798929,17.809365,8.904682,-0.626263,5.60908,9.14056,28.6,319.6
