003052,0,107.5944,0.0,0.0,0,0,-0.35,-1.02234,-3.3,309.8
003054,2.0,107.5944,1.108495,1.108495,0.554248,0.277124,-0.81191,-1.30158,-4.2,309.9
003056,4.0,107.5944,1.389321,1.389321,0.694661,0.070207,-0.3187,-1.05264,-3.4,309.6
003058,6.0,107.5944,1.17877,1.17877,0.589385,-0.052638,-0.28116,-1.05196,-3.4,309.4
003100,8.0,108.5088,0.456373,1.021961,0.51098,-0.039202,-8.97075,-1.02267,-3.3,309.9
003102,10.0,108.8136,0.284259,0.416781,0.20839,-0.151295,-0.31366,-1.08535,-3.5,310.1
003104,12.0,109.1184,0.798246,0.854459,0.42723,0.10942,-0.34057,-1.17648,-3.8,309.6
003106,14.0,109.4232,0.111195,0.324449,0.162225,-0.132503,-0.32349,-1.20666,-3.9,309.4
003108,16.0,110.3376,0.265572,0.952185,0.476092,0.156934,-0.63438,-1.27018,-4.1,309.8
003110,18.0,110.9472,0.22239,0.648899,0.324449,-0.075821,-0.30773,-1.02234,-3.3,309.8
003112,20.0,111.252,0.284259,0.416781,0.20839,-0.05803,-0.32502,-0.55746,-1.8,309.7
003114,22.0,111.5568,0.616146,0.687415,0.343707,0.067659,-0.33403,-1.45371,-4.7,309.3
003116,24.0,110.9472,1.254975,1.395197,0.697599,0.176946,1.38482,-1.51361,-4.9,308.9
003118,26.0,110.6424,1.882463,1.906979,0.95349,0.127945,0.53433,-1.36004,-4.4,309.1
003120,28.0,110.0328,2.063194,2.151367,1.075684,0.061097,1.45124,-1.3914,-4.5,309.2
003122,30.0,109.1184,4.57219,4.66273,2.331365,0.627841,1.61835,-0.62,-2.0,310.0
003124,32.0,108.5088,7.744015,7.767972,3.883986,0.77631,-0.0181,-0.434,-1.4,310.0
003126,34.0,107.8992,9.127457,9.147791,4.573896,0.344955,0.88898,-0.40287,-1.3,309.9
003128,36.0,106.68,9.231834,9.311993,4.655996,0.04105,3.45419,-0.40313,-1.3,310.1
003130,38.0,105.7656,8.156978,8.20807,4.104035,-0.275981,3.2998,-0.34111,-1.1,310.1
003132,40.0,104.8512,5.868226,5.93904,2.96952,-0.567258,3.5154,-0.6194,-2.0,309.7
003134,42.0,103.9368,4.572893,4.663419,2.33171,-0.318905,2.90796,-1.023,-3.3,310.0
003136,44.0,103.0224,4.317142,4.412918,2.206459,-0.062626,2.54307,-0.95945,-3.1,309.5
003138,46.0,102.108,3.991232,4.094638,2.047319,-0.07957,2.54337,-0.9282,-3.0,309.4
003140,48.0,102.108,2.705135,2.705135,1.352568,-0.347375,0.04131,-0.682,-2.2,310.0
003142,50.0,102.4128,0.66717,0.733497,0.366749,-0.49291,-0.21285,-0.434,-1.4,310.0
003144,52.0,102.4128,0.44478,0.44478,0.22239,-0.07218,-0.3215,-0.248,-0.8,310.0
003146,54.0,102.4128,0.20907,0.20907,0.104535,-0.058927,-0.33741,-0.186,-0.6,310.0
003148,56.0,102.7176,0.22239,0.377307,0.188653,0.042059,-0.33842,-0.186,-0.6,310.0
003150,58.0,102.7176,0.239361,0.239361,0.119681,-0.034486,-0.3373,-0.186,-0.6,310.0
003152,60.0,103.0224,0.111195,0.324449,0.162225,0.021272,-0.33807,-0.18606,-0.6,310.1
003154,62.0,103.0224,0.22239,0.22239,0.111195,-0.025515,-0.33878,-0.186,-0.6,310.0
003156,64.0,103.0224,0.0,0.0,0.0,-0.055597,-0.35,-0.186,-0.6,310.0
003158,66.0,103.0224,0.22239,0.22239,0.111195,0.055597,-0.34405,-0.186,-0.6,310.0
003200,68.0,103.3272,0.0,0.3048,0.0,-0.055597,-0.35,-0.18606,-0.6,310.1
003202,70.0,103.3272,0.111195,0.111195,0.055597,0.027799,-0.34612,-0.186,-0.6,310.0
003204,72.0,103.632,0.0,0.3048,0.0,-0.027799,-0.35,-0.18606,-0.6,310.1
003206,74.0,103.632,0.22239,0.22239,0.111195,0.055597,-0.34405,-0.18606,-0.6,310.1
003208,76.0,103.632,0.0,0.0,0.0,-0.055597,-0.35,-0.18612,-0.6,310.2
003210,78.0,103.632,0.0,0.0,0.0,0.0,-0.35,-0.18606,-0.6,310.1
003212,80.0,103.632,0.22239,0.22239,0.111195,0.055597,-0.34405,-0.186,-0.6,310.0
003214,82.0,103.9368,0.177048,0.35249,0.176245,0.032525,-0.3382,-0.18606,-0.6,310.1
003216,84.0,104.2416,0.111195,0.324449,0.162225,-0.00701,-0.33539,-0.186,-0.6,310.0
003218,86.0,104.2416,0.177048,0.177048,0.088524,-0.03685,-0.34048,-0.186,-0.6,310.0
003220,88.0,104.2416,0.22239,0.22239,0.111195,0.011335,-0.34118,-0.18606,-0.6,310.1
003222,90.0,104.5464,0.239361,0.387552,0.193776,0.041291,-0.33801,-0.186,-0.6,310.0
003224,92.0,104.8512,0.111195,0.324449,0.162225,-0.015776,-0.33456,-0.18606,-0.6,310.1
003226,94.0,105.156,0.284259,0.416781,0.20839,0.023083,-0.33489,-0.18606,-0.6,310.1
003228,96.0,105.7656,0.0,0.6096,0.0,-0.104195,-0.35,-0.248,-0.8,310.0
003230,98.0,105.7656,0.284259,0.284259,0.14213,0.071065,-0.34368,-0.248,-0.8,310.0
003232,100.0,105.7656,0.111195,0.111195,0.055597,-0.043267,-0.34381,-1.73264,-5.6,309.4
003234,102.0,105.4608,1.556729,1.586288,0.793144,0.368774,0.42086,-1.2999,-4.2,309.5
003236,104.0,104.8512,2.335093,2.413353,1.206677,0.206767,1.35524,-1.32956,-4.3,309.2
003238,106.0,104.5464,3.377869,3.391592,1.695796,0.244559,0.42799,-0.9291,-3.0,309.7
003240,108.0,104.2416,3.558629,3.571659,1.785829,0.045017,0.63123,-0.89842,-2.9,309.8
003242,110.0,104.2416,3.678723,3.678723,1.839362,0.026767,-0.21929,-1.11492,-3.6,309.7
003244,112.0,104.2416,4.614124,4.614124,2.307062,0.23385,-2.08507,-0.74448,-2.4,310.2
003246,114.0,103.9368,5.086702,5.095826,2.547913,0.120426,0.5668,-0.58881,-1.9,309.9
003248,116.0,103.9368,4.930505,4.930505,2.465252,-0.04133,-0.0753,-0.6202,-2.0,310.1
003250,118.0,103.632,4.717703,4.727539,2.363769,-0.050741,0.79958,-0.71277,-2.3,309.9
003252,120.0,103.3272,4.617038,4.627088,2.313544,-0.025113,0.75896,-0.775,-2.5,310.0
003254,122.0,103.0224,3.858667,3.870686,1.935343,-0.189101,0.9052,-0.62,-2.0,310.0
003256,124.0,103.0224,1.82493,1.82493,0.912465,-0.511439,0.00125,-0.68046,-2.2,309.3
003258,126.0,102.7176,0.703755,0.766925,0.383463,-0.264501,-0.25777,-0.89813,-2.9,309.7
003300,128.0,102.7176,1.316936,1.316936,0.658468,0.137502,-0.34623,-0.682,-2.2,310.0
003302,130.0,102.7176,0.782828,0.782828,0.391414,-0.133527,-0.2858,-0.43372,-1.4,309.8
003304,132.0,102.7176,0.0,0.0,0.0,-0.195707,-0.35,-0.40274,-1.3,309.8
003306,134.0,102.4128,0.442623,0.537418,0.268709,0.134355,-0.34799,-2.0007,-6.5,307.8
003308,136.0,102.108,2.636153,2.653716,1.326858,0.529074,0.22789,-4.4822,-14.6,307.0
003310,138.0,102.108,4.877853,4.877853,2.438926,0.556034,-3.72846,-4.87114,-15.8,308.3
003312,140.0,102.108,6.004095,6.004095,3.002047,0.28156,-2.89706,-5.36375,-17.5,306.5
003314,142.0,101.8032,8.812051,8.81732,4.40866,0.703306,-4.83927,-9.3177,-30.6,304.5
003316,144.0,101.8032,11.834206,11.834206,5.917103,0.754222,-10.97438,-7.61193,-24.9,305.7
003318,146.0,101.4984,14.129432,14.132719,7.06636,0.574628,-7.68638,-1.554,-5.0,310.8
003320,148.0,101.1936,13.851704,13.855057,6.927529,-0.069415,1.47179,3.099,10.0,309.9
003322,150.0,100.584,12.784043,12.798569,6.399284,-0.264123,2.99113,-0.24752,-0.8,309.4
003324,152.0,100.8888,11.25363,11.257757,5.628878,-0.385203,0.56577,-6.3924,-21.0,304.4
003326,154.0,100.584,10.96553,10.969766,5.484883,-0.071997,1.26135,-7.75626,-25.7,301.8
003328,156.0,99.9744,11.748984,11.764788,5.882394,0.198755,1.26354,-8.2008,-26.8,306.0
003330,158.0,100.2792,12.315071,12.318842,6.159421,0.138514,-3.0117,-6.54626,-21.4,305.9
003332,160.0,100.584,12.432758,12.436493,6.218247,0.029413,-1.67353,-5.78907,-18.9,306.3
003334,162.0,101.1936,11.807926,11.823651,5.911826,-0.153211,-2.58473,-5.67486,-18.6,305.1
003336,164.0,101.8032,11.199954,11.216532,5.608266,-0.15178,-2.80151,-7.4054,-24.4,303.5
003338,166.0,102.7176,10.679906,10.71898,5.35949,-0.124388,-6.18812,-13.74199,-45.7,300.7
003340,168.0,103.3272,11.460353,11.476555,5.738277,0.189394,-6.5607,-14.99994,-49.9,300.6
003342,170.0,104.2416,12.155854,12.190198,6.095099,0.178411,-9.36758,-13.13265,-43.5,301.9
003344,172.0,105.156,12.678401,12.711333,6.355666,0.130284,-8.76091,-9.6064,-31.6,304.0
003346,174.0,105.7656,12.939935,12.954286,6.477143,0.060739,-4.92546,-5.68044,-18.6,305.4
003348,176.0,106.3752,12.223176,12.238368,6.119184,-0.17898,-2.13651,-2.4664,-8.0,308.3
003350,178.0,107.2896,10.983776,11.021772,5.510886,-0.304149,-4.15229,-0.15425,-0.5,308.5
003352,180.0,107.8992,8.707607,8.72892,4.36446,-0.573213,-0.24213,1.02069,3.3,309.3
003354,182.0,108.204,5.491886,5.500338,2.750169,-0.807146,0.31434,-0.1544,-0.5,308.8
003356,184.0,108.204,2.588765,2.588765,1.294382,-0.727894,0.31219,-0.43204,-1.4,308.6
003358,186.0,108.5088,0.495346,0.58161,0.290805,-0.501788,-0.23974,-0.83214,-2.7,308.2
003400,188.0,109.1184,0.265571,0.664936,0.332468,0.020832,-0.32546,-1.66482,-5.4,308.3
003402,190.0,109.4232,0.716865,0.778972,0.389486,0.028509,-0.32299,-2.12313,-6.9,307.7
003404,192.0,109.728,1.569252,1.598579,0.79929,0.204902,-3.37623,-1.60316,-5.2,308.3
003406,194.0,109.4232,1.439549,1.471463,0.735732,-0.031779,0.60044,-0.95511,-3.1,308.1
003408,196.0,109.4232,0.177047,0.177047,0.088524,-0.323604,-0.32565,-0.70978,-2.3,308.6
003410,198.0,109.4232,0.0,0.0,0.0,-0.044262,-0.35,-0.95015,-3.1,306.5
003412,200.0,109.728,0.239361,0.387552,0.193776,0.096888,-0.34431,-1.75503,-5.7,307.9
003414,202.0,109.728,1.085311,1.085311,0.542656,0.17444,-0.69282,-3.06939,-10.1,303.9
003416,204.0,110.0328,2.453946,2.472803,1.236402,0.346873,-3.76951,-5.87492,-19.3,304.4
003418,206.0,109.728,4.365386,4.376014,2.188007,0.475802,0.10559,-5.89422,-19.3,305.4
003420,208.0,109.728,5.333971,5.333971,2.666985,0.239489,-2.38875,-3.6924,-12.0,307.7
003422,210.0,109.4232,4.404565,4.415098,2.207549,-0.229718,1.01182,-3.25208,-10.6,306.8
003424,212.0,110.0328,3.373434,3.42807,1.714035,-0.246757,-4.89235,-6.18528,-20.4,303.2
003426,214.0,110.9472,4.45811,4.55092,2.27546,0.280712,-9.74612,-7.97877,-26.1,305.7
003428,216.0,111.5568,5.495743,5.529449,2.764725,0.244633,-6.73583,-3.77364,-12.3,306.8
003430,218.0,111.8616,5.019888,5.029133,2.514567,-0.125079,-1.93013,-1.50969,-4.9,308.1
003432,220.0,112.1664,4.594262,4.604362,2.302181,-0.106193,-2.13173,-0.86268,-2.8,308.1
003434,222.0,112.4712,3.774702,3.786988,1.893494,-0.204344,-1.97402,-0.7404,-2.4,308.5
003436,224.0,112.776,1.143223,1.183157,0.591579,-0.650958,-2.35861,-0.4319,-1.4,308.5
003438,226.0,113.0808,0.555975,0.634043,0.317022,-0.137279,-0.29731,-0.43218,-1.4,308.7
003440,228.0,113.0808,0.333585,0.333585,0.166792,-0.075115,-0.32834,-0.43204,-1.4,308.6
003442,230.0,113.3856,0.478722,0.567519,0.283759,0.058483,-0.3353,-0.43218,-1.4,308.7
003444,232.0,113.3856,0.555975,0.555975,0.277987,-0.002886,-0.32563,-0.4319,-1.4,308.5
003446,234.0,113.3856,0.333585,0.333585,0.166792,-0.055597,-0.33024,-0.43176,-1.4,308.4
003448,236.0,113.3856,0.377656,0.377656,0.188828,0.011018,-0.33498,-0.43176,-1.4,308.4
003450,238.0,113.0808,0.239361,0.387552,0.193776,0.002474,-0.33362,-0.4319,-1.4,308.5
003452,240.0,113.0808,0.333585,0.333585,0.166792,-0.013492,-0.33435,-0.43176,-1.4,308.4
003454,242.0,113.3856,0.284258,0.41678,0.20839,0.020799,-0.33462,-0.4326,-1.4,309.0
003456,244.0,113.3856,0.333585,0.333585,0.166792,-0.020799,-0.33363,-0.43204,-1.4,308.6
003458,246.0,113.6904,0.22239,0.377307,0.188653,0.01093,-0.33498,-0.43218,-1.4,308.7
003500,248.0,113.9952,0.22239,0.377307,0.188653,0.0,-0.40452,-0.43302,-1.4,309.3
003502,250.0,113.9952,0.177046,0.177046,0.088523,-0.050065,-0.3398,-0.43246,-1.4,308.9
003504,252.0,114.6048,0.111195,0.619658,0.309829,0.110653,-0.34339,-0.43204,-1.4,308.6
003506,254.0,114.6048,0.44478,0.44478,0.22239,-0.043719,-0.3252,-0.43218,-1.4,308.7
003508,256.0,114.6048,0.0,0.0,0.0,-0.111195,-0.35,-0.43246,-1.4,308.9
003510,258.0,114.6048,0.111195,0.111195,0.055597,0.027799,-0.34612,-0.43218,-1.4,308.7
003512,260.0,114.6048,0.088523,0.088523,0.044262,-0.005668,-0.34605,-3.38328,-11.1,304.8
003514,262.0,114.9096,3.346402,3.360255,1.680127,0.817933,-5.4957,-8.28282,-27.3,303.4
003516,264.0,114.9096,6.156587,6.156587,3.078294,0.699083,-5.48673,-7.45908,-24.4,305.7
003518,266.0,115.2144,8.82889,8.83415,4.417075,0.669391,-7.75347,-4.68945,-15.3,306.5
003520,268.0,115.824,9.5555,9.574925,4.787463,0.185194,-6.49999,-6.9092,-23.0,300.4
003522,270.0,116.1288,10.367275,10.371754,5.185877,0.199207,-3.71495,-19.5426,-66.0,296.1
003524,272.0,116.4336,12.898429,12.90203,6.451015,0.632569,-9.24076,-22.42086,-75.9,295.4
003526,274.0,116.7384,15.171856,15.174917,7.587459,0.568222,-9.24324,-17.09832,-57.3,298.4
003528,276.0,117.348,16.487759,16.499024,8.249512,0.331026,-8.79366,-11.98146,-39.7,301.8
003530,278.0,117.6528,17.21261,17.215308,8.607654,0.179071,-3.36311,-6.49276,-21.4,303.4
003532,280.0,117.6528,17.950114,17.950114,8.975057,0.183701,-6.70549,-3.38883,-11.1,305.3
003534,282.0,117.6528,17.88503,17.88503,8.942515,-0.016271,0.65805,-2.51084,-8.2,306.2
003536,284.0,117.348,18.340922,18.343455,9.171727,0.114606,0.86426,-2.54146,-8.3,306.2
003538,286.0,117.0432,18.780378,18.782851,9.391426,0.10985,0.90679,-2.5704,-8.4,306.0
003540,288.0,117.0432,18.687972,18.687972,9.343986,-0.02372,0.75878,-2.57208,-8.4,306.2
003542,290.0,116.4336,18.646318,18.65628,9.32814,-0.007923,2.41711,-2.60865,-8.5,306.9
003544,292.0,116.1288,19.039559,19.041998,9.520999,0.09643,0.99178,-0.21511,-0.7,307.3
003546,294.0,115.5192,19.426168,19.43573,9.717865,0.098433,1.87149,-0.1539,-0.5,307.8
003548,296.0,114.9096,20.321741,20.330882,10.165441,0.223788,1.16841,-0.1539,-0.5,307.8
003550,298.0,114.6048,20.741729,20.743968,10.371984,0.103271,1.03011,4.93608,15.7,314.4
003552,300.0,114.9096,18.992707,18.995153,9.497576,-0.437204,2.20385,12.84786,41.1,312.6
003554,302.0,115.2144,12.852555,12.856169,6.428084,-1.534746,5.15016,8.93464,28.6,312.4
003556,304.0,115.5192,5.317829,5.326557,2.663279,-1.882403,1.93853,0.03092,0.1,309.2
003558,306.0,115.5192,1.369096,1.369096,0.684548,-0.989365,0.1046,-2.66046,-8.7,305.8
003600,308.0,115.824,2.325628,2.345517,1.172758,0.244105,-3.50807,-3.01644,-9.8,307.8
003602,310.0,115.824,3.480902,3.480902,1.740451,0.283847,-1.82692,-2.69403,-8.9,302.7
003604,312.0,115.824,4.73888,4.73888,2.36944,0.314495,-2.50772,-11.40804,-37.8,301.8
003606,314.0,116.1288,8.834067,8.839324,4.419662,1.025111,-10.84341,-12.69376,-42.2,300.8
003608,316.0,116.1288,12.493637,12.493637,6.246818,0.913578,-13.53919,-9.99312,-32.7,305.6
003610,318.0,116.1288,14.459846,14.459846,7.229923,0.491553,-9.6924,-0.21595,-0.7,308.5
003612,320.0,115.5192,15.130811,15.143086,7.571543,0.17081,1.38589,5.2938,17.0,311.4
003614,322.0,115.2144,13.783235,13.786605,6.893303,-0.33912,2.55246,5.53758,17.8,311.1
003616,324.0,114.6048,11.35697,11.373319,5.68666,-0.603321,3.92986,3.2956,10.7,308.0
003618,326.0,114.3,8.139709,8.145414,4.072707,-0.806977,2.80826,4.13098,13.3,310.6
003620,328.0,114.6048,4.843148,4.85273,2.426365,-0.823171,0.15511,-1.71808,-5.6,306.8
003622,330.0,114.6048,4.135776,4.135776,2.067888,-0.179239,0.04622,-13.24452,-44.4,298.3
003624,332.0,114.9096,9.013475,9.018627,4.509314,1.220713,-12.72621,-18.8574,-63.6,296.5
003626,334.0,115.5192,14.022186,14.035431,7.017715,1.254201,-21.22785,-16.74362,-56.3,297.4
003628,336.0,116.4336,16.691025,16.716054,8.358027,0.670156,-17.31874,-17.7878,-60.4,294.5
003630,338.0,117.0432,17.892364,17.902746,8.951373,0.296673,-8.3302,-16.23,-54.1,300.0
003632,340.0,117.348,18.262369,18.264912,9.132456,0.090541,-1.71842,-11.38536,-37.8,301.2
003634,342.0,117.6528,19.23644,19.238854,9.619427,0.243486,-4.46038,-11.73,-39.1,300.0
003636,344.0,118.2624,20.07789,20.087142,10.043571,0.212072,-6.76784,-12.08194,-40.3,299.8
003638,346.0,118.872,20.424583,20.433678,10.216839,0.086634,-4.23456,-8.77693,-28.9,303.7
003640,348.0,119.7864,20.228893,20.249549,10.124774,-0.046032,-4.56446,-3.11406,-10.2,305.3
003642,350.0,120.7008,18.64614,18.668548,9.334274,-0.39525,0.16292,-0.24536,-0.8,306.7
003644,352.0,121.92,15.779531,15.826562,7.913281,-0.710496,0.22809,5.39052,17.4,309.8
003646,354.0,122.8344,10.374881,10.415099,5.20755,-1.352866,1.62374,3.25208,10.6,306.8
003648,356.0,123.1392,4.970476,4.979813,2.489907,-1.358821,0.97057,-7.77354,-25.8,301.3
003650,358.0,123.7488,5.773473,5.805566,2.902783,0.206438,-6.54215,-14.98092,-50.8,294.9
003652,360.0,124.3584,8.660207,8.681636,4.340818,0.719017,-11.03749,-20.48886,-70.7,289.8
003654,362.0,124.968,12.441978,12.456903,6.228451,0.943817,-15.79117,-25.58768,-88.6,288.8
003656,364.0,125.5776,15.870143,15.881847,7.940923,0.856236,-16.91686,-26.784,-93.0,288.0
003658,366.0,126.492,18.942067,18.964124,9.482062,0.770569,-20.14888,-24.7416,-84.5,292.8
003700,368.0,127.4064,21.665949,21.685236,10.842618,0.680278,-19.58635,-15.21247,-51.1,297.7
003702,370.0,127.4064,22.90062,22.90062,11.45031,0.303846,-11.57835,-8.5899,-28.5,301.4
003704,372.0,127.1016,24.033262,24.035195,12.017598,0.283644,0.02339,-0.8235,-2.7,305.0
003706,374.0,126.7968,24.489446,24.491343,12.245671,0.114037,1.08552,3.42879,11.1,308.9
003708,376.0,125.8824,25.204853,25.221434,12.610717,0.182523,2.11151,3.75888,12.3,305.6
003710,378.0,124.968,26.131306,26.147299,13.07365,0.231466,1.42648,-0.51901,-1.7,305.3
003712,380.0,124.3584,26.389549,26.396589,13.198294,0.062322,1.76645,-6.78678,-22.6,300.3
003714,382.0,125.2728,25.308165,25.324678,12.662339,-0.267977,0.16983,-8.58135,-28.5,301.1
003716,384.0,125.5776,24.245577,24.247493,12.123746,-0.269297,2.12327,-1.1016,-3.6,306.0
003718,386.0,125.2728,23.466602,23.468581,11.734291,-0.194727,3.2154,-0.12236,-0.4,305.9
003720,388.0,124.968,23.687659,23.68962,11.84481,0.05526,1.51749,-0.153,-0.5,306.0
003722,390.0,124.6632,24.107868,24.109795,12.054897,0.105043,1.25695,-0.15315,-0.5,306.3
003724,392.0,124.968,22.987043,22.989064,11.494532,-0.280182,1.97359,-0.48768,-1.6,304.8
003726,394.0,125.2728,21.292158,21.294339,10.64717,-0.423681,2.58746,-2.97111,-9.7,306.3
003728,396.0,126.1872,19.64464,19.66591,9.832955,-0.407107,0.41857,-0.21434,-0.7,306.2
003730,398.0,127.1016,17.520221,17.544067,8.772033,-0.530461,0.64777,-0.3064,-1.0,306.4
003732,400.0,127.4064,14.923376,14.926488,7.463244,-0.654395,2.36104,-5.8578,-19.5,300.4
003734,402.0,127.7112,15.456095,15.4591,7.72955,0.133153,-2.73904,-10.2136,-34.0,300.4
003736,404.0,127.7112,17.088475,17.088475,8.544237,0.407343,-10.10562,-12.28636,-40.9,300.4
003738,406.0,128.3208,18.730953,18.74087,9.370435,0.413099,-10.51995,-6.32736,-20.8,304.2
003740,408.0,128.9304,18.657352,18.667309,9.333654,-0.01839,-2.59887,0.06146,0.2,307.3
003742,410.0,129.54,16.16697,16.178459,8.089229,-0.622212,1.65309,3.12324,10.2,306.2
003744,412.0,130.1496,12.532177,12.546995,6.273497,-0.907866,1.82308,-2.77656,-9.2,301.8
003746,414.0,130.7592,11.648729,11.664669,5.832335,-0.220581,-1.86648,-15.21884,-51.8,293.8
003748,416.0,131.064,12.740541,12.744186,6.372093,0.269879,-4.63441,-24.4692,-84.0,291.3
003750,418.0,131.9784,15.619655,15.646397,7.823199,0.725553,-17.69734,-23.55452,-79.9,294.8
003752,420.0,133.1976,17.842999,17.884604,8.942302,0.559552,-18.81837,-12.259,-41.0,299.0
003754,422.0,133.8072,18.282223,18.292383,9.146192,0.101945,-4.85626,-9.56362,-31.9,299.8
003756,424.0,134.112,18.018661,18.021239,9.01062,-0.067786,0.06553,-6.66315,-22.1,301.5
003758,426.0,134.4168,17.291394,17.294081,8.64704,-0.18179,0.5775,-4.48588,-14.8,303.1
003800,428.0,135.0264,16.278848,16.290258,8.145129,-0.250955,-0.08614,-0.73224,-2.4,305.1
003802,430.0,135.636,14.949053,14.961477,7.480738,-0.332195,0.08817,0.43232,1.4,308.8
003804,432.0,136.2456,11.436898,11.453133,5.726567,-0.877086,1.37023,6.58478,21.4,307.7
003806,434.0,135.9408,5.504352,5.512784,2.756392,-1.485087,3.15644,-2.88325,-9.5,303.5
003808,436.0,135.9408,5.019769,5.019769,2.509884,-0.123254,0.04991,-6.67776,-22.2,300.8
003810,438.0,135.3312,8.908957,8.929789,4.464895,0.977505,-4.4036,-11.57664,-38.9,297.6
003812,440.0,134.112,15.259401,15.30803,7.654015,1.59456,-15.1101,-14.46676,-48.4,298.9
003814,442.0,133.1976,20.065134,20.085959,10.042979,1.194482,-18.73531,-10.39824,-34.8,298.8
003816,444.0,131.9784,23.356974,23.388772,11.694386,0.825704,-12.10574,-8.48997,-27.9,304.3
003818,446.0,131.3688,24.690027,24.697551,12.348776,0.327195,0.3611,-0.21364,-0.7,305.2
003820,448.0,131.064,24.452033,24.453932,12.226966,-0.060905,2.34573,-0.12228,-0.4,305.7
003822,450.0,130.7592,24.104237,24.106164,12.053082,-0.086942,2.60959,-0.12224,-0.4,305.6
003824,452.0,130.7592,24.230563,24.230563,12.115281,0.031099,0.87313,-0.12228,-0.4,305.7
003826,454.0,130.4544,23.676965,23.678927,11.839464,-0.137909,2.85262,0.3421,1.1,311.0
003828,456.0,130.1496,22.955529,22.957553,11.478776,-0.180344,3.04546,13.7846,43.9,314.0
003830,458.0,129.8448,19.691253,19.693612,9.846806,-0.815985,6.26979,12.15625,38.9,312.5
003832,460.0,129.8448,14.874505,14.874505,7.437253,-1.204777,5.61279,11.31735,36.1,313.5
003834,462.0,129.54,9.52136,9.526237,4.763119,-1.337067,4.67692,4.14315,13.5,306.9
003836,464.0,129.54,6.975434,6.975434,3.487717,-0.637701,1.25837,-10.28216,-34.4,298.9
003838,466.0,129.2352,11.529783,11.533811,5.766905,1.139594,-12.12527,-12.22221,-40.7,300.3
003840,468.0,128.016,16.715174,16.759579,8.379789,1.306442,-12.95284,-2.4174,-7.9,306.0
003842,470.0,126.492,20.803041,20.85879,10.429395,1.024803,-10.49485,11.3436,36.0,315.1
003844,472.0,125.2728,21.316067,21.350906,10.675453,0.123029,3.55642,16.38545,52.1,314.5
003846,474.0,123.7488,18.526994,18.589569,9.294785,-0.690334,8.73808,19.48114,61.3,317.8
003848,476.0,122.5296,14.344146,14.395866,7.197933,-1.048426,8.25185,13.1124,42.0,312.2
003850,478.0,121.92,8.818333,8.839378,4.419689,-1.389122,5.38231,4.86857,15.7,310.1
003852,480.0,121.3104,4.4291,4.470854,2.235427,-1.092131,3.0178,-4.02192,-13.3,302.4
003854,482.0,121.0056,7.145847,7.152345,3.576172,0.670372,-3.18853,-12.77133,-42.9,297.7
003856,484.0,120.7008,12.157982,12.161802,6.080901,1.252365,-14.28948,-13.82049,-45.9,301.1
003858,486.0,120.396,16.032458,16.035355,8.017678,0.968389,-15.35182,-4.01122,-13.1,306.2
003900,488.0,119.4816,17.579917,17.603682,8.801841,0.392081,1.15789,-0.24512,-0.8,306.4
003902,490.0,118.2624,18.586249,18.626194,9.313097,0.255628,2.72779,1.51067,4.9,308.3
003904,492.0,116.7384,19.67064,19.729588,9.864794,0.275849,3.4826,5.1315,16.5,311.0
003906,494.0,115.824,19.72091,19.742098,9.871049,0.003127,3.30843,6.33012,20.4,310.3
003908,496.0,115.5192,17.881016,17.883613,8.941807,-0.464621,3.87363,7.35411,23.7,310.3
003910,498.0,115.5192,13.453601,13.453601,6.726801,-1.107503,4.64644,7.29249,23.7,307.7
003912,500.0,115.824,7.447583,7.453817,3.726909,-1.499946,2.37405,-3.65634,-12.2,299.7
003914,502.0,115.824,6.151823,6.151823,3.075912,-0.325499,0.50564,-15.1767,-51.1,297.0
003916,504.0,116.7384,9.591095,9.634586,4.817293,0.87069,-15.92157,-21.29958,-72.3,294.6
003918,506.0,117.348,13.857073,13.870475,6.935237,1.058972,-18.39844,-23.91675,-82.5,289.9
003920,508.0,117.6528,16.689957,16.69274,8.34637,0.705567,-12.01711,-23.16342,-78.6,294.7
003922,510.0,118.872,19.691706,19.729413,9.864706,0.759168,-23.25398,-14.06531,-46.9,299.9
003924,512.0,119.7864,20.637409,20.657656,10.328828,0.232061,-10.08137,-10.37877,-34.7,299.1
003926,514.0,120.396,20.511242,20.520299,10.26015,-0.034339,-1.78222,-10.4685,-35.0,299.1
003928,516.0,121.3104,20.40659,20.427067,10.213533,-0.023308,-4.96674,-10.85638,-36.2,299.9
003930,518.0,121.92,20.98553,20.994382,10.497191,0.141829,-5.27394,-9.00801,-29.7,303.3
003932,520.0,122.2248,21.337787,21.339964,10.669982,0.086396,-1.13261,-0.1854,-0.6,309.0
003934,522.0,122.5296,20.005479,20.007801,10.0039,-0.333041,1.79889,4.68008,15.2,307.9
003936,524.0,122.8344,17.36371,17.366385,8.683193,-0.660354,3.01413,-0.39702,-1.3,305.4
003938,526.0,123.444,15.656187,15.668051,7.834025,-0.424584,0.62349,-3.82788,-12.6,303.8
003940,528.0,123.444,14.877616,14.877616,7.438808,-0.197608,1.23703,-8.13826,-27.7,293.8
003942,530.0,123.1392,15.983011,15.985917,7.992959,0.277076,0.02681,-23.52896,-80.8,291.2
003944,532.0,123.1392,19.517207,19.517207,9.758604,0.882823,-20.76162,-16.2357,-54.3,299.0
003946,534.0,123.444,21.540973,21.54313,10.771565,0.50648,-9.98131,-8.15439,-27.1,300.9
003948,536.0,124.0536,21.438055,21.44672,10.72336,-0.024102,-1.7222,-0.67056,-2.2,304.8
003950,538.0,124.3584,19.811065,19.81341,9.906705,-0.408328,2.20109,9.07828,29.2,310.9
003952,540.0,124.6632,15.658445,15.661412,7.830706,-1.037999,4.302,9.32799,30.1,309.9
003954,542.0,125.5776,9.665741,9.708897,4.854449,-1.488128,1.69213,3.41264,11.2,304.7
003956,544.0,125.8824,5.851052,5.858985,2.929493,-0.962478,0.68109,-12.07152,-40.4,298.8
003958,546.0,126.1872,8.544429,8.549863,4.274932,0.672719,-7.64154,-18.71892,-63.8,293.4
004000,548.0,126.492,12.584948,12.588639,6.294319,1.009694,-13.76698,-20.8385,-71.0,293.5
004002,550.0,126.7968,16.372322,16.375159,8.187579,0.94663,-15.74298,-11.3544,-38.0,298.8
004004,552.0,127.4064,17.688466,17.698967,8.849484,0.330953,-8.9142,-5.0193,-16.5,304.2
004006,554.0,127.4064,17.899748,17.899748,8.949874,0.050195,0.31142,-0.2436,-0.8,304.5
004008,556.0,127.4064,16.768268,16.768268,8.384134,-0.28287,1.88332,-0.21343,-0.7,304.9
004010,558.0,127.1016,16.876859,16.879612,8.439806,0.027836,1.24129,-0.123,-0.4,307.5
004012,560.0,126.492,17.269744,17.2805,8.64025,0.100222,1.77277,5.35262,17.3,309.4
004014,562.0,125.8824,17.93034,17.9407,8.97035,0.16505,1.45863,13.2515,42.5,311.8
004016,564.0,125.5776,18.034616,18.037191,9.018596,0.024123,1.32974,17.53245,55.5,315.9
004018,566.0,124.6632,16.16118,16.187027,8.093514,-0.462541,5.2675,11.88477,38.7,307.1
004020,568.0,124.0536,13.502668,13.516421,6.758211,-0.667651,4.68053,-0.97376,-3.2,304.3
004022,570.0,122.5296,15.496929,15.571685,7.785842,0.513816,2.45112,-7.67842,-25.4,302.3
004024,572.0,121.92,17.623685,17.634224,8.817112,0.515635,-6.45094,-7.2178,-23.9,302.0
004026,574.0,122.5296,17.862923,17.873322,8.936661,0.059774,-4.17127,-9.47368,-31.6,299.8
004028,576.0,123.1392,16.73728,16.748378,8.374189,-0.281236,0.12555,-10.67198,-35.8,298.1
004030,578.0,123.7488,14.411174,14.424062,7.212031,-0.581079,1.05234,-8.56075,-28.3,302.5
004032,580.0,124.6632,12.188375,12.222627,6.111313,-0.550359,-0.62146,-0.18366,-0.6,306.1
004034,582.0,125.2728,8.482648,8.504524,4.252262,-0.929526,0.59445,1.2228,4.0,305.7
004036,584.0,125.5776,4.155355,4.166518,2.083259,-1.084502,0.27754,-0.94674,-3.1,305.4
004038,586.0,125.8824,1.254921,1.291406,0.645703,-0.718778,-2.18774,-1.00683,-3.3,305.1
004040,588.0,126.1872,0.942292,0.990362,0.495181,-0.075261,-0.28563,-7.29243,-24.3,300.1
004042,590.0,126.1872,4.351835,4.351835,2.175917,0.840368,-4.57717,-13.21026,-44.3,298.2
004044,592.0,125.8824,7.785658,7.791622,3.895811,0.859947,-5.16172,-20.17323,-69.3,291.1
004046,594.0,125.2728,13.640718,13.654333,6.827166,1.465678,-16.33198,-25.05289,-86.3,290.3
004048,596.0,124.3584,22.000093,22.019087,11.009544,2.091189,-40.90279,-17.99148,-60.7,296.4
004050,598.0,123.7488,24.91869,24.926145,12.463073,0.726764,-17.49314,-10.74716,-35.8,300.2
004052,600.0,123.444,26.429916,26.431674,13.215837,0.376382,-13.46795,-0.63945,-2.1,304.5
004054,602.0,122.2248,28.033829,28.060328,14.030164,0.407164,0.12508,-0.36528,-1.2,304.4
004056,604.0,121.0056,29.180427,29.205886,14.602943,0.28639,0.61555,-0.42854,-1.4,306.1
004058,606.0,119.7864,30.692039,30.716245,15.358123,0.37759,-0.90795,6.3654,20.6,309.0
004100,608.0,119.1768,30.809122,30.815152,15.407576,0.024726,0.47087,6.0177,19.5,308.6
004102,610.0,118.5672,28.869382,28.875817,14.437909,-0.484833,5.52122,0.7605,2.5,304.2
004104,612.0,117.9576,27.27216,27.278972,13.639486,-0.399211,5.15479,-8.29932,-27.6,300.7
004106,614.0,118.2624,26.024981,26.026766,13.013383,-0.313052,2.11632,-1.2208,-4.0,305.2
004108,616.0,118.5672,24.444831,24.446731,12.223366,-0.395009,2.98703,-0.24408,-0.8,305.1
004110,618.0,118.872,25.093732,25.095583,12.547792,0.162213,-2.50939,-0.27486,-0.9,305.4
004112,620.0,118.872,24.960231,24.960231,12.480115,-0.033838,1.15316,3.12797,10.1,309.7
004114,622.0,117.9576,26.690114,26.705774,13.352887,0.436386,-0.37729,8.65692,27.8,311.4
004116,624.0,117.6528,27.396687,27.398382,13.699191,0.173152,-0.32404,9.936,32.0,310.5
004118,626.0,115.5192,26.702579,26.787683,13.393841,-0.152675,7.69039,0.98208,3.2,306.9
004120,628.0,113.9952,27.625551,27.667556,13.833778,0.219968,2.69009,2.10112,6.7,313.6
004122,630.0,113.3856,27.119835,27.126686,13.563343,-0.135217,3.09397,11.55339,36.9,313.1
004124,632.0,112.776,23.963909,23.971662,11.985831,-0.788756,8.32217,11.1962,35.6,314.5
004126,634.0,112.1664,20.529838,20.538887,10.269443,-0.858194,7.66241,14.91025,47.5,313.9
004128,636.0,111.252,16.504943,16.530253,8.265127,-1.002158,7.9419,12.94164,41.4,312.6
004130,638.0,110.3376,11.281712,11.318708,5.659354,-1.302887,7.10379,-0.48704,-1.6,304.4
004132,640.0,109.728,7.274618,7.300115,3.650057,-1.004648,3.86355,-14.89473,-50.1,297.3
004134,642.0,109.1184,11.725559,11.741395,5.870697,1.11032,-9.12208,-20.14398,-68.1,295.8
004136,644.0,110.0328,13.607558,13.638247,6.819123,0.474213,-13.30753,-19.82032,-67.6,293.2
004138,646.0,111.252,15.156969,15.205925,7.602962,0.39192,-15.42945,-17.57568,-59.7,294.4
004140,648.0,111.8616,15.735773,15.747577,7.873788,0.135413,-5.68623,-15.58538,-52.6,296.3
004142,650.0,113.0808,16.783272,16.827497,8.413749,0.26998,-13.69119,-13.58368,-45.4,299.2
004144,652.0,113.6904,19.339428,19.349034,9.674517,0.630384,-14.74585,-9.71676,-32.4,299.9
004146,654.0,114.3,18.953047,18.962848,9.481424,-0.096547,-1.06611,-6.026,-20.0,301.3
004148,656.0,114.6048,18.936502,18.938955,9.469477,-0.005973,-0.19308,-3.24317,-10.7,303.1
004150,658.0,115.2144,19.102721,19.112445,9.556223,0.043373,-3.64143,-1.85623,-6.1,304.3
004152,660.0,115.2144,19.586599,19.586599,9.7933,0.118539,0.01637,-1.159,-3.8,305.0
004154,662.0,114.6048,19.839081,19.848444,9.924222,0.065461,2.08144,-0.18312,-0.6,305.2
004156,664.0,114.3,20.478551,20.480819,10.240409,0.158093,0.68971,-0.33495,-1.1,304.5
004158,666.0,114.3,20.943358,20.943358,10.471679,0.115635,0.0906,-2.9792,-9.8,304.0
004200,668.0,113.9952,20.631785,20.634036,10.317018,-0.077331,2.11349,-1.19028,-3.9,305.2
004202,670.0,113.6904,20.214626,20.216923,10.108462,-0.104278,2.2312,-1.12813,-3.7,304.9
004204,672.0,113.6904,19.828197,19.828197,9.914098,-0.097182,1.27549,-1.098,-3.6,305.0
004206,674.0,113.3856,19.808237,19.810582,9.905291,-0.004403,1.61022,-0.21392,-0.7,305.6
004208,676.0,113.0808,20.346889,20.349172,10.174586,0.134647,0.8251,-0.1528,-0.5,305.6
004210,678.0,112.776,20.742567,20.744806,10.372403,0.098909,1.05664,0.33704,1.1,306.4
004212,680.0,112.1664,21.409562,21.418239,10.709119,0.168358,1.52931,2.74031,8.9,307.9
004214,682.0,111.5568,21.106628,21.115429,10.557715,-0.075702,3.0255,3.22245,10.5,306.9
004216,684.0,111.252,20.466825,20.469095,10.234547,-0.161584,2.60088,2.92315,9.5,307.7
004218,686.0,111.252,19.200946,19.200946,9.600473,-0.317037,2.44458,2.17402,7.1,306.2
004220,688.0,111.252,17.564168,17.564168,8.782084,-0.409194,2.65067,-0.18366,-0.6,306.1
004222,690.0,111.5568,16.057192,16.060084,8.030042,-0.376021,1.34272,-0.18372,-0.6,306.2
004224,692.0,111.252,14.287349,14.2906,7.1453,-0.442371,3.06314,2.4948,8.1,308.0
004226,694.0,111.252,12.18753,12.18753,6.093765,-0.525768,2.09453,2.67003,8.7,306.9
004228,696.0,111.8616,9.752064,9.771098,4.885549,-0.604108,0.07257,-0.21434,-0.7,306.2
004230,698.0,112.1664,8.850966,8.856212,4.428106,-0.228722,-0.23232,-0.21427,-0.7,306.1
004232,700.0,112.1664,9.093735,9.093735,4.546867,0.059381,-0.09656,-0.0,-0.0,307.0
004234,702.0,111.252,9.131611,9.177279,4.588639,0.020886,2.62968,1.16888,3.8,307.6
004236,704.0,110.6424,8.251718,8.274204,4.137102,-0.225769,2.31352,2.02422,6.6,306.7
004238,706.0,110.0328,6.7852,6.812529,3.406265,-0.365418,2.42545,1.66914,5.4,309.1
004240,708.0,110.0328,5.273912,5.273912,2.636956,-0.384654,0.47325,0.88856,2.9,306.4
004242,710.0,110.0328,3.160973,3.160973,1.580487,-0.528235,0.27448,-0.0,-0.0,306.3
004244,712.0,110.0328,2.30656,2.30656,1.15328,-0.213604,-0.1066,-0.24512,-0.8,306.4
004246,714.0,110.0328,1.747962,1.747962,0.873981,-0.139649,-0.20342,-1.80245,-5.9,305.5
004248,716.0,110.3376,2.281539,2.301809,1.150904,0.138461,-3.2652,-2.66046,-8.7,305.8
004250,718.0,110.9472,2.583945,2.654879,1.32744,0.088268,-6.06671,-1.28352,-4.2,305.6
004252,720.0,110.9472,1.773161,1.773161,0.88658,-0.22043,-0.15946,-1.524,-5.0,304.8
004254,722.0,111.252,1.198015,1.236181,0.618091,-0.134245,-2.94422,-1.55805,-5.1,305.5
004256,724.0,110.9472,1.062125,1.104994,0.552497,-0.032797,0.58157,-1.19223,-3.9,305.7
004258,726.0,111.252,0.442552,0.53736,0.26868,-0.141909,-0.30462,-0.64302,-2.1,306.2
004300,728.0,111.252,0.177021,0.177021,0.08851,-0.090085,-0.33773,-0.3062,-1.0,306.2
004302,730.0,111.252,0.08851,0.08851,0.044255,-0.022127,-0.34562,-0.24496,-0.8,306.2
004304,732.0,111.252,0.22239,0.22239,0.111195,0.03347,-0.34261,-0.24512,-0.8,306.4
004306,734.0,111.252,0.0,0.0,0.0,-0.055597,-0.35,-0.2452,-0.8,306.5
004308,736.0,111.252,0.0,0.0,0.0,0.0,-0.35,-0.2452,-0.8,306.5
004310,738.0,111.252,0.0,0.0,0.0,0.0,-0.35,-0.2452,-0.8,306.5
004312,740.0,111.252,0.111195,0.111195,0.055597,0.027799,-0.34612,-0.24512,-0.8,306.4
004314,742.0,110.9472,0.0,0.3048,0.0,-0.027799,-0.35,-0.2452,-0.8,306.5
004316,744.0,110.9472,0.177021,0.177021,0.08851,0.044255,-0.34468,-0.18396,-0.6,306.6
004318,746.0,110.9472,0.0,0.0,0.0,-0.044255,-0.35,-0.1839,-0.6,306.5
004320,748.0,110.9472,0.0,0.0,0.0,0.0,-0.35,-0.18396,-0.6,306.6
004322,750.0,110.6424,0.22239,0.377307,0.188653,0.094327,-0.34418,-0.18396,-0.6,306.6
004324,752.0,110.6424,0.0,0.0,0.0,-0.094327,-0.35,-0.1839,-0.6,306.5
173041,61189.0,96.3168,41.410893,43.818773,0.000725,0.0,-0.35021,-1.05332,-3.4,309.8
173043,61191.0,97.8408,6.465135,6.64233,3.321165,1.66022,-24.87146,-0.55836,-1.8,310.2
173045,61193.0,103.9368,13.889135,15.168035,7.584017,2.131426,-88.30481,-1.51851,-4.9,309.9
173047,61195.0,107.8992,6.872557,7.933011,3.966505,-1.808756,-23.23676,-1.30116,-4.2,309.8
173049,61197.0,109.1184,2.800357,3.054251,1.527126,-1.219689,-7.99213,-1.27059,-4.1,309.9
173051,61199.0,108.8136,2.225659,2.246433,1.123217,-0.201955,0.75284,-1.33257,-4.3,309.9
173053,61201.0,106.9848,6.513199,6.765077,3.382539,1.129661,2.95742,-1.60212,-5.2,308.1
173055,61203.0,108.204,4.391601,4.557698,2.278849,-0.551845,-8.95708,-1.9808,-6.4,309.5
173057,61205.0,113.9952,14.908878,15.994144,7.997072,2.859112,-98.35221,-1.30074,-4.2,309.7
173059,61207.0,113.9952,0.629472,0.629472,0.314736,-3.841168,0.38337,-0.6208,-2.0,310.4
173101,61209.0,113.9952,1.696339,1.696339,0.84817,0.266717,-1.03979,-0.3105,-1.0,310.5
173103,61211.0,114.3,2.212761,2.233655,1.116827,0.134329,-3.25682,-0.2484,-0.8,310.5
173105,61213.0,115.2144,0.998691,1.354072,0.677036,-0.219896,-8.66962,-0.2484,-0.8,310.5
173107,61215.0,115.2144,0.716761,0.716761,0.358381,-0.159327,-0.28582,-0.2484,-0.8,310.5
173109,61217.0,115.2144,0.629472,0.629472,0.314736,-0.021823,-0.31892,-0.2484,-0.8,310.5
173111,61219.0,115.2144,0.442552,0.442552,0.221276,-0.04673,-0.32493,-0.2484,-0.8,310.5
173113,61221.0,115.2144,0.346358,0.346358,0.173179,-0.024049,-0.33268,-0.2484,-0.8,310.5
173115,61223.0,115.5192,0.284242,0.416769,0.208385,0.017603,-0.33423,-0.2484,-0.8,310.5
173117,61225.0,115.5192,0.08851,0.08851,0.044255,-0.082065,-0.34407,-0.24832,-0.8,310.4
173119,61227.0,115.5192,0.111195,0.111195,0.055597,0.005671,-0.3454,-0.24832,-0.8,310.4
173121,61229.0,115.824,0.456308,0.548744,0.274372,0.109388,-0.34394,-0.2484,-0.8,310.5
173123,61231.0,115.824,0.495287,0.495287,0.247644,-0.013364,-0.32677,-0.2484,-0.8,310.5
173125,61233.0,116.4336,0.554194,0.823859,0.411929,0.082143,-0.33434,-0.2484,-0.8,310.5
173127,61235.0,116.1288,0.453501,0.546412,0.273206,-0.069361,-0.31544,-0.2484,-0.8,310.5
173129,61237.0,116.1288,0.209047,0.209047,0.104524,-0.084341,-0.33586,-0.2484,-0.8,310.5
173131,61239.0,115.824,0.284242,0.416769,0.208385,0.051931,-0.33841,-0.24832,-0.8,310.4
173133,61241.0,115.824,0.22239,0.22239,0.111195,-0.048595,-0.33728,-0.2484,-0.8,310.5
173135,61243.0,115.5192,0.333585,0.451865,0.225932,0.057369,-0.33815,-0.24832,-0.8,310.4
173137,61245.0,115.5192,0.239356,0.239356,0.119678,-0.053127,-0.336,-0.24832,-0.8,310.4
173139,61247.0,115.5192,0.111195,0.111195,0.055597,-0.032041,-0.34418,-0.2484,-0.8,310.5
173141,61249.0,115.5192,0.284242,0.284242,0.142121,0.043262,-0.34137,-0.2484,-0.8,310.5
173143,61251.0,115.5192,0.177021,0.177021,0.08851,-0.026806,-0.341,-0.2484,-0.8,310.5
173145,61253.0,115.5192,0.0,0.0,0.0,-0.044255,-0.35,-0.2484,-0.8,310.5
173147,61255.0,115.5192,0.22239,0.22239,0.111195,0.055597,-0.34405,-0.2484,-0.8,310.5
173149,61257.0,115.5192,0.333585,0.333585,0.166792,0.027799,-0.33837,-0.2484,-0.8,310.5
173151,61259.0,115.5192,0.22239,0.22239,0.111195,-0.027799,-0.33863,-0.24832,-0.8,310.4
173153,61261.0,115.5192,0.142121,0.142121,0.071061,-0.020067,-0.34306,-0.2484,-0.8,310.5
173155,61263.0,115.5192,0.0,0.0,0.0,-0.035531,-0.35,-0.2484,-0.8,310.5
173157,61265.0,115.5192,0.0,0.0,0.0,0.0,-0.35,-0.2484,-0.8,310.5
173159,61267.0,115.5192,0.22239,0.22239,0.111195,0.055597,-0.34405,-0.2484,-0.8,310.5
173201,61269.0,115.5192,0.239356,0.239356,0.119678,0.004242,-0.34001,-0.24832,-0.8,310.4
173203,61271.0,115.5192,0.111195,0.111195,0.055597,-0.032041,-0.34418,-0.2484,-0.8,310.5
173205,61273.0,115.5192,0.08851,0.08851,0.044255,-0.005671,-0.34605,-0.24832,-0.8,310.4
173207,61275.0,115.5192,0.177021,0.177021,0.08851,0.022127,-0.34353,-0.2484,-0.8,310.5
173209,61277.0,115.2144,0.177021,0.352476,0.176238,0.043864,-0.33936,-0.2484,-0.8,310.5
173211,61279.0,115.2144,0.22239,0.22239,0.111195,-0.032522,-0.33833,-0.2484,-0.8,310.5
173213,61281.0,115.2144,0.08851,0.08851,0.044255,-0.03347,-0.34533,-0.2484,-0.8,310.5
173215,61283.0,115.2144,0.0,0.0,0.0,-0.022127,-0.35,-0.2484,-0.8,310.5
173217,61285.0,115.2144,0.177021,0.177021,0.08851,0.044255,-0.34468,-0.2484,-0.8,310.5
173219,61287.0,115.2144,0.177021,0.177021,0.08851,0.0,-0.37558,-0.2484,-0.8,310.5
173221,61289.0,114.9096,0.239356,0.387549,0.193775,0.052633,-0.3393,-0.2484,-0.8,310.5
173223,61291.0,114.6048,0.22239,0.377307,0.188653,-0.002561,-0.3335,-0.2484,-0.8,310.5
173225,61293.0,114.6048,0.0,0.0,0.0,-0.094327,-0.35,-0.2484,-0.8,310.5
173227,61295.0,114.6048,0.0,0.0,0.0,0.0,-0.35,-0.2484,-0.8,310.5
173229,61297.0,114.6048,0.177021,0.177021,0.08851,0.044255,-0.34468,-0.2484,-0.8,310.5
173231,61299.0,114.9096,0.284242,0.416769,0.208385,0.059938,-0.33938,-0.2484,-0.8,310.5
173233,61301.0,114.9096,0.08851,0.08851,0.044255,-0.082065,-0.34407,-0.24832,-0.8,310.4
173235,61303.0,115.2144,0.209047,0.369599,0.1848,0.070273,-0.3417,-0.2484,-0.8,310.5
173237,61305.0,115.5192,0.0,0.3048,0.0,-0.0924,-0.35,-0.24832,-0.8,310.4
173239,61307.0,115.824,0.177021,0.352476,0.176238,0.088119,-0.34392,-0.2484,-0.8,310.5
173241,61309.0,115.824,0.111195,0.111195,0.055597,-0.060321,-0.34326,-0.2484,-0.8,310.5
173243,61311.0,115.824,0.142121,0.142121,0.071061,0.007732,-0.34421,-0.2484,-0.8,310.5
173245,61313.0,116.1288,0.177021,0.352476,0.176238,0.052589,-0.34026,-0.2484,-0.8,310.5
173247,61315.0,116.1288,0.177021,0.177021,0.08851,-0.043864,-0.34012,-0.2484,-0.8,310.5
173249,61317.0,116.1288,0.111195,0.111195,0.055597,-0.016456,-0.34469,-0.2484,-0.8,310.5
173251,61319.0,116.1288,0.08851,0.08851,0.044255,-0.005671,-0.34605,-0.2484,-0.8,310.5
173253,61321.0,115.824,0.0,0.3048,0.0,-0.022127,-0.35,-0.2484,-0.8,310.5
173255,61323.0,115.824,0.08851,0.08851,0.044255,0.022127,-0.34677,-0.2484,-0.8,310.5
173257,61325.0,116.1288,0.0,0.3048,0.0,-0.022127,-0.35,-0.24832,-0.8,310.4
173259,61327.0,116.1288,0.0,0.0,0.0,0.0,-0.35,-0.2484,-0.8,310.5
173301,61329.0,116.4336,0.0,0.3048,0.0,0.0,-0.35,-0.2484,-0.8,310.5
173303,61331.0,116.4336,0.177021,0.177021,0.08851,0.044255,-0.34468,-0.2484,-0.8,310.5
173305,61333.0,116.7384,0.0,0.3048,0.0,-0.044255,-0.35,-0.2484,-0.8,310.5
173307,61335.0,117.0432,0.0,0.3048,0.0,0.0,-0.35,-0.2484,-0.8,310.5
173309,61337.0,117.0432,0.111195,0.111195,0.055597,0.027799,-0.34612,-0.2484,-0.8,310.5
173311,61339.0,117.348,0.177021,0.352476,0.176238,0.060321,-0.34106,-0.21735,-0.7,310.5
173313,61341.0,117.348,0.0,0.0,0.0,-0.088119,-0.35,-0.21728,-0.7,310.4
173315,61343.0,117.348,0.111195,0.111195,0.055597,0.027799,-0.34612,-0.21735,-0.7,310.5
173317,61345.0,117.6528,0.08851,0.317391,0.158696,0.05155,-0.34114,-0.21735,-0.7,310.5
173319,61347.0,117.6528,0.22239,0.22239,0.111195,-0.023751,-0.3389,-0.21728,-0.7,310.4
173321,61349.0,117.348,0.426363,0.524108,0.262054,0.07543,-0.33902,-0.21735,-0.7,310.5
173323,61351.0,117.348,0.111195,0.111195,0.055597,-0.103229,-0.34187,-0.21735,-0.7,310.5
173325,61353.0,117.6528,0.284242,0.416769,0.208385,0.076394,-0.34138,-0.21728,-0.7,310.4
173327,61355.0,117.9576,0.08851,0.317391,0.158696,-0.024844,-0.33405,-0.21728,-0.7,310.4
173329,61357.0,118.2624,0.284242,0.416769,0.208385,0.024844,-0.33511,-0.4656,-1.5,310.4
173331,61359.0,118.5672,0.177021,0.352476,0.176238,-0.016073,-0.33319,-0.68398,-2.2,310.9
173333,61361.0,118.2624,1.150636,1.190322,0.595161,0.209461,0.50182,-1.3959,-4.5,310.2
173335,61363.0,117.6528,1.997382,2.088336,1.044168,0.224504,1.34995,-1.08465,-3.5,309.9
173337,61365.0,117.348,1.597064,1.62589,0.812945,-0.115612,0.64836,-1.116,-3.6,310.0
173339,61367.0,117.348,2.033507,2.033507,1.016754,0.101905,-0.3229,-2.37391,-7.7,308.3
173341,61369.0,117.0432,3.259192,3.273413,1.636707,0.309977,0.36869,-5.81595,-19.1,304.5
173343,61371.0,116.7384,6.036407,6.044097,3.022048,0.692671,-2.41812,-16.33632,-54.4,300.3
173345,61373.0,116.1288,10.357857,10.37578,5.18789,1.082921,-7.11122,-1.05196,-3.4,309.4
173347,61375.0,115.5192,9.8926,9.911365,4.955682,-0.116104,2.18533,-0.27819,-0.9,309.1
173349,61377.0,115.2144,8.864521,8.86976,4.43488,-0.260401,1.59822,-10.31184,-34.1,302.4
173351,61379.0,113.6904,11.519834,11.620204,5.810102,0.687611,2.225,-7.91046,-25.7,307.8
173353,61381.0,112.776,12.797428,12.830054,6.415027,0.302462,1.74523,-1.0829,-3.5,309.4
173355,61383.0,112.1664,14.189642,14.20273,7.101365,0.343169,0.66095,-0.0623,-0.2,311.5
173357,61385.0,111.5568,14.183103,14.196198,7.098099,-0.001633,2.09108,3.1824,10.2,312.0
173359,61387.0,110.9472,12.158565,12.173837,6.086918,-0.50559,3.76681,3.26025,10.5,310.5
173401,61389.0,110.3376,10.567447,10.585015,5.292507,-0.397206,3.11206,-0.27855,-0.9,309.5
173403,61391.0,110.6424,10.734351,10.738677,5.369339,0.038416,-2.0271,-7.3248,-24.0,305.2
173405,61393.0,110.0328,13.909508,13.922859,6.96143,0.796046,-7.61716,-9.5142,-31.4,303.0
173407,61395.0,108.8136,17.087259,17.1307,8.56535,0.80196,0.00274,-10.66248,-35.4,301.2
173409,61397.0,107.8992,19.664158,19.685407,9.842704,0.638677,-7.42359,-11.6186,-38.6,301.0
173411,61399.0,106.9848,21.805874,21.825037,10.912519,0.534908,0.0789,-12.40532,-41.2,301.1
173413,61401.0,106.9848,23.654336,23.654336,11.827168,0.457325,-15.59067,-12.37464,-40.8,303.3
173415,61403.0,106.3752,25.611038,25.618292,12.809146,0.490989,-12.53398,-8.85513,-29.1,304.3
173417,61405.0,106.0704,26.771191,26.772926,13.386463,0.288658,-0.99735,-6.31557,-20.7,305.1
173419,61407.0,105.4608,27.417028,27.423804,13.711902,0.16272,0.62427,-2.06561,-6.7,308.3
173421,61409.0,104.8512,27.236602,27.243423,13.621712,-0.045095,2.34476,-0.33957,-1.1,308.7
173423,61411.0,103.9368,26.701456,26.717108,13.358554,-0.131579,4.05128,-0.37044,-1.2,308.7
173425,61413.0,103.632,26.54253,26.54428,13.27214,-0.043207,1.66528,-1.81071,-5.9,306.9
173427,61415.0,103.632,26.97455,26.97455,13.487275,0.107567,-0.52341,-5.16464,-16.9,305.6
173429,61417.0,102.7176,26.86116,26.87672,13.43836,-0.024457,3.16713,-5.795,-19.0,305.0
173431,61419.0,103.0224,26.861142,26.862871,13.431436,-0.003462,-0.48722,-5.71285,-18.7,305.5
173433,61421.0,103.3272,24.327017,24.328927,12.164463,-0.633487,4.69862,-3.2084,-10.4,308.5
173435,61423.0,103.632,24.106769,24.108696,12.054348,-0.055058,0.63881,-0.15455,-0.5,309.1
173437,61425.0,103.632,22.803378,22.803378,11.401689,-0.326329,3.12419,8.3475,26.5,315.0
173439,61427.0,104.8512,20.736913,20.772723,10.386362,-0.507663,0.37168,9.34362,29.7,314.6
173441,61429.0,105.4608,16.441221,16.452518,8.226259,-1.080052,3.9213,7.2105,23.0,313.5
173443,61431.0,106.0704,12.153202,12.168481,6.084241,-1.071009,2.2818,7.03125,22.5,312.5
173445,61433.0,106.3752,6.366739,6.374031,3.187015,-1.448613,1.75476,0.0615,0.2,307.5
173447,61435.0,107.2896,5.176893,5.257028,2.628514,-0.27925,-6.94365,-9.08006,-29.8,304.7
173449,61437.0,107.5944,8.806677,8.81195,4.405975,0.88873,-9.64031,-11.2875,-37.5,301.0
173451,61439.0,107.5944,12.783819,12.783819,6.39191,0.992967,-14.85074,-14.43402,-47.7,302.6
173453,61441.0,107.2896,16.152226,16.155102,8.077551,0.842821,-13.50018,-8.6944,-28.6,304.0
173455,61443.0,106.9848,18.479859,18.482373,9.241186,0.581817,-11.2161,-9.14456,-30.2,302.8
173457,61445.0,106.68,19.730398,19.732752,9.866376,0.312595,-0.22276,-9.74694,-32.2,302.7
173459,61447.0,106.0704,21.38574,21.394426,10.697213,0.415419,-0.01527,-10.06008,-33.4,301.2
173501,61449.0,105.7656,22.457693,22.459762,11.229881,0.266334,0.04743,-10.3284,-34.2,302.0
173503,61451.0,105.156,23.6158,23.623666,11.811833,0.290976,0.76039,-7.01316,-23.1,303.6
173505,61453.0,104.8512,24.517934,24.519829,12.259914,0.224041,0.29044,-3.978,-13.0,306.0
173507,61455.0,104.2416,23.798304,23.806111,11.903055,-0.17843,4.02537,-0.80054,-2.6,307.9
173509,61457.0,103.632,23.606652,23.614522,11.807261,-0.047897,3.09801,0.74616,2.4,310.9
173511,61459.0,103.3272,22.63605,22.638102,11.319051,-0.244105,3.42413,4.45016,14.3,311.2
173513,61461.0,103.0224,21.113376,21.115576,10.557788,-0.380631,4.03317,3.85516,12.4,310.9
173515,61463.0,102.4128,19.797643,19.807026,9.903513,-0.327138,4.35098,2.4656,8.0,308.2
173517,61465.0,102.7176,18.465827,18.468343,9.234171,-0.334671,1.54606,-1.38555,-4.5,307.9
173519,61467.0,102.108,18.507165,18.517202,9.258601,0.012215,2.29829,1.08815,3.5,310.9
173521,61469.0,100.2792,19.804984,19.889241,9.944621,0.34301,3.96533,9.89602,31.1,318.2
173523,61471.0,98.1456,21.261718,21.368503,10.684251,0.369815,4.63793,18.03108,56.4,319.7
173525,61473.0,96.6216,21.088817,21.143812,10.571906,-0.056172,5.52854,16.39988,51.8,316.6
173527,61475.0,95.4024,17.505693,17.548098,8.774049,-0.898929,8.65211,2.08772,6.7,311.6
173529,61477.0,94.488,17.257921,17.282129,8.641064,-0.066492,3.48844,1.48416,4.8,309.2
173531,61479.0,93.2688,16.205881,16.251677,8.125839,-0.257613,5.1814,-4.68792,-15.3,306.4
173533,61481.0,92.0496,16.057943,16.104161,8.05208,-0.036879,4.12245,-5.77017,-18.9,305.3
173535,61483.0,91.1352,16.013336,16.039422,8.019711,-0.016185,3.14723,-6.87944,-22.6,304.4
173537,61485.0,90.8304,18.499896,18.502407,9.251203,0.615746,-11.84981,-5.2802,-17.0,310.6
173539,61487.0,90.2208,18.802151,18.812031,9.406015,0.077406,1.96025,3.62036,11.6,312.1
173541,61489.0,89.6112,19.127418,19.13713,9.568565,0.081275,1.95475,7.15464,22.8,313.8
173543,61491.0,89.3064,19.148206,19.150631,9.575316,0.003375,1.51776,6.92835,22.1,313.5
173545,61493.0,89.3064,15.449674,15.449674,7.724837,-0.925239,4.58952,7.27552,23.2,313.6
173547,61495.0,89.3064,13.817251,13.817251,6.908626,-0.408106,1.9625,6.62288,21.2,312.4
173549,61497.0,89.3064,5.995897,5.995897,2.997949,-1.955339,3.3383,1.67562,5.4,310.3
173551,61499.0,90.2208,0.832402,1.236536,0.618268,-1.18984,-7.53438,-0.279,-0.9,310.0
173553,61501.0,91.44,0.555975,1.339984,0.669992,0.025862,-11.934,-0.279,-0.9,310.0
173555,61503.0,92.0496,0.58347,0.84383,0.421915,-0.124038,-0.28314,-0.27873,-0.9,309.7
173557,61505.0,92.6592,2.285282,2.36519,1.182595,0.38034,-6.76225,-0.3081,-1.0,308.1
173559,61507.0,92.6592,3.882031,3.882031,1.941015,0.37921,-2.36167,-6.128,-20.0,306.4
173601,61509.0,93.2688,2.329982,2.408408,1.204204,-0.368405,-5.00144,-12.665,-42.5,298.0
173603,61511.0,93.5736,7.056342,7.062922,3.531461,1.163628,-10.30324,-20.36556,-69.2,294.3
173605,61513.0,92.6592,16.129335,16.155234,8.077617,2.273078,-30.31686,-24.71166,-84.6,292.1
173607,61515.0,92.0496,23.575982,23.583862,11.791931,1.857157,-42.08405,-24.47093,-82.7,295.9
173609,61517.0,92.0496,30.581806,30.581806,15.290903,1.749486,-62.5982,-0.09249,-0.3,308.3
173611,61519.0,93.8784,28.532408,28.590957,14.295478,-0.497713,-1.29621,0.67738,2.2,307.9
173613,61521.0,93.8784,27.289291,27.289291,13.644646,-0.325416,2.8191,-0.24616,-0.8,307.7
173615,61523.0,94.1832,26.941896,26.94362,13.47181,-0.086418,0.14117,-1.25419,-4.1,305.9
173617,61525.0,93.5736,26.002714,26.009859,13.004929,-0.233441,4.13654,-5.96115,-19.5,305.7
173619,61527.0,92.6592,25.870589,25.886744,12.943372,-0.030778,3.50471,-0.3082,-1.0,308.2
173621,61529.0,91.7448,25.957343,25.973444,12.986722,0.021675,3.08255,-0.27747,-0.9,308.3
173623,61531.0,91.44,25.851964,25.85376,12.92688,-0.029921,1.76059,-0.27738,-0.9,308.2
173625,61533.0,91.1352,25.323184,25.325019,12.662509,-0.132185,2.66076,-0.3081,-1.0,308.1
173627,61535.0,90.2208,24.594755,24.611748,12.305874,-0.178318,4.90122,-6.94085,-24.5,283.3
173629,61537.0,89.6112,26.470172,26.477191,13.238595,0.466361,-12.92831,-48.92915,-178.9,273.5
173631,61539.0,89.0016,31.969758,31.97557,15.987785,1.374595,-48.6714,-7.26614,-23.8,305.3
173633,61541.0,88.6968,33.014577,33.015984,16.507992,0.260103,-3.62751,-0.0,-0.0,306.1
173635,61543.0,89.0016,33.098268,33.099671,16.549836,0.020922,-3.10617,-0.3062,-1.0,306.2
173637,61545.0,89.3064,31.21152,31.213008,15.606504,-0.471666,2.21437,-10.9409,-37.0,295.7
173639,61547.0,89.6112,30.483465,30.484989,15.242494,-0.182005,-0.17163,-19.3356,-65.5,295.2
173641,61549.0,89.916,31.011341,31.012839,15.50642,0.131963,-3.19971,-19.12977,-62.7,305.1
173643,61551.0,89.916,31.579955,31.579955,15.789978,0.141779,-2.67336,-0.3672,-1.2,306.0
173645,61553.0,89.6112,30.753408,30.754919,15.377459,-0.206259,1.7,-0.36792,-1.2,306.6
173647,61555.0,89.6112,31.12218,31.12218,15.56109,0.091816,-2.01014,-0.36804,-1.2,306.7
173649,61557.0,88.6968,30.804413,30.817982,15.408991,-0.07605,2.25323,-0.36828,-1.2,306.9
173651,61559.0,87.7824,30.353702,30.367472,15.183736,-0.112627,2.74691,-0.39884,-1.3,306.8
173653,61561.0,87.1728,30.472081,30.478178,15.239089,0.027677,0.58444,-0.39897,-1.3,306.9
173655,61563.0,86.5632,29.771359,29.777599,14.8888,-0.175145,2.62545,-0.4298,-1.4,307.0
173657,61565.0,85.9536,29.792262,29.798498,14.899249,0.005224,1.04862,-0.39949,-1.3,307.3
173659,61567.0,85.0392,29.681453,29.695535,14.847767,-0.025741,2.22983,6.1578,19.8,311.0
173701,61569.0,84.1248,28.676804,28.691379,14.34569,-0.251038,4.47733,5.81009,18.7,310.7
173703,61571.0,83.5152,27.593151,27.599884,13.799942,-0.272874,4.07186,5.39414,17.3,311.8
173705,61573.0,82.9056,26.625021,26.631999,13.315999,-0.241972,4.06071,2.62055,8.5,308.3
173707,61575.0,82.6008,26.369456,26.371218,13.185609,-0.065195,1.88583,-0.12304,-0.4,307.6
173709,61577.0,81.9912,26.645011,26.651984,13.325992,0.070191,1.62576,-0.3076,-1.0,307.6
173711,61579.0,81.0768,27.252655,27.267991,13.633995,0.154001,1.62634,-0.33847,-1.1,307.7
173713,61581.0,79.5528,28.019692,28.061107,14.030553,0.198279,2.71343,-0.40001,-1.3,307.7
173715,61583.0,78.0288,30.085682,30.124257,15.062128,0.515788,-0.94844,-0.40001,-1.3,307.7
173717,61585.0,78.3336,30.635017,30.636534,15.318267,0.128069,-2.99764,-0.39884,-1.3,306.8
173719,61587.0,78.0288,30.029008,30.030554,15.015277,-0.151495,1.46166,-4.45998,-14.7,303.4
173721,61589.0,78.0288,29.758511,29.758511,14.879255,-0.068011,-0.04577,-7.75936,-25.6,303.1
173723,61591.0,78.0288,29.58979,29.58979,14.794895,-0.04218,-0.2089,-7.06456,-23.3,303.2
173725,61593.0,79.8576,30.320855,30.375957,15.187978,0.196542,-19.4771,-5.2173,-17.0,306.9
173727,61595.0,80.1624,28.462751,28.464383,14.232192,-0.477893,2.9331,-0.36864,-1.2,307.2
173729,61597.0,80.772,27.252647,27.259464,13.629732,-0.30123,0.88719,-0.3074,-1.0,307.4
173731,61599.0,81.9912,25.678108,25.707035,12.853518,-0.388107,0.12415,-0.27711,-0.9,307.9
173733,61601.0,82.9056,23.764389,23.781974,11.890987,-0.481266,1.75947,-0.1539,-0.5,307.8
173735,61603.0,83.82,21.999741,22.018736,11.009368,-0.440809,1.1004,-0.18456,-0.6,307.6
173737,61605.0,84.7344,20.127437,20.148198,10.074099,-0.467634,0.86942,-0.21539,-0.7,307.7
173739,61607.0,85.6488,18.238679,18.261586,9.130793,-0.471653,0.49548,-0.21539,-0.7,307.7
173741,61609.0,86.5632,16.551732,16.576971,8.288485,-0.421154,-0.09512,-0.18474,-0.6,307.9
173743,61611.0,87.1728,15.086497,15.098808,7.549404,-0.36954,0.27515,8.39818,26.9,312.2
173745,61613.0,87.4776,10.822143,10.826435,5.413217,-1.068094,2.65416,5.363,17.3,310.0
173747,61615.0,87.7824,5.585038,5.593349,2.796675,-1.308271,1.15929,1.44854,4.7,308.2
173749,61617.0,87.7824,1.705065,1.705065,0.852533,-0.972071,0.20759,-1.2224,-4.0,305.6
173751,61619.0,87.7824,3.013976,3.013976,1.506988,0.327228,-1.75637,-9.67464,-32.4,298.6
173753,61621.0,87.7824,7.796209,7.796209,3.898104,1.195558,-10.6716,-16.51156,-56.2,293.8
173755,61623.0,87.7824,13.35776,13.35776,6.67888,1.390388,-20.73299,-21.39627,-73.3,291.9
173757,61625.0,87.4776,18.694155,18.69664,9.34832,1.33472,-25.21288,-12.75,-42.5,300.0
173759,61627.0,87.1728,21.701058,21.703198,10.851599,0.75164,-17.49739,-8.66453,-28.7,301.9
173801,61629.0,86.868,23.399336,23.401321,11.70066,0.42453,-11.71564,-1.40852,-4.6,306.2
173803,61631.0,85.9536,24.305007,24.322202,12.161101,0.23022,2.05714,-0.15325,-0.5,306.5
173805,61633.0,85.344,24.547393,24.554961,12.277481,0.05819,2.34317,-0.24536,-0.8,306.7
173807,61635.0,84.7344,24.034946,24.042676,12.021338,-0.128071,3.78783,-0.15345,-0.5,306.9
173809,61637.0,84.1248,23.579327,23.587206,11.793603,-0.113868,3.5506,4.40058,14.2,309.9
173811,61639.0,83.82,22.698719,22.700765,11.350383,-0.22161,3.28547,4.27662,13.8,309.9
173813,61641.0,83.82,21.392926,21.392926,10.696463,-0.32696,2.87785,0.9231,3.0,307.7
173815,61643.0,83.5152,20.654185,20.656434,10.328217,-0.184123,2.76097,-0.12292,-0.4,307.3
173817,61645.0,83.2104,19.951938,19.954266,9.977133,-0.175542,2.6195,-1.69792,-5.6,303.2
173819,61647.0,82.9056,20.64704,20.64929,10.324645,0.173756,0.60135,-8.25288,-27.4,301.2
173821,61649.0,82.9056,21.701057,21.701057,10.850529,0.262942,-10.0184,-10.73142,-35.7,300.6
173823,61651.0,82.296,23.132776,23.140806,11.570403,0.359937,0.29404,-11.14884,-37.2,299.7
173825,61653.0,81.9912,24.911592,24.913457,12.456728,0.443163,-13.48092,-9.67494,-32.1,301.4
173827,61655.0,81.3816,25.923523,25.930689,12.965345,0.254308,0.46019,-3.27527,-10.7,306.1
173829,61657.0,80.772,25.815577,25.822774,12.911387,-0.026979,2.62103,-0.3066,-1.0,306.6
173831,61659.0,80.4672,26.256915,26.258684,13.129342,0.108977,0.58131,-0.3066,-1.0,306.6
173833,61661.0,79.8576,26.57927,26.586259,13.29313,0.081894,1.55638,-0.4584,-1.5,305.6
173835,61663.0,79.248,26.249311,26.256388,13.128194,-0.082468,2.92393,-3.10794,-10.2,304.7
173837,61665.0,78.6384,26.362702,26.369749,13.184875,0.028341,2.03941,-5.03976,-16.6,303.6
173839,61667.0,78.3336,27.03485,27.036568,13.518284,0.166704,-0.13684,-2.97111,-9.7,306.3
173841,61669.0,77.724,27.254393,27.26121,13.630605,0.05616,1.53474,-0.3065,-1.0,306.5
173843,61671.0,77.724,26.696168,26.696168,13.348084,-0.14126,1.51366,-0.3064,-1.0,306.4
173845,61673.0,77.4192,26.362702,26.364464,13.182232,-0.082926,2.02458,-4.57077,-15.1,302.7
173847,61675.0,77.1144,26.365226,26.366988,13.183494,0.000631,1.38033,-7.44888,-24.6,302.8
173849,61677.0,77.1144,26.803235,26.803235,13.401618,0.109062,-0.47476,-7.3688,-24.4,302.0
173851,61679.0,76.8096,27.257121,27.258825,13.629413,0.113898,0.2024,-7.47224,-24.8,301.3
173853,61681.0,76.8096,28.035087,28.035087,14.017543,0.194065,-1.60878,-7.48712,-24.8,301.9
173855,61683.0,77.1144,28.368507,28.370145,14.185072,0.083765,-1.70175,-7.63301,-25.3,301.7
173857,61685.0,77.1144,28.707931,28.707931,14.353966,0.084447,-0.96048,-7.64794,-25.4,301.1
173859,61687.0,77.1144,29.363993,29.363993,14.681996,0.164015,-1.89633,-5.71659,-18.7,305.7
173901,61689.0,77.1144,29.035359,29.035359,14.51768,-0.082158,0.32741,-0.3978,-1.3,306.0
173903,61691.0,76.8096,28.361469,28.363107,14.181554,-0.168063,2.13422,-0.3672,-1.2,306.0
173905,61693.0,76.5048,28.244066,28.24571,14.122855,-0.02935,1.0244,-0.67034,-2.2,304.7
173907,61695.0,76.2,28.139133,28.140784,14.070392,-0.026231,1.03375,-5.27394,-17.4,303.1
173909,61697.0,76.2,28.027965,28.027965,14.013983,-0.028205,0.21388,-5.82388,-19.4,300.2
173911,61699.0,76.2,28.132456,28.132456,14.066228,0.026122,-0.26715,-10.89,-36.3,300.0
173913,61701.0,76.2,28.689519,28.689519,14.344759,0.139266,-1.41286,-5.8045,-19.0,305.5
173915,61703.0,76.2,28.583806,28.583806,14.291903,-0.026428,0.01216,-0.36672,-1.2,305.6
173917,61705.0,76.2,28.137324,28.137324,14.068662,-0.11162,0.8633,-0.33682,-1.1,306.2
173919,61707.0,76.2,27.476687,27.476687,13.738344,-0.165159,1.4913,-0.33671,-1.1,306.1
173921,61709.0,75.8952,26.918479,26.920205,13.460102,-0.139121,2.31037,-0.306,-1.0,306.0
173923,61711.0,75.8952,26.245731,26.245731,13.122866,-0.168618,1.84062,-0.3064,-1.0,306.4
173925,61713.0,75.5904,25.798588,25.800389,12.900194,-0.111336,2.38986,-0.27567,-0.9,306.3
173927,61715.0,75.2856,25.248845,25.250685,12.625342,-0.137426,2.71767,-0.27558,-0.9,306.2
173929,61717.0,75.2856,24.58427,24.58427,12.292135,-0.166603,2.20309,-0.1839,-0.6,306.5
173931,61719.0,75.5904,24.142434,24.144358,12.072179,-0.109978,1.01925,-0.1533,-0.5,306.6
173933,61721.0,75.8952,23.356968,23.358956,11.679478,-0.196351,1.4658,-0.18288,-0.6,304.8
173935,61723.0,76.2,22.808863,22.810899,11.40545,-0.137014,0.99167,-7.53753,-25.1,300.3
173937,61725.0,75.8952,23.356967,23.358956,11.679478,0.137014,0.93799,-14.19008,-48.2,294.4
173939,61727.0,76.2,25.256749,25.258588,12.629294,0.474908,-10.29102,-18.821,-63.8,295.0
173941,61729.0,76.2,27.270899,27.270899,13.63545,0.503078,-20.74823,-18.6102,-63.0,295.4
173943,61731.0,76.2,29.093124,29.093124,14.546562,0.455556,-21.76806,-11.5221,-38.6,298.5
173945,61733.0,75.8952,30.286915,30.288449,15.144224,0.298831,-2.61102,-9.2814,-31.0,299.4
173947,61735.0,75.8952,30.813698,30.813698,15.406849,0.131312,-2.23076,-8.30169,-27.7,299.7
173949,61737.0,75.8952,31.471273,31.471273,15.735637,0.164394,-2.82982,-8.2555,-27.5,300.2
173951,61739.0,76.2,31.474257,31.475733,15.737867,0.001115,-2.2041,-8.18181,-27.3,299.7
173953,61741.0,76.2,31.912944,31.912944,15.956472,0.109303,-2.5242,-8.15184,-27.2,299.7
173955,61743.0,75.8952,32.252475,32.253915,16.126958,0.085243,-1.58211,-8.18454,-27.3,299.8
173957,61745.0,75.8952,33.044913,33.044913,16.522457,0.19775,-3.9129,-7.11828,-23.4,304.2
173959,61747.0,75.5904,33.183294,33.184694,16.592347,0.034945,-1.53292,-0.42364,-1.4,302.6
174001,61749.0,75.2856,32.619007,32.620431,16.310216,-0.141065,0.40412,-8.80236,-29.4,299.4
174003,61751.0,75.2856,33.067642,33.067642,16.533821,0.111802,-3.09424,-8.8803,-29.7,299.0
174005,61753.0,74.676,33.610687,33.616215,16.808107,0.137143,-1.86649,-0.63903,-2.1,304.3
174007,61755.0,74.3712,33.1702,33.171601,16.5858,-0.111154,-0.11099,-17.83509,-61.1,291.9
174009,61757.0,73.7616,33.933947,33.939422,16.969711,0.191956,-2.57466,-20.20095,-69.3,291.5
174011,61759.0,73.7616,35.947435,35.947435,17.973718,0.502003,-33.36395,-18.2714,-62.0,294.7
174013,61761.0,73.4568,37.477807,37.479046,18.739523,0.382903,-28.63952,-11.91371,-40.1,297.1
174015,61763.0,73.152,38.226048,38.227263,19.113632,0.187055,-5.86918,-8.74368,-28.8,303.6
174017,61765.0,73.152,38.001596,38.001596,19.000798,-0.056417,-3.89982,0.33418,1.1,303.8
174019,61767.0,72.5424,37.330918,37.335895,18.667947,-0.166426,-0.59364,-7.335,-25.0,293.4
174021,61769.0,71.628,37.142485,37.153739,18.57687,-0.045538,-0.94126,-21.61614,-74.9,288.6
174023,61771.0,71.628,39.093668,39.093668,19.546834,0.484982,-38.16433,-20.86424,-71.6,291.4
174025,61773.0,70.7136,39.778628,39.789136,19.894568,0.173867,-4.96832,-16.44852,-56.1,293.2
174027,61775.0,70.104,40.423997,40.428593,20.214297,0.159864,-6.0983,-11.30976,-37.4,302.4
174029,61777.0,69.4944,40.581135,40.585714,20.292857,0.03928,-4.77296,0.4952,1.6,309.5
174031,61779.0,69.1896,38.881455,38.88265,19.441325,-0.425766,0.67898,12.63472,40.6,311.2
174033,61781.0,70.104,36.126845,36.138415,18.069208,-0.686058,1.1085,21.7396,68.0,319.7
174035,61783.0,70.104,31.054856,31.054856,15.527428,-1.27089,10.38293,25.7114,80.6,319.0
174037,61785.0,70.104,25.137101,25.137101,12.568551,-1.479438,11.72493,20.36972,64.4,316.3
174039,61787.0,70.7136,19.174938,19.184626,9.592313,-1.488119,7.25875,15.75987,49.7,317.1
174041,61789.0,71.0184,11.862916,11.866831,5.933415,-1.829449,5.67367,7.74648,25.2,307.4
174043,61791.0,71.628,5.681102,5.713715,2.856857,-1.538279,0.72124,0.70518,2.3,306.6
174045,61793.0,71.3232,1.196691,1.234898,0.617449,-1.119704,0.98049,-0.306,-1.0,306.0
174047,61795.0,71.628,0.554001,0.632313,0.316156,-0.150647,-0.29499,-0.45855,-1.5,305.7
174049,61797.0,71.628,0.346247,0.346247,0.173123,-0.071517,-0.32788,-0.42812,-1.4,305.8
174051,61799.0,71.9328,0.377599,0.485267,0.242633,0.034755,-0.33406,-0.39728,-1.3,305.6
174053,61801.0,72.5424,0.265386,0.664862,0.332431,0.044899,-0.33013,-0.5499,-1.8,305.5
174055,61803.0,72.8472,0.284182,0.416728,0.208364,-0.062033,-0.32453,-0.51969,-1.7,305.7
174057,61805.0,73.152,0.176924,0.352427,0.176214,-0.016075,-0.33319,-0.39741,-1.3,305.7
174059,61807.0,73.4568,0.111195,0.324449,0.162225,-0.006995,-0.33539,-0.33616,-1.1,305.6
174101,61809.0,73.7616,0.239338,0.387538,0.193769,0.015772,-0.33513,-0.33616,-1.1,305.6
174103,61811.0,74.0664,0.0,0.3048,0.0,-0.096885,-0.35,-0.33627,-1.1,305.7
174105,61813.0,74.3712,0.22239,0.377307,0.188653,0.094327,-0.34418,-0.33671,-1.1,306.1
174107,61815.0,74.676,0.0,0.3048,0.0,-0.094327,-0.35,-0.33649,-1.1,305.9
174109,61817.0,74.676,0.111195,0.111195,0.055597,0.027799,-0.34612,-0.33616,-1.1,305.6
174111,61819.0,74.9808,0.0,0.3048,0.0,-0.027799,-0.35,-0.33638,-1.1,305.8
174113,61821.0,75.2856,0.0,0.3048,0.0,0.0,-0.35,-0.33638,-1.1,305.8
174115,61823.0,75.2856,0.22239,0.22239,0.111195,0.055597,-0.34405,-0.33605,-1.1,305.5
174117,61825.0,75.5904,0.0,0.3048,0.0,-0.055597,-0.35,-0.33616,-1.1,305.6
174119,61827.0,75.8952,0.088462,0.317378,0.158689,0.079345,-0.34371,-0.33671,-1.1,306.1
174121,61829.0,75.8952,0.0,0.0,0.0,-0.079345,-0.35,-0.33627,-1.1,305.7
174123,61831.0,75.8952,0.0,0.0,0.0,0.0,-0.35,-0.427,-1.4,305.0
174125,61833.0,75.8952,0.85502,0.85502,0.42751,0.213755,-0.65305,-3.92607,-13.1,299.7
174127,61835.0,75.8952,5.039551,5.039551,2.519776,1.046133,-6.26639,-15.2033,-51.8,293.5
174129,61837.0,75.8952,11.407891,11.407891,5.703946,1.592085,-19.96699,-22.4825,-78.2,287.5
174131,61839.0,75.8952,17.111681,17.111681,8.55584,1.425947,-27.23733,-28.71492,-94.8,302.9
174133,61841.0,75.8952,20.769083,20.769083,10.384542,0.914351,-22.81325,-2.66644,-8.9,299.6
174135,61843.0,75.5904,21.792874,21.795005,10.897503,0.256481,0.10793,-7.605,-25.0,304.2
174137,61845.0,75.2856,22.348676,22.350754,11.175377,0.138937,0.87965,-0.1525,-0.5,305.0
174139,61847.0,74.9808,22.018195,22.020304,11.010152,-0.082612,2.29074,2.05128,6.6,310.8
174141,61849.0,74.676,20.825227,20.827458,10.413729,-0.298211,3.47787,13.34375,42.7,312.5
174143,61851.0,74.3712,16.177773,16.180644,8.090322,-1.161703,6.82466,10.12375,32.5,311.5
174145,61853.0,74.0664,11.502166,11.506203,5.753102,-1.16861,4.98716,6.5912,21.4,308.0
174147,61855.0,73.7616,5.935669,5.943489,2.971745,-1.390679,3.19907,1.71752,5.6,306.7
174149,61857.0,73.4568,1.56675,1.596123,0.798062,-1.086842,1.0989,-0.33616,-1.1,305.6
174151,61859.0,73.152,0.28418,0.416727,0.208363,-0.29485,-0.29619,-0.58026,-1.9,305.4
174153,61861.0,73.152,0.333585,0.333585,0.166792,-0.020786,-0.33363,-0.51918,-1.7,305.4
174155,61863.0,72.8472,0.239337,0.387538,0.193769,0.013489,-0.33487,-0.48896,-1.6,305.6
174157,61865.0,72.8472,0.0,0.0,0.0,-0.096885,-0.35,-2.87185,-9.5,302.3
174159,61867.0,72.8472,4.248493,4.248493,2.124247,1.062124,-5.40156,-17.8842,-61.5,290.8
174201,61869.0,72.5424,11.962138,11.96602,5.98301,1.929382,-21.9681,-30.723,-107.8,285.0
174203,61871.0,72.2376,19.326209,19.328613,9.664306,1.840648,-35.79779,-35.00014,-124.6,280.9
174205,61873.0,71.9328,25.371274,25.373104,12.686552,1.511123,-40.60261,-34.81256,-123.8,281.2
174207,61875.0,71.9328,30.164214,30.164214,15.082107,1.197778,-45.16773,-15.32762,-51.8,295.9
174209,61877.0,71.9328,32.173453,32.173453,16.086727,0.50231,-27.4548,-8.12684,-27.4,296.6
174211,61879.0,71.628,33.186683,33.188082,16.594041,0.253657,-3.65438,-11.15478,-37.8,295.1
174213,61881.0,71.3232,34.03985,34.041214,17.020607,0.213283,-3.71391,-13.64924,-46.3,294.8
174215,61883.0,70.4088,34.808105,34.820113,17.410057,0.194725,-2.20416,-10.6704,-36.0,296.4
174217,61885.0,69.4944,35.951238,35.962864,17.981432,0.285687,-3.80292,-9.61308,-32.4,296.7
174219,61887.0,68.2752,36.916716,36.936843,18.468421,0.243495,-3.07105,-11.4851,-39.4,291.5
174221,61889.0,67.3608,37.607299,37.618414,18.809207,0.170393,-3.56282,-21.1773,-73.0,290.1
174223,61891.0,66.4464,39.324402,39.335032,19.667516,0.429154,-7.60644,-15.34866,-52.1,294.6
174225,61893.0,65.8368,40.614288,40.618862,20.309431,0.320958,-8.1353,-8.49015,-28.5,297.9
174227,61895.0,65.532,40.85086,40.851997,20.425998,0.058283,-6.04106,-1.84586,-6.1,302.6
174229,61897.0,65.2272,40.593184,40.594329,20.297164,-0.064417,-4.42127,-3.08691,-10.3,299.7
174231,61899.0,65.2272,39.927989,39.927989,19.963995,-0.166584,-3.70757,-7.80236,-26.2,297.8
174233,61901.0,64.6176,39.758134,39.762808,19.881404,-0.041296,-3.32417,-9.88306,-33.4,295.9
174235,61903.0,64.9224,40.146144,40.147301,20.07365,0.096123,-7.78445,-10.87054,-36.7,296.2
174237,61905.0,65.2272,41.010881,41.012014,20.506007,0.216178,-9.7825,-10.84824,-36.6,296.4
174239,61907.0,65.532,40.356774,40.357925,20.178963,-0.163522,-4.85846,-10.01156,-33.8,296.2
174241,61909.0,66.1416,41.820021,41.824464,20.912232,0.366635,-18.83345,-11.51886,-39.1,294.6
174243,61911.0,67.3608,42.458411,42.475912,21.237956,0.162862,-16.57874,-12.6764,-43.0,294.8
174245,61913.0,68.2752,42.547416,42.557241,21.27862,0.020332,-10.18951,-11.73135,-39.7,295.5
174247,61915.0,68.2752,42.865279,42.865279,21.43264,0.07701,-8.48539,-11.18997,-38.1,293.7
174249,61917.0,67.3608,43.339737,43.349382,21.674691,0.121026,-6.75879,-39.68485,-145.1,273.5
174251,61919.0,67.056,47.161042,47.162027,23.581013,0.953161,-73.03677,-42.81044,-156.7,273.2
174253,61921.0,65.532,49.779761,49.803084,24.901542,0.660265,-17.88798,-0.53982,-1.8,299.9
174255,61923.0,65.2272,48.558136,48.559093,24.279546,-0.310998,-6.37287,-0.0,-0.0,300.8
174257,61925.0,64.6176,47.513374,47.517285,23.758642,-0.260452,-5.48885,-0.0,-0.0,302.0
174259,61927.0,64.3128,46.738538,46.739531,23.369766,-0.194438,-6.73484,10.85568,35.2,308.4
174301,61929.0,64.6176,44.815832,44.816869,22.408434,-0.480666,-3.44378,10.89954,34.2,318.7
174303,61931.0,64.008,41.410255,41.414742,20.707371,-0.850532,5.46271,39.3708,120.4,327.0
174305,61933.0,63.7032,35.315256,35.316571,17.658286,-1.524542,13.51071,36.54512,113.6,321.7
174307,61935.0,63.0936,28.057688,28.06431,14.032155,-1.813066,16.58193,28.83478,89.8,321.1
174309,61937.0,63.0936,20.171125,20.171125,10.085563,-1.973296,12.36695,20.10817,64.1,313.7
174311,61939.0,63.0936,11.28846,11.28846,5.64423,-2.220666,7.49694,7.1997,23.3,309.0
174313,61941.0,63.7032,3.774521,3.82343,1.911715,-1.866257,0.15335,-0.66814,-2.2,303.7
174315,61943.0,64.008,3.048803,3.064001,1.532001,-0.189857,-2.26943,-9.676,-32.8,295.0
174317,61945.0,64.3128,8.005536,8.011336,4.005668,1.236834,-11.81081,-22.6865,-78.5,289.0
174319,61947.0,64.3128,15.200076,15.200076,7.600038,1.797185,-29.68925,-30.2778,-106.8,283.5
174321,61949.0,64.008,21.269104,21.271288,10.635644,1.517803,-33.0664,-35.32061,-126.1,280.1
174323,61951.0,64.008,26.981941,26.981941,13.490971,1.427664,-44.88244,-32.38053,-113.1,286.3
174325,61953.0,63.7032,30.496245,30.497769,15.248884,0.878956,-33.38123,-10.55742,-35.8,294.9
174327,61955.0,63.3984,32.035365,32.036815,16.018408,0.384762,-20.6222,-16.77171,-57.3,292.7
174329,61957.0,62.7888,33.584703,33.590235,16.795118,0.388355,-4.31682,-11.49931,-39.1,294.1
174331,61959.0,62.1792,34.964573,34.969886,17.484943,0.344912,-4.69332,-10.01476,-32.9,304.4
174333,61961.0,61.8744,35.138599,35.139921,17.56996,0.042509,-2.56449,-2.56302,-8.7,294.6
174335,61963.0,61.2648,35.335675,35.340933,17.670467,0.050254,-1.87444,-13.11945,-44.7,293.5
174337,61965.0,61.5696,36.098926,36.100213,18.050106,0.18982,-6.477,-13.06965,-44.5,293.7
174339,61967.0,61.5696,37.151899,37.151899,18.57595,0.262922,-6.90655,-15.00228,-52.2,287.4
174341,61969.0,61.2648,38.345903,38.347114,19.173557,0.298804,-7.19365,-41.00184,-150.3,272.8
174343,61971.0,60.6552,41.340354,41.344849,20.672424,0.749434,-47.19942,-42.70885,-156.5,272.9
174345,61973.0,60.0456,44.603839,44.608004,22.304002,0.815789,-57.44698,-41.77836,-142.2,293.8
174347,61975.0,59.1312,46.688601,46.697554,23.348777,0.522387,-14.73546,10.86512,35.6,305.2
174349,61977.0,58.2168,45.388083,45.397293,22.698647,-0.325065,-2.34468,10.8371,35.3,307.0
174351,61979.0,57.6072,43.637968,43.642226,21.821113,-0.438767,-0.70288,10.4652,34.0,307.8
174353,61981.0,57.3024,41.513407,41.514526,20.757263,-0.531925,0.6882,4.39205,14.5,302.9
174355,61983.0,56.6928,40.808921,40.813474,20.406737,-0.175263,-2.35659,0.66462,2.2,302.1
174357,61985.0,56.388,40.03496,40.036121,20.01806,-0.194339,-2.56801,0.45345,1.5,302.3
174359,61987.0,56.0832,39.477765,39.478942,19.739471,-0.139295,-2.89927,0.39286,1.3,302.2
174401,61989.0,55.4736,38.698361,38.703162,19.351581,-0.193945,-0.984,0.363,1.2,302.5
174403,61991.0,55.1688,38.031236,38.032457,19.016229,-0.167676,-1.80403,0.39325,1.3,302.5
174405,61993.0,54.5592,37.473108,37.478066,18.739033,-0.138598,-0.96663,5.518,17.8,310.0
174407,61995.0,54.5592,35.921296,35.921296,17.960648,-0.389193,0.68557,13.46112,43.2,311.6
174409,61997.0,54.5592,32.829315,32.829315,16.414658,-0.772995,5.50857,18.067,58.0,311.5
174411,61999.0,55.1688,29.4965,29.502798,14.751399,-0.83163,4.88111,16.62427,53.3,311.9
174413,62001.0,55.1688,24.831926,24.831926,12.415963,-1.167718,9.41376,9.70536,31.8,305.2
174415,62003.0,55.4736,22.278513,22.280598,11.140299,-0.637832,4.18603,-0.15205,-0.5,304.1
174417,62005.0,55.4736,21.371577,21.371577,10.685788,-0.227256,2.25254,9.77168,31.4,311.2
174419,62007.0,55.1688,18.610781,18.613276,9.306638,-0.689575,5.24805,11.67104,37.6,310.4
174421,62009.0,54.864,14.260398,14.263655,7.131828,-1.087405,5.74618,-0.0,-0.0,303.5
174423,62011.0,54.864,13.594576,13.594576,6.797288,-0.16727,0.96686,-11.78478,-39.8,296.1
174425,62013.0,54.864,15.703406,15.703406,7.851703,0.527207,-11.10156,-11.84448,-39.8,297.6
174427,62015.0,54.864,18.372933,18.372933,9.186467,0.667382,-15.61071,-18.798,-65.0,289.2
174429,62017.0,54.5592,21.612563,21.614712,10.807356,0.810444,-18.65954,-26.9135,-95.0,283.3
174431,62019.0,54.5592,25.740926,25.740926,12.870463,1.031554,-32.22346,-31.81521,-112.7,282.3
174433,62021.0,54.2544,29.953761,29.955312,14.977656,1.053597,-37.56385,-22.22259,-74.1,299.9
174435,62023.0,53.9496,31.814042,31.815502,15.907751,0.465047,-22.83363,-0.21077,-0.7,301.1
174437,62025.0,53.6448,31.360087,31.361568,15.680784,-0.113484,0.64247,-0.3016,-1.0,301.6
174439,62027.0,53.6448,31.134579,31.134579,15.56729,-0.056747,-0.66091,-0.63147,-2.1,300.7
174441,62029.0,53.34,30.801502,30.803011,15.401505,-0.082893,0.57693,-4.3413,-14.5,299.4
174443,62031.0,53.0352,30.913328,30.914831,15.457415,0.027955,-0.46647,-1.08792,-3.6,302.2
174445,62033.0,53.0352,30.357374,30.357374,15.178687,-0.139364,0.37043,-0.39234,-1.3,301.8
174447,62035.0,52.4256,30.469463,30.475561,15.23778,0.029546,0.57202,0.8021,2.6,308.5
174449,62037.0,52.1208,28.914062,28.915668,14.457834,-0.389973,3.84303,13.37393,43.1,310.3
174451,62039.0,51.816,25.687398,25.689206,12.844603,-0.806616,7.6366,13.7148,44.0,311.7
174453,62041.0,51.5112,21.358398,21.360573,10.680286,-1.082159,8.45885,12.82365,41.3,310.5
174455,62043.0,51.5112,16.901629,16.901629,8.450814,-1.114736,6.01139,8.97876,29.4,305.4
174457,62045.0,51.5112,13.676976,13.676976,6.838488,-0.806163,3.52823,2.50674,8.2,305.7
174459,62047.0,51.5112,11.899172,11.899172,5.949586,-0.444451,1.75214,2.91365,9.5,306.7
174501,62049.0,51.2064,8.677261,8.682612,4.341306,-0.80414,2.954,2.15769,7.1,303.9
174503,62051.0,50.9016,6.671696,6.678654,3.339327,-0.500989,1.79601,1.12739,3.7,304.7
174505,62053.0,50.9016,5.337356,5.337356,2.668678,-0.335325,0.40637,1.1571,3.8,304.5
174507,62055.0,50.9016,3.225865,3.225865,1.612933,-0.527873,0.287,-0.06076,-0.2,303.8
174509,62057.0,51.2064,1.445534,1.477319,0.73866,-0.437137,-2.43811,-0.304,-1.0,304.0
174511,62059.0,51.5112,0.377569,0.485243,0.242622,-0.248019,-0.29398,-0.54738,-1.8,304.1
174513,62061.0,51.5112,0.111195,0.111195,0.055597,-0.093512,-0.34218,-0.72888,-2.4,303.7
174515,62063.0,51.816,0.22239,0.377307,0.188653,0.066528,-0.34111,-0.69874,-2.3,303.8
174517,62065.0,51.816,0.22239,0.22239,0.111195,-0.038729,-0.33792,-0.66814,-2.2,303.7
174519,62067.0,52.1208,0.20891,0.369522,0.184761,0.036783,-0.33809,-0.63777,-2.1,303.7
174521,62069.0,52.1208,0.239326,0.239326,0.119663,-0.032549,-0.33744,-0.6064,-2.0,303.2
174523,62071.0,52.1208,0.417821,0.417821,0.20891,0.044624,-0.33748,-0.57684,-1.9,303.6
174525,62073.0,52.1208,0.142071,0.142071,0.071035,-0.068937,-0.34103,-0.54684,-1.8,303.8
174527,62075.0,51.816,0.176859,0.352395,0.176198,0.052581,-0.34026,-0.54612,-1.8,303.4
174529,62077.0,51.816,0.284142,0.284142,0.142071,-0.017063,-0.33637,-0.51629,-1.7,303.7
174531,62079.0,51.816,0.0,0.0,0.0,-0.071036,-0.35,-0.57684,-1.9,303.6
174533,62081.0,51.816,1.11546,1.11546,0.55773,0.278865,-0.81673,-5.1129,-17.1,299.0
174535,62083.0,51.816,5.229153,5.229153,2.614577,1.028423,-6.39901,-14.36148,-49.2,291.9
174537,62085.0,51.816,11.122657,11.122657,5.561328,1.473376,-18.1739,-21.85161,-75.9,287.9
174539,62087.0,51.5112,16.682989,16.685773,8.342887,1.390779,-23.03533,-15.47372,-52.4,295.3
174541,62089.0,51.2064,20.126476,20.128784,10.064392,0.860753,-18.07961,-10.69818,-36.6,292.3
174543,62091.0,51.2064,22.462071,22.462071,11.231036,0.583322,-17.49614,-22.04349,-77.7,283.7
174545,62093.0,50.9016,25.909022,25.910814,12.955407,0.862185,-25.27192,-28.50552,-99.6,286.2
174547,62095.0,51.5112,29.469973,29.476277,14.738138,0.891366,-27.56392,-18.61211,-62.9,295.9
174549,62097.0,52.7304,30.579756,30.60405,15.302025,0.281943,-16.23341,-7.11261,-24.3,292.7
174551,62099.0,51.2064,32.486254,32.521981,16.260991,0.479483,-1.95517,-26.1954,-92.4,283.5
174553,62101.0,50.5968,35.045261,35.050562,17.525281,0.632145,-30.51467,-35.394,-127.5,277.6
174555,62103.0,50.5968,37.273908,37.273908,18.636954,0.555836,-37.58742,-20.58696,-70.6,291.6
174557,62105.0,51.2064,37.607283,37.612224,18.806112,0.084579,-6.9807,-15.65088,-54.4,287.7
174559,62107.0,51.5112,37.103059,37.104311,18.552155,-0.126978,-3.52278,-19.0867,-65.5,291.4
174601,62109.0,52.4256,38.243834,38.254764,19.127382,0.287614,-16.80191,-9.9552,-34.0,292.8
174603,62111.0,53.0352,38.402924,38.407762,19.203881,0.038249,-6.92917,-12.51044,-42.8,292.3
174605,62113.0,52.7304,39.057998,39.059187,19.529594,0.162857,-6.11514,-18.56008,-64.4,288.2
174607,62115.0,51.816,40.494813,40.505136,20.252568,0.361487,-7.65736,-18.7488,-65.1,288.0
174609,62117.0,50.292,43.21542,43.242283,21.621142,0.684287,-39.83606,-13.9468,-47.6,293.0
174611,62119.0,48.1584,45.083371,45.13383,22.566915,0.472886,-9.20424,-0.05996,-0.2,299.8
174613,62121.0,46.6344,45.595408,45.62087,22.810435,0.12176,-6.68916,0.09006,0.3,300.2
174615,62123.0,45.72,44.958061,44.967359,22.483679,-0.163378,-4.19794,0.33077,1.1,300.7
174617,62125.0,44.8056,44.877502,44.886817,22.443408,-0.020136,-6.0225,0.33154,1.1,301.4
174619,62127.0,44.196,43.64519,43.649447,21.824723,-0.309342,-2.35354,10.42086,33.9,307.4
174621,62129.0,43.8912,42.06307,42.064174,21.032087,-0.396318,-1.24389,10.12333,32.9,307.7
174623,62131.0,43.2816,40.062388,40.067026,20.033513,-0.499287,1.86026,9.68062,31.4,308.3
174625,62133.0,43.5864,37.826536,37.827764,18.913882,-0.559816,0.88922,3.57304,11.8,302.8
174627,62135.0,43.5864,36.704977,36.704977,18.352489,-0.280696,-0.79936,0.57418,1.9,302.2
174629,62137.0,43.8912,35.811753,35.81305,17.906525,-0.222982,-1.88151,-1.78239,-5.9,302.1
174631,62139.0,44.196,34.80682,34.808154,17.404077,-0.251224,-1.15342,0.242,0.8,302.5
174633,62141.0,44.5008,34.364806,34.366158,17.183079,-0.110499,-2.38299,0.18144,0.6,302.4
174635,62143.0,44.5008,33.477147,33.477147,16.738573,-0.222253,-0.02494,0.12092,0.4,302.3
174637,62145.0,44.5008,32.814418,32.814418,16.407209,-0.165682,-0.30839,9.10058,29.3,310.6
174639,62147.0,44.5008,30.819264,30.819264,15.409632,-0.498788,3.44236,16.09421,51.7,311.3
174641,62149.0,44.5008,27.260113,27.260113,13.630056,-0.889788,7.32301,0.45465,1.5,303.1
174643,62151.0,44.5008,25.942342,25.942342,12.971171,-0.329442,3.13486,-1.0849,-3.8,285.5
174645,62153.0,44.5008,27.131562,27.131562,13.565781,0.297305,-15.09734,-20.196,-67.5,299.2
174647,62155.0,44.5008,29.021876,29.021876,14.510938,0.472579,-22.16919,-2.47476,-8.2,301.8
174649,62157.0,44.196,28.853724,28.855334,14.427667,-0.041635,0.92221,-0.3082,-1.0,308.2
174651,62159.0,44.196,27.596745,27.596745,13.798373,-0.314647,2.66515,18.4357,58.9,313.0
174653,62161.0,44.196,23.145438,23.145438,11.572719,-1.112827,8.50608,17.66103,57.1,309.3
174655,62163.0,43.5864,17.979993,17.990324,8.995162,-1.288779,9.10139,-0.57304,-1.9,301.6
174657,62165.0,43.2816,17.557596,17.560241,8.780121,-0.10752,1.9771,-20.36104,-72.1,282.4
174659,62167.0,42.9768,22.281004,22.283089,11.141545,1.180712,-27.47892,-36.08244,-131.4,274.6
174701,62169.0,42.9768,27.714452,27.714452,13.857226,1.357841,-44.58169,-39.60372,-143.7,275.6
174703,62171.0,42.672,32.436445,32.437877,16.218939,1.180857,-46.53511,-33.14675,-117.5,282.1
174705,62173.0,43.2816,35.724244,35.729445,17.864723,0.822892,-31.48228,-24.09168,-84.8,284.1
174707,62175.0,43.8912,37.665227,37.67016,18.83508,0.485178,-20.89613,-23.59455,-80.5,293.1
174709,62177.0,44.196,38.391875,38.393085,19.196543,0.180732,-7.64352,0.32978,1.1,299.8
174711,62179.0,43.8912,37.425872,37.427113,18.713556,-0.241493,-0.68729,0.36108,1.2,300.9
174713,62181.0,43.8912,36.031902,36.031902,18.015951,-0.348803,0.21724,0.3007,1.0,300.7
174715,62183.0,44.196,34.962877,34.964206,17.482103,-0.266924,-1.05879,0.2107,0.7,301.0
174717,62185.0,44.196,33.693162,33.693162,16.846581,-0.317761,0.8286,0.3344,1.1,304.0
174719,62187.0,44.5008,32.018225,32.019676,16.009838,-0.418372,1.49205,11.2931,36.5,309.4
174721,62189.0,44.5008,29.048395,29.048395,14.524198,-0.74282,5.93158,13.7412,44.0,312.3
174723,62191.0,44.8056,24.909747,24.911612,12.455806,-1.034196,7.57542,18.51045,59.5,311.1
174725,62193.0,45.1104,18.979359,18.981806,9.490903,-1.482451,7.99844,16.54183,52.9,312.7
174727,62195.0,45.4152,11.561216,11.565233,5.782617,-1.854143,5.57971,7.10184,23.3,304.8
174729,62197.0,45.4152,4.354831,4.354831,2.177415,-1.802601,2.13253,-11.6691,-40.1,291.0
174731,62199.0,45.72,8.292874,8.298474,4.149237,0.985911,-10.06812,-33.65076,-122.1,275.6
174733,62201.0,46.3296,17.606324,17.616875,8.808437,2.3296,-43.47396,-45.04396,-168.2,267.8
174735,62203.0,46.3296,24.941597,24.941597,12.470798,1.831181,-50.44657,-47.11278,-173.4,271.7
174737,62205.0,46.0248,31.046238,31.047734,15.523867,1.526534,-54.11226,-37.015,-134.6,275.0
174739,62207.0,46.6344,34.917491,34.922811,17.461406,0.96877,-35.70338,-30.47022,-108.9,279.8
174741,62209.0,46.9392,37.580299,37.581535,18.790767,0.66468,-24.52752,-17.74888,-59.6,297.8
174743,62211.0,47.244,37.753178,37.754408,18.877204,0.043219,-5.73304,0.38883,1.3,299.1
174745,62213.0,47.244,36.51792,36.51792,18.25896,-0.309122,-0.41238,0.35916,1.2,299.3
174747,62215.0,47.5488,35.370194,35.371508,17.685754,-0.286603,-1.02815,0.26982,0.9,299.8
174749,62217.0,47.8536,34.393265,34.394616,17.197308,-0.244223,-1.05272,0.21021,0.7,300.3
174751,62219.0,47.5488,32.978632,32.980041,16.49002,-0.353644,2.30902,12.0086,38.8,309.5
174753,62221.0,47.8536,30.50809,30.509613,15.254806,-0.617607,3.70596,19.16851,61.3,312.7
174755,62223.0,48.1584,25.91143,25.913223,12.956611,-1.149097,8.47126,16.41552,52.8,310.9
174757,62225.0,48.4632,20.958968,20.961185,10.480592,-1.238009,7.50832,13.02292,42.2,308.6
174759,62227.0,49.0728,15.915007,15.926678,7.963339,-1.258627,4.55317,10.05225,32.5,309.3
174801,62229.0,49.3776,10.167673,10.17224,5.08612,-1.438609,3.51717,3.3242,11.0,302.2
174803,62231.0,49.0728,5.140217,5.149246,2.574623,-1.255749,2.63735,-17.38897,-59.9,290.3
174805,62233.0,48.1584,8.833263,8.880465,4.440233,0.932805,0.2513,-28.01226,-98.6,284.1
174807,62235.0,48.4632,15.368833,15.371855,7.685927,1.622847,-25.22751,-32.35155,-115.5,280.1
174809,62237.0,47.244,25.251157,25.280573,12.640286,2.47718,-55.57831,-14.8005,-49.5,299.0
174811,62239.0,47.244,26.334926,26.334926,13.167463,0.263589,-13.39569,0.24496,0.8,306.2
174813,62241.0,46.6344,25.538981,25.546255,12.773128,-0.197167,3.96883,16.86558,54.3,310.6
174815,62243.0,46.3296,19.098673,19.101105,9.550553,-1.611288,10.52449,12.53728,40.6,308.8
174817,62245.0,45.72,14.323662,14.336628,7.168314,-1.191119,7.08159,4.34448,14.4,301.7
174819,62247.0,45.4152,11.419155,11.423222,5.711611,-0.728352,3.48543,-0.27126,-0.9,301.4
174821,62249.0,44.8056,9.771188,9.790185,4.895093,-0.408259,3.0108,-2.46328,-8.2,300.4
174823,62251.0,44.8056,8.852477,8.852477,4.426238,-0.234428,0.6556,-2.52924,-8.4,301.1
174825,62253.0,44.5008,8.732679,8.737996,4.368998,-0.02862,0.99024,1.00683,3.3,305.1
174827,62255.0,43.8912,6.516855,6.545304,3.272652,-0.548173,2.73396,1.41705,4.7,301.5
174829,62257.0,44.196,3.973387,3.985061,1.99253,-0.640061,-0.30534,-3.2032,-11.0,291.2
174831,62259.0,44.5008,6.597763,6.6048,3.3024,0.654935,-6.5527,-25.33104,-88.2,287.2
174833,62261.0,44.196,13.618946,13.622357,6.811178,1.754389,-23.0796,-19.18728,-64.8,296.1
174835,62263.0,44.5008,16.757842,16.760613,8.380307,0.784565,-13.34552,-0.33055,-1.1,300.5
174837,62265.0,45.1104,16.916422,16.927402,8.463701,0.041697,-4.02577,0.9424,3.1,304.0
174839,62267.0,44.8056,14.508239,14.51144,7.25572,-0.603991,3.79063,2.04884,6.8,301.3
174841,62269.0,44.8056,12.659387,12.659387,6.329694,-0.463013,1.96155,-5.14539,-17.7,290.7
174843,62271.0,44.196,13.518581,13.532318,6.766159,0.218233,1.1833,-26.60187,-93.9,283.3
174845,62273.0,41.7576,17.321225,17.492016,8.746008,0.989924,2.47689,-18.36573,-61.9,296.7
174847,62275.0,40.8432,24.496993,24.514053,12.257027,1.755509,-38.76531,-0.15005,-0.5,300.1
174849,62277.0,43.2816,23.270977,23.398379,11.69919,-0.278918,-12.87746,-0.18024,-0.6,300.4
174851,62279.0,43.5864,19.893149,19.895483,9.947742,-0.875724,4.93545,-0.18054,-0.6,300.9
174853,62281.0,43.8912,19.894391,19.896726,9.948363,0.00031,-0.15574,5.52752,17.9,308.8
174855,62283.0,44.8056,15.562452,15.589292,7.794646,-1.076858,2.70665,10.67664,35.4,301.6
174857,62285.0,44.5008,10.178392,10.182955,5.091477,-1.351585,5.01027,-0.27018,-0.9,300.2
174859,62287.0,42.672,10.926117,11.078111,5.539055,0.223789,4.67965,-14.66136,-50.4,290.9
174901,62289.0,41.4528,21.463541,21.498141,10.74907,2.605008,-47.60992,-15.66522,-52.2,300.1
174903,62291.0,40.8432,20.043187,20.052455,10.026228,-0.361421,4.59529,-0.21056,-0.7,300.8
174905,62293.0,41.148,18.681585,18.684071,9.342035,-0.342097,1.62428,-0.18048,-0.6,300.8
174907,62295.0,41.148,17.4632,17.4632,8.7316,-0.305217,2.10254,-0.18066,-0.6,301.1
174909,62297.0,41.7576,16.902554,16.913543,8.456772,-0.137414,-1.05356,-0.18084,-0.6,301.4
174911,62299.0,41.7576,16.791365,16.791365,8.395683,-0.030544,0.6504,-0.18096,-0.6,301.6
174913,62301.0,42.3672,16.35426,16.365617,8.182809,-0.106437,-1.74609,4.81268,15.8,304.6
174915,62303.0,42.3672,13.579891,13.579891,6.789945,-0.696432,3.06451,4.50068,14.8,304.1
174917,62305.0,42.3672,9.389212,9.389212,4.694606,-1.04767,2.94957,0.57361,1.9,301.9
174919,62307.0,42.0624,7.775695,7.781667,3.890833,-0.401886,1.7843,-0.21119,-0.7,301.7
174921,62309.0,40.5384,6.897954,7.0643,3.53215,-0.179342,4.70056,1.45488,4.8,303.1
174923,62311.0,40.8432,6.00265,6.010384,3.005192,-0.263479,-0.84274,0.5738,1.9,302.0
174925,62313.0,41.148,2.219541,2.240372,1.120186,-0.942503,-0.88789,-0.42252,-1.4,301.8
174927,62315.0,41.4528,1.31585,1.35069,0.675345,-0.22242,-2.79559,-0.3322,-1.1,302.0
174929,62317.0,41.4528,0.768447,0.768447,0.384223,-0.145561,-0.28428,-0.24168,-0.8,302.1
174931,62319.0,41.4528,0.65892,0.65892,0.32946,-0.027382,-0.3164,-0.24168,-0.8,302.1
174933,62321.0,41.7576,0.555975,0.634043,0.317022,-0.006219,-0.32159,-0.24168,-0.8,302.1
174935,62323.0,42.0624,0.778364,0.835915,0.417958,0.050468,-0.32638,-0.18126,-0.6,302.1
174937,62325.0,42.3672,0.92826,0.977021,0.48851,0.035276,-0.31805,-0.18126,-0.6,302.1
174939,62327.0,42.672,0.778364,0.835915,0.417958,-0.035276,-0.30544,-0.18126,-0.6,302.1
174941,62329.0,42.9768,0.333585,0.451865,0.225932,-0.096013,-0.3179,-0.18126,-0.6,302.1
174943,62331.0,43.2816,0.555975,0.634043,0.317022,0.045545,-0.33117,-0.18132,-0.6,302.2
174945,62333.0,43.8912,0.333585,0.694904,0.347452,0.015215,-0.32321,-0.18132,-0.6,302.2
174947,62335.0,43.8912,0.346133,0.346133,0.173066,-0.087193,-0.3263,-0.18132,-0.6,302.2
174949,62337.0,44.196,0.353649,0.466874,0.233437,0.030185,-0.33405,-0.18132,-0.6,302.2
174951,62339.0,44.196,0.265237,0.265237,0.132618,-0.050409,-0.33469,-0.18132,-0.6,302.2
174953,62341.0,44.196,0.176825,0.176825,0.088412,-0.022103,-0.34126,-0.18132,-0.6,302.2
174955,62343.0,44.196,0.088412,0.088412,0.044206,-0.022103,-0.34563,-0.18132,-0.6,302.2
174957,62345.0,44.196,0.176825,0.176825,0.088412,0.022103,-0.34354,-0.18144,-0.6,302.4
174959,62347.0,44.8056,0.346133,0.701014,0.350507,0.131047,-0.34669,-0.18132,-0.6,302.2
175001,62349.0,45.1104,0.208881,0.369505,0.184753,-0.082877,-0.32517,-0.18132,-0.6,302.2
175003,62351.0,45.72,0.627094,0.874563,0.437281,0.126264,-0.34465,-0.18144,-0.6,302.4
175005,62353.0,46.3296,0.553803,0.823595,0.411798,-0.012741,-0.31152,-0.18156,-0.6,302.6
175007,62355.0,46.9392,0.176825,0.634728,0.317364,-0.047217,-0.31395,-0.18156,-0.6,302.6
175009,62357.0,47.8536,0.616002,1.102536,0.551268,0.116952,-9.12503,-0.18156,-0.6,302.6
175011,62359.0,49.0728,0.7103,1.411019,0.70551,0.077121,-11.99653,-0.18162,-0.6,302.7
175013,62361.0,50.5968,0.7103,1.681399,0.840699,0.067595,-14.89797,-0.18156,-0.6,302.6
175015,62363.0,51.816,0.7103,1.411019,0.70551,-0.067595,-11.79603,-0.18162,-0.6,302.7
