200413,0,350.945,0.0,0.0,0,0,-0.35
200414,1.0,351.106,3.955661,3.958936,3.958936,3.958936,-30.91786
200415,2.0,350.752,4.439686,4.453777,4.453777,0.494841,0.71507
200416,3.0,351.244,5.48686,5.508875,5.508875,1.055098,-18.30153
200417,4.0,352.2,7.025893,7.090635,7.090635,1.58176,-36.04665
200418,5.0,352.108,8.516022,8.516519,8.516519,1.425884,-23.61994
200419,6.0,351.706,9.430322,9.438886,9.438886,0.922367,-12.09705
200420,7.0,352.063,10.48872,10.494794,10.494794,1.055908,-23.66153
200421,8.0,352.068,10.3922,10.392202,10.392202,-0.102592,1.22117
200422,9.0,352.245,10.680867,10.682334,10.682334,0.290132,-5.68213
200423,10.0,352.039,11.601557,11.603386,11.603386,0.921052,-20.23837
200424,11.0,352.385,11.691177,11.696296,11.696296,0.09291,-4.55103
200425,12.0,352.353,10.682601,10.682649,10.682649,-1.013647,6.78973
200426,13.0,352.369,10.73412,10.734132,10.734132,0.051483,0.32407
200427,14.0,352.8,10.585511,10.594281,10.594281,-0.139851,-1.887
200428,15.0,352.401,10.103812,10.111688,10.111688,-0.482593,5.43156
200429,16.0,352.739,9.622391,9.628326,9.628326,-0.483362,1.29816
200430,17.0,352.816,9.190059,9.190382,9.190382,-0.437944,2.29899
200431,18.0,352.863,9.285756,9.285874,9.285874,0.095492,-0.21102
200432,19.0,353.056,8.179364,8.18164,8.18164,-1.104234,4.29554
200433,20.0,353.164,8.337959,8.338658,8.338658,0.157018,-2.13244
200434,21.0,353.178,6.843949,6.843963,6.843963,-1.494695,5.76322
200435,22.0,352.316,6.517847,6.574601,6.574601,-0.269362,5.80938
200436,23.0,352.731,4.618743,4.637349,4.637349,-1.937252,2.72159
200437,24.0,352.855,6.173111,6.174357,6.174357,1.537008,-18.20891
200438,25.0,352.116,4.941303,4.996259,4.996259,-1.178098,7.2453
200439,26.0,352.755,3.488752,3.546789,3.546789,-1.44947,-1.4378
200440,27.0,352.832,2.74625,2.74733,2.74733,-0.799459,0.66109
200441,28.0,352.385,1.556071,1.619002,1.619002,-1.128328,3.17323
200442,29.0,352.409,1.071901,1.072169,1.072169,-0.546833,-0.07203
200443,30.0,352.678,0.93502,0.972946,0.972946,-0.099223,-4.75372
200444,31.0,352.1,0.347124,0.674225,0.674225,-0.298721,2.91085
200445,32.0,352.562,0.146904,0.484793,0.484793,-0.189432,-0.26087
200446,33.0,352.755,0.49272,0.529171,0.529171,0.044378,-3.7257
200447,34.0,352.538,1.408174,1.424796,1.424796,0.895625,0.23064
200448,35.0,353.125,2.795004,2.855979,2.855979,1.431183,-17.64019
200449,36.0,352.863,3.07916,3.090287,3.090287,0.234308,0.91131
200450,37.0,353.001,2.265137,2.269337,2.269337,-0.82095,0.11235
200451,38.0,352.345,1.0719,1.256705,1.256705,-1.012632,3.96081
200452,39.0,352.131,0.363874,0.422138,0.422138,-0.834567,-0.12366
200453,40.0,352.763,0.22239,0.669986,0.669986,0.247848,-11.85497
200454,41.0,352.972,0.293807,0.36056,0.36056,-0.309426,-0.26009
200455,42.0,352.308,0.484453,0.821943,0.821943,0.461383,3.06641
200456,43.0,352.763,0.146904,0.478127,0.478127,-0.343816,-0.22178
200457,44.0,352.948,0.347124,0.393345,0.393345,-0.084782,-0.30017
200458,45.0,352.662,0.146904,0.321522,0.321522,-0.071823,-0.31154
200459,46.0,352.895,0.146904,0.275444,0.275444,-0.046078,-0.32093
200500,47.0,353.032,0.146904,0.200872,0.200872,-0.074572,-0.32568
200501,48.0,351.991,0.146904,1.051314,1.051314,0.850442,4.82354
201928,915.0,354.235,1.556729,2.731106,0.00315,-0.001209,-0.34974
201929,916.0,353.973,0.0,0.262,0.0,-0.00315,-0.35
201930,917.0,354.118,0.0,0.145,0.0,0.0,-0.35
201931,918.0,353.725,0.0,0.393,0.0,0.0,-0.35
201932,919.0,353.881,0.0,0.156,0.0,0.0,-0.35
201933,920.0,353.825,0.0,0.056,0.0,0.0,-0.35
201934,921.0,353.318,0.0,0.507,0.0,0.0,-0.35
201935,922.0,353.664,5.349936,5.361113,5.361113,5.361113,-57.81067
201936,923.0,353.804,1.936635,1.941689,1.941689,-3.419424,2.68314
201937,924.0,353.918,1.386774,1.391452,1.391452,-0.550237,-0.62016
201938,925.0,353.918,0.881421,0.881421,0.881421,-0.510031,-0.03355
201939,926.0,353.933,0.61745,0.617632,0.617632,-0.263789,-0.29171
201940,927.0,353.579,0.363874,0.507661,0.507661,-0.109971,1.61786
201941,928.0,353.556,0.588195,0.588644,0.588644,0.080983,-0.20547
201942,929.0,353.334,1.308796,1.327491,1.327491,0.738847,0.41077
201943,930.0,353.056,1.20545,1.237091,1.237091,-0.0904,1.30018
201944,931.0,353.225,0.837331,0.854216,0.854216,-0.382875,-2.56195
201945,932.0,353.178,0.707854,0.709413,0.709413,-0.144803,0.01497
201946,933.0,353.164,0.675699,0.675844,0.675844,-0.033569,-0.20824
201947,934.0,353.117,1.226906,1.227806,1.227806,0.551962,-1.08034
201948,935.0,353.072,1.448718,1.449417,1.449417,0.221611,-0.16736
201949,936.0,353.326,2.058263,2.073876,2.073876,0.624459,-6.73644
201950,937.0,353.394,3.047171,3.04793,3.04793,0.974054,-6.1859
201951,938.0,353.209,3.658479,3.663154,3.663154,0.615224,-0.28736
201952,939.0,353.109,4.624655,4.625736,4.625736,0.962582,-8.02601
201953,940.0,353.349,5.100305,5.105949,5.105949,0.480213,-7.72185
201954,941.0,352.993,4.667368,4.680926,4.680926,-0.425023,3.03645
201955,942.0,352.771,5.532857,5.537309,5.537309,0.856383,-6.64479
201956,943.0,353.125,4.04262,4.05809,4.05809,-1.479219,1.3686
201957,944.0,353.262,4.093594,4.095885,4.095885,0.037795,-1.95776
201958,945.0,353.865,1.594103,1.70434,1.70434,-2.391545,-3.2636
201959,946.0,353.217,3.22985,3.294213,3.294213,1.589873,0.53187
202000,947.0,354.52,3.515269,3.74899,3.74899,0.454777,-25.90353
202001,948.0,354.412,5.485176,5.486239,5.486239,1.737249,-17.47248
202002,949.0,354.295,6.602133,6.603169,6.603169,1.11693,-13.72127
202003,950.0,354.837,6.97796,6.998978,6.998978,0.395809,-13.11999
202004,951.0,354.158,7.075616,7.108121,7.108121,0.109143,3.49304
202005,952.0,354.729,7.697886,7.719035,7.719035,0.610914,-16.95565
202006,953.0,353.941,7.9866,8.02538,8.02538,0.306345,3.25711
202007,954.0,354.274,8.708349,8.714714,8.714714,0.689334,-14.66268
202008,955.0,354.058,8.708348,8.711026,8.711026,-0.003688,1.63112
202009,956.0,354.087,8.805067,8.805115,8.805115,0.094089,-0.14041
202010,957.0,354.195,8.708345,8.709015,8.709015,-0.0961,0.33458
202011,958.0,353.725,8.708343,8.721017,8.721017,0.012002,2.91839
202012,959.0,354.295,8.614707,8.633544,8.633544,-0.087473,-6.54838
202013,960.0,354.002,8.229915,8.235129,8.235129,-0.398415,3.7632
202014,961.0,354.235,7.845132,7.848591,7.848591,-0.386538,0.76702
202015,962.0,354.303,6.111389,6.111768,6.111768,-1.736823,5.61072
202016,963.0,354.195,6.110976,6.11193,6.11193,0.000162,0.75596
202017,964.0,353.434,5.828688,5.878157,5.878157,-0.233773,4.98256
202018,965.0,353.624,3.945697,3.950269,3.950269,-1.927888,3.11856
202019,966.0,353.487,2.282546,2.286654,2.286654,-1.663615,2.64718
202020,967.0,353.418,0.66717,0.670728,0.670728,-1.615926,0.66553
202021,968.0,352.863,0.0,0.555,0.0,-0.670728,-0.35
202022,969.0,353.04,0.293805,0.343002,0.343002,0.343002,-0.65865
202023,970.0,352.993,0.242226,0.246743,0.246743,-0.096259,-0.3172
202024,971.0,353.093,0.333585,0.348251,0.348251,0.101508,-0.34131
202025,972.0,353.133,1.348082,1.348675,1.348675,1.000424,-3.18153
202026,973.0,353.526,2.668678,2.69746,2.69746,1.348785,-13.36689
202027,974.0,353.487,4.087027,4.087213,4.087213,1.389753,-11.21591
202028,975.0,353.857,4.932485,4.946343,4.946343,0.85913,-13.4125
202029,976.0,354.081,5.602073,5.60655,5.60655,0.660207,-9.56899
202030,977.0,353.68,5.825265,5.839051,5.839051,0.232501,1.5582
202031,978.0,354.166,7.145931,7.162439,7.162439,1.323388,-24.36882
202032,979.0,354.203,7.809881,7.809969,7.809969,0.64753,-7.93265
202033,980.0,354.15,8.772332,8.772492,8.772492,0.962523,-17.6305
202034,981.0,354.375,10.005056,10.007586,10.007586,1.235094,-23.84672
202035,982.0,354.118,9.563678,9.56713,9.56713,-0.440456,4.23788
202036,983.0,354.681,8.638829,8.657155,8.657155,-0.909975,1.73606
202037,984.0,354.435,7.976835,7.980628,7.980628,-0.676527,4.63963
202038,985.0,355.336,7.669744,7.722485,7.722485,-0.258143,-10.58103
202039,986.0,354.874,5.995687,6.01346,6.01346,-1.709025,8.256
202040,987.0,354.874,5.817818,5.817818,5.817818,-0.195642,0.77081
202041,988.0,355.96,3.525596,3.689068,3.689068,-2.12875,-4.46737
202042,989.0,356.354,5.387414,5.401802,5.401802,1.712734,-22.8847
202043,990.0,356.121,7.145912,7.149709,7.149709,1.747907,-21.2239
202044,991.0,355.899,8.031238,8.034306,8.034306,0.884597,-11.8494
202045,992.0,356.422,8.126408,8.143221,8.143221,0.108915,-8.90495
202046,993.0,355.984,9.318707,9.328995,9.328995,1.185774,-15.72802
202047,994.0,356.523,10.68937,10.702951,10.702951,1.373956,-33.49758
202048,995.0,356.832,10.962413,10.966767,10.966767,0.263816,-7.55042
202049,996.0,356.716,11.081938,11.082545,11.082545,0.115778,0.68022
202050,997.0,356.338,10.604096,10.610831,10.610831,-0.471714,5.45345
202051,998.0,356.446,10.519015,10.519569,10.519569,-0.091262,0.62826
202052,999.0,356.486,12.164166,12.164232,12.164232,1.644663,-33.5516
202053,1000.0,356.787,9.175228,9.180164,9.180164,-2.984068,13.86022
202054,1001.0,356.317,10.160812,10.171676,10.171676,0.991512,-13.71633
202055,1002.0,356.671,9.431063,9.437704,9.437704,-0.733972,2.43007
202056,1003.0,356.354,10.594626,10.599368,10.599368,1.161664,-20.75113
202057,1004.0,355.939,9.701904,9.710776,9.710776,-0.888592,7.51346
202058,1005.0,356.446,8.139391,8.155166,8.155166,-1.55561,4.60462
202059,1006.0,356.1,7.797648,7.805321,7.805321,-0.349845,3.69869
202100,1007.0,356.592,8.99319,9.006639,9.006639,1.201318,-26.24444
202101,1008.0,355.907,8.681583,8.708565,8.708565,-0.298074,5.54356
202102,1009.0,355.831,6.359129,6.359583,6.359583,-2.348982,8.76792
202103,1010.0,356.208,4.312861,4.329307,4.329307,-2.030276,2.79146
202104,1011.0,355.876,3.638674,3.653789,3.653789,-0.675518,3.0781
202105,1012.0,355.915,3.444925,3.445146,3.445146,-0.208643,0.11705
202106,1013.0,355.852,1.924461,1.925492,1.925492,-1.519654,1.74141
202107,1014.0,356.261,1.299233,1.362089,1.362089,-0.563403,-5.93738
202108,1015.0,355.622,0.867931,1.077787,1.077787,-0.284302,3.32759
202109,1016.0,355.413,1.324877,1.34126,1.34126,0.263473,0.6849
202110,1017.0,355.868,0.22239,0.506441,0.506441,-0.834819,-7.63082
202111,1018.0,356.169,1.252278,1.287944,1.287944,0.781503,-7.26916
202112,1019.0,355.675,2.794752,2.838076,2.838076,1.550132,0.12573
202113,1020.0,355.691,3.902464,3.902497,3.902497,1.064421,-7.17722
202114,1021.0,355.714,5.369008,5.369057,5.369057,1.46656,-13.68471
202115,1022.0,356.201,6.744722,6.762281,6.762281,1.393224,-24.42122
202116,1023.0,356.047,8.229878,8.231319,8.231319,1.469038,-22.29934
202117,1024.0,356.145,9.478078,9.478585,9.478585,1.247266,-20.79652
202118,1025.0,356.053,10.344526,10.344935,10.344935,0.86635,-18.53836
202119,1026.0,356.378,10.873482,10.878338,10.878338,0.533403,-13.2202
202120,1027.0,356.161,11.114282,11.1164,11.1164,0.238062,0.48155
202121,1028.0,356.57,11.11428,11.121803,11.121803,0.005403,-4.07789
202122,1029.0,356.531,11.017628,11.017697,11.017697,-0.104106,1.58582
202123,1030.0,356.338,10.873473,10.875186,10.875186,-0.142511,2.61118
202124,1031.0,355.883,10.776957,10.786558,10.786558,-0.088628,3.6784
202125,1032.0,355.746,10.921249,10.922108,10.922108,0.13555,0.66269
202126,1033.0,355.622,10.584789,10.585515,10.585515,-0.336593,3.3016
202127,1034.0,354.845,9.766576,9.797435,9.797435,-0.78808,8.96809
202128,1035.0,354.705,8.852493,8.8536,8.8536,-0.943835,5.78677
202129,1036.0,354.813,7.990552,7.991282,7.991282,-0.862318,3.55903
202130,1037.0,354.15,7.938498,7.966136,7.966136,-0.025146,4.0329
202131,1038.0,353.925,7.990549,7.993717,7.993717,0.027581,1.45958
202132,1039.0,354.38,8.614643,8.626651,8.626651,0.632934,-15.88964
202133,1040.0,353.149,7.410564,7.512112,7.512112,-1.114539,11.48941
202134,1041.0,353.294,8.275592,8.276862,8.276862,0.76475,-12.03841
202135,1042.0,352.924,8.280937,8.289199,8.289199,0.012337,2.33418
202136,1043.0,352.57,7.940215,7.948103,7.948103,-0.341096,3.74664
202137,1044.0,352.393,7.361275,7.363403,7.363403,-0.5847,3.60552
202138,1045.0,352.409,6.546297,6.546317,6.546317,-0.817086,3.05666
202139,1046.0,351.6,5.922276,5.977276,5.977276,-0.569041,6.35646
202140,1047.0,351.606,5.537751,5.537754,5.537754,-0.439522,1.41945
202141,1048.0,352.123,4.282487,4.313582,4.313582,-1.224172,0.12359
202142,1049.0,351.854,3.512884,3.523168,3.523168,-0.790414,2.90216
202143,1050.0,351.883,4.000355,4.00046,4.00046,0.477292,-3.26208
202144,1051.0,351.376,3.657839,3.692809,3.692809,-0.307651,3.29156
202145,1052.0,351.299,2.59845,2.599591,2.599591,-1.093218,1.82631
202146,1053.0,351.175,1.589625,1.594454,1.594454,-1.005137,1.31836
202147,1054.0,351.022,0.626136,0.644558,0.644558,-0.949896,0.85591
202148,1055.0,351.431,0.221869,0.465303,0.465303,-0.179255,-0.26704
202149,1056.0,351.384,0.0,0.047,0.0,-0.465303,-0.35
202150,1057.0,351.183,0.095997,0.222747,0.222747,0.222747,-0.50126
202151,1058.0,351.328,0.1469,0.206409,0.206409,-0.016338,-0.33157
202152,1059.0,351.392,0.111195,0.128298,0.128298,-0.078111,-0.33422
202153,1060.0,351.392,0.095997,0.095997,0.095997,-0.032301,-0.34059
202154,1061.0,351.529,0.455021,0.475198,0.475198,0.379201,-0.80921
202155,1062.0,351.677,0.242224,0.28386,0.28386,-0.191338,-0.29752
202156,1063.0,351.36,0.242224,0.398951,0.398951,0.115091,-0.343
202157,1064.0,351.637,0.1469,0.313542,0.313542,-0.085409,-0.31017
202158,1065.0,351.468,0.242224,0.295353,0.295353,-0.018189,-0.32333
202159,1066.0,351.584,0.191994,0.224316,0.224316,-0.071037,-0.32327
202200,1067.0,351.901,0.111195,0.335936,0.335936,0.11162,-0.34348
202201,1068.0,351.738,0.095997,0.189168,0.189168,-0.146768,-0.31963
202202,1069.0,351.954,0.1469,0.26122,0.26122,0.072052,-0.33928
202203,1070.0,352.108,0.095997,0.18147,0.18147,-0.07975,-0.32751
202204,1071.0,351.69,0.1469,0.443062,0.443062,0.261592,-0.68249
202205,1072.0,352.147,0.1469,0.48003,0.48003,0.036968,-0.3211
202206,1073.0,351.901,0.095997,0.264067,0.264067,-0.215963,-0.29763
202207,1074.0,351.954,0.111195,0.12318,0.12318,-0.140887,-0.33062
202208,1075.0,351.915,0.0,0.039,0.0,-0.12318,-0.35
202209,1076.0,351.878,0.095997,0.102881,0.102881,0.102881,-0.34751
202210,1077.0,351.87,0.0,0.008,0.0,-0.102881,-0.35
202211,1078.0,352.2,0.095997,0.343679,0.343679,0.343679,-0.65968
202212,1079.0,351.968,0.0,0.232,0.0,-0.343679,-0.35
202213,1080.0,352.256,0.095997,0.303578,0.303578,0.303578,-0.6012
202214,1081.0,351.529,0.1469,0.741693,0.741693,0.438115,3.4271
202215,1082.0,351.962,0.221869,0.486534,0.486534,-0.255159,-0.24308
202216,1083.0,352.316,0.22239,0.418059,0.418059,-0.068475,-0.30076
202217,1084.0,352.068,0.095997,0.265931,0.265931,-0.152128,-0.30653
202218,1085.0,352.224,0.1469,0.21428,0.21428,-0.051651,-0.32673
202219,1086.0,352.139,0.1469,0.16972,0.16972,-0.04456,-0.33223
202220,1087.0,352.1,0.0,0.039,0.0,-0.16972,-0.35
202221,1088.0,351.891,0.095997,0.229992,0.229992,0.229992,-0.50924
202222,1089.0,351.891,0.111195,0.111195,0.111195,-0.118797,-0.33385
202223,1090.0,351.822,0.0,0.069,0.0,-0.111195,-0.35
202224,1091.0,351.576,0.095997,0.264067,0.264067,0.264067,-0.54935
202225,1092.0,351.444,0.293801,0.322091,0.322091,0.058024,-0.33432
202226,1093.0,352.068,0.587601,0.857118,0.857118,0.535027,-12.19718
202227,1094.0,351.669,1.636873,1.684801,1.684801,0.827683,1.16224
202228,1095.0,351.806,3.175978,3.178931,3.178931,1.49413,-10.66022
202229,1096.0,351.685,4.481979,4.483612,4.483612,1.304681,-10.16922
202230,1097.0,351.613,4.966672,4.967193,4.967193,0.483581,-4.8709
202231,1098.0,351.407,5.392324,5.396257,5.396257,0.429064,-0.05188
202232,1099.0,352.324,7.053947,7.113301,7.113301,1.717044,-37.1687
202233,1100.0,351.991,7.814021,7.821113,7.821113,0.707812,-6.88691
202234,1101.0,352.401,9.005769,9.015097,9.015097,1.193984,-24.66144
202235,1102.0,353.088,10.708266,10.730281,10.730281,1.715184,-42.94043
202236,1103.0,352.855,11.511288,11.513646,11.513646,0.783365,-16.64652
202237,1104.0,353.624,11.560724,11.586272,11.586272,0.072626,-11.77242
202238,1105.0,353.31,12.397092,12.401068,12.401068,0.814796,-17.80441
202239,1106.0,354.557,13.282536,13.340944,13.340944,0.939876,-41.83184
202240,1107.0,354.689,13.264043,13.264699,13.264699,-0.076245,0.10317
202241,1108.0,354.805,13.285873,13.286379,13.286379,0.02168,-0.53466
202242,1109.0,355.413,13.675844,13.689352,13.689352,0.402973,-17.52665
202243,1110.0,355.799,14.089398,14.094685,14.094685,0.405333,-14.00845
202244,1111.0,356.547,14.288121,14.307687,14.307687,0.213002,-15.70131
202245,1112.0,356.647,14.26907,14.269421,14.269421,-0.038266,-0.67294
202246,1113.0,356.415,14.183884,14.185781,14.185781,-0.08364,1.51704
202247,1114.0,357.086,14.372662,14.388317,14.388317,0.202536,-14.09591
202248,1115.0,357.741,14.311212,14.326194,14.326194,-0.062123,-6.80448
202249,1116.0,357.487,14.671286,14.673485,14.673485,0.347291,-2.16454
202250,1117.0,357.889,14.895425,14.900849,14.900849,0.227364,-10.29697
202251,1118.0,359.023,14.893127,14.936238,14.936238,0.035389,-18.24314
202252,1119.0,358.69,14.425435,14.429278,14.429278,-0.50696,5.22399
202253,1120.0,358.428,13.813437,13.815921,13.815921,-0.613357,5.92138
202254,1121.0,359.437,13.783829,13.82071,13.82071,0.004789,-14.78084
202255,1122.0,359.221,13.617014,13.618727,13.618727,-0.201983,2.68436
202256,1123.0,358.914,13.729439,13.732871,13.732871,0.114144,0.73584
202257,1124.0,358.56,13.792163,13.796705,13.796705,0.063834,1.31871
202258,1125.0,358.544,13.340096,13.340106,13.340106,-0.456599,3.62149
202259,1126.0,358.489,12.59101,12.59113,12.59113,-0.748976,6.11155
202300,1127.0,358.135,12.092707,12.097888,12.097888,-0.493242,6.09272
202301,1128.0,356.755,10.51088,10.601085,10.601085,-1.496803,16.7526
202302,1129.0,356.486,8.626638,8.630831,8.630831,-1.970254,11.17496
202303,1130.0,356.068,6.625679,6.638852,6.638852,-1.991979,9.6922
202304,1131.0,356.478,4.62338,4.641524,4.641524,-1.997328,2.90545
202305,1132.0,357.363,4.021391,4.117622,4.117622,-0.523902,-11.17734
202306,1133.0,357.403,5.147878,5.148033,5.148033,1.030411,-9.3437
202307,1134.0,357.765,6.597433,6.607357,6.607357,1.459324,-22.62879
202308,1135.0,358.082,7.891287,7.897651,7.897651,1.290294,-22.36557
202309,1136.0,358.166,9.237311,9.237693,9.237693,1.340042,-21.6655
202310,1137.0,358.629,10.247753,10.258207,10.258207,1.020514,-24.55101
202311,1138.0,358.661,11.211093,11.211139,11.211139,0.952932,-16.7482
202312,1139.0,358.629,11.979692,11.979734,11.979734,0.768595,-20.84125
202313,1140.0,358.597,12.509036,12.509077,12.509077,0.529343,-16.62234
202314,1141.0,358.983,12.701288,12.707152,12.707152,0.198075,-7.78201
202315,1142.0,359.192,12.74944,12.751153,12.751153,0.044001,-1.01343
202316,1143.0,359.252,13.038416,13.038554,13.038554,0.287401,-4.24374
202317,1144.0,359.075,13.182983,13.184171,13.184171,0.145617,0.20889
202318,1145.0,359.408,13.521767,13.525867,13.525867,0.341696,-10.88783
202319,1146.0,359.984,13.278762,13.291249,13.291249,-0.234618,-1.14214
202320,1147.0,359.16,12.845555,12.871956,12.871956,-0.419293,7.86377
202321,1148.0,359.123,12.365647,12.365702,12.365702,-0.506254,4.41044
202322,1149.0,359.617,11.883897,11.89416,11.89416,-0.471542,1.29271
202323,1150.0,359.221,10.873341,10.88055,10.88055,-1.01361,8.87602
202324,1151.0,359.136,9.670405,9.670778,9.670778,-1.209772,7.4173
202325,1152.0,358.835,7.890649,7.896388,7.896388,-1.77439,9.62823
202326,1153.0,358.721,6.256162,6.2572,6.2572,-1.639188,6.40444
202327,1154.0,358.428,4.812055,4.820967,4.820967,-1.436233,5.40657
202328,1155.0,358.259,3.27311,3.27747,3.27747,-1.543497,3.58718
202329,1156.0,358.536,1.790124,1.811429,1.811429,-1.466041,-0.23719
202330,1157.0,358.436,0.293796,0.310348,0.310348,-1.501081,-0.07064
202331,1158.0,357.873,0.242223,0.612896,0.612896,0.302548,2.61429
202332,1159.0,358.359,0.111195,0.498558,0.498558,-0.114338,-0.27878
202333,1160.0,358.304,0.146898,0.156857,0.156857,-0.341701,-0.30812
202334,1161.0,358.359,0.146898,0.156857,0.156857,0.0,-0.39237
202335,1162.0,358.661,0.146898,0.335832,0.335832,0.178975,-0.55107
202336,1163.0,358.127,0.242223,0.586368,0.586368,0.250536,2.47782
202337,1164.0,358.653,0.529869,0.746617,0.746617,0.160249,-9.84013
202338,1165.0,358.42,1.059738,1.08505,1.08505,0.338433,0.78515
202339,1166.0,358.174,2.021566,2.036479,2.036479,0.951429,0.0748
202340,1167.0,358.674,3.229795,3.268268,3.268268,1.231789,-15.84273
202341,1168.0,358.875,4.624569,4.628935,4.628935,1.360667,-14.22783
202342,1169.0,358.544,5.295258,5.305593,5.305593,0.676658,-0.08692
202343,1170.0,358.497,5.833544,5.833734,5.833734,0.528141,-6.84263
202344,1171.0,358.259,5.823435,5.828296,5.828296,-0.005438,1.44259
202345,1172.0,358.259,5.591674,5.591674,5.591674,-0.236622,0.85005
202346,1173.0,358.288,4.723764,4.723853,4.723853,-0.867821,2.13002
202347,1174.0,357.588,4.360009,4.415845,4.415845,-0.308008,4.51175
202348,1175.0,358.143,4.156763,4.19365,4.19365,-0.222195,-7.46144
202349,1176.0,358.468,4.715332,4.726519,4.726519,0.532869,-9.49237
202350,1177.0,358.682,5.966458,5.970295,5.970295,1.243776,-16.10756
202351,1178.0,358.296,6.930888,6.941628,6.941628,0.971333,-7.83219
202352,1179.0,358.251,7.361183,7.36132,7.36132,0.419692,-7.41508
202353,1180.0,358.589,7.170592,7.178554,7.178554,-0.182766,-1.88937
202354,1181.0,358.737,6.639663,6.641312,6.641312,-0.537242,1.38646
202355,1182.0,358.581,5.679959,5.682101,5.682101,-0.959211,3.94845
202356,1183.0,358.798,4.842252,4.847112,4.847112,-0.834989,1.10558
202357,1184.0,358.436,4.42182,4.436613,4.436613,-0.410499,2.9546
202358,1185.0,358.544,3.670688,3.672276,3.672276,-0.764337,0.90736
202359,1186.0,358.589,2.838911,2.839268,2.839268,-0.833008,0.93242
202400,1187.0,358.605,2.79492,2.794966,2.794966,-0.044302,-0.13998
202401,1188.0,358.605,3.245207,3.245207,3.245207,0.450241,-3.92729
202402,1189.0,358.528,4.229508,4.230209,4.230209,0.985002,-7.79594
202403,1190.0,358.573,4.627372,4.627591,4.627591,0.397382,-3.23253
202404,1191.0,358.661,5.603631,5.604322,5.604322,0.976731,-10.3743
202405,1192.0,358.436,5.205688,5.210548,5.210548,-0.393774,2.41744
202406,1193.0,358.782,4.618627,4.631569,4.631569,-0.578979,-0.35348
202407,1194.0,358.32,4.08958,4.115593,4.115593,-0.515976,3.62683
202408,1195.0,358.93,4.186687,4.230892,4.230892,0.115299,-11.0468
202409,1196.0,358.605,4.474458,4.486246,4.486246,0.255354,1.14059
202410,1197.0,358.174,4.571504,4.591776,4.591776,0.10553,2.07901
202411,1198.0,358.52,4.330472,4.344273,4.344273,-0.247503,-3.38929
202412,1199.0,358.705,3.524471,3.529323,3.529323,-0.81495,0.52033
202413,1200.0,358.544,2.64934,2.654227,2.654227,-0.875096,1.99735
202414,1201.0,357.918,2.406328,2.486421,2.486421,-0.167806,3.43394
202415,1202.0,358.544,2.440479,2.519486,2.519486,0.033065,-11.08694
202416,1203.0,358.365,2.440684,2.447239,2.447239,-0.072247,0.90457
202417,1204.0,358.074,2.043259,2.063877,2.063877,-0.383362,1.8084
202418,1205.0,358.637,1.586945,1.683854,1.683854,-0.380023,-8.8566
202419,1206.0,358.219,1.193345,1.264435,1.264435,-0.419419,2.28099
202420,1207.0,358.275,0.750195,0.752282,0.752282,-0.512153,-0.44776
202421,1208.0,358.83,0.892097,1.050649,1.050649,0.298367,-10.63567
202422,1209.0,358.174,0.671948,0.939069,0.939069,-0.11158,3.29734
202423,1210.0,358.782,0.399747,0.727641,0.727641,-0.211428,-10.81991
202424,1211.0,358.473,0.586591,0.663001,0.663001,-0.06464,1.3822
202425,1212.0,358.365,1.234799,1.239513,1.239513,0.576512,-0.06173
202426,1213.0,359.276,1.942054,2.14511,2.14511,0.905597,-19.73691
202427,1214.0,359.052,2.380299,2.390816,2.390816,0.245706,0.72359
202428,1215.0,358.46,2.644908,2.710351,2.710351,0.319535,2.56967
202429,1216.0,358.158,2.357903,2.377164,2.377164,-0.333187,1.89371
202430,1217.0,358.388,1.701594,1.717068,1.717068,-0.660096,-1.94471
202431,1218.0,358.661,0.694243,0.745991,0.745991,-0.971077,-3.73473
202432,1219.0,358.737,0.287978,0.297837,0.297837,-0.448154,-0.25317
202433,1220.0,358.581,0.308699,0.345878,0.345878,0.048041,-0.33127
202434,1221.0,359.052,0.384886,0.608258,0.608258,0.26238,-8.96048
202435,1222.0,358.56,0.67404,0.834502,0.834502,0.226244,2.24993
202436,1223.0,358.983,1.148635,1.224047,1.224047,0.389545,-8.51121
202437,1224.0,358.621,1.659858,1.698874,1.698874,0.474827,1.28618
202438,1225.0,359.052,1.114822,1.195236,1.195236,-0.503638,-6.68278
202439,1226.0,358.906,0.80052,0.813725,0.813725,-0.381511,0.66721
202440,1227.0,358.83,0.363852,0.371704,0.371704,-0.442021,-0.23039
202441,1228.0,359.044,0.221861,0.308251,0.308251,-0.063453,-0.31454
202442,1229.0,358.721,0.242223,0.403734,0.403734,0.095483,-0.3386
202443,1230.0,358.251,0.221861,0.519733,0.519733,0.115999,2.17688
202444,1231.0,359.083,0.221861,0.861073,0.861073,0.34134,-15.63957
202445,1232.0,358.906,0.146897,0.230017,0.230017,-0.631056,-0.25224
202446,1233.0,358.845,0.221861,0.230095,0.230095,7.8e-05,-0.33152
202447,1234.0,358.536,0.146897,0.34214,0.34214,0.112045,-0.34343
202448,1235.0,358.975,0.221861,0.491878,0.491878,0.149738,-0.61814
202449,1236.0,358.328,0.146897,0.663467,0.663467,0.171589,3.10749
202450,1237.0,358.761,0.146897,0.457239,0.457239,-0.206228,-0.26174
202451,1238.0,358.637,0.111195,0.166554,0.166554,-0.290685,-0.31017
202452,1239.0,358.845,0.146897,0.254643,0.254643,0.088089,-0.34178
202453,1240.0,359.115,0.146897,0.307374,0.307374,0.052731,-0.33415
202454,1241.0,358.637,0.095992,0.487543,0.487543,0.180169,-0.64301
202455,1242.0,358.798,0.146897,0.217945,0.217945,-0.269598,-0.30039
202456,1243.0,358.845,0.191985,0.197654,0.197654,-0.020291,-0.33192
202457,1244.0,359.015,0.095992,0.195229,0.195229,-0.002425,-0.33405
202458,1245.0,358.951,0.095992,0.115371,0.115371,-0.079858,-0.3357
202459,1246.0,358.875,0.146897,0.165393,0.165393,0.050022,-0.34123
202500,1247.0,358.943,0.0,0.068,0.0,-0.165393,-0.35
202501,1248.0,359.329,0.146897,0.413007,0.413007,0.413007,-0.77473
202502,1249.0,358.227,0.111195,1.107596,1.107596,0.694589,5.22303
202503,1250.0,358.666,0.146897,0.462925,0.462925,-0.644671,-0.1498
202504,1251.0,359.023,0.242223,0.431417,0.431417,-0.031508,-0.30789
202505,1252.0,358.745,0.22239,0.356007,0.356007,-0.07541,-0.30672
202506,1253.0,358.637,0.146897,0.182326,0.182326,-0.173681,-0.31805
202507,1254.0,358.552,0.146897,0.169717,0.169717,-0.012609,-0.33519
202508,1255.0,358.774,0.22239,0.314231,0.314231,0.144514,-0.34954
202509,1256.0,358.882,0.22239,0.247227,0.247227,-0.067004,-0.32108
202510,1257.0,358.806,0.221861,0.234518,0.234518,-0.012709,-0.32952
202511,1258.0,359.136,0.22239,0.397941,0.397941,0.163423,-0.57691
202512,1259.0,358.552,0.221861,0.624723,0.624723,0.226782,2.75165
202513,1260.0,358.544,0.111195,0.111482,0.111482,-0.513241,-0.30979
202514,1261.0,358.938,0.146897,0.420494,0.420494,0.309012,-0.70215
202515,1262.0,358.666,0.146897,0.309132,0.309132,-0.111362,-0.30635
202516,1263.0,358.56,1.111949,1.11699,1.11699,0.807858,-0.18492
202517,1264.0,358.822,0.564201,0.622066,0.622066,-0.494924,-4.33485
202518,1265.0,359.176,0.242223,0.428938,0.428938,-0.193128,-0.27028
202519,1266.0,358.835,0.333585,0.477032,0.477032,0.048094,-0.32418
202520,1267.0,358.983,0.242223,0.283859,0.283859,-0.193173,-0.29724
202521,1268.0,358.698,0.333585,0.438753,0.438753,0.154894,-0.59332
202522,1269.0,358.967,0.384886,0.469572,0.469572,0.030819,-0.32015
202523,1270.0,359.622,0.095992,0.661997,0.661997,0.192425,-12.20035
202524,1271.0,358.906,0.242223,0.755862,0.755862,0.093865,3.50802
202525,1272.0,359.115,0.111195,0.236739,0.236739,-0.519123,-0.26386
202526,1273.0,359.361,0.111195,0.269964,0.269964,0.033225,-0.3332
202527,1274.0,359.437,0.22239,0.235018,0.235018,-0.034946,-0.32663
202528,1275.0,358.867,0.111195,0.580745,0.580745,0.345727,2.64082
202529,1276.0,360.217,0.111195,1.354572,1.354572,0.773827,-26.21826
202530,1277.0,359.585,0.0,0.632,0.0,-1.354572,-0.35
202531,1278.0,359.77,0.347122,0.393343,0.393343,0.393343,-0.7403
202532,1279.0,358.729,0.333585,1.093142,1.093142,0.699799,4.89743
202533,1280.0,359.562,0.333585,0.897311,0.897311,-0.195831,-14.78561
202534,1281.0,359.739,0.333585,0.377634,0.377634,-0.519677,-0.21247
202535,1282.0,359.622,0.44478,0.459911,0.459911,0.082277,-0.33369
202536,1283.0,359.77,0.347122,0.377356,0.377356,-0.082555,-0.30265
202537,1284.0,359.469,0.347122,0.45945,0.45945,0.082094,-0.33366
202538,1285.0,359.184,0.347122,0.449131,0.449131,-0.010319,-0.31136
202539,1286.0,359.702,0.384886,0.645338,0.645338,0.196207,-9.7363
202540,1287.0,359.662,0.347122,0.349419,0.349419,-0.295919,-0.26544
202541,1288.0,359.823,0.293795,0.335017,0.335017,-0.014402,-0.32044
202542,1289.0,359.569,0.347122,0.430127,0.430127,0.09511,-0.33776
202543,1290.0,360.486,0.146897,0.928691,0.928691,0.498564,-17.46232
202544,1291.0,359.815,0.095992,0.677832,0.677832,-0.250859,3.39226
202545,1292.0,359.815,0.095992,0.095992,0.095992,-0.58184,-0.31178
202546,1293.0,359.939,0.095992,0.156814,0.156814,0.060822,-0.34261
202547,1294.0,359.514,0.095992,0.435706,0.435706,0.278892,-0.69081
202548,1295.0,360.0,0.095992,0.495389,0.495389,0.059683,-0.32632
202549,1296.0,359.715,0.146897,0.32063,0.32063,-0.174759,-0.29363
202550,1297.0,359.924,0.242223,0.319926,0.319926,-0.000704,-0.32416
202551,1298.0,360.0,0.347122,0.355344,0.355344,0.035418,-0.32831
202552,1299.0,360.056,0.0,0.056,0.0,-0.355344,-0.35
202553,1300.0,359.469,0.095992,0.594797,0.594797,0.594797,2.64947
202554,1301.0,359.538,0.0,0.069,0.0,-0.594797,-0.35
202555,1302.0,359.678,0.111195,0.178786,0.178786,0.178786,-0.45698
202556,1303.0,359.678,0.242223,0.242223,0.242223,0.063437,-0.33892
202557,1304.0,359.562,0.111195,0.160687,0.160687,-0.081536,-0.32993
202558,1305.0,359.702,0.22239,0.262787,0.262787,0.1021,-0.34353
202559,1306.0,359.485,0.22239,0.310719,0.310719,0.047932,-0.33316
202600,1307.0,359.606,0.242223,0.270763,0.270763,-0.039956,-0.32233
202601,1308.0,359.562,0.111195,0.119584,0.119584,-0.151179,-0.33052
202602,1309.0,359.702,0.095992,0.169748,0.169748,0.050164,-0.34101
202603,1310.0,359.308,0.095992,0.405525,0.405525,0.235777,-0.6351
202604,1311.0,359.77,0.0,0.462,0.0,-0.405525,-0.35
202605,1312.0,359.123,0.0,0.647,0.0,0.0,-0.35
202606,1313.0,359.26,0.0,0.137,0.0,0.0,-0.35
202607,1314.0,359.26,0.146897,0.146897,0.146897,0.146897,-0.34998
202608,1315.0,359.26,0.0,0.0,0.0,-0.146897,-0.35
202609,1316.0,359.26,0.146897,0.146897,0.146897,0.146897,-0.34998
202610,1317.0,359.329,0.0,0.069,0.0,-0.146897,-0.35
202611,1318.0,359.237,0.242223,0.259106,0.259106,0.259106,-0.54324
202612,1319.0,359.075,0.146897,0.218684,0.218684,-0.040422,-0.3276
202613,1320.0,359.213,0.146897,0.201551,0.201551,-0.017133,-0.33192
202614,1321.0,358.922,0.111195,0.311521,0.311521,0.10997,-0.34367
202615,1322.0,358.922,0.242223,0.242223,0.242223,-0.069298,-0.32137
202616,1323.0,358.991,0.146897,0.162296,0.162296,-0.079927,-0.32987
202617,1324.0,359.144,0.242223,0.286497,0.286497,0.124201,-0.34641
202618,1325.0,358.999,0.146897,0.206407,0.206407,-0.08009,-0.32438
202619,1326.0,358.713,0.111195,0.306856,0.306856,0.100449,-0.34217
202620,1327.0,359.067,0.095992,0.366784,0.366784,0.059928,-0.33252
202621,1328.0,358.845,0.146897,0.266201,0.266201,-0.100583,-0.31398
202622,1329.0,359.03,0.146897,0.236228,0.236228,-0.029973,-0.32715
202623,1330.0,358.89,0.111195,0.178786,0.178786,-0.057442,-0.33002
202624,1331.0,358.914,0.146897,0.148845,0.148845,-0.029941,-0.3356
202625,1332.0,358.914,0.111195,0.111195,0.111195,-0.03765,-0.33878
202626,1333.0,358.983,0.0,0.069,0.0,-0.111195,-0.35
202627,1334.0,358.682,0.0,0.301,0.0,0.0,-0.35
202628,1335.0,358.835,0.0,0.153,0.0,0.0,-0.35
202629,1336.0,358.528,0.095992,0.321657,0.321657,0.321657,-0.62683
202630,1337.0,358.528,0.0,0.0,0.0,-0.321657,-0.35
202631,1338.0,358.721,0.095992,0.215554,0.215554,0.215554,-0.49353
202632,1339.0,358.621,0.111195,0.149547,0.149547,-0.066007,-0.33259
202633,1340.0,358.69,0.111195,0.130864,0.130864,-0.018683,-0.33815
202634,1341.0,358.69,0.111195,0.111195,0.111195,-0.019669,-0.33987
202635,1342.0,358.28,0.0,0.41,0.0,-0.111195,-0.35
202636,1343.0,358.69,0.111195,0.424811,0.424811,0.424811,-0.79607
202637,1344.0,358.468,0.095992,0.241865,0.241865,-0.182946,-0.3064
202638,1345.0,358.705,0.095992,0.255702,0.255702,0.013837,-0.33138
202639,1346.0,358.822,0.0,0.117,0.0,-0.255702,-0.35
202640,1347.0,359.044,0.0,0.222,0.0,0.0,-0.35
202641,1348.0,358.822,0.0,0.222,0.0,0.0,-0.35
202642,1349.0,358.853,0.0,0.031,0.0,0.0,-0.35
202643,1350.0,358.468,0.0,0.385,0.0,0.0,-0.35
202644,1351.0,358.629,0.111195,0.195666,0.195666,0.195666,-0.47314
202645,1352.0,358.698,0.146897,0.162296,0.162296,-0.03337,-0.334
202646,1353.0,358.89,0.111195,0.221875,0.221875,0.059579,-0.33939
202647,1354.0,358.853,0.0,0.037,0.0,-0.221875,-0.35
202648,1355.0,358.682,0.146897,0.225433,0.225433,0.225433,-0.50419
202649,1356.0,358.552,0.0,0.13,0.0,-0.225433,-0.35
202650,1357.0,357.958,0.0,0.594,0.0,0.0,-0.35
202651,1358.0,358.581,0.095992,0.630352,0.630352,0.630352,-12.12821
202652,1359.0,358.951,0.0,0.37,0.0,-0.630352,-0.35
202653,1360.0,358.721,0.111195,0.255469,0.255469,0.255469,-0.53882
202654,1361.0,358.782,0.0,0.061,0.0,-0.255469,-0.35
202655,1362.0,358.428,0.111195,0.371053,0.371053,0.371053,-0.703
202656,1363.0,358.93,0.0,0.502,0.0,-0.371053,-0.35
202657,1364.0,358.489,0.111195,0.454802,0.454802,0.454802,-0.85261
202658,1365.0,358.682,0.0,0.193,0.0,-0.454802,-0.35
202659,1366.0,358.729,0.111195,0.12072,0.12072,0.12072,-0.34826
202700,1367.0,358.729,0.0,0.0,0.0,-0.12072,-0.35
202701,1368.0,358.267,0.111195,0.475193,0.475193,0.475193,-0.89294
202702,1369.0,358.251,0.146897,0.147766,0.147766,-0.327427,-0.3117
202703,1370.0,358.761,0.0,0.51,0.0,-0.147766,-0.35
202704,1371.0,358.396,0.0,0.365,0.0,0.0,-0.35
202705,1372.0,358.536,0.146897,0.202926,0.202926,0.202926,-0.48041
202706,1373.0,358.698,0.0,0.162,0.0,-0.202926,-0.35
202707,1374.0,358.93,0.0,0.232,0.0,0.0,-0.35
202708,1375.0,358.219,0.111195,0.719642,0.719642,0.719642,3.23423
202709,1376.0,358.304,0.111195,0.139962,0.139962,-0.57968,-0.29444
202710,1377.0,358.806,0.0,0.502,0.0,-0.139962,-0.35
202711,1378.0,358.227,0.146897,0.597344,0.597344,0.597344,2.60516
202712,1379.0,358.343,0.095992,0.150567,0.150567,-0.446777,-0.30116
202713,1380.0,358.983,0.111195,0.649588,0.649588,0.499021,-12.2948
202714,1381.0,358.365,0.0,0.618,0.0,-0.649588,-0.35
202715,1382.0,357.913,0.146897,0.475271,0.475271,0.475271,-0.8931
202716,1383.0,358.404,0.0,0.491,0.0,-0.475271,-0.35
202717,1384.0,358.32,0.0,0.084,0.0,0.0,-0.35
202718,1385.0,358.404,0.0,0.084,0.0,0.0,-0.35
202719,1386.0,358.188,0.0,0.216,0.0,0.0,-0.35
202720,1387.0,358.42,0.0,0.232,0.0,0.0,-0.35
202721,1388.0,358.698,0.111195,0.299413,0.299413,0.299413,-0.59546
202722,1389.0,358.166,0.0,0.532,0.0,-0.299413,-0.35
202723,1390.0,358.312,0.111195,0.183522,0.183522,0.183522,-0.4614
202724,1391.0,358.243,0.0,0.069,0.0,-0.183522,-0.35
202725,1392.0,358.243,0.111195,0.111195,0.111195,0.111195,-0.34782
202726,1393.0,358.621,0.111195,0.394016,0.394016,0.282821,-0.66103
202727,1394.0,358.383,0.095992,0.256629,0.256629,-0.137387,-0.31012
202728,1395.0,358.227,0.111195,0.191573,0.191573,-0.065056,-0.3278
202729,1396.0,357.926,0.095992,0.315936,0.315936,0.124363,-0.34606
202730,1397.0,358.127,0.0,0.201,0.0,-0.315936,-0.35
202732,1399.0,358.127,0.146897,0.146897,0.073449,0.036725,-0.34557
202733,1400.0,358.682,0.095992,0.56324,0.56324,0.489791,-10.69882
202734,1401.0,358.682,0.0,0.0,0.0,-0.56324,-0.35
202735,1402.0,358.05,0.111195,0.641707,0.641707,0.641707,2.86265
202736,1403.0,358.28,0.0,0.23,0.0,-0.641707,-0.35
202737,1404.0,358.211,0.0,0.069,0.0,0.0,-0.35
202738,1405.0,358.058,0.0,0.153,0.0,0.0,-0.35
202739,1406.0,358.28,0.111195,0.248291,0.248291,0.248291,-0.53025
202740,1407.0,357.849,0.111195,0.445113,0.445113,0.196822,-0.63111
202741,1408.0,357.796,0.0,0.053,0.0,-0.445113,-0.35
202742,1409.0,357.796,0.0,0.0,0.0,0.0,-0.35
202743,1410.0,357.604,0.111195,0.221875,0.221875,0.221875,-0.50031
202744,1411.0,358.251,0.095992,0.654082,0.654082,0.432207,-12.34353
202745,1412.0,358.444,0.0,0.193,0.0,-0.654082,-0.35
202746,1413.0,358.182,0.0,0.262,0.0,0.0,-0.35
202747,1414.0,357.765,0.0,0.417,0.0,0.0,-0.35
202748,1415.0,358.565,0.0,0.8,0.0,0.0,-0.35
202749,1416.0,358.565,0.0,0.0,0.0,0.0,-0.35
202750,1417.0,357.519,0.0,1.046,0.0,0.0,-0.35
202751,1418.0,357.95,0.0,0.431,0.0,0.0,-0.35
202752,1419.0,357.897,0.111195,0.12318,0.12318,0.12318,-0.34839
202753,1420.0,357.804,0.0,0.093,0.0,-0.12318,-0.35
202754,1421.0,357.881,0.095992,0.123059,0.123059,0.123059,-0.34838
202755,1422.0,357.818,0.146897,0.159837,0.159837,0.036778,-0.34036
202756,1423.0,358.082,0.146897,0.302117,0.302117,0.14228,-0.34919
202757,1424.0,358.375,0.0,0.293,0.0,-0.302117,-0.35
202758,1425.0,357.958,0.0,0.417,0.0,0.0,-0.35
202759,1426.0,357.833,0.111195,0.1673,0.1673,0.1673,-0.44657
202800,1427.0,358.235,0.0,0.402,0.0,-0.1673,-0.35
202801,1428.0,358.058,0.111195,0.209029,0.209029,0.209029,-0.48668
202802,1429.0,358.312,0.0,0.254,0.0,-0.209029,-0.35
202803,1430.0,357.981,0.111195,0.349178,0.349178,0.349178,-0.66816
202804,1431.0,358.388,0.111195,0.421916,0.421916,0.072738,-0.33284
202805,1432.0,358.219,0.0,0.169,0.0,-0.421916,-0.35
202806,1433.0,358.404,0.095992,0.208422,0.208422,0.208422,-0.48605
202807,1434.0,358.444,0.0,0.04,0.0,-0.208422,-0.35
202808,1435.0,358.32,0.095992,0.156814,0.156814,0.156814,-0.4375
202809,1436.0,358.89,0.111195,0.580745,0.580745,0.423931,-10.90974
202810,1437.0,358.473,0.095992,0.427906,0.427906,-0.152839,-0.27988
202811,1438.0,357.849,0.0,0.624,0.0,-0.427906,-0.35
202812,1439.0,358.729,0.146897,0.892176,0.892176,0.892176,-17.41716
202813,1440.0,358.235,0.0,0.494,0.0,-0.892176,-0.35
202814,1441.0,358.034,0.111195,0.229707,0.229707,0.229707,-0.50892
202815,1442.0,358.034,0.0,0.0,0.0,-0.229707,-0.35
202816,1443.0,358.288,0.111195,0.277273,0.277273,0.277273,-0.56604
202817,1444.0,357.741,0.0,0.547,0.0,-0.277273,-0.35
202818,1445.0,358.195,0.146897,0.477174,0.477174,0.477174,-0.89694
202819,1446.0,358.288,0.0,0.093,0.0,-0.477174,-0.35
202820,1447.0,358.388,0.095992,0.138617,0.138617,0.138617,-0.34935
202821,1448.0,358.227,0.095992,0.187445,0.187445,0.048828,-0.33993
202822,1449.0,358.095,0.095992,0.163213,0.163213,-0.024232,-0.33472
202823,1450.0,357.471,0.146897,0.641058,0.641058,0.477845,2.87734
202824,1451.0,358.103,0.111195,0.641707,0.641707,0.000649,-11.55856
202825,1452.0,358.312,0.095992,0.22999,0.22999,-0.411717,-0.2798
202826,1453.0,358.304,0.111195,0.111482,0.111482,-0.118508,-0.33383
202827,1454.0,358.336,0.095992,0.101186,0.101186,-0.010296,-0.3413
202828,1455.0,358.32,0.45502,0.455302,0.455302,0.354116,-0.76901
202829,1456.0,358.243,0.111195,0.135253,0.135253,-0.320049,-0.31549
202830,1457.0,358.32,0.22239,0.235343,0.235343,0.10009,-0.34395
202831,1458.0,358.251,0.111195,0.130864,0.130864,-0.104479,-0.33202
202832,1459.0,358.388,0.22239,0.261202,0.261202,0.130338,-0.3476
202833,1460.0,358.235,0.111195,0.189138,0.189138,-0.072064,-0.32736
202834,1461.0,358.396,0.111195,0.195666,0.195666,0.006528,-0.33497
202835,1462.0,358.32,0.22239,0.235018,0.235018,0.039352,-0.33616
202836,1463.0,358.135,0.242223,0.30479,0.30479,0.069772,-0.33712
202837,1464.0,358.343,0.242223,0.319274,0.319274,0.014484,-0.32686
202838,1465.0,358.151,0.111195,0.221875,0.221875,-0.097399,-0.32037
202839,1466.0,358.513,0.22239,0.424854,0.424854,0.202979,-0.62311
202840,1467.0,358.513,0.22239,0.22239,0.22239,-0.202464,-0.30754
202841,1468.0,358.468,0.111195,0.119955,0.119955,-0.102435,-0.33365
202842,1469.0,358.661,0.111195,0.22274,0.22274,0.102785,-0.3446
202843,1470.0,358.581,0.242223,0.255092,0.255092,0.032352,-0.334
202844,1471.0,358.28,0.111195,0.320882,0.320882,0.06579,-0.33574
202845,1472.0,358.275,0.22239,0.222446,0.222446,-0.098436,-0.32016
202846,1473.0,358.69,0.111195,0.429639,0.429639,0.207193,-0.62951
202847,1474.0,358.573,0.22239,0.251289,0.251289,-0.17835,-0.30533
202848,1475.0,357.981,0.146897,0.609953,0.609953,0.358664,2.75121
202849,1476.0,358.243,0.111195,0.28462,0.28462,-0.325333,-0.27655
202850,1477.0,358.074,0.111195,0.2023,0.2023,-0.08232,-0.32465
202851,1478.0,358.468,0.146897,0.420494,0.420494,0.218194,-0.63205
202852,1479.0,358.251,0.0,0.217,0.0,-0.420494,-0.35
202853,1480.0,358.251,0.146897,0.146897,0.146897,0.146897,-0.34998
202854,1481.0,358.074,0.111195,0.209029,0.209029,0.062132,-0.34029
202855,1482.0,357.881,0.111195,0.22274,0.22274,0.013711,-0.33377
202856,1483.0,357.958,0.111195,0.135253,0.135253,-0.087487,-0.33267
202857,1484.0,358.227,0.22239,0.349025,0.349025,0.213772,-0.58127
202858,1485.0,358.011,0.22239,0.310021,0.310021,-0.039004,-0.31848
202859,1486.0,358.111,0.146897,0.177704,0.177704,-0.132317,-0.32288
202900,1487.0,358.343,0.111195,0.257271,0.257271,0.079567,-0.3405
202901,1488.0,358.275,0.095992,0.117637,0.117637,-0.139634,-0.33158
202902,1489.0,358.359,0.242223,0.256374,0.256374,0.138737,-0.34882
202903,1490.0,357.749,0.242223,0.656332,0.656332,0.399958,2.8275
202904,1491.0,357.981,0.242223,0.335404,0.335404,-0.320928,-0.26425
202905,1492.0,358.058,0.242223,0.254167,0.254167,-0.081237,-0.3183
202906,1493.0,358.058,0.146897,0.146897,0.146897,-0.10727,-0.32959
202907,1494.0,357.656,0.095992,0.413302,0.413302,0.266405,-0.6638
202908,1495.0,358.544,0.0,0.888,0.0,-0.413302,-0.35
202909,1496.0,357.95,0.111195,0.604318,0.604318,0.604318,2.6815
202910,1497.0,357.958,0.146897,0.147115,0.147115,-0.457203,-0.30144
202911,1498.0,357.804,0.0,0.154,0.0,-0.147115,-0.35
202912,1499.0,358.095,0.111195,0.311521,0.311521,0.311521,-0.61231
202913,1500.0,357.897,0.095992,0.220042,0.220042,-0.091479,-0.32132
202914,1501.0,358.383,0.0,0.486,0.0,-0.220042,-0.35
202915,1502.0,358.188,0.095992,0.217347,0.217347,0.217347,-0.49544
202916,1503.0,357.966,0.146897,0.266201,0.266201,0.048854,-0.33571
202917,1504.0,358.034,0.111195,0.130339,0.130339,-0.135862,-0.32985
202918,1505.0,358.203,0.111195,0.2023,0.2023,0.071961,-0.34169
202919,1506.0,358.143,0.0,0.06,0.0,-0.2023,-0.35
202920,1507.0,358.174,0.111195,0.115435,0.115435,0.115435,-0.348
202921,1508.0,358.042,0.111195,0.172593,0.172593,0.057158,-0.34152
202922,1509.0,358.32,0.146897,0.314425,0.314425,0.141832,-0.34908
202923,1510.0,357.612,0.111195,0.716679,0.716679,0.402254,3.34332
202924,1511.0,358.119,0.0,0.507,0.0,-0.716679,-0.35
202925,1512.0,358.011,0.095992,0.144494,0.144494,0.144494,-0.34979
202926,1513.0,357.857,0.146897,0.212826,0.212826,0.068332,-0.34084
202927,1514.0,357.812,0.0,0.045,0.0,-0.212826,-0.35
202928,1515.0,357.672,0.146897,0.202926,0.202926,0.202926,-0.48041
202929,1516.0,357.741,0.0,0.069,0.0,-0.202926,-0.35
202930,1517.0,357.966,0.111195,0.250977,0.250977,0.250977,-0.53343
202931,1518.0,357.966,0.095992,0.095992,0.095992,-0.154985,-0.33416
202932,1519.0,357.54,0.111195,0.440273,0.440273,0.344281,-0.74723
202933,1520.0,358.034,0.095992,0.50324,0.50324,0.062967,-9.16829
202934,1521.0,357.818,0.146897,0.261218,0.261218,-0.242022,-0.29448
202935,1522.0,358.082,0.111195,0.286462,0.286462,0.025244,-0.33092
202936,1523.0,357.95,0.111195,0.172593,0.172593,-0.113869,-0.3254
202937,1524.0,358.095,0.22239,0.265485,0.265485,0.092892,-0.34213
202938,1525.0,358.388,0.242223,0.380159,0.380159,0.114674,-0.34325
202939,1526.0,357.757,0.146897,0.647873,0.647873,0.267714,2.98796
202940,1527.0,357.826,0.293795,0.301789,0.301789,-0.346084,-0.2687
202941,1528.0,357.749,0.191985,0.206851,0.206851,-0.094938,-0.32265
202942,1529.0,357.741,0.146897,0.147115,0.147115,-0.059736,-0.33338
202943,1530.0,358.174,0.191985,0.473653,0.473653,0.326538,-0.76193
202944,1531.0,358.182,0.146897,0.147115,0.147115,-0.326538,-0.31194
202945,1532.0,357.989,0.242223,0.309711,0.309711,0.162596,-0.52612
202946,1533.0,358.018,0.384886,0.385977,0.385977,0.076266,-0.33505
202947,1534.0,357.728,0.588189,0.655794,0.655794,0.269817,1.15978
202948,1535.0,358.645,0.62613,1.110373,1.110373,0.454579,-17.48957
202949,1536.0,358.597,0.86792,0.869246,0.869246,-0.241127,0.09159
202950,1537.0,358.906,0.935012,0.984748,0.984748,0.115502,-5.85686
202951,1538.0,357.804,0.67404,1.291795,1.291795,0.307047,5.4415
202952,1539.0,358.436,0.22239,0.669986,0.669986,-0.621809,-10.78538
202953,1540.0,358.042,0.0,0.394,0.0,-0.669986,-0.35
202954,1541.0,358.312,0.588189,0.647199,0.647199,0.647199,-5.80621
202955,1542.0,358.312,1.091556,1.091556,1.091556,0.444357,-1.53596
202956,1543.0,357.905,1.675579,1.724301,1.724301,0.632745,1.37404
202957,1544.0,358.761,2.291542,2.446201,2.446201,0.7219,-18.33818
202958,1545.0,358.235,2.831171,2.879619,2.879619,0.433418,2.02168
202959,1546.0,358.52,3.525974,3.537473,3.537473,0.657854,-8.77487
203000,1547.0,358.674,4.193879,4.196706,4.196706,0.659233,-7.02841
203001,1548.0,359.268,4.722593,4.759803,4.759803,0.563097,-14.6231
203002,1549.0,359.03,5.387086,5.392341,5.392341,0.632538,-3.86671
203003,1550.0,358.835,5.797529,5.800808,5.800808,0.408467,-0.10176
203004,1551.0,360.0,5.851659,5.966501,5.966501,0.165693,-21.41809
203005,1552.0,358.991,4.995059,5.095949,5.095949,-0.870552,7.90927
203006,1553.0,359.308,3.887868,3.90077,3.90077,-1.195179,0.82079
203007,1554.0,359.144,3.143669,3.147944,3.147944,-0.752826,2.08086
203008,1555.0,359.184,1.963092,1.963499,1.963499,-1.184445,0.86481
203009,1556.0,358.288,1.615871,1.847662,1.847662,-0.115837,4.71669
203010,1557.0,358.645,2.056563,2.087319,2.087319,0.239657,-7.12853
203011,1558.0,359.176,2.94788,2.995323,2.995323,0.908004,-14.08152
203012,1559.0,359.115,3.714358,3.714859,3.714859,0.719536,-5.18949
203013,1560.0,359.63,5.049401,5.075596,5.075596,1.360737,-20.86107
203014,1561.0,359.321,6.404272,6.411722,6.411722,1.336126,-12.38613
203015,1562.0,360.177,8.276084,8.320235,8.320235,1.908513,-42.3563
203016,1563.0,359.971,9.477917,9.480156,9.480156,1.159921,-19.84738
203017,1564.0,360.449,10.441314,10.45225,10.45225,0.972094,-24.16958
203018,1565.0,361.065,11.354959,11.371655,11.371655,0.919405,-26.76969
203019,1566.0,361.382,11.787214,11.791475,11.791475,0.41982,-11.07519
203020,1567.0,361.358,12.22007,12.220094,12.220094,0.428619,-13.8724
203021,1568.0,361.712,12.604948,12.609918,12.609918,0.389824,-11.58917
203022,1569.0,362.029,13.087351,13.091189,13.091189,0.481271,-13.57154
203023,1570.0,362.431,13.567746,13.5737,13.5737,0.482511,-15.68256
203024,1571.0,362.608,13.712351,13.713493,13.713493,0.139793,-3.16555
203025,1572.0,362.938,13.90397,13.907886,13.907886,0.194393,-7.42067
203026,1573.0,363.115,14.04841,14.049525,14.049525,0.141639,-3.39773
203027,1574.0,363.208,14.096489,14.096796,14.096796,0.047271,-1.17171
203028,1575.0,363.425,14.337194,14.338837,14.338837,0.242041,-6.92673
203029,1576.0,364.003,14.529324,14.540817,14.540817,0.20198,-12.51478
203030,1577.0,364.12,14.769869,14.770333,14.770333,0.229516,-5.12347
203031,1578.0,364.368,14.818135,14.82021,14.82021,0.049877,-2.634
203032,1579.0,364.637,15.058574,15.060976,15.060976,0.240766,-8.39897
203033,1580.0,364.698,15.010459,15.010583,15.010583,-0.050393,-0.9247
203034,1581.0,364.405,15.154735,15.157567,15.157567,0.146984,-0.77839
203035,1582.0,364.944,15.29906,15.308551,15.308551,0.150984,-10.94101
203036,1583.0,364.73,15.395329,15.396816,15.396816,0.088265,-0.92766
203037,1584.0,365.068,15.443428,15.447126,15.447126,0.05031,-4.55892
203038,1585.0,364.83,15.587848,15.589665,15.589665,0.142539,-1.43616
203039,1586.0,365.007,15.491967,15.492979,15.492979,-0.096686,-1.54437
203040,1587.0,365.084,15.491963,15.492154,15.492154,-0.000825,-1.81901
203041,1588.0,364.83,15.347437,15.349538,15.349538,-0.142616,1.26441
203042,1589.0,365.33,15.251666,15.25986,15.25986,-0.089678,-3.46501
203043,1590.0,365.169,14.962561,14.963427,14.963427,-0.296433,2.31215
203044,1591.0,365.393,14.866182,14.867869,14.867869,-0.095558,-1.32029
203045,1592.0,365.052,14.577686,14.581674,14.581674,-0.286195,3.43437
203046,1593.0,365.293,14.384917,14.386936,14.386936,-0.194738,-0.28457
203047,1594.0,365.052,13.9525,13.954582,13.954582,-0.432354,4.37824
203048,1595.0,365.047,13.231973,13.231974,13.231974,-0.722608,5.52705
203049,1596.0,364.899,12.127416,12.128319,12.128319,-1.103655,9.02417
203050,1597.0,364.244,10.719389,10.739382,10.739382,-1.388937,12.36736
203051,1598.0,364.458,9.485676,9.48809,9.48809,-1.251292,5.887
203052,1599.0,363.81,8.530324,8.554901,8.554901,-0.933189,8.26964
203053,1600.0,364.18,7.65039,7.659332,7.659332,-0.895569,2.10156
203054,1601.0,364.252,6.736029,6.736414,6.736414,-0.922918,3.25007
203055,1602.0,364.458,5.682997,5.68673,5.68673,-1.049684,2.29287
203056,1603.0,364.135,4.548438,4.559892,4.559892,-1.126838,4.56828
203057,1604.0,363.779,3.231681,3.25123,3.25123,-1.308662,4.1477
203058,1605.0,363.44,2.109094,2.136164,2.136164,-1.115066,2.94027
203059,1606.0,364.143,2.195957,2.30574,2.30574,0.169576,-13.09818
203100,1607.0,364.172,3.481851,3.481972,3.481972,1.176232,-7.42724
203101,1608.0,364.466,4.926527,4.935292,4.935292,1.45332,-17.41317
203102,1609.0,364.368,6.063579,6.06437,6.06437,1.129078,-12.91316
203103,1610.0,364.622,7.010931,7.015531,7.015531,0.951161,-15.09215
203104,1611.0,364.799,8.405486,8.407349,8.407349,1.391818,-22.42618
203105,1612.0,364.521,10.483307,10.486992,10.486992,2.079643,-38.83473
203106,1613.0,364.466,11.678983,11.679113,11.679113,1.192121,-28.93309
203107,1614.0,364.035,12.655525,12.662862,12.662862,0.983749,-20.34182
203108,1615.0,364.164,13.351803,13.352426,13.352426,0.689564,-15.58725
203109,1616.0,364.466,13.925854,13.929128,13.929128,0.576702,-16.70615
203110,1617.0,364.104,14.369133,14.373692,14.373692,0.444564,-2.06382
203111,1618.0,363.81,14.678192,14.681136,14.681136,0.307444,-1.63855
203112,1619.0,363.496,15.227553,15.23079,15.23079,0.549654,-18.71945
203113,1620.0,363.411,15.683086,15.683316,15.683316,0.452526,-21.27677
203114,1621.0,363.742,15.924008,15.927448,15.927448,0.244132,-10.33996
203115,1622.0,363.287,16.093229,16.09966,16.09966,0.172212,-1.02961
203116,1623.0,363.34,16.093238,16.093325,16.093325,-0.006335,-2.17556
203117,1624.0,363.38,16.621431,16.621479,16.621479,0.528154,-14.38439
203118,1625.0,362.862,16.484642,16.492778,16.492778,-0.128701,1.61306
203119,1626.0,362.524,16.536697,16.540151,16.540151,0.047373,-0.98378
203120,1627.0,361.483,16.399762,16.432769,16.432769,-0.107382,4.27678
203121,1628.0,361.845,16.420753,16.424743,16.424743,-0.008026,-4.12387
203122,1629.0,360.803,16.230356,16.26377,16.26377,-0.160973,4.90745
203123,1630.0,361.126,16.160822,16.164049,16.164049,-0.099721,-2.8624
203124,1631.0,360.711,16.34888,16.354146,16.354146,0.190097,-1.66407
203125,1632.0,360.703,16.552374,16.552375,16.552375,0.198229,-4.12735
203126,1633.0,361.197,16.670591,16.677908,16.677908,0.125533,-10.31391
203127,1634.0,360.732,16.843944,16.850361,16.850361,0.172453,-1.76478
203128,1635.0,360.663,16.750423,16.750565,16.750565,-0.099796,-1.28811
203129,1636.0,361.435,16.819346,16.837054,16.837054,0.086489,-14.22527
203130,1637.0,361.089,16.772238,16.775806,16.775806,-0.061248,-0.18069
203131,1638.0,362.468,16.539616,16.597004,16.597004,-0.178802,-16.92317
203132,1639.0,362.339,16.257275,16.257787,16.257787,-0.339217,1.60358
203133,1640.0,363.718,15.931733,15.991303,15.991303,-0.266484,-14.27908
203134,1641.0,363.581,15.48263,15.483236,15.483236,-0.508067,3.62438
203135,1642.0,364.104,15.154114,15.163136,15.163136,-0.3201,-1.28722
203136,1643.0,363.818,14.605908,14.608708,14.608708,-0.554428,5.26316
203137,1644.0,364.976,14.099944,14.147416,14.147416,-0.461292,-5.46127
203138,1645.0,365.237,13.445169,13.447702,13.447702,-0.699714,3.87917
203139,1646.0,366.358,13.75944,13.805029,13.805029,0.357327,-25.72835
203140,1647.0,367.105,12.793036,12.814826,12.814826,-0.990203,3.46346
203141,1648.0,368.218,13.318052,13.364478,13.364478,0.549652,-29.89394
203142,1649.0,367.708,12.119175,12.129901,12.129901,-1.234577,11.83089
203143,1650.0,368.532,11.067077,11.09771,11.09771,-1.032191,2.60257
203144,1651.0,368.564,9.900632,9.900684,9.900684,-1.197026,6.90237
203145,1652.0,369.777,9.374235,9.452388,9.452388,-0.448296,-11.40628
203146,1653.0,369.621,9.513633,9.514912,9.514912,0.062524,1.06381
203147,1654.0,370.075,9.349509,9.360526,9.360526,-0.154386,-2.90185
203148,1655.0,370.007,9.179351,9.179603,9.179603,-0.180923,1.78319
203149,1656.0,370.292,9.678794,9.682989,9.682989,0.503386,-11.32465
203150,1657.0,370.155,10.233807,10.234724,10.234724,0.551735,-11.59205
203151,1658.0,370.215,10.344366,10.34454,10.34454,0.109816,-0.28283
203152,1659.0,369.605,10.427321,10.445149,10.445149,0.100609,3.36651
203153,1660.0,369.838,10.593889,10.596451,10.596451,0.151302,-3.98464
203154,1661.0,370.131,10.927199,10.931127,10.931127,0.334676,-8.6846
203155,1662.0,369.66,11.092907,11.102902,11.102902,0.171775,2.2438
203156,1663.0,369.721,11.536628,11.536789,11.536789,0.433887,-6.69247
203157,1664.0,369.56,12.063509,12.064584,12.064584,0.527795,-13.29353
203158,1665.0,370.168,12.424071,12.438939,12.438939,0.374355,-15.65484
203159,1666.0,369.79,12.397584,12.403345,12.403345,-0.035594,3.03841
203200,1667.0,369.822,12.368726,12.368767,12.368767,-0.034578,0.85342
203201,1668.0,368.926,12.230414,12.26319,12.26319,-0.105577,6.35635
203202,1669.0,369.336,12.008576,12.015573,12.015573,-0.247617,0.40805
203203,1670.0,368.826,11.841683,11.85266,11.85266,-0.162913,4.65672
203204,1671.0,368.302,11.231846,11.244063,11.244063,-0.608597,7.32638
203205,1672.0,368.21,10.845365,10.845755,10.845755,-0.398308,3.57857
203206,1673.0,367.993,9.706548,9.708973,9.708973,-1.136782,7.76735
203207,1674.0,368.21,9.127794,9.130373,9.130373,-0.5786,2.22847
203208,1675.0,368.21,7.797182,7.797182,7.797182,-1.333191,6.02976
203209,1676.0,367.459,5.824868,5.873081,5.873081,-1.924101,10.34941
203210,1677.0,367.383,4.076817,4.077525,4.077525,-1.795556,4.39415
203211,1678.0,367.946,2.523976,2.586006,2.586006,-1.491519,-2.70034
203212,1679.0,367.676,1.80798,1.828029,1.828029,-0.757977,2.00112
203213,1680.0,368.094,0.681077,0.799118,0.799118,-1.028911,-6.15199
203214,1681.0,367.652,1.80798,1.861224,1.861224,1.062106,1.08903
203215,1682.0,368.162,3.549751,3.5862,3.5862,1.724976,-19.89658
203216,1683.0,368.202,5.491599,5.491745,5.491745,1.905545,-18.70781
203217,1684.0,368.17,6.934043,6.934117,6.934117,1.442372,-20.18681
203218,1685.0,368.263,8.237403,8.237928,8.237928,1.303811,-19.21463
203219,1686.0,368.572,8.81918,8.824592,8.824592,0.586664,-12.66357
203220,1687.0,368.873,8.957582,8.962638,8.962638,0.138046,-5.23217
203221,1688.0,368.131,9.096251,9.126464,9.126464,0.163826,3.6642
203222,1689.0,368.802,9.262883,9.287155,9.287155,0.160691,-12.23215
203223,1690.0,369.003,9.484734,9.486864,9.486864,0.199709,-4.4242
203224,1691.0,369.09,9.706586,9.706976,9.706976,0.220112,-2.72324
203225,1692.0,368.408,9.958213,9.981539,9.981539,0.274563,2.76894
203226,1693.0,368.789,9.928442,9.93575,9.93575,-0.045789,-3.16276
203227,1694.0,369.082,10.180017,10.184232,10.184232,0.248482,-6.95082
203228,1695.0,369.135,9.845035,9.845178,9.845178,-0.339054,2.13344
203229,1696.0,368.789,9.820769,9.826862,9.826862,-0.018316,2.54406
203230,1697.0,368.612,9.002288,9.004028,9.004028,-0.822834,5.48521
203231,1698.0,368.789,9.461871,9.463526,9.463526,0.459498,-8.50627
203232,1699.0,368.942,10.0121,10.013269,10.013269,0.549743,-9.9637
203233,1700.0,368.408,10.317784,10.331594,10.331594,0.318325,1.72215
203234,1701.0,368.572,10.566358,10.567631,10.567631,0.236037,-4.39076
203235,1702.0,369.003,10.318851,10.327848,10.327848,-0.239783,-0.29979
203236,1703.0,369.013,10.705484,10.705489,10.705489,0.377641,-4.39758
203237,1704.0,368.641,11.010087,11.01637,11.01637,0.310881,0.8726
203238,1705.0,368.001,10.871191,10.890013,10.890013,-0.126357,4.9128
203239,1706.0,367.644,10.899486,10.905331,10.905331,0.015318,2.55604
203240,1707.0,367.399,10.372193,10.375086,10.375086,-0.530245,4.98012
203241,1708.0,367.259,9.706643,9.707653,9.707653,-0.667433,4.86555
203242,1709.0,367.444,8.681128,8.683099,8.683099,-1.024554,4.32029
203243,1710.0,366.627,7.931864,7.97383,7.97383,-0.709269,7.83795
203244,1711.0,367.19,7.044494,7.066956,7.066956,-0.906874,0.75836
203245,1712.0,367.584,6.853536,6.864852,6.864852,-0.202104,-2.8694
203246,1713.0,367.045,7.518749,7.538044,7.538044,0.673192,0.44091
203247,1714.0,367.652,9.155551,9.17565,9.17565,1.637606,-35.96915
203248,1715.0,367.536,9.983776,9.98445,9.98445,0.8088,-16.31953
203249,1716.0,367.515,10.815925,10.815946,10.815946,0.831496,-20.08583
203250,1717.0,367.19,11.703344,11.707856,11.707856,0.89191,-17.69536
203251,1718.0,367.113,11.703349,11.703602,11.703602,-0.004254,1.28769
203252,1719.0,366.743,12.092484,12.098143,12.098143,0.394541,0.31241
203253,1720.0,367.259,11.619996,11.631448,11.631448,-0.466695,1.03753
203254,1721.0,367.037,11.87066,11.872736,11.872736,0.241288,0.49775
203255,1722.0,366.965,12.536169,12.536376,12.536376,0.66364,-19.05212
203256,1723.0,366.897,12.951175,12.951354,12.951354,0.414978,-14.24914
203257,1724.0,367.19,12.646163,12.649556,12.649556,-0.301798,1.14782
203258,1725.0,367.037,12.841891,12.842802,12.842802,0.193246,-0.01683
203259,1726.0,366.957,12.598578,12.598832,12.598832,-0.24397,2.76918
203300,1727.0,365.501,12.175449,12.262197,12.262197,-0.336635,10.90447
203301,1728.0,366.556,11.149924,11.199725,11.199725,-1.062472,1.62207
203302,1729.0,366.072,9.871976,9.883833,9.883833,-1.315892,10.29533
203303,1730.0,365.354,8.984289,9.012934,9.012934,-0.870899,8.62531
203304,1731.0,366.041,7.744399,7.774811,7.774811,-1.238123,1.92679
203305,1732.0,366.387,7.016649,7.025175,7.025175,-0.749636,1.29263
203306,1733.0,366.527,6.951205,6.952615,6.952615,-0.07256,-0.21183
203307,1734.0,366.973,7.341253,7.354789,7.354789,0.402174,-11.61012
203308,1735.0,366.743,7.815578,7.818962,7.818962,0.464173,-5.24068
203309,1736.0,367.253,9.56062,9.574213,9.574213,1.755251,-37.32374
203310,1737.0,366.574,11.565866,11.58578,11.58578,2.011567,-34.87388
203311,1738.0,367.607,12.679492,12.721502,12.721502,1.135722,-41.33974
203312,1739.0,367.652,13.249247,13.249323,13.249323,0.527821,-9.98456
203313,1740.0,367.745,13.717676,13.717991,13.717991,0.468668,-9.93796
203314,1741.0,368.781,14.305599,14.343063,14.343063,0.625072,-31.76496
203315,1742.0,368.849,14.680273,14.68043,14.68043,0.337367,-7.07936
203316,1743.0,368.564,15.187072,15.189746,15.189746,0.509316,-18.00586
203317,1744.0,369.283,15.797616,15.81397,15.81397,0.624224,-28.26423
203318,1745.0,369.259,15.849152,15.84917,15.84917,0.0352,-1.90277
203319,1746.0,369.505,15.886316,15.888221,15.888221,0.039051,-3.41845
203320,1747.0,369.729,15.946235,15.947808,15.947808,0.059587,-3.53439
203321,1748.0,369.584,16.057083,16.057737,16.057737,0.109929,-2.1024
203322,1749.0,369.296,16.130081,16.132652,16.132652,0.074915,-1.101
203323,1750.0,369.058,16.181411,16.183161,16.183161,0.050509,-1.20187
203324,1751.0,369.082,15.837104,15.837123,15.837123,-0.346038,1.14842
203325,1752.0,369.074,15.442522,15.442524,15.442524,-0.394599,1.9995
203326,1753.0,368.231,14.631472,14.655736,14.655736,-0.786788,10.08457
203327,1754.0,367.631,12.966495,12.98037,12.98037,-1.675366,15.52656
203328,1755.0,367.732,11.031257,11.03172,11.03172,-1.94865,11.95105
203329,1756.0,367.129,8.82219,8.842773,8.842773,-2.188947,14.27323
203330,1757.0,366.611,6.134161,6.155993,6.155993,-2.68678,11.99016
203331,1758.0,366.68,3.843495,3.844114,3.844114,-2.311879,4.45186
203332,1759.0,366.712,3.217284,3.217443,3.217443,-0.626671,0.84361
203333,1760.0,367.066,3.519474,3.537233,3.537233,0.31979,-7.82208
203334,1761.0,367.082,4.627305,4.627333,4.627333,1.0901,-8.5945
203335,1762.0,367.507,6.260706,6.275115,6.275115,1.647782,-25.15644
203336,1763.0,367.09,7.713679,7.724942,7.724942,1.449827,-15.73576
203337,1764.0,367.467,8.953306,8.96124,8.96124,1.236298,-24.6675
203338,1765.0,367.924,9.48222,9.493226,9.493226,0.531986,-14.82452
203339,1766.0,367.993,8.992544,8.992809,8.992809,-0.500417,2.57744
203340,1767.0,367.853,8.916329,8.917428,8.917428,-0.075381,1.59765
203341,1768.0,367.792,7.858987,7.859224,7.859224,-1.058204,5.22828
203342,1769.0,367.391,6.853443,6.865165,6.865165,-0.994059,6.12898
203343,1770.0,367.808,5.851587,5.866427,5.866427,-0.998738,1.11955
203344,1771.0,367.029,5.10275,5.16187,5.16187,-0.704557,6.24656
203345,1772.0,367.467,4.79807,4.81802,4.81802,-0.34385,-3.83464
203346,1773.0,367.623,4.798071,4.800606,4.800606,-0.017414,-1.64936
203347,1774.0,366.944,4.493937,4.544944,4.544944,-0.255662,4.30264
