222517.598,0,296.359833853035,0.0,0.0,0,0,-0.35
222519.746,2.14800000000105,296.363128662109,12.523388,12.523388,5.830255,2.714271,-28.6177
222521.869,4.27100000000792,296.363128662109,8.580725,8.580725,4.041792,-0.842423,1.9155
222524.011,6.41300000000047,296.363109583789,8.872057,8.872057,4.14195,0.046759,-0.10339
222526.146,8.54799999999523,296.484844522841,10.948517,10.949194,5.128428,0.462051,-4.39113
222528.239,10.6410000000033,296.741286591265,17.6802,17.68206,8.448189,1.586126,-25.30869
222530.302,12.7039999999979,296.976023097124,21.255415,21.256711,10.303786,0.899465,-16.51774
222532.400,14.801999999996,297.29028705125,24.052283,24.054336,11.465365,0.55366,-11.09284
222534.419,16.8209999999963,297.50072903133,22.086166,22.087168,10.939657,-0.26038,1.81127
222535.789,18.1910000000062,297.488278112783,9.732426,9.732434,7.103966,-2.799774,11.56048
222539.311,21.7130000000034,297.198194362039,32.078928,32.08024,9.108529,0.569155,-11.61584
222541.387,23.7890000000043,297.089586070101,11.795137,11.795637,5.681906,-1.650589,5.72758
222542.771,25.1729999999952,297.089586070101,0.0,0.0,0.0,-4.105423,-0.35
222546.283,28.6849999999977,296.996852116396,39.43615,39.436259,11.229003,3.197324,-71.82195
222548.426,30.8280000000086,296.873715550356,29.876345,29.876599,13.941483,1.26574,-39.56711
222550.896,33.2979999999952,296.91309400599,35.771631,35.771653,14.48245,0.219015,-2.76113
222553.300,35.7020000000048,296.307075617853,19.90908,19.918301,8.285483,-2.577773,13.86578
222555.417,37.8190000000031,295.627933609465,18.54959,18.562019,8.768077,0.227961,1.14016
222557.593,39.9949999999953,294.977537478286,19.343173,19.354105,8.89435,0.05803,1.87019
222559.012,41.4140000000043,294.534444338765,8.727786,8.739026,6.158581,-1.927956,8.61905
222602.665,45.0669999999955,292.77282020561,42.065837,42.102708,11.525515,1.469185,-27.56382
222604.816,47.218000000008,292.095102172774,28.666557,28.674567,13.330807,0.83928,-21.66183
222606.973,49.375,291.130218572051,26.432201,26.449806,12.262312,-0.495362,6.7985
222608.407,50.8090000000084,290.874770908186,10.22073,10.223922,7.129653,-3.57926,15.67062
222614.784,57.1860000000015,290.410351174769,16.53815,16.544669,2.594428,-0.711185,1.3107
222616.902,59.3040000000037,290.160348161319,6.583808,6.588553,3.110743,0.243775,0.13838
222618.301,60.7030000000086,290.144337599694,0.441508,0.441798,0.315796,-1.997818,0.03176
222626.858,69.2599999999948,289.978677282699,4.449233,4.452316,0.520313,0.023901,-0.2068
222629.022,71.4239999999991,289.963974414072,17.358601,17.358607,8.021537,3.46637,-55.43356
222630.925,73.3270000000048,289.938345017887,3.561695,3.561788,1.87167,-3.231669,3.28974
222639.577,81.9790000000066,289.974270872443,11.928129,11.928183,1.378662,-0.056982,-0.2139
222650.133,92.5350000000035,287.015077539653,217.885796,217.90589,20.642847,1.824951,-87.17362
222652.684,95.0859999999957,282.602544821332,41.39241,41.626939,16.317891,-1.695396,23.09109
222655.600,98.0020000000077,280.637395239467,39.340436,39.389487,13.508055,-0.963593,11.22364
222657.735,100.137000000002,279.457586498001,25.348407,25.375849,11.885643,-0.759912,9.07038
222659.787,102.188999999998,277.732828378881,24.768761,24.82874,12.099776,0.104353,4.92319
222702.364,104.766000000003,275.701661796694,31.424129,31.489705,12.219521,0.046467,4.96295
222704.895,107.297000000006,272.858846458641,36.690339,36.800307,14.539829,0.916755,-1.86862
222708.356,110.758000000002,268.19135342398,54.136083,54.336921,15.699775,0.335148,2.98263
222710.482,112.884000000005,268.6549734893,33.257039,33.26027,15.64453,-0.025985,-2.43683
222712.564,114.966,271.389869940803,32.825675,32.939408,15.821041,0.08478,-23.8575
222715.185,117.587,272.223379772912,41.163017,41.171455,15.7083,-0.043014,-2.89318
222717.757,120.159,270.713183228971,36.004682,36.03634,14.011019,-0.659907,8.27748
222720.331,122.733000000007,268.805945493182,33.887963,33.941591,13.186321,-0.320395,6.846
222723.544,125.945999999996,269.193764971604,35.449614,35.451736,11.033842,-0.669928,4.29526
222726.721,129.123000000007,271.071101073429,31.591684,31.647415,9.961415,-0.33756,-1.61207
222729.195,131.597000000009,269.580945132574,20.835694,20.888914,8.443377,-0.613597,6.70399
222731.840,134.241999999998,267.004838122671,20.39281,20.554879,7.771221,-0.254123,6.8732
222733.991,136.392999999996,265.941512619307,9.884837,9.941864,4.621973,-1.464086,6.59723
222734.650,137.051999999996,266.139040854111,2.042666,2.052194,3.114103,-2.288118,2.27208
222749.444,151.846000000005,264.780433387118,15.982142,16.039784,1.084209,-0.137211,0.33172
222751.556,153.957999999999,263.6803398505,14.987003,15.027324,7.11521,2.855588,-31.35315
222753.694,156.096000000005,262.70719710978,16.061308,16.090762,7.526081,0.192175,2.04908
222755.813,158.214999999997,262.464283260872,15.861865,15.863725,7.48642,-0.018717,1.05602
222757.933,160.335000000006,262.242523590299,19.273497,19.274773,9.091874,0.75729,-14.41974
222800.065,162.467000000004,261.848469689874,21.553856,21.557457,10.111378,0.478191,-9.49315
222802.170,164.572,261.922226621671,20.100441,20.100577,9.548968,-0.267178,1.83628
222804.289,166.691000000006,262.753907261219,31.142626,31.15373,14.70209,2.431865,-71.54191
222806.416,168.817999999999,264.795450502442,38.180193,38.234736,17.975898,1.539167,-68.0954
222808.558,170.960000000006,264.51304507685,45.534404,45.535279,21.2583,1.532401,-81.9601
222810.680,173.081999999995,265.427428918049,46.946221,46.955125,22.127768,0.40974,-25.45771
222812.796,175.198000000004,266.078878903248,48.142759,48.147167,22.75386,0.295885,-19.17488
222814.917,177.319000000003,266.295081313691,50.866434,50.866894,23.982505,0.579276,-29.7826
222817.027,179.429000000004,270.242635622532,46.262953,46.431067,22.005245,-0.93709,-7.56383
222821.740,184.142000000007,266.988968367728,123.487689,123.530546,26.210597,0.892288,-70.2171
222823.862,186.263999999996,264.841233598269,54.240251,54.282755,25.58094,-0.296728,-4.71807
222825.939,188.341,262.36154919769,53.509625,53.567049,25.790587,0.100937,-9.82904
222828.021,190.422999999995,261.901108507956,51.595083,51.597138,24.782487,-0.484198,-5.22464
222830.131,192.532999999996,263.433608769363,50.226035,50.24941,23.814886,-0.458579,-9.47194
222832.242,194.644,267.435779561098,55.06047,55.205731,26.151459,1.106856,-93.27865
222834.871,197.273000000001,276.761921254656,68.869804,69.498395,26.435297,0.107964,-74.77698
222836.986,199.388000000006,273.382611768236,60.072741,60.167716,28.448092,0.951676,-69.18431
222839.114,201.516000000003,270.912913929461,61.530304,61.579848,28.937899,0.230172,-18.32776
222841.236,203.638000000006,262.124340119562,62.640239,63.253764,29.80856,0.410302,-6.79191
222843.365,205.767000000007,264.51483242283,62.740581,62.786105,29.49089,-0.149211,-25.85842
222845.487,207.888999999996,269.682358572553,63.563815,63.77352,30.053497,0.265131,-66.73952
222847.615,210.017000000007,271.346096823445,63.017879,63.039837,29.623984,-0.201839,-23.36582
222849.739,212.141000000003,269.270165628468,62.244797,62.279405,29.321754,-0.142293,-14.02554
222851.790,214.191999999995,270.49863592608,61.539528,61.551789,30.010623,0.33587,-36.57999
222853.913,216.315000000002,266.041854061143,63.491457,63.647687,29.980069,-0.014392,-11.31381
222856.072,218.474000000002,260.460007829017,67.266776,67.497971,31.263535,0.594472,-22.14031
222858.221,220.623000000007,260.149851821162,65.729228,65.72996,30.586301,-0.315139,-18.23573
222900.375,222.777000000002,265.5498467934,66.526421,66.745221,30.986639,0.185858,-64.66372
222902.550,224.952000000005,269.889779640804,67.765574,67.904404,31.220416,0.107484,-50.80919
222904.677,227.078999999998,273.944870718964,66.606705,66.73003,31.37284,0.071661,-47.19653
222906.806,229.207999999999,274.595168200791,65.687874,65.691093,30.855375,-0.243055,-22.52594
222908.924,231.326000000001,274.257352675902,63.629257,63.630154,30.042566,-0.383763,-15.92179
222911.053,233.455000000002,276.566496988964,62.080508,62.123438,29.179633,-0.405323,-20.82106
222913.175,235.577000000005,280.271757607447,63.163456,63.272041,29.817173,0.300443,-55.63083
222915.301,237.703000000009,275.178141651811,64.781032,64.980974,30.564898,0.351705,-17.24047
222917.449,239.850999999995,271.972228572058,69.614624,69.688405,32.443391,0.874531,-36.39605
222919.569,241.971000000005,278.561453070974,69.36304,69.675313,32.865714,0.199209,-78.94627
222921.732,244.134000000005,282.175883214892,70.616229,70.70867,32.690092,-0.081194,-36.98383
222923.916,246.317999999999,284.244168435174,71.063636,71.093728,32.552073,-0.063196,-32.99577
222926.089,248.491000000009,285.346426962849,72.916959,72.92529,33.559728,0.463716,-48.29387
222928.246,250.648000000001,285.628394185223,72.797294,72.79784,33.749578,0.088016,-34.17041
222930.399,252.801000000007,284.961854723325,73.003567,73.00661,33.909248,0.074162,-31.8675
222932.520,254.922000000006,284.047197333547,70.321035,70.326983,33.157465,-0.354447,-21.33976
222934.669,257.070999999996,284.196476722529,73.679824,73.679975,34.285703,0.525006,-45.38608
222936.785,259.187000000005,282.644201602368,71.98796,72.004694,34.028683,-0.121465,-26.06676
222938.921,261.323000000004,281.484658169296,69.672985,69.682633,32.622955,-0.658112,-13.98175
222941.041,263.442999999999,283.861635514405,69.309713,69.35046,32.712481,0.042229,-36.27225
222943.218,265.619999999995,285.225940576524,70.533452,70.546646,32.405441,-0.141038,-29.46732
222945.369,267.771000000008,286.297395474453,71.161996,71.170062,33.086965,0.316841,-38.84373
222947.540,269.941999999995,287.597673588258,71.408666,71.420503,32.897514,-0.087264,-31.42676
222949.691,272.093000000008,288.462796842092,70.147978,70.153313,32.614278,-0.131676,-28.87106
222951.874,274.275999999998,287.760533951995,70.599543,70.603036,32.342206,-0.124632,-24.38288
222954.066,276.468000000008,286.339216696893,70.593829,70.608136,32.211741,-0.059519,-23.46484
222956.228,278.630000000005,284.191788178804,70.173971,70.206821,32.47309,0.120883,-25.4558
222958.411,280.812999999995,281.814988028715,70.176803,70.217041,32.165388,-0.140954,-19.44539
223000.638,283.040000000008,279.987701060208,71.594163,71.617478,32.158724,-0.002992,-23.41295
223002.847,285.248999999996,279.797253674099,71.944255,71.944507,32.568812,0.185644,-31.88616
223005.017,287.419000000009,279.328479993792,69.810099,69.811673,32.171278,-0.183195,-23.5162
223007.198,289.600000000006,279.397891230071,70.873518,70.873552,32.495897,0.14884,-31.68664
223009.355,291.756999999998,279.520390467958,70.200721,70.200828,32.545585,0.023036,-29.63732
223011.439,293.841,276.978912764151,67.83456,67.882152,32.57301,0.01316,-22.46217
223013.559,295.960999999996,276.537305757987,67.94661,67.948045,32.050965,-0.246248,-22.15362
223015.663,298.065000000002,274.94812069969,66.845871,66.864758,31.779828,-0.128867,-20.64864
223017.796,300.198000000004,274.301240443223,67.542125,67.545223,31.666771,-0.053004,-24.25298
223019.920,302.322,274.169321721647,68.255386,68.255514,32.135364,0.220618,-31.59812
223022.008,304.410000000003,275.961102047995,67.060123,67.084056,32.128379,-0.003345,-32.61488
223024.134,306.536000000007,271.973002206151,70.595909,70.708467,33.258922,0.53177,-30.17704
223026.255,308.657000000007,270.462765783692,69.019139,69.03566,32.548637,-0.334882,-18.8217
223028.400,310.801999999996,270.017660198125,72.066637,72.068011,33.598141,0.489279,-39.5119
223030.537,312.938999999998,270.012559738026,72.674757,72.674758,34.007842,0.191718,-36.05222
223033.390,315.792000000001,269.124997493135,92.579883,92.584137,32.451503,-0.54551,-16.97718
223035.488,317.889999999999,267.677577442114,69.023192,69.038367,32.906753,0.216992,-29.95056
223037.539,319.941000000006,267.213893396833,68.002387,68.003968,33.156494,0.121765,-31.35814
223039.614,322.016000000003,266.284860502986,67.573624,67.58001,32.56868,-0.283284,-21.2702
223041.677,324.078999999998,265.194449406995,66.994278,67.003151,32.478503,-0.043712,-25.01185
223043.756,326.157999999996,264.488005261996,63.631409,63.63533,30.608625,-0.899412,-7.12314
223045.875,328.277000000002,264.38269289602,64.20678,64.206867,30.300551,-0.145387,-21.09174
223050.116,332.517999999996,263.962387498717,137.216949,137.217592,32.355009,0.484428,-36.73197
223054.398,336.800000000003,263.135771614604,148.321272,148.323575,34.638855,0.53336,-43.2899
223056.541,338.942999999999,263.198701286892,70.991878,70.991906,33.127348,-0.705323,-17.25415
223058.671,341.073000000004,261.989960362187,71.19686,71.20712,33.430573,0.142359,-30.52914
223100.813,343.214999999997,262.012380021351,72.813194,72.813197,33.993089,0.262613,-37.43735
223102.925,345.327000000005,261.035195566025,71.415771,71.422456,33.817451,-0.083162,-27.776
223105.002,347.403999999995,260.491525370501,68.615621,68.617775,33.036964,-0.375776,-21.59969
223107.079,349.481,261.339244705555,69.018805,69.024011,33.232552,0.094169,-34.52996
223109.179,351.581000000006,261.930694580078,67.599181,67.601769,32.191318,-0.495826,-20.62799
223111.287,353.688999999998,262.235600915528,67.488345,67.489033,32.01567,-0.083324,-26.95902
223113.362,355.763999999996,262.540496826172,66.771237,66.771933,32.179245,0.078831,-30.28108
223115.423,357.824999999997,262.845405566407,68.432422,68.433102,33.203834,0.497132,-43.04756
223117.594,359.995999999999,263.150302026368,70.737057,70.737714,32.58301,-0.285962,-24.50185
223119.733,362.134999999995,263.482303805123,69.568874,69.569666,32.524388,-0.027406,-29.19578
223121.862,364.263999999996,264.632089469794,69.429301,69.43882,32.615698,0.042889,-32.82837
223123.983,366.384999999995,265.635172217989,69.581497,69.588727,32.809395,0.091323,-33.81286
223126.113,368.514999999999,268.380197135089,70.619265,70.672595,33.179622,0.173815,-43.89681
223128.236,370.638000000006,272.381679977404,70.351411,70.465119,33.191295,0.005498,-44.41484
223130.384,372.786000000007,275.106166522387,71.682265,71.734023,33.395727,0.095173,-39.71473
223132.536,374.937999999995,274.586206344359,73.08459,73.08644,33.9621,0.263184,-35.98431
223134.666,377.067999999999,276.773727490375,72.978976,73.011753,34.277818,0.148224,-41.60172
223136.847,379.248999999996,282.091563704132,72.746377,72.940487,33.443598,-0.382494,-37.30241
223139.014,381.415999999997,286.303837613363,72.420573,72.542971,33.476221,0.015054,-46.39677
223141.180,383.581999999995,288.111774355088,71.14672,71.169688,32.857658,-0.285578,-28.96601
223143.364,385.766000000003,289.823257772282,71.734523,71.754937,32.854825,-0.001297,-33.94274
223145.488,387.889999999999,293.755453742077,69.975845,70.08624,32.997288,0.067073,-47.52821
223147.575,389.976999999999,296.971737850651,68.570839,68.646227,32.892298,-0.050307,-37.31571
223149.701,392.103000000003,294.516020402976,67.530764,67.5754,31.78523,-0.520728,-11.44344
223151.885,394.286999999997,298.105887817823,68.213719,68.308115,31.276609,-0.232885,-30.99541
223154.130,396.532000000007,296.627109558861,70.339179,70.354722,31.338406,0.027527,-22.99451
223156.379,398.781000000003,290.391238890878,71.309011,71.581151,31.827991,0.21769,-15.8276
223158.639,401.040999999997,291.494076877162,72.418748,72.427145,32.047409,0.097088,-32.20685
223200.897,403.298999999999,291.31346393111,72.692815,72.69304,32.193552,0.064722,-28.82377
223203.157,405.559000000008,293.079502545964,72.92089,72.942272,32.275342,0.03619,-33.26065
223205.372,407.774000000005,294.859849236749,73.25357,73.275202,33.081355,0.363888,-46.74656
223207.576,409.978000000003,297.357730632745,71.808998,71.85243,32.600921,-0.217983,-31.3037
223209.813,412.214999999997,299.755265253051,72.881604,72.921029,32.597688,-0.001445,-34.93595
223212.028,414.430000000008,301.573409416241,72.580704,72.603472,32.778091,0.081446,-35.50454
223214.197,416.599000000002,302.105953479018,71.167061,71.169054,32.81192,0.015597,-31.18772
223218.796,421.198000000004,304.597069457322,162.896727,162.915773,35.424173,0.568005,-59.19447
223220.967,423.369000000006,304.956182007063,70.349297,70.350214,32.40452,-1.390904,-4.10262
223223.151,425.553,303.11637088652,70.900293,70.92416,32.474432,0.032011,-24.67978
223225.284,427.686000000002,301.011840264018,70.261946,70.293457,32.955207,0.225398,-28.61096
223227.452,429.854000000007,298.205139160156,70.748251,70.803902,32.658626,-0.136799,-19.50305
223229.603,432.005000000005,299.226683967996,70.437674,70.445081,32.749921,0.042443,-32.80286
223231.752,434.153999999995,299.051178030137,71.287249,71.287465,33.172389,0.196588,-33.61819
223233.867,436.269,296.908633930681,70.219646,70.252325,33.216229,0.020728,-25.28466
223235.988,438.389999999999,295.953369175066,70.01933,70.025846,33.015486,-0.094645,-25.76765
223238.102,440.504000000001,297.536287968075,68.993175,69.011331,32.644906,-0.175298,-30.06061
223240.228,442.630000000005,301.472845588757,70.227887,70.338131,33.084727,0.206877,-56.40099
223242.354,444.756000000008,303.506215861244,70.050759,70.080264,32.963435,-0.057052,-34.12895
223244.477,446.879000000001,305.622659155307,70.219908,70.251796,33.090813,0.059999,-36.83562
223246.598,449.0,309.766062269372,70.719963,70.841238,33.399924,0.145738,-54.83897
223248.727,451.129000000001,311.853783855307,71.18379,71.214399,33.449694,0.023377,-36.93095
223250.849,453.251000000004,311.263682471054,70.974302,70.976755,33.448047,-0.000776,-29.51211
223253.630,456.032000000007,306.683967883653,89.959008,90.075507,32.389611,-0.380595,-12.50414
223255.752,458.153999999995,310.152047436999,59.245585,59.347005,27.967486,-2.083942,4.74925
223257.911,460.312999999995,311.007506804868,64.110345,64.116052,29.697106,0.801121,-58.59828
223300.041,462.442999999999,310.92115173373,65.569488,65.569545,30.783824,0.510196,-86.8858
223302.185,464.587,311.005513007514,68.777941,68.777992,32.079288,0.604228,-45.63979
223304.288,466.690000000002,310.477542291771,69.436444,69.438452,33.01876,0.446729,-36.96241
223306.403,468.805000000008,308.272883548137,70.911433,70.945697,33.544065,0.248371,-30.22573
223308.520,470.922000000006,307.711632422402,70.730991,70.733218,33.412007,-0.06238,-28.33437
223310.629,473.031000000003,307.634601284184,70.18826,70.188302,33.280371,-0.062416,-29.28625
223312.775,475.176999999996,305.358250317971,70.313038,70.349876,32.781862,-0.232297,-19.31692
223314.955,477.357000000004,303.247579126528,72.288558,72.319365,33.174021,0.179889,-28.41174
223317.148,479.550000000003,301.887741268392,71.854088,71.866954,32.771069,-0.183745,-22.62347
223319.341,481.743000000002,300.00772053775,72.137768,72.162262,32.905728,0.061404,-26.1608
223321.561,483.963000000003,298.498442691118,72.329717,72.345462,32.588046,-0.1431,-22.62648
223323.759,486.161000000007,295.994931442533,71.935991,71.979541,32.747744,0.072656,-24.42999
223325.970,488.372000000003,295.513692071904,71.43363,71.435251,32.309024,-0.198426,-23.54514
223328.176,490.578000000009,293.604156055725,71.562048,71.58752,32.451278,0.064485,-25.08438
223330.405,492.807000000001,292.503797036286,72.157393,72.165782,32.375856,-0.033837,-25.16789
223332.602,495.004000000001,292.379576756734,72.428041,72.428148,32.96684,0.268996,-34.58611
223334.772,497.173999999999,289.930888425369,70.472715,70.515244,32.495504,-0.217206,-18.57449
223336.942,499.343999999997,288.889611091124,70.820984,70.828638,32.639925,0.066553,-27.69939
223339.102,501.504000000001,288.660782034508,70.251314,70.251687,32.523929,-0.053702,-27.28661
223341.228,503.630000000005,289.358241809107,68.466272,68.469824,32.205938,-0.149572,-27.21788
223343.352,505.754000000001,288.440563089703,68.171568,68.177744,32.09875,-0.050465,-24.56962
223345.479,507.881000000008,285.78935887525,68.607323,68.658529,32.279515,0.084986,-22.94131
223347.605,510.006999999998,283.922733729864,69.839275,69.864216,32.861814,0.273894,-29.86472
223349.738,512.139999999999,280.397278497865,69.067374,69.157291,32.422546,-0.205939,-15.71349
223351.865,514.267000000007,280.377061617236,66.751252,66.751255,31.382818,-0.488824,-17.54107
223354.081,516.483000000007,278.446222877041,71.042407,71.068641,32.070687,0.31041,-28.59322
223356.247,518.649000000005,277.175994873047,70.686263,70.697676,32.639739,0.26272,-30.70986
223358.389,520.790999999997,276.871246337891,71.778269,71.778916,33.510232,0.406393,-38.07612
223400.539,522.941000000006,277.000448794561,71.698576,71.698692,33.348229,-0.07535,-29.71435
223402.664,525.066000000006,277.386428358803,70.543606,70.544662,33.197488,-0.070937,-30.11507
223404.777,527.179000000004,279.138529633351,69.547962,69.570029,32.924765,-0.129069,-31.98104
223406.893,529.294999999998,280.723626985291,71.8014,71.818894,33.940876,0.480204,-54.49303
223409.032,531.434000000008,280.94258598078,72.053678,72.054011,33.68584,-0.119231,-29.91756
223411.155,533.557000000001,282.742779707714,71.446023,71.468699,33.664013,-0.010281,-36.0568
223413.289,535.691000000006,282.467398093705,70.892259,70.892794,33.220616,-0.207777,-25.89345
223415.437,537.839000000007,287.716036955387,71.963454,72.154605,33.591529,0.172678,-65.81796
223417.565,539.967000000004,286.839262595107,70.91243,70.91785,33.326057,-0.124752,-26.13152
223419.676,542.078000000009,286.846951488707,70.599217,70.599217,33.443495,0.055631,-32.10327
223421.801,544.203000000009,291.045033347815,70.176306,70.301763,33.083182,-0.169559,-37.93703
223423.912,546.313999999998,292.629878904065,70.23558,70.253459,33.279706,0.093095,-36.54286
223426.042,548.444000000003,293.249303484586,70.3159,70.318628,33.01344,-0.125008,-29.29389
223428.165,550.566999999995,293.958859068323,69.296909,69.300542,32.642742,-0.17461,-27.77387
223430.303,552.705000000002,295.270864324995,69.830012,69.842336,32.667136,0.01141,-32.79933
223432.405,554.807000000001,295.801162128299,68.500001,68.502054,32.588988,-0.037178,-29.72575
223434.547,556.949000000008,294.813105899541,68.772764,68.779861,32.110113,-0.223564,-21.30563
223436.667,559.069000000003,292.217086661866,68.257912,68.30726,32.220406,0.052025,-22.32883
223438.810,561.212,289.838559104239,68.493274,68.53456,31.980663,-0.111873,-19.44827
223440.909,563.311000000002,287.248101008919,66.606641,66.656996,31.756549,-0.106772,-18.35361
223443.022,565.423999999999,289.779128815462,67.642476,67.689812,32.034932,0.131748,-38.35912
223445.207,567.608999999997,285.875230568472,69.049213,69.159484,31.651938,-0.175283,-13.84459
223447.431,569.832999999999,291.679277916653,72.795799,73.026812,32.835797,0.532311,-90.39992
223449.605,572.006999999998,293.705023763343,73.850391,73.87817,33.982599,0.527508,-61.04196
223451.772,574.173999999999,294.309628716927,73.589033,73.591516,33.960091,-0.010387,-33.63734
223453.957,576.358999999997,293.337808152219,72.153365,72.159909,33.02513,-0.4279,-19.6164
223456.178,578.580000000002,289.986079830869,72.652257,72.72953,32.746299,-0.125543,-18.71808
223458.381,580.782999999996,293.301279201991,74.177538,74.251584,33.704759,0.43507,-65.27551
223500.545,582.947,293.340749935163,72.01713,72.017141,33.27964,-0.196451,-27.06256
223502.702,585.104000000007,292.828482051852,71.151131,71.152975,32.987007,-0.135667,-26.11372
223504.852,587.254000000001,292.416978796388,69.064884,69.06611,32.123772,-0.401505,-19.6043
223507.014,589.415999999997,292.065445576301,69.261668,69.26256,32.036337,-0.040442,-26.10115
223509.219,591.620999999999,291.853080525315,71.826294,71.826608,32.574426,0.244031,-32.92449
223511.379,593.781000000003,292.773072489147,73.151232,73.157017,33.868989,0.599335,-56.03692
223513.581,595.983000000007,294.60095345516,72.861773,72.884697,33.099318,-0.349533,-28.28613
223515.795,598.197,293.740062823878,74.370594,74.375576,33.593305,0.22312,-33.47564
223518.029,600.430999999997,291.789872472229,75.190035,75.215322,33.668452,0.033638,-27.39341
223520.256,602.657999999996,289.08416298841,73.394745,73.444601,32.979165,-0.309514,-17.45753
223522.457,604.858999999997,286.254313259161,73.359814,73.414375,33.355009,0.170761,-26.92318
223524.634,607.036000000007,287.585345118486,72.05443,72.066723,33.103685,-0.115445,-31.44868
223526.812,609.214000000007,290.752281376169,71.868516,71.938258,33.029503,-0.03406,-37.4534
223528.996,611.398000000001,294.296525822577,71.989546,72.07674,33.00217,-0.012515,-38.72549
223531.173,613.574999999997,297.266313247699,71.537447,71.599064,32.888867,-0.052045,-36.29744
223533.327,615.729000000007,299.134504357175,70.704516,70.729193,32.836208,-0.024447,-33.93974
223535.476,617.877999999997,300.964108959225,69.973531,69.997446,32.572102,-0.122897,-31.42895
223537.599,620.001000000004,301.899869853886,70.131685,70.137928,33.037178,0.219065,-36.59048
223539.760,622.161999999997,302.170806884766,70.869137,70.869655,32.794843,-0.11214,-28.12215
223541.900,624.301999999996,302.170837402344,69.9815,69.9815,32.701636,-0.043555,-28.47971
223544.047,626.449000000008,301.866058349609,70.609672,70.610329,32.887904,0.086757,-30.54422
223546.219,628.620999999999,301.866058349609,70.492442,70.492442,32.455084,-0.199273,-25.06047
223548.395,630.797000000006,301.866088867188,70.600254,70.600254,32.444969,-0.004648,-28.59697
223550.581,632.983000000007,301.561309814453,70.741719,70.742375,32.361562,-0.038155,-27.02098
223552.763,635.165000000008,302.318772898927,70.498439,70.502508,32.310957,-0.023192,-29.86778
223554.980,637.381999999998,303.37273600488,72.075331,72.083037,32.513774,0.091483,-33.14811
223557.180,639.581999999995,304.304653830945,72.158459,72.164477,32.802035,0.131028,-34.28441
223559.355,641.756999999998,304.778301339207,70.163017,70.164615,32.259593,-0.249399,-24.9232
223601.532,643.934000000008,305.244334312901,71.135572,71.137099,32.676665,0.191581,-33.93768
223603.706,646.108000000007,305.873639560893,71.23165,71.234429,32.766527,0.041335,-31.80135
223605.820,648.222000000009,306.448456850124,69.007943,69.010337,32.644435,-0.057754,-29.59196
223607.975,650.377000000008,307.063371105477,69.711013,69.713725,32.349756,-0.136742,-27.54865
223610.108,652.509999999995,307.481862225062,69.421174,69.422435,32.546852,0.092403,-31.70319
223612.228,654.630000000005,307.355190452054,69.487871,69.487987,32.777352,0.108726,-31.1423
223614.388,656.790000000008,306.696255608712,69.868084,69.871191,32.347773,-0.198879,-23.1469
223616.509,658.911000000007,305.955476626664,69.001692,69.005668,32.534497,0.088036,-28.5768
223618.631,661.032999999996,305.215789599422,69.016255,69.020219,32.526022,-0.003994,-26.87279
223620.767,663.169000000009,305.064732108305,70.060457,70.06062,32.799916,0.128228,-31.49505
223622.960,665.362000000008,305.773763407787,71.098239,71.101774,32.42215,-0.17226,-27.27137
223625.142,667.544000000009,306.18073659356,71.252508,71.25367,32.655211,0.106811,-32.17322
223627.348,669.75,306.184886857224,71.755838,71.755838,32.527579,-0.057857,-27.82731
223629.552,671.953999999998,306.819466173437,71.773244,71.776049,32.566265,0.017553,-30.88244
223631.760,674.161999999997,305.836301666797,71.777607,71.78434,32.511024,-0.025019,-25.91841
223633.936,676.338000000003,304.50620339674,71.277737,71.290146,32.762016,0.115346,-28.17626
223636.126,678.528000000006,303.70506319582,70.760492,70.765027,32.312798,-0.205122,-22.61802
223638.298,680.699999999997,302.487782317294,68.994066,69.004804,31.770167,-0.24983,-19.55701
223640.476,682.877999999997,301.664767151771,67.535482,67.540497,31.010329,-0.34887,-17.23595
223642.660,685.062000000005,301.866668701172,66.935879,66.936184,30.648436,-0.165702,-22.27514
223644.845,687.247000000003,301.05193747136,65.787874,65.792919,30.111176,-0.245886,-17.22873
223647.053,689.455000000002,297.619028500521,66.064104,66.153237,29.960705,-0.068148,-13.39302
223649.270,691.672000000006,293.933955165665,66.42675,66.528887,30.008519,0.021567,-14.41443
223651.474,693.876000000004,288.816818396104,66.018526,66.216545,30.043804,0.01601,-10.74668
223653.722,696.123999999996,283.933501356128,66.006586,66.186978,29.442606,-0.267437,-5.59198
223655.972,698.373999999996,278.4514253413,66.645471,66.870561,29.720249,0.123397,-11.21565
223658.213,700.615000000005,275.956446211445,66.285572,66.332511,29.599514,-0.053876,-15.30998
223700.476,702.877999999997,273.876873621797,66.44853,66.481063,29.377403,-0.098149,-15.19305
223702.726,705.127999999997,273.520905206041,66.756544,66.757493,29.669997,0.130042,-23.81083
223704.952,707.354000000007,275.005477573255,66.154,66.170656,29.72626,0.025275,-26.74112
223707.173,709.574999999997,279.407663544206,66.64872,66.793945,30.073816,0.156486,-52.17396
223709.397,711.798999999999,286.464838486094,66.775388,67.147272,30.192119,0.053194,-68.54977
223713.645,716.047000000006,298.777322788092,131.772503,132.346477,31.155009,0.226669,-74.61767
223715.790,718.191999999995,299.295368144451,65.776887,65.778927,30.666166,-0.227899,-22.05994
223717.955,720.357000000004,299.428741455078,66.911494,66.911627,30.906063,0.110807,-27.46119
223720.130,722.532000000007,299.123962402344,67.309201,67.309891,30.947076,0.018857,-24.83505
223722.297,724.699000000008,298.819213688965,67.367618,67.368307,31.088282,0.065162,-25.9577
223724.474,726.876000000004,298.819244384766,67.115745,67.115745,30.829465,-0.118887,-22.95579
223726.689,729.091,298.514465332031,67.437286,67.437975,30.446038,-0.173105,-20.45245
223728.888,731.290000000008,296.78031448443,66.858013,66.8805,30.414052,-0.014546,-19.50378
223731.107,733.509000000005,295.739629360075,68.04554,68.053498,30.668543,0.114687,-24.05591
223733.300,735.702000000005,293.616076605826,68.611488,68.644342,31.30157,0.288658,-25.80432
223735.474,737.876000000004,290.139618941652,69.054399,69.141853,31.80398,0.231099,-22.49887
223739.061,741.463000000003,286.733941866004,113.109487,113.160747,31.547462,-0.071513,-20.09315
223741.154,743.555999999997,284.628747642688,66.068152,66.101683,31.582266,0.016629,-21.42616
223743.298,745.699999999997,282.150929539717,63.958294,64.006273,29.853672,-0.806247,-2.94886
223745.472,747.873999999996,280.380039365631,64.549801,64.574088,29.702892,-0.069356,-16.91932
223747.681,750.082999999999,278.640756226881,66.129229,66.152097,29.946626,0.110337,-20.60832
223751.990,754.392000000007,277.465306724,136.031745,136.036823,31.570393,0.376832,-31.85641
223754.153,756.555000000008,274.549182241283,69.601864,69.662926,32.206623,0.294142,-25.9956
223757.026,759.428,271.192025234588,91.245527,91.307266,31.781158,-0.148091,-18.02025
223759.163,761.565000000002,272.125747327606,68.637089,68.64344,32.121404,0.159217,-33.21039
223801.377,763.778999999995,272.590901485756,74.016642,74.018104,33.431844,0.591888,-50.63569
223803.570,765.972000000009,278.229055925627,71.243704,71.466455,32.588443,-0.384588,-36.15094
223805.781,768.183000000005,277.885903786916,70.438788,70.439624,31.858717,-0.330043,-20.5303
223807.986,770.388000000006,272.298831996564,69.819212,70.0424,31.765261,-0.042384,-12.33011
223810.193,772.595000000001,265.247396461386,68.480453,68.842539,31.192813,-0.259378,-3.58068
223812.399,774.801000000007,268.529308675735,67.590243,67.669875,30.675374,-0.23456,-28.83558
223814.671,777.073000000004,270.78411407154,68.266424,68.303652,30.063227,-0.269431,-24.26547
223816.919,779.320999999996,273.642132451896,68.764668,68.824035,30.615674,0.24575,-44.7481
223819.184,781.585999999996,274.955395136806,66.434895,66.447873,29.336809,-0.56462,-15.68516
223821.429,783.831000000006,276.242178472126,63.283377,63.296458,28.194414,-0.508862,-14.57826
223823.706,786.108000000007,277.41842192449,61.722897,61.734104,27.112035,-0.475353,-12.98945
223825.979,788.381000000008,277.616505560267,59.511162,59.511492,26.181914,-0.409204,-10.11551
223828.202,790.604000000007,277.212012393759,59.619815,59.621187,26.820147,0.287104,-20.18124
223830.394,792.796000000002,277.113353238191,59.753146,59.753227,27.259684,0.200519,-20.50901
223832.540,794.941999999995,277.48472794297,59.680692,59.681847,27.81074,0.256783,-23.72208
223834.726,797.127999999997,275.760453971992,59.452933,59.477932,27.208569,-0.275467,-8.9942
223836.886,799.288,275.225056797348,58.845706,58.848142,27.24451,0.016639,-16.5326
223839.059,801.460999999996,272.367483977084,58.513824,58.583558,26.95976,-0.13104,-7.84575
223841.206,803.608000000007,276.236491685385,57.424244,57.554436,26.80691,-0.071192,-33.61235
223843.353,805.755000000005,277.000301582771,58.53398,58.538963,27.26547,0.213582,-22.93713
223845.514,807.915999999997,276.749792781569,58.876805,58.877338,27.245413,-0.009281,-16.86646
223847.706,810.108000000007,274.73861304956,59.242822,59.27695,27.042404,-0.092614,-10.77982
223849.925,812.327000000005,274.197513908842,61.012226,61.014625,27.496451,0.204618,-19.95238
223852.140,814.542000000001,272.172835807364,62.055075,62.088096,28.030743,0.241215,-17.92657
223854.328,816.729999999996,271.082528870568,61.745311,61.754937,28.224377,0.088498,-18.20489
223856.566,818.968000000008,271.08421859005,59.377887,59.377887,26.531674,-0.756346,-5.00402
223858.836,821.237999999998,271.005236686856,59.869308,59.86936,26.374168,-0.069386,-14.79619
223901.087,823.489000000001,271.799345839035,58.315536,58.320943,25.908904,-0.206692,-14.10969
223903.329,825.731,272.11850172345,58.315853,58.316726,26.011029,0.045551,-16.81569
223905.592,827.994000000006,271.427182755411,58.829326,58.833388,25.997962,-0.005774,-13.56354
223907.854,830.256000000008,270.839818413974,58.487115,58.490064,25.857676,-0.062019,-12.74587
223910.129,832.531000000003,271.022151343789,57.639063,57.639351,25.335979,-0.229317,-11.3332
223912.393,834.794999999998,270.861382097723,57.978134,57.978357,25.608815,0.120511,-15.98986
223914.661,837.062999999995,270.458753160654,58.48681,58.488196,25.788446,0.079202,-15.13127
223916.955,839.357000000004,270.169939172364,58.067172,58.06789,25.312942,-0.207282,-10.47093
223919.211,841.612999999998,270.949819615752,57.294772,57.300079,25.398971,0.038133,-16.73156
223921.431,843.832999999999,274.698266743223,54.805555,54.933593,24.744862,-0.294644,-19.70846
223923.600,846.002000000008,277.082641353518,54.463035,54.515204,25.133796,0.179315,-31.40454
223925.775,848.176999999996,277.210756897891,54.975807,54.975957,25.276302,0.06552,-15.32174
223927.965,850.366999999998,276.887096730575,54.405486,54.406449,24.843127,-0.197797,-9.73134
223930.230,852.631999999998,276.537080810348,56.878655,56.879732,25.112464,0.118913,-14.60752
223932.517,854.919000000009,276.417747271452,58.356964,58.357086,25.516872,0.176829,-16.73751
223934.761,857.163,276.8192736336,58.153774,58.15516,25.915847,0.177796,-18.77773
223936.973,859.375,276.80736782994,56.501946,56.501947,25.543376,-0.168387,-12.07594
223939.162,861.563999999998,276.459721290709,55.56365,55.564737,25.383617,-0.072983,-12.32731
223941.287,863.688999999998,275.974678879139,53.108957,53.111172,24.993493,-0.183588,-9.72625
223943.402,865.804000000004,275.651236380536,51.996812,51.997818,24.585257,-0.193019,-9.36184
223945.549,867.951000000001,275.046964664639,50.720807,50.724407,23.625713,-0.446923,-3.80435
223947.708,870.110000000001,275.046323239084,11.987314,11.987314,5.552253,-8.371218,26.33669
223949.852,872.254000000001,274.75643904829,19.446869,19.44903,9.071376,1.641382,-29.00537
224002.547,884.949000000008,273.167725137374,43.049388,43.055218,20.337845,-2.088863,19.24589
224004.703,887.104999999996,272.625087105549,23.812694,23.818876,11.047716,-4.308965,29.01928
224006.817,889.218999999997,272.674192319984,11.614454,11.614558,5.494114,-2.627059,8.14027
224008.942,891.343999999997,272.657086623833,3.955839,3.955876,1.861589,-1.709424,1.64348
224058.619,941.021000000008,272.914193549519,10.750946,10.75402,0.216479,-0.033116,-0.328
224100.777,943.179000000004,273.370110285613,12.25961,12.268084,5.684932,2.534038,-29.87573
224102.903,945.305000000008,273.520877747017,9.702615,9.703787,4.56434,-0.527089,1.00872
224105.721,948.123000000007,273.169049619803,20.941224,20.94418,7.432285,1.017724,-14.66876
224109.982,952.384000000005,271.797625654271,73.429597,73.442403,17.235955,2.300791,-82.18084
224112.100,954.502000000008,271.390450688442,41.142765,41.14478,19.426242,1.03413,-52.42013
224114.227,956.629000000001,271.084942858887,38.477222,38.478435,18.090472,-0.628007,3.3423
224116.373,958.775000000009,271.102390684364,39.910735,39.910739,18.597735,0.236376,-6.94416
224118.496,960.898000000001,271.793899539352,37.260988,37.267405,17.554124,-0.491574,-0.21904
224121.293,963.695000000007,272.880185206448,41.259006,41.273304,14.756276,-1.000303,5.43955
224124.082,966.483999999997,272.907818781456,1.851831,1.852037,0.664051,-5.052788,1.54136
224126.230,968.631999999998,272.907818781456,0.0,0.0,0.0,-0.309149,-0.35
224134.886,977.288,274.438079833984,169.524302,169.531209,19.585398,2.262638,-85.93855
224137.046,979.448000000004,274.737072757634,43.133995,43.135031,19.969922,0.17802,-8.84394
224139.184,981.585999999996,275.045473225814,40.286719,40.287899,18.843732,-0.526749,0.09091
224141.328,983.729999999996,275.274945802261,34.457609,34.458373,16.072002,-1.292785,9.27995
224143.487,985.888999999996,275.601013319383,31.865797,31.867465,14.760289,-0.607556,3.48361
224145.642,988.044000000009,276.314576184196,29.988444,29.996932,13.91969,-0.390069,1.11326
224147.811,990.213000000003,276.930041719921,28.091111,28.097852,12.954289,-0.44509,2.1908
224149.957,992.358999999997,277.334446037816,26.156865,26.159991,12.190117,-0.356091,2.34519
224152.132,994.534,277.791168212891,25.918677,25.9227,11.918483,-0.124889,0.60789
224154.298,996.699999999997,277.791198730469,26.473447,26.473447,12.222275,0.140255,-0.04253
224156.407,998.809000000008,277.791229248047,26.592963,26.592963,12.609276,0.1835,-0.59251
224158.515,1000.917,277.764707936671,27.014716,27.014729,12.815336,0.097751,-0.04382
224200.625,1003.027,277.48649013672,26.605917,26.607372,12.610129,-0.097255,2.13133
224202.761,1005.163,277.482953339523,29.532421,29.532421,13.82604,0.569247,-21.91643
224205.777,1008.179,277.30806819898,16.97978,16.98068,5.630199,-2.717454,9.09105
224208.567,1010.969,276.954055182827,24.506329,24.508886,8.784547,1.130591,-19.64797
224211.314,1013.716,276.110817179361,38.490005,38.49924,14.015013,1.904065,-52.16866
224213.649,1016.05100000001,275.335733354484,35.985,35.993346,15.414709,0.599442,-20.92811
224215.723,1018.125,275.141114116594,15.229086,15.230329,7.343457,-3.891635,16.9523
224327.582,1089.984,274.867358780486,21.041742,21.043523,0.292845,-0.098117,-0.30952
224329.728,1092.13,274.867358780486,0.0,0.0,0.0,-0.136461,-0.35
224331.169,1093.571,274.867358780486,0.0,0.0,0.0,0.0,-0.35
224334.731,1097.133,274.565229628935,18.787981,18.79041,5.275242,1.480978,-15.12939
224339.086,1101.488,273.829132080078,72.111763,72.115519,16.559247,2.591046,-89.83126
224341.259,1103.66100000001,274.133941650391,40.427009,40.428158,18.604767,0.941335,-33.9512
224343.457,1105.859,274.276578971748,42.323366,42.323606,19.255508,0.296061,-10.52326
224345.657,1108.05900000001,274.438751220703,44.109335,44.109633,20.049833,0.361057,-14.05528
224347.887,1110.289,274.438751220703,45.446405,45.446405,20.379554,0.147857,-8.30013
224350.123,1112.52500000001,274.523444410864,46.075397,46.075474,20.606205,0.101364,-8.28661
224352.304,1114.70600000001,274.500329338424,46.079998,46.080004,21.127925,0.239211,-10.39367
224354.464,1116.86600000001,274.439491746137,46.217471,46.217511,21.396996,0.12457,-9.32295
224356.610,1119.012,274.308741496615,44.900843,44.901033,20.923128,-0.220815,-4.38389
224358.757,1121.159,274.187398710976,42.018559,42.018735,19.570906,-0.629819,1.68289
224400.898,1123.3,274.133941650391,36.545743,36.545782,17.069492,-1.168339,8.59078
224402.981,1125.383,274.167372026413,34.174516,34.174532,16.4064,-0.318335,0.709
224405.166,1127.568,274.219914064518,14.111863,14.111961,6.458563,-4.552786,16.6711
224407.961,1130.363,274.20940957447,0.428224,0.428352,0.153257,-2.255923,-0.14244
224410.035,1132.43700000001,274.20940957447,0.0,0.0,0.0,-0.073894,-0.35
224412.116,1134.518,274.20940957447,0.0,0.0,0.0,0.0,-0.35
224414.261,1136.663,274.20940957447,0.0,0.0,0.0,0.0,-0.35
224415.705,1138.107,274.20940957447,0.0,0.0,0.0,0.0,-0.35
224503.053,1185.455,274.146083818399,12.561532,12.561692,0.265306,0.005603,-0.32883
224505.189,1187.591,274.143954997603,0.360173,0.360179,0.168623,-0.045264,-0.33171
224506.549,1188.951,274.143954997603,0.256934,0.256934,0.188922,0.014926,-0.33592
224511.289,1193.69100000001,274.427387299984,25.723088,25.724649,5.427141,1.105109,-11.21772
224514.186,1196.588,274.925270697801,27.140753,27.14532,9.370148,1.361066,-24.6157
224516.332,1198.734,275.628176504007,29.959884,29.968129,13.964645,2.140959,-59.03093
224518.480,1200.882,276.281617613317,37.458579,37.464278,17.44147,1.618634,-56.72687
224520.631,1203.033,276.576745476838,44.573192,44.574169,20.722533,1.525366,-61.80926
224522.763,1205.16500000001,276.722300070098,39.324997,39.325267,18.445247,-1.068145,6.47705
224524.896,1207.298,276.873565972129,39.014608,39.014901,18.291093,-0.072271,-3.72386
224527.792,1210.194,277.182267883302,54.438647,54.439522,18.798177,0.175098,-7.09748
224529.920,1212.322,277.182312011719,41.22792,41.22792,19.374022,0.270604,-8.51717
224532.036,1214.43799999999,277.217556797642,39.726074,39.72609,18.774144,-0.283496,-1.71768
224534.686,1217.088,275.869514836688,52.201366,52.218769,19.705196,0.35134,-6.83224
224536.832,1219.234,274.614400144225,41.963762,41.982528,19.563154,-0.066189,-1.60362
224538.980,1221.382,275.230187941332,41.381509,41.38609,19.267267,-0.13775,-5.29624
224541.104,1223.50600000001,278.115480273189,40.703106,40.805242,19.211508,-0.026252,-22.78493
224543.166,1225.568,278.723500304978,43.563522,43.567765,21.128887,0.929864,-42.33258
224545.297,1227.69900000001,279.557827795872,43.907481,43.915407,20.607887,-0.244486,-6.22822
224547.457,1229.859,280.230712890625,45.561242,45.56621,21.095468,0.225732,-14.4234
224549.601,1232.003,280.536421308983,45.484134,45.485161,21.215094,0.055796,-9.18052
224551.735,1234.137,280.840399145509,46.053886,46.054889,21.581485,0.171692,-11.11289
224553.868,1236.27,280.995097319227,46.090195,46.090455,21.608277,0.012561,-8.82893
224555.975,1238.37700000001,280.902762694806,44.031517,44.031614,20.897776,-0.33721,-3.07767
224558.096,1240.49800000001,281.311201722713,43.679328,43.681237,20.594643,-0.14292,-6.29172
224600.226,1242.628,281.45083126983,43.019929,43.020155,20.197256,-0.186567,-4.60546
224602.370,1244.772,281.138269404577,42.655136,42.656281,19.895653,-0.140673,-3.59881
224604.506,1246.908,280.821204551073,42.892317,42.893489,20.081222,0.086877,-6.38025
224606.652,1249.054,280.584521240156,43.241814,43.242462,20.150262,0.032171,-6.06168
224608.766,1251.16800000001,281.456815005879,43.205575,43.214379,20.441996,0.138001,-12.22208
224610.877,1253.27899999999,282.57150764185,42.299976,42.314661,20.044842,-0.188135,-6.96563
224613.015,1255.417,283.211351063527,43.790933,43.795608,20.484381,0.205584,-12.7759
224615.128,1257.53,283.450850179429,43.709778,43.710434,20.686434,0.095624,-8.74978
224617.309,1259.711,283.567482225802,44.408595,44.408748,20.361645,-0.148917,-5.16687
224619.465,1261.867,283.880989720307,42.635863,42.637016,19.775981,-0.271644,-3.60872
224621.602,1264.004,284.193876354981,41.070172,41.071364,19.219169,-0.260558,-3.1378
224623.688,1266.09,284.618512596608,37.733992,37.736381,18.090307,-0.541161,0.53576
224627.208,1269.61,285.257281884614,48.751686,48.75587,13.8511,-1.20432,8.32889
224629.293,1271.69500000001,285.687536678975,25.549791,25.553414,12.255834,-0.765116,5.04951
224631.353,1273.755,286.139348184983,27.023595,27.027372,13.120083,0.419538,-10.60818
224633.505,1275.90700000001,286.327646276856,30.111587,30.112175,13.992647,0.405467,-8.68878
224635.625,1278.027,286.327668298341,28.154881,28.154881,13.280604,-0.335869,2.82204
224637.760,1280.162,286.327697753906,26.854672,26.854672,12.578301,-0.328948,3.06061
224639.868,1282.27,286.327728271484,25.150498,25.150498,11.930976,-0.30708,2.9964
224642.004,1284.406,286.327758789062,21.246694,21.246694,9.946954,-0.928849,5.85127
224644.110,1286.512,286.327758789062,15.017424,15.017424,7.130781,-1.337214,5.67778
224646.244,1288.64600000001,286.327762048341,5.465361,5.465361,2.561087,-2.141375,2.95614
224648.374,1290.776,286.327766992188,1.670122,1.670122,0.784095,-0.834269,0.08377
224707.516,1309.91800000001,286.327789306641,10.125417,10.125417,0.528963,-0.013328,-0.30214
224716.034,1318.436,285.102120250461,163.341441,163.34604,19.176572,2.1892,-94.18359
224718.173,1320.575,284.669913105204,45.349964,45.352023,21.202442,0.947111,-56.81665
224720.303,1322.705,284.239617646796,45.145352,45.147403,21.195964,-0.003041,-6.54614
224722.437,1324.83900000001,284.049618230021,45.385877,45.386274,21.26817,0.033836,-7.71248
224724.516,1326.91800000001,283.895218952345,43.331101,43.331376,20.842413,-0.204789,-4.40121
224726.600,1329.00200000001,283.889788098145,43.12602,43.126021,20.693868,-0.071279,-6.17253
224729.421,1331.823,283.585052490234,58.064799,58.065599,20.583339,-0.039181,-5.81958
224731.535,1333.93700000001,283.230886611424,45.139425,45.140814,21.353271,0.364206,-34.56765
224733.561,1335.963,281.398009893936,42.337448,42.377104,20.916636,-0.215516,0.22522
224735.802,1338.204,281.694751922975,45.627675,45.628639,20.360839,-0.248013,-4.46486
224737.927,1340.329,284.098928599664,44.258043,44.323294,20.858021,0.233968,-29.73729
224740.055,1342.45699999999,284.664609109836,43.452588,43.45627,20.421179,-0.205283,-5.76515
224742.202,1344.60400000001,285.153111281818,43.938021,43.940736,20.466109,0.020927,-8.21641
224744.318,1346.72,285.405495886803,44.800817,44.801528,21.172745,0.333949,-15.27657
224746.485,1348.887,285.147695115105,45.899462,45.900186,21.181443,0.004014,-7.06971
224748.616,1351.018,284.800665630583,44.784351,44.785696,21.016282,-0.077504,-5.63479
224750.767,1353.16900000001,284.227624689745,44.024232,44.027962,20.468601,-0.254617,-2.31004
224752.885,1355.287,280.672966087012,44.368962,44.511126,21.01564,0.258281,-1.23157
224754.986,1357.38800000001,280.518332876454,45.835908,45.836169,21.816358,0.381113,-38.64168
224757.118,1359.52,284.356336380368,47.665461,47.819728,22.429516,0.287598,-46.16694
224759.252,1361.65399999999,284.274687296647,43.008712,43.00879,20.154072,-1.066281,6.01138
224801.412,1363.814,284.430942626637,43.508054,43.508335,20.142748,-0.005243,-6.63754
224803.570,1365.97200000001,283.996927807716,43.057839,43.060027,19.953673,-0.087616,-3.95872
224805.726,1368.128,283.359797719344,42.496831,42.501607,19.713176,-0.111548,-2.88081
224807.811,1370.213,283.545530793016,41.701124,41.701538,20.000738,0.137919,-8.16275
224809.993,1372.395,285.169478570758,42.465298,42.496338,19.475865,-0.240547,-6.93599
224812.109,1374.511,286.874996227311,40.413089,40.449062,19.115814,-0.170156,-7.65065
224814.233,1376.63499999999,286.918891563174,39.970098,39.970122,18.818325,-0.140061,-3.30659
224816.430,1378.83199999999,285.85536715968,40.605689,40.619614,18.488673,-0.150046,-0.05978
224818.509,1380.91100000001,285.950243841618,38.238279,38.238397,18.392687,-0.046169,-3.96521
224820.645,1383.04700000001,286.166873552018,30.181288,30.182065,14.13018,-1.995556,15.06575
224822.836,1385.238,286.329233111232,14.456552,14.457464,6.598568,-3.437523,12.62068
224823.533,1385.935,286.329234760499,0.40855,0.40855,0.586156,-8.626129,2.54828
224827.813,1390.215,286.329254150391,10.773711,10.773711,2.517222,0.451184,-1.7907
224830.023,1392.425,286.329254150391,19.940921,19.940921,9.023041,2.94381,-53.60977
224832.149,1394.55100000001,286.329254150391,24.438771,24.438771,11.495189,1.162817,-29.75506
224834.260,1396.662,286.320025638979,27.423521,27.423523,12.990774,0.708472,-23.21011
224836.360,1398.762,286.617524424756,30.611079,30.612525,14.577393,0.755533,-19.97983
224838.478,1400.88,286.927169641872,33.032495,33.033946,15.596764,0.481289,-13.76261
224840.552,1402.954,287.404249277369,36.871945,36.875031,17.779668,1.052509,-37.482
224842.616,1405.018,287.853295935059,38.260541,38.263176,18.53836,0.367583,-15.09071
224844.739,1407.141,288.158091796876,42.619288,42.620378,20.075543,0.724062,-29.19942
224846.870,1409.272,288.748765454173,44.09317,44.097126,20.693161,0.289825,-15.8801
224848.999,1411.401,289.377319335938,47.685296,47.689438,22.399924,0.801674,-39.98087
224851.123,1413.52500000001,289.648655471313,51.288822,51.289539,24.147617,0.822831,-41.7282
224853.262,1415.664,289.711880179529,52.056668,52.056706,24.336936,0.088508,-13.84929
224855.377,1417.77899999999,290.222079924011,52.754251,52.756718,24.944075,0.287063,-20.35563
224857.520,1419.92200000001,290.596527099609,53.304107,53.305423,24.874206,-0.032603,-13.88407
224859.645,1422.04700000001,290.92524807523,53.83818,53.839184,25.336086,0.217355,-18.13024
224901.769,1424.171,291.471095006395,53.423813,53.426602,25.153767,-0.085838,-14.05903
224903.866,1426.268,291.806259084051,52.859301,52.860363,25.207612,0.025677,-15.19679
224905.977,1428.379,292.387573065783,52.448661,52.451882,24.846936,-0.170856,-12.45912
224908.028,1430.43000000001,292.438331856373,51.869301,51.869326,25.289774,0.215913,-17.30542
224910.125,1432.527,293.019060218133,51.747625,51.750884,24.678533,-0.291484,-10.52107
224912.256,1434.658,293.223123025239,51.364275,51.36468,24.103557,-0.269815,-8.95263
224914.352,1436.754,293.087477489031,51.044292,51.044472,24.353279,0.119142,-13.77743
224916.475,1438.87700000001,293.630890009248,52.285397,52.288221,24.629402,0.130063,-16.18205
224918.625,1441.027,294.141308270255,52.821777,52.824243,24.569415,-0.027901,-13.78707
224920.788,1443.19,295.111283613709,52.655146,52.664079,24.347702,-0.102503,-13.56411
224922.956,1445.35800000001,298.384777994639,52.56497,52.6668,24.292804,-0.025322,-28.72401
224925.137,1447.539,298.826141357422,51.856804,51.858683,23.777479,-0.236279,-9.51341
224927.276,1449.678,298.826141357422,50.396783,50.396783,23.560908,-0.101249,-9.87005
224929.415,1451.817,298.738594650397,48.866605,48.866683,22.845574,-0.334424,-5.56756
224931.579,1453.981,297.069548193258,48.332406,48.361216,22.348066,-0.229902,-2.19082
224933.752,1456.15399999999,295.056485411517,47.897879,47.940163,22.061741,-0.131765,-2.1692
224935.909,1458.311,293.078121016526,42.852304,42.897947,19.887783,-1.007862,10.39338
224938.084,1460.486,291.989812657386,35.48614,35.502825,16.323138,-1.638917,15.77396
224940.288,1462.69,291.249712285406,31.452082,31.460789,14.274405,-0.929552,8.96469
224942.462,1464.864,290.60322128857,25.618923,25.627079,11.787985,-1.143707,10.15167
224944.647,1467.049,290.063154089037,19.450905,19.458402,8.905447,-1.319239,8.49782
224946.854,1469.25600000001,289.997711262896,12.256953,12.257128,5.553751,-1.518666,5.05745
224948.330,1470.732,289.957826560985,2.484755,2.485075,1.683655,-2.622016,2.42785
225015.306,1497.708,289.664990234832,17.819045,17.821451,0.660641,-0.037923,-0.22102
225017.501,1499.90300000001,289.346708422098,16.258132,16.261247,7.408313,3.07411,-43.09878
225019.660,1502.06200000001,288.552775509429,15.145494,15.166289,7.024682,-0.177689,3.02878
225021.798,1504.2,287.864278925823,14.528399,14.544704,6.802948,-0.103711,2.4464
225023.963,1506.36500000001,287.238833778336,23.552072,23.560375,10.882391,1.884269,-37.60563
225026.113,1508.515,287.730631643625,35.919127,35.922493,16.708136,2.709649,-87.28445
225028.232,1510.63400000001,288.499505446093,33.17196,33.18087,15.65874,-0.495232,0.89026
225030.396,1512.798,288.710845371276,36.033676,36.034296,16.651708,0.458858,-13.53321
225032.527,1514.929,288.424929793685,38.942363,38.943412,18.274713,0.761617,-39.12149
225034.656,1517.058,287.426765786213,40.647243,40.659497,19.097932,0.386669,-6.5761
225036.770,1519.17200000001,286.938570831148,43.14906,43.151822,20.412404,0.621794,-40.16366
225038.899,1521.30100000001,287.465143708123,44.734155,44.737254,21.013271,0.28223,-15.3973
225041.018,1523.42,288.135906837887,45.960231,45.965126,21.691895,0.320257,-19.04511
225043.144,1525.546,288.463547830682,46.37764,46.378797,21.81505,0.057928,-10.13554
225045.274,1527.67600000001,287.946425394088,47.802255,47.805052,22.443686,0.295134,-11.88164
225047.459,1529.861,287.545224616597,49.239573,49.241207,22.536022,0.042259,-9.15028
225049.614,1532.016,286.688557369329,50.038237,50.04557,23.223002,0.318784,-12.65366
225051.790,1534.192,286.103589519597,50.798634,50.802002,23.346508,0.056758,-10.13286
225053.940,1536.342,285.882554036009,51.142233,51.142711,23.787307,0.205023,-13.7533
225056.120,1538.522,284.836846511046,50.687647,50.698433,23.256162,-0.243644,-4.88499
225058.274,1540.67600000001,284.50089553209,50.099384,50.10051,23.25929,0.001452,-9.89201
225100.453,1542.855,284.02359890924,49.625179,49.627474,22.775344,-0.222095,-5.92731
225102.618,1545.02,283.124342383226,49.209161,49.217377,22.7332,-0.019466,-7.3791
225104.745,1547.147,283.586791992188,47.043115,47.045388,22.118189,-0.289145,-6.60697
225106.871,1549.273,283.712743312218,47.610043,47.610209,22.394266,0.129857,-11.38272
225108.992,1551.394,283.201269328811,47.949082,47.95181,22.608114,0.100824,-9.6874
225111.119,1553.52100000001,281.118436469322,48.362642,48.407472,22.758567,0.070735,-5.45625
225113.263,1555.66500000001,279.929351806641,48.523263,48.53783,22.638913,-0.055809,-6.00321
225115.383,1557.785,281.50890695137,48.485113,48.510835,22.882469,0.114885,-19.6276
225117.525,1559.927,283.008756101138,48.426377,48.449598,22.61886,-0.123067,-12.05462
225119.646,1562.048,283.603489176903,49.705705,49.709263,23.43671,0.385596,-23.52402
225121.775,1564.177,284.196685791016,49.717241,49.72078,23.354054,-0.038824,-11.91317
225123.888,1566.29000000001,284.204323136277,50.89002,50.890021,24.08425,0.345573,-17.4956
225125.975,1568.37700000001,283.891967773438,47.381659,47.382689,22.703732,-0.661484,-0.58895
225128.036,1570.43799999999,283.771154316657,30.182528,30.18277,14.644721,-3.910243,31.95087
225130.103,1572.505,283.88920725561,12.232643,12.233212,5.918342,-4.221761,13.94245
225132.174,1574.576,283.891967773438,12.787417,12.787417,6.174513,0.123694,-0.23524
225134.803,1577.205,283.891967773438,3.113458,3.113458,1.184275,-1.898151,1.01541
225138.349,1580.751,283.891967773438,0.333585,0.333585,0.094074,-0.307445,-0.3259
225143.861,1586.26300000001,283.540498763043,46.095272,46.096611,8.362956,1.50016,-25.60151
225145.978,1588.38,283.430240352279,13.223608,13.224068,6.246607,-0.999692,4.01737
225157.096,1599.49800000001,282.523615426568,244.089036,244.09072,21.954553,1.412839,-81.90108
225159.333,1601.735,282.379655855372,44.736575,44.736807,19.998573,-0.874376,4.09821
225201.496,1603.898,282.063436132813,39.831393,39.832648,18.415464,-0.731904,4.18795
225203.605,1606.007,281.835247138338,37.142665,37.143366,17.611838,-0.381046,1.0374
225205.688,1608.09,281.475214743617,36.251167,36.252955,17.404203,-0.099681,-1.19372
225207.759,1610.16100000001,281.119607619388,34.491302,34.493135,16.655304,-0.361612,1.96151
225209.887,1612.289,280.810308598749,31.214214,31.215746,14.669054,-0.933388,7.85492
225212.024,1614.42600000001,280.538960569598,28.170018,28.171325,13.182651,-0.695556,6.23976
225214.191,1616.59300000001,280.45982461143,22.575173,22.575312,10.417772,-1.275902,8.40176
225214.910,1617.31200000001,280.442972517178,0.612942,0.613174,0.852814,-13.30314,6.24439
225301.170,1663.572,279.874587009267,26.644051,26.650113,0.576094,-0.005982,-0.23232
225307.429,1669.83100000001,280.844421386719,105.032707,105.037184,16.781784,2.589182,-82.49073
225309.581,1671.98300000001,280.841302240911,31.714769,31.714769,14.737346,-0.950018,7.18066
225310.971,1673.37300000001,280.818035811505,5.387558,5.387608,3.875977,-7.813935,17.14321
225314.516,1676.91800000001,280.325772409202,26.178296,26.182924,7.385874,0.990098,-13.91479
225318.724,1681.126,279.189307557157,62.992541,63.002792,14.972146,1.802821,-54.95344
225320.803,1683.205,279.531225583908,33.382063,33.383814,16.057631,0.522119,-15.93702
225322.220,1684.622,279.770038360233,7.620703,7.624444,5.380695,-7.534888,22.04079
225325.694,1688.09600000001,281.455551145483,31.267547,31.312943,9.013513,1.045716,-24.2863
225327.800,1690.202,283.28061014985,28.661186,28.719234,13.636863,2.195323,-69.04128
225329.917,1692.319,283.651809964253,31.462528,31.464717,14.86288,0.579129,-16.13636
225332.057,1694.459,283.920313542022,34.230807,34.23186,15.996196,0.529587,-15.35515
225334.386,1696.788,283.782631785521,42.742638,42.74286,18.352452,1.011703,-49.4987
225337.211,1699.613,283.416719328979,23.207998,23.210882,8.216242,-3.588039,17.75767
225339.308,1701.71000000001,283.026965851592,27.458562,27.461328,13.095531,2.326795,-60.26823
225341.387,1703.789,284.348456990295,35.562043,35.586588,17.117166,1.934408,-71.98567
225343.496,1705.898,286.874181534772,36.633392,36.720358,17.411265,0.13945,-24.43724
225345.630,1708.03200000001,286.720807484152,35.347794,35.348127,16.564258,-0.39691,1.80692
225347.769,1710.171,286.155102846292,33.966194,33.970904,15.881676,-0.319113,2.64953
225349.919,1712.321,286.274303805619,32.268441,32.268661,15.008679,-0.406045,2.19572
225352.068,1714.47,286.424868310515,30.682526,30.682896,14.277755,-0.340123,1.97735
225354.230,1716.632,286.940816814002,28.680691,28.685332,13.267961,-0.467065,2.4893
225356.387,1718.789,287.265100690213,25.690357,25.692404,11.911175,-0.629015,4.31988
225358.605,1721.007,287.574138531953,17.74407,17.746761,8.001245,-1.762818,7.5806
225400.771,1723.173,287.688743673266,10.463877,10.464505,4.831258,-1.463521,3.76246
225402.875,1725.277,287.96577039076,21.414677,21.416469,10.17893,2.541669,-48.36098
225405.052,1727.454,288.26018572736,27.145767,27.147364,12.47008,1.052435,-23.35677
225407.181,1729.583,288.63202684061,30.59704,30.5993,14.372616,0.893629,-23.99904
225409.393,1731.795,288.784266056586,29.244239,29.244635,13.220902,-0.520666,3.84476
225411.495,1733.897,288.912153261924,26.380938,26.381248,12.550546,-0.318913,2.6637
225413.604,1736.00600000001,289.018048848346,25.650046,25.650265,12.162288,-0.184096,1.93909
225415.669,1738.071,289.253276734529,19.860788,19.862181,9.618489,-1.231864,6.64869
225419.327,1741.72900000001,289.824796347538,18.867948,18.876602,5.160361,-1.218734,2.78225
225421.496,1743.898,290.037804461228,24.295122,24.296056,11.201501,2.785219,-57.3433
225423.616,1746.018,290.284440078253,25.242558,25.243763,11.907435,0.332988,-5.72829
225425.741,1748.143,290.486877796566,27.27307,27.273821,12.834739,0.436378,-8.42811
225427.973,1750.375,291.787479949228,34.616011,34.640435,15.519908,1.203033,-42.99812
225430.832,1753.234,292.223784535663,23.688395,23.692413,8.286958,-2.529888,11.40703
225432.918,1755.32000000001,292.734361203123,12.780921,12.791116,6.131887,-1.033112,2.41521
225437.669,1760.071,295.140087621031,74.194132,74.233125,15.624737,1.998074,-65.39037
225441.882,1764.284,296.864716845216,52.703529,52.731739,12.516435,-0.737788,3.70425
225444.014,1766.416,298.094128318375,24.565531,24.596276,11.536715,-0.459531,0.67023
225446.121,1768.523,298.603317030871,24.64189,24.64715,11.697746,0.076427,-2.34966
225448.266,1770.66800000001,298.827423950196,23.642828,23.64389,11.022793,-0.314663,2.17134
225450.431,1772.833,299.116973000689,23.36227,23.364064,10.791715,-0.106733,0.67059
225452.570,1774.97200000001,299.132232666016,18.766847,18.766854,8.773658,-0.943458,5.11933
