132219.948,0,45.0698,0.0,0.0,0,0,-0.35
132224.949,5.00100000000384,48.024139,68.623037,68.686602,13.734573,2.746365,-67.69811
132227.944,7.99600000000646,48.645454,41.325928,41.330598,13.799866,0.021801,-1.49816
132229.949,10.0010000000038,48.962027,27.420572,27.4224,13.677007,-0.061276,-0.62753
132232.947,12.9990000000034,49.287579,41.437066,41.438345,13.821996,0.048362,-1.22495
132234.949,15.0010000000038,49.64318,28.778527,28.780724,14.375986,0.276718,-6.91259
132237.951,18.0030000000042,49.89429,45.050217,45.050917,15.006968,0.210187,-4.40506
132239.958,20.010000000002,49.983198,30.659866,30.659995,15.27653,0.134311,-2.76683
132242.949,23.0010000000038,49.978507,42.532552,42.532552,14.220178,-0.353177,1.72871
132244.950,25.0020000000004,49.945609,27.887402,27.887421,13.936742,-0.141647,0.54979
132247.933,27.9850000000006,49.86857,44.992223,44.992289,15.082899,0.38423,-16.59944
132250.947,30.9990000000034,49.683404,46.669782,46.670149,15.484456,0.133231,-2.45998
132253.942,33.9940000000061,49.430477,43.694467,43.695199,14.589382,-0.298856,1.50723
132256.943,36.9950000000026,49.230896,42.775612,42.776078,14.253941,-0.111776,0.36028
132259.938,39.9900000000052,49.108266,45.827406,45.827571,15.301359,0.349722,-15.97142
132301.950,42.0020000000004,48.942649,30.871438,30.871882,15.343878,0.021133,-1.39913
132304.931,44.9830000000002,48.67398,43.4453,43.446131,14.574348,-0.258145,1.25889
132306.939,46.9910000000018,48.412834,28.708852,28.71004,14.297829,-0.137709,0.80622
132309.937,49.9890000000014,48.265473,45.155692,45.155932,15.062019,0.2549,-13.0382
132312.943,52.9950000000026,48.214733,44.073726,44.073755,14.661928,-0.133097,-0.02869
132315.943,55.9950000000026,48.214061,41.480333,41.480333,13.826778,-0.278383,1.4564
132318.939,58.9910000000018,48.238508,37.584898,37.584906,12.545029,-0.42782,3.00611
132321.939,61.9910000000018,48.351068,24.41187,24.41213,8.137377,-1.469217,5.85316
132324.932,64.984000000004,48.606433,18.416739,18.418509,6.153862,-0.662718,1.6682
132326.938,66.9900000000052,48.894839,13.214433,13.21758,6.589023,0.21693,-3.26982
132328.947,68.9990000000034,49.068052,14.805761,14.806774,7.370221,0.388849,-4.45222
132331.945,71.997000000003,49.11613,20.459013,20.459069,6.824239,-0.182115,0.68829
132334.936,74.9880000000048,49.102929,14.35713,14.357136,4.800112,-0.676739,1.58368
132336.954,77.0060000000012,49.076645,0.0,0.026284,0.0,-2.378648,-0.35
132406.000,106.052000000003,49.052081,0.0,0.024564,0.0,0.0,-0.35
132424.939,124.991000000002,49.03171,19.871918,19.871929,1.04926,0.055402,-0.29853
132426.952,127.004000000001,49.023391,16.469609,16.469611,8.181625,3.543152,-49.26702
132429.951,130.003000000004,49.136311,34.605981,34.606166,11.539235,1.119577,-18.52995
132432.932,132.984000000004,49.998059,28.630459,28.643425,9.608663,-0.647626,2.05207
132434.948,135.0,52.024154,17.383171,17.500849,8.680976,-0.460162,-7.52857
132436.950,137.002,54.483638,24.237176,24.361646,12.168654,1.742097,-50.55967
132449.931,149.983,57.633537,91.634411,91.634414,30.646961,0.303488,-31.39585
132451.932,151.984000000004,57.634583,60.817224,60.817224,30.393415,-0.12671,-24.43533
132453.933,153.985000000001,57.550917,60.025787,60.025846,29.997924,-0.197647,-22.31097
132455.934,155.986000000004,57.344426,59.452239,59.452598,29.711443,-0.143169,-22.16519
132457.949,158.001000000004,57.135649,58.057214,58.057589,28.812699,-0.446027,-16.0044
132500.948,161.0,57.03749,85.718536,85.718592,28.582391,-0.076795,-20.95432
132503.948,164.0,57.246516,85.526669,85.526924,28.508975,-0.024472,-21.99653
132506.946,166.998000000007,57.95536,86.844127,86.84702,28.968319,0.153217,-26.26509
132509.946,169.998000000007,59.015668,88.134807,88.141185,29.380395,0.137359,-27.54901
132512.945,172.997000000003,60.73146,87.978362,87.995091,29.341478,-0.012977,-26.36971
132515.945,175.997000000003,63.493397,87.279884,87.323573,29.107858,-0.077873,-26.58174
132518.944,178.996000000006,66.570298,87.674271,87.728246,29.252499,0.04823,-31.04776
132521.943,181.995000000003,68.884562,88.529861,88.560105,29.529878,0.09249,-29.55521
132524.943,184.995000000003,70.400256,87.185439,87.198612,29.066204,-0.154558,-23.46169
132527.931,187.983,71.565833,85.655887,85.663817,28.669283,-0.132838,-22.36766
132529.952,190.004000000001,72.425597,56.298051,56.304616,27.85978,-0.400546,-17.25152
132532.932,192.984000000004,72.898467,84.728127,84.729447,28.4327,0.192255,-25.21765
132534.946,194.998000000007,73.300515,56.618945,56.620373,28.113393,-0.158544,-19.95014
132537.945,197.997000000003,73.816497,81.689383,81.691012,27.239417,-0.291422,-16.3066
132540.944,200.996000000006,74.292772,76.492438,76.49392,25.506476,-0.57784,-9.54048
132543.932,203.984000000004,74.696964,74.865211,74.866302,25.055657,-0.150877,-13.85091
132545.932,205.984000000004,75.217615,49.093894,49.096654,24.548327,-0.253665,-12.33529
132547.947,207.999000000003,75.811541,49.115741,49.119332,24.37684,-0.085105,-14.1854
132550.946,210.998000000007,76.272481,73.515311,73.516756,24.513757,0.045654,-15.30167
132553.931,213.983,76.58403,73.757653,73.758311,24.709652,0.065626,-15.66588
132555.932,215.984000000004,76.81248,49.328631,49.32916,24.652254,-0.028685,-14.48819
132558.932,218.984000000004,77.410017,71.595646,71.598139,23.866046,-0.262069,-10.8235
132600.932,220.984000000004,78.880594,41.612293,41.63827,20.819135,-1.523456,3.74171
132602.942,222.994000000006,80.707761,39.02244,39.065194,19.43542,-0.688415,-3.99055
132604.951,225.003000000004,81.986019,37.143828,37.165816,18.49966,-0.465784,-3.81535
132607.944,227.996000000006,82.59156,55.636258,55.639554,18.589894,0.030148,-6.29049
132610.943,230.995000000003,82.910851,60.627165,60.628006,20.216074,0.542241,-21.14571
132612.945,232.997000000003,83.482234,41.120902,41.124871,20.541894,0.162747,-11.97173
132615.932,235.984000000004,85.182435,60.659019,60.682842,20.315648,-0.075744,-9.26872
132618.931,238.983,88.501539,57.209539,57.305739,19.108283,-0.402589,-7.23536
132620.933,240.985000000001,92.538834,40.030415,40.233492,20.096649,0.493689,-49.63856
132622.944,242.996000000006,95.974455,40.845734,40.989968,20.382878,0.142332,-33.67139
132624.945,244.997000000003,98.272022,41.060636,41.124866,20.552157,0.084597,-23.07087
132626.946,246.998000000007,99.432008,40.537753,40.554346,20.26704,-0.142487,-8.60362
132628.961,249.013000000006,99.819676,39.584569,39.586467,19.645889,-0.308264,-4.41042
132631.952,252.004000000001,99.998988,53.667911,53.66821,17.943233,-0.56926,0.32829
132634.952,255.004000000001,100.322063,52.131054,52.132055,17.377352,-0.188627,-2.59282
132637.943,257.995000000003,100.925136,52.313143,52.316619,17.491347,0.038113,-5.05807
132639.945,259.997000000003,101.862968,34.7016,34.714271,17.339796,-0.0757,-5.19766
132641.946,261.998000000007,103.092629,33.635499,33.657968,16.820574,-0.259481,-3.86396
132644.946,264.998000000007,104.332686,48.499343,48.515194,16.171731,-0.216281,-2.67634
132647.950,268.002,105.278036,47.864098,47.873433,15.936562,-0.078285,-3.06567
132650.932,270.984000000004,105.837663,49.172276,49.175461,16.490765,0.185849,-6.78099
132652.942,272.994000000006,106.054784,34.453738,34.454422,17.141504,0.323751,-9.96614
132655.933,275.985000000001,106.058601,52.43568,52.43568,17.531154,0.130274,-4.93533
132658.932,278.984000000004,106.020594,49.319376,49.31939,16.445279,-0.362079,0.24242
132700.932,280.984000000004,106.029804,28.546473,28.546474,14.273237,-1.086021,6.69349
132702.933,282.985000000001,106.068543,25.069572,25.069602,12.528537,-0.871914,5.63306
132705.933,285.985000000001,106.09505,34.717741,34.717751,11.572584,-0.318651,2.36315
132708.948,289.0,106.300711,36.111501,36.112086,11.977475,0.134292,-0.57314
132711.942,291.994000000006,106.93784,39.350125,39.355283,13.144717,0.38986,-8.81059
132713.954,294.006000000001,107.942607,28.96284,28.980264,14.40371,0.625742,-20.16918
132716.945,296.997000000003,109.135386,48.078469,48.093262,16.079325,0.560219,-19.4747
132718.955,299.007000000005,110.390263,33.039222,33.063044,16.449276,0.184055,-13.61677
132721.945,301.997000000003,111.464407,52.189348,52.200401,17.458328,0.337476,-14.72481
132724.944,304.996000000006,112.299149,55.633978,55.64024,18.552931,0.364989,-15.6897
132726.945,306.997000000003,112.975459,37.503866,37.509963,18.745609,0.096291,-8.76446
132728.949,309.001000000004,113.402374,37.519636,37.522065,18.723585,-0.01099,-6.13942
132731.949,312.001000000004,113.530703,56.225675,56.225822,18.741941,0.006119,-5.51328
132734.949,315.001000000004,113.447728,52.055973,52.056039,17.352013,-0.463309,0.36139
132737.946,317.998000000007,113.205095,38.586204,38.586967,12.875197,-1.493766,9.8849
132740.946,320.998000000007,112.920775,31.694287,31.695562,10.565187,-0.770003,4.87934
132743.944,323.996000000006,112.739579,38.695897,38.696321,12.907379,0.781252,-20.06965
132746.944,326.996000000006,112.684336,42.479247,42.479283,14.159761,0.417461,-15.58169
132749.933,329.985000000001,112.763278,46.0347,46.034767,15.401394,0.415401,-8.96048
132751.944,331.996000000006,112.967455,32.707921,32.708558,16.264823,0.429353,-11.60607
132754.944,334.996000000006,113.277245,49.482962,49.483932,16.494644,0.076607,-3.82435
132756.948,337.0,113.658299,31.421654,31.423964,15.680621,-0.406199,0.22422
132759.947,339.999000000003,113.978106,45.165072,45.166204,15.060421,-0.206802,-0.39095
132802.947,342.999000000003,114.121275,45.730926,45.731151,15.243717,0.061099,-2.2182
132805.932,345.984000000004,114.140449,46.12864,46.128644,15.453482,0.070273,-2.28525
132807.932,347.984000000004,114.111439,30.807275,30.807288,15.403644,-0.024919,-1.43504
132809.951,350.003000000004,114.048414,32.991171,32.991231,16.340382,0.463961,-21.37741
132812.933,352.985000000001,113.945454,48.08088,48.08099,16.123739,-0.07265,-1.63618
132814.933,354.985000000001,113.835276,33.708023,33.708203,16.854102,0.365182,-19.57222
132817.934,357.986000000004,113.735814,51.161976,51.162072,17.048341,0.064725,-3.67925
132819.944,359.996000000006,113.618561,35.744626,35.744818,17.783492,0.365747,-21.77355
132822.945,362.997000000003,113.453,55.954643,55.954888,18.645414,0.287212,-21.64821
132825.943,365.995000000003,113.120698,55.996221,55.997207,18.678188,0.010932,-4.75316
132828.933,368.985000000001,112.472655,51.110987,51.115095,17.095349,-0.529378,2.01726
132830.955,371.007000000005,111.468371,31.296885,31.312994,15.486149,-0.795846,6.5045
132832.960,373.012000000002,110.246758,28.401071,28.427331,14.17822,-0.652334,6.65682
132835.959,376.011000000006,109.165635,42.464074,42.477834,14.163999,-0.004742,1.08076
132838.942,378.994000000006,108.560348,41.647256,41.651654,13.963008,-0.067379,0.91074
132840.943,380.995000000003,108.405054,25.326187,25.326663,12.657003,-0.652676,4.7319
132843.936,383.988000000005,108.460738,33.877185,33.877231,11.318821,-0.447104,2.94862
132845.949,386.001000000004,108.808324,20.034533,20.037548,9.954073,-0.677967,2.88799
132848.933,388.985000000001,109.724287,26.180719,26.196737,8.779067,-0.393769,0.5566
132851.935,391.987000000001,111.069862,27.465202,27.498143,9.159941,0.126873,-6.88259
132853.945,393.997000000003,112.284045,19.802105,19.839294,9.870296,0.35341,-12.87437
132856.942,396.994000000006,112.963349,31.288909,31.296282,10.442537,0.190938,-4.27834
132859.936,399.988000000005,113.128215,34.235509,34.235906,11.434838,0.33143,-4.09809
132902.933,402.985000000001,113.037288,36.398678,36.398792,12.145076,0.236983,-8.04379
132904.945,404.997000000003,112.766252,27.495284,27.49662,13.666312,0.756082,-20.23081
132906.945,406.997000000003,112.219422,29.471544,29.476616,14.738308,0.535998,-15.56164
132908.961,409.013000000006,111.42016,33.037303,33.046969,16.392346,0.820455,-25.15695
132911.963,412.015000000007,110.648547,54.503395,54.508856,18.157514,0.587997,-26.08224
132914.933,414.985000000001,110.177419,53.036192,53.038285,17.858008,-0.100844,-2.58792
132916.933,416.985000000001,110.01955,36.181674,36.182018,18.091009,0.1165,-5.11294
132918.954,419.006000000001,110.023306,36.538397,36.538397,18.079365,-0.005762,-4.41707
132921.946,421.998000000007,110.082878,57.91116,57.911191,19.355345,0.426464,-14.64891
132923.962,424.014000000003,110.162159,39.67309,39.673169,19.679151,0.160618,-8.16452
132926.953,427.005000000005,110.273612,63.08011,63.080209,21.090006,0.4717,-19.2431
132929.953,430.005000000005,110.433846,66.316287,66.316481,22.105494,0.338496,-16.53588
132931.954,432.006000000001,110.604334,45.554893,45.555212,22.766223,0.330199,-17.7963
132933.958,434.010000000002,110.727409,46.112698,46.112863,23.01041,0.12185,-13.07895
132936.954,437.006000000001,110.813287,68.735859,68.735912,22.942561,-0.022647,-11.21457
132938.962,439.014000000003,110.8885,45.483024,45.483087,22.65094,-0.14523,-9.44674
132941.958,442.010000000002,110.938399,68.153325,68.153343,22.748112,0.032434,-11.44295
132944.933,444.985000000001,110.954491,67.780533,67.780535,22.783373,0.011852,-11.2227
132946.943,446.995000000003,110.946802,46.178027,46.178027,22.974143,0.09491,-12.41157
132948.952,449.004000000001,110.89096,47.489806,47.489839,23.638546,0.330713,-38.06071
132951.959,452.011000000006,110.780465,72.397309,72.397394,24.076287,0.145574,-14.77652
132954.956,455.008000000002,110.678135,71.994175,71.994248,24.022105,-0.018079,-12.7998
132957.955,458.007000000005,110.63267,70.650885,70.6509,23.558153,-0.154702,-10.54128
133000.936,460.988000000005,110.658629,69.876121,69.876126,23.440498,-0.039468,-11.7603
133002.949,463.001000000004,110.852554,45.30441,45.304825,22.506123,-0.46417,-6.04973
133005.944,465.996000000006,111.303131,64.19707,64.198651,21.435276,-0.357545,-5.97499
133007.948,468.0,111.854536,40.085222,40.089015,20.004498,-0.713961,-1.32978
133009.949,470.001000000004,112.229214,39.989097,39.990852,19.985433,-0.009528,-7.66356
133011.950,472.002,112.353851,38.503387,38.503589,19.242173,-0.371444,-2.74564
133013.950,474.002,112.319771,33.935688,33.935706,16.967853,-1.13716,6.1364
133016.955,477.007000000005,112.189815,49.296639,49.296811,16.404929,-0.187329,-0.95837
133018.963,479.015000000007,112.01744,30.333863,30.334353,15.106749,-0.646504,3.67445
133021.963,482.015000000007,111.880087,40.243198,40.243432,13.414477,-0.564091,3.75162
133024.952,485.004000000001,111.825915,43.432568,43.432601,14.530813,0.373481,-15.31731
133026.964,487.016000000003,111.869075,30.899005,30.899035,15.357373,0.410815,-8.71402
133029.960,490.012000000002,112.010834,45.228284,45.228506,15.096297,-0.087142,-1.007
133031.962,492.014000000003,112.280284,33.125702,33.126797,16.546852,0.724553,-20.39721
133034.954,495.006000000001,112.637424,52.684961,52.686172,17.609015,0.355001,-11.61179
133037.955,498.007000000005,112.917928,46.99822,46.999057,15.661132,-0.649078,2.52295
133040.933,500.985000000001,113.027101,47.052065,47.052192,15.79993,0.046608,-2.57925
133042.934,502.986000000004,112.982077,32.929879,32.929909,16.456726,0.328234,-18.18926
133044.945,504.997000000003,112.799014,34.248938,34.249427,17.031043,0.285588,-17.22819
133047.935,507.987000000001,112.553761,52.458214,52.458787,17.544745,0.171807,-4.90925
133049.936,509.988000000005,112.337192,33.379581,33.380283,16.681801,-0.431256,1.04793
133051.936,511.988000000005,112.106831,34.807468,34.808231,17.404115,0.361157,-19.81489
133053.939,513.991000000002,111.558295,37.242858,37.246898,18.595556,0.594828,-27.30189
133055.941,515.993000000002,110.510541,36.273235,36.288364,18.126056,-0.234515,-0.00169
133057.944,517.996000000006,109.292966,36.947248,36.967305,18.455969,0.164709,-3.50103
133059.945,519.997000000003,108.204137,37.013497,37.029508,18.505501,0.024754,-2.62038
133101.955,522.007000000005,107.166488,35.260668,35.275933,17.550215,-0.475267,2.59142
133104.938,524.990000000005,106.121136,48.912043,48.923212,16.400675,-0.385364,2.05582
133106.945,526.997000000003,105.044372,31.492077,31.51048,15.700289,-0.348972,3.20506
133109.935,529.987000000001,103.868251,50.065195,50.079008,16.748832,0.350683,-3.95808
133111.936,531.988000000005,102.657685,33.58558,33.60739,16.795297,0.023221,-0.37224
133113.937,533.989000000001,101.636952,31.906271,31.922594,15.953321,-0.420778,3.4354
133115.968,536.020000000004,100.938952,31.013768,31.021622,15.274063,-0.334445,2.50469
133118.935,538.987000000001,100.402926,44.354926,44.358165,14.950511,-0.10905,0.34539
133121.935,541.987000000001,99.779492,44.470953,44.475322,14.825107,-0.041801,0.09376
133123.935,543.987000000001,99.026576,31.346176,31.355217,15.677609,0.426251,-3.37461
133125.947,545.999000000003,98.267856,33.428127,33.436737,16.618656,0.467717,-16.67806
133128.939,548.991000000002,97.506412,45.031335,45.037772,15.052731,-0.523371,3.60939
133130.945,550.997000000003,96.490012,27.57904,27.597763,13.757609,-0.645624,6.31341
133132.959,553.011000000006,94.658371,28.257161,28.316463,14.059813,0.150052,2.7035
133135.951,556.003000000004,91.216842,43.831147,43.96605,14.694535,0.21214,2.85083
133138.942,558.994000000006,86.451653,42.231235,42.499227,14.209036,-0.16232,7.93627
133140.951,561.003000000004,82.061485,33.297445,33.585613,16.717578,1.248652,-2.68535
133142.954,563.006000000001,78.866451,33.223105,33.376383,16.663197,-0.02715,4.8401
133144.964,565.016000000003,76.17561,30.675965,30.793756,15.320277,-0.668119,9.6221
133147.961,568.013000000006,73.324547,40.430734,40.531134,13.523902,-0.599391,8.20562
133150.942,570.994000000006,70.028946,34.14356,34.302241,11.506958,-0.6766,9.58159
133152.943,572.995000000003,66.307563,25.771181,26.038481,13.012734,0.752512,4.23318
133154.945,574.997000000003,62.369627,29.277223,29.540873,14.755681,0.870603,1.97604
133156.946,576.998000000007,58.446386,27.481982,27.760604,13.873365,-0.440938,11.75695
133159.953,580.005000000005,55.090706,33.525569,33.69309,11.204885,-0.887423,10.63457
133202.941,582.993000000002,52.726144,20.844161,20.97785,7.020699,-1.40033,8.64133
133204.948,585.0,51.088171,7.161057,7.345999,3.660189,-1.674395,6.70898
133206.949,587.001000000004,49.673319,4.139188,4.374321,2.186067,-0.736693,3.91436
133209.937,589.989000000001,48.113337,4.086771,4.374385,1.463984,-0.241661,2.38602
133210.945,590.997000000003,46.533547,0.0,1.57979,0.0,-1.452365,-0.35
133231.938,611.990000000005,45.46251,20.662326,20.690066,0.98557,0.046948,-0.06183
133233.950,614.002,45.02613,17.037961,17.043548,8.470948,3.720367,-50.06701
133236.949,617.001000000004,44.855099,24.919165,24.919752,8.309354,-0.053883,0.78292
133239.948,620.0,44.160325,18.624754,18.637708,6.214641,-0.69847,3.29429
133242.948,623.0,42.367161,7.814858,8.017945,2.672648,-1.180664,4.17674
133244.942,624.994000000006,40.210053,0.0,2.157108,0.0,-1.340345,-0.35
133254.945,634.997000000003,38.638835,17.33124,17.402316,1.73971,0.173919,0.36891
133257.936,637.988000000005,37.67876,23.908363,23.927632,7.999877,2.093001,-24.40251
133259.937,639.989000000001,37.185623,18.892834,18.899269,9.444912,0.722156,-10.01169
133302.936,642.988000000005,36.987602,28.759567,28.760249,9.589946,0.048361,0.51061
133304.937,644.989000000001,36.62852,14.743895,14.748267,7.370448,-1.109194,4.9902
133306.941,646.993000000002,35.977161,13.757927,13.773338,6.872923,-0.248266,2.52375
133308.942,648.994000000006,35.253082,16.37758,16.393579,8.192693,0.659555,-5.48995
133310.950,651.002,34.525346,20.477284,20.490211,10.204288,1.00179,-13.92958
133312.966,653.018000000004,33.715048,23.840351,23.854118,11.8324,0.807595,-12.82542
133315.949,656.001000000004,32.832361,41.36676,41.376176,13.870659,0.683292,-16.56875
133317.951,658.003000000004,31.892616,29.367661,29.382693,14.67667,0.402603,-1.68475
133320.948,661.0,30.893865,43.170077,43.181628,14.408284,-0.089552,1.3515
133323.949,664.001000000004,29.807222,43.019214,43.032936,14.339532,-0.02291,1.07975
133326.947,666.999000000003,28.723922,36.212318,36.228518,12.084229,-0.752269,6.80638
133329.945,669.997000000003,27.895243,30.9982,31.009274,10.34332,-0.58069,4.6903
133332.937,672.989000000001,27.418842,36.548275,36.55138,12.21637,0.626019,-13.79115
133335.936,675.988000000005,27.172626,46.309884,46.310539,15.441994,1.075567,-33.72879
133337.936,677.988000000005,27.040318,33.360922,33.361184,16.680592,0.619299,-25.85981
133339.937,679.989000000001,26.931185,34.289658,34.289832,17.136348,0.227764,-5.01295
133341.947,681.999000000003,26.781779,33.213417,33.213753,16.524255,-0.304524,0.01451
133344.948,685.0,26.62744,49.738131,49.738371,16.573932,0.016553,-2.69478
133346.955,687.007000000005,26.530225,33.372153,33.372294,16.627949,0.026914,-2.84726
133349.946,689.998000000007,26.427895,51.106158,51.10626,17.08668,0.15337,-4.43902
133352.936,692.988000000005,26.216831,46.851335,46.851811,15.669502,-0.473973,1.97669
133354.937,694.989000000001,25.954656,28.35737,28.358582,14.172205,-0.748274,5.06081
133356.937,696.989000000001,25.768965,27.588801,27.589425,13.794713,-0.188746,1.3188
133358.938,698.990000000005,25.639326,26.898334,26.898646,13.442602,-0.175968,1.32382
133401.935,701.987000000001,25.456756,38.396239,38.396673,12.811703,-0.21051,1.88414
133403.936,703.988000000005,25.198826,19.639784,19.641478,9.815831,-1.497187,8.11764
133406.936,706.988000000005,24.926165,18.133286,18.135336,6.045112,-1.256906,4.18231
133408.946,708.998000000007,24.65692,3.819717,3.829195,1.905072,-2.059721,2.30349
133411.937,711.989000000001,24.414148,5.171979,5.177674,1.731085,-0.05817,0.20418
133413.941,713.993000000002,24.247637,6.771271,6.773318,3.379899,0.822761,-4.34383
133415.945,715.997000000003,24.157767,15.790425,15.790681,7.879581,2.24535,-30.27626
133420.942,720.994000000006,24.054453,89.312568,89.312627,17.873249,1.999934,-69.8113
133422.943,722.995000000003,23.87552,29.678158,29.678697,14.831933,-1.519898,10.07175
133424.944,724.996000000006,23.493028,28.335018,28.337599,14.161719,-0.33494,2.53489
133427.953,728.005000000005,23.013795,48.162829,48.165213,16.00705,0.613271,-22.42631
133430.953,731.005000000005,22.668774,48.058333,48.059572,16.019857,0.004269,-1.7474
133433.943,733.995000000003,22.545875,50.679717,50.679866,16.949788,0.311014,-18.55344
133435.953,736.005000000005,22.666544,33.583974,33.584191,16.708553,-0.120017,-2.26226
133438.961,739.013000000006,23.281797,60.826696,60.829807,20.222675,1.168259,-43.14762
133441.953,742.005000000005,24.624575,62.013703,62.028239,20.731363,0.170016,-15.01073
133444.955,745.007000000005,26.606101,57.373648,57.407856,19.123203,-0.535696,-3.916
133447.949,748.001000000004,29.273985,47.214374,47.289689,15.794819,-1.111685,2.19525
133450.954,751.006000000001,32.945551,49.21309,49.34986,16.422582,0.208906,-23.70818
133454.001,754.053,37.392586,53.505657,53.690143,17.620657,0.393198,-33.94
133456.938,756.990000000005,41.832436,50.630902,50.825195,17.30514,-0.107428,-20.34507
133458.956,759.008000000002,45.870193,36.660691,36.882377,18.276698,0.481446,-46.0371
133500.959,761.011000000006,49.734363,43.190791,43.363305,21.649179,1.683715,-92.58566
133503.951,764.003000000004,53.879874,64.839373,64.97176,21.71516,0.022052,-25.91019
133505.962,766.014000000003,58.486566,42.009637,42.261462,21.015148,-0.348091,-26.97645
133508.938,768.990000000005,63.56465,57.209617,57.434547,19.299243,-0.576581,-10.00133
133510.962,771.014000000003,69.624395,36.124172,36.6289,18.097283,-0.593854,-30.06346
133513.963,774.015000000007,76.699765,50.396866,50.891109,16.95805,-0.379618,-26.12581
133516.952,777.004000000001,83.757061,49.523693,50.02401,16.736036,-0.074277,-34.42704
133519.952,780.004000000001,89.841711,59.589709,59.899553,19.966518,1.076827,-68.41441
133522.942,782.994000000006,94.885552,63.293865,63.494517,21.235624,0.42445,-44.01808
133524.946,784.998000000007,99.32437,43.816227,44.040491,21.976293,0.369595,-51.69516
133527.937,787.989000000001,103.344739,66.282636,66.404452,22.201422,0.075269,-27.70221
133529.938,789.990000000005,106.584556,44.317558,44.435823,22.206808,0.002692,-29.46398
133531.940,791.992000000006,108.839001,42.429068,42.48892,21.223237,-0.491294,-8.93076
133533.945,793.997000000003,110.380105,42.439464,42.467436,21.180766,-0.021183,-14.12511
133535.949,796.001000000004,111.740531,43.519457,43.540716,21.726904,0.272524,-23.53903
133537.959,798.011000000006,113.259326,43.546114,43.572592,21.677907,-0.024377,-14.28538
133540.952,801.004000000001,114.879829,62.838841,62.859733,21.002249,-0.225746,-8.58199
133543.949,804.001000000004,116.266757,58.340572,58.357056,19.471824,-0.510652,-3.58882
133546.961,807.013000000006,117.130187,65.90434,65.909996,21.882469,0.800347,-36.21481
133549.964,810.016000000003,117.553844,68.56724,68.568549,22.83335,0.316644,-18.29391
133552.964,813.016000000003,117.945282,69.179198,69.180305,23.060102,0.075584,-12.97834
133555.958,816.010000000002,118.600268,70.821977,70.825006,23.655647,0.198913,-16.36057
133558.948,819.0,119.361806,68.434526,68.438763,22.889218,-0.256331,-9.62307
133600.948,821.0,119.891783,43.808746,43.811951,21.905976,-0.491621,-5.74264
133602.948,823.0,120.095389,42.985593,42.986075,21.493038,-0.206469,-7.38478
133604.964,825.016000000003,120.097491,42.329288,42.329288,20.99667,-0.246214,-5.82007
133607.961,828.013000000006,120.029436,63.678909,63.678946,21.247563,0.083715,-9.41809
133610.950,831.002,119.94624,63.242111,63.242166,21.158302,-0.029863,-8.10281
133612.952,833.004000000001,119.858837,41.889256,41.889347,20.92375,-0.117159,-6.80964
133615.960,836.012000000002,119.737927,64.584384,64.584497,21.47091,0.181902,-10.69243
133618.951,839.003000000004,119.571442,66.944556,66.944763,22.382067,0.304633,-32.61026
133620.953,841.005000000005,119.404395,43.742692,43.743011,21.849656,-0.26594,-6.396
133623.936,843.988000000005,119.273799,60.696382,60.696523,20.347477,-0.50358,-2.24002
133625.937,845.989000000001,119.185342,40.31644,40.316537,20.148194,-0.099592,-5.9226
133627.943,847.995000000003,119.060837,43.087845,43.088024,21.479574,0.663699,-42.24842
133629.945,849.997000000003,118.712346,44.239643,44.241015,22.098409,0.309108,-12.43299
133631.950,852.002,118.062365,45.239726,45.244395,22.565783,0.233104,-11.71444
133634.966,855.018000000004,117.287008,67.10053,67.10501,22.249672,-0.104811,-7.87521
133636.966,857.018000000004,116.543404,42.917712,42.924154,21.462077,-0.393797,-3.17455
133639.961,860.013000000006,115.793706,63.866403,63.870803,21.325811,-0.045498,-7.13931
133642.960,863.012000000002,115.008242,63.6702,63.675045,21.232092,-0.03125,-7.09245
133645.946,865.998000000007,114.333228,61.142006,61.145732,20.477472,-0.252719,-4.00035
133647.951,868.003000000004,113.911736,38.441733,38.444044,19.174087,-0.650067,1.18274
133649.951,870.003000000004,113.731954,33.639081,33.639562,16.819781,-1.177153,6.87793
133651.962,872.014000000003,113.689533,27.850482,27.850515,13.849087,-1.477222,9.52042
133654.963,875.015000000007,113.701616,33.887429,33.887431,11.292046,-0.852063,5.20678
133657.965,878.017,113.722934,40.089399,40.089404,13.354232,0.686937,-12.17256
133700.959,881.011000000006,113.738912,49.093501,49.093504,16.397296,1.016387,-25.81033
133703.961,884.013000000006,113.738407,57.51879,57.51879,19.160156,0.92034,-43.41816
133706.962,887.014000000003,113.720974,59.902435,59.902437,19.960825,0.266801,-25.16597
133709.949,890.001000000004,113.672747,59.770686,59.770705,20.01028,0.016557,-6.98921
133712.944,892.996000000006,113.509592,58.729881,58.730107,19.609385,-0.133855,-4.84862
133715.945,895.997000000003,113.227092,57.148916,57.149614,19.043524,-0.188557,-3.46402
133717.956,898.008000000002,112.981984,37.707096,37.707892,18.750817,-0.145553,-3.38059
133720.953,901.005000000005,112.873406,56.800832,56.800935,18.952598,0.067328,-5.9618
133723.935,903.987000000001,112.847776,55.068307,55.068313,18.466906,-0.162875,-3.43343
133725.937,905.989000000001,112.820094,34.613966,34.613977,17.289699,-0.588015,1.38701
133727.942,907.994000000006,112.754681,33.709094,33.709157,16.812547,-0.237981,-0.97908
133729.961,910.013000000006,112.631704,32.450665,32.450898,16.072758,-0.366414,0.80574
133732.962,913.014000000003,112.284196,46.46289,46.464189,15.482902,-0.196553,0.24952
133734.970,915.022000000004,111.532921,29.622889,29.632415,14.757179,-0.361416,3.20049
133737.960,918.012000000002,110.491141,43.707193,43.719607,14.621942,-0.04523,0.94501
133739.961,920.013000000006,109.41483,29.946606,29.965941,14.975483,0.176682,-0.04738
133742.962,923.014000000003,108.448311,45.424373,45.434654,15.139838,0.054767,-0.33378
133745.961,926.013000000006,107.559202,44.052166,44.061138,14.691943,-0.149348,1.3794
133747.961,928.013000000006,106.692731,28.882254,28.895248,14.447624,-0.12216,2.01689
133750.950,931.002,105.917858,40.475031,40.482448,13.54381,-0.30238,2.99885
133753.949,934.001000000004,105.239023,42.704411,42.709806,14.241349,0.232591,-1.23634
133756.952,937.004000000001,104.483528,42.386304,42.393036,14.116895,-0.041443,0.85252
133759.945,939.997000000003,103.475474,39.285965,39.298896,13.130269,-0.329645,3.76066
133801.950,942.002,102.127403,23.870816,23.908851,11.924614,-0.601324,7.2902
133804.958,945.010000000002,100.42109,34.103454,34.146114,11.351767,-0.190441,4.32175
133807.948,948.0,98.476241,38.635366,38.684286,12.937888,0.530475,-0.01401
133810.957,951.009000000005,96.688417,40.392941,40.432487,13.437184,0.165934,1.61289
133813.942,953.994000000006,95.311514,33.974233,34.002124,11.390996,-0.68549,6.54082
133816.938,956.990000000005,94.034909,31.753784,31.779436,10.607288,-0.261585,3.8697
133818.949,959.001000000004,92.556831,25.784393,25.826723,12.842727,1.111606,-16.07653
133820.950,961.002,91.160966,27.326133,27.361761,13.674043,0.41545,0.27376
133823.959,964.011000000006,90.100263,40.224013,40.237996,13.372548,-0.100198,2.23431
133826.955,967.007000000005,89.227716,39.702659,39.712246,13.255089,-0.039205,1.63145
133829.955,970.007000000005,88.504413,38.893581,38.900306,12.966769,-0.096107,1.9355
133832.953,973.005000000005,88.077264,37.281829,37.284276,12.436383,-0.176913,2.2582
133835.953,976.005000000005,87.915713,36.85601,36.856364,12.285455,-0.050309,1.16804
133838.952,979.004000000001,87.645446,31.124954,31.126127,10.378835,-0.635752,4.09931
133841.950,982.002,86.859725,17.625049,17.642554,5.884775,-1.499019,5.56435
133844.938,984.990000000005,85.792209,8.018841,8.089586,2.707358,-1.063393,2.9124
133846.939,986.991000000002,85.013675,5.409122,5.464862,2.731066,0.011848,1.66459
133848.943,988.995000000003,84.675987,15.083852,15.087632,7.528758,2.394058,-28.7454
133850.958,991.010000000002,84.616072,21.161962,21.162047,10.502257,1.475682,-27.83014
133853.946,993.998000000007,84.662259,37.04708,37.047108,12.398631,0.634663,-9.86207
133856.944,996.996000000006,84.679139,38.758161,38.758164,12.928007,0.176576,-0.89933
133859.938,999.990000000005,84.587538,38.551216,38.551325,12.876194,-0.017306,0.50923
133902.945,1002.997,84.420932,35.661652,35.662041,11.859674,-0.338051,2.85391
133904.958,1005.01,84.26748,21.563039,21.563585,10.712163,-0.57005,3.83274
133907.938,1007.99000000001,84.135938,20.090172,20.090603,6.741813,-1.332332,4.68544
133909.947,1009.999,84.009088,10.626487,10.627244,5.289818,-0.722745,2.17548
133912.953,1013.005,83.913859,25.271752,25.271931,8.407163,1.037041,-16.14605
133915.950,1016.002,83.794435,31.909211,31.909434,10.647125,0.747401,-15.53752
133918.946,1018.99800000001,83.542378,28.456019,28.457136,9.498376,-0.383428,2.56003
133921.945,1021.997,83.138461,20.778153,20.782078,6.929669,-0.856521,3.66379
133923.959,1024.01100000001,82.680811,8.825213,8.837071,4.387821,-1.262089,3.70305
133926.958,1027.01,82.28718,16.212988,16.217765,5.407724,0.340081,-0.21584
133929.958,1030.01,81.973791,28.851147,28.852849,9.617616,1.403297,-23.10546
133932.939,1032.991,81.698724,33.873276,33.874393,11.363433,0.585648,-12.86454
133935.954,1036.006,81.495286,36.762575,36.763138,12.193412,0.275283,-8.28277
133938.938,1038.99000000001,81.401658,37.062606,37.062725,12.420484,0.076097,0.23183
133940.941,1040.993,81.389217,25.962904,25.962907,12.96201,0.270357,-10.36522
133942.942,1042.99400000001,81.415704,28.067144,28.067157,14.026565,0.532011,-9.78087
133944.943,1044.995,81.511408,29.756597,29.756751,14.87094,0.421977,-8.81438
133946.959,1047.01100000001,81.858781,31.798096,31.799993,15.773806,0.44785,-12.55729
133948.965,1049.017,82.62909,33.803997,33.812772,16.855819,0.539388,-19.86603
133951.963,1052.01500000001,83.710325,52.367832,52.378993,17.471312,0.205301,-11.02578
133954.951,1055.003,84.837254,52.256217,52.268366,17.49276,0.007178,-5.70991
133957.954,1058.006,85.913554,52.811958,52.822925,17.590052,0.032398,-6.20093
134000.938,1060.99000000001,87.117081,52.049647,52.06356,17.447574,-0.047747,-5.23883
134003.938,1063.99000000001,88.60307,55.65999,55.679823,18.559941,0.370789,-19.30659
134005.939,1065.991,90.035155,35.362441,35.391427,17.68687,-0.436317,-3.67055
134007.941,1067.993,90.890225,35.421295,35.431614,17.698109,0.005614,-6.60928
134009.942,1069.99400000001,91.125174,34.517673,34.518472,17.250611,-0.223637,-2.22066
134012.946,1072.99800000001,90.914998,49.372305,49.372753,16.43567,-0.271285,-0.19592
134014.949,1075.001,90.385213,32.009437,32.013821,15.982936,-0.226028,0.75902
134017.946,1077.99800000001,89.830377,47.347853,47.351104,15.799501,-0.061206,-0.71291
134020.947,1080.999,89.524639,46.242795,46.243806,15.409465,-0.129969,-0.24887
134022.953,1083.005,89.45282,29.65123,29.651317,14.781314,-0.313136,1.24683
134025.948,1086.0,89.75606,43.942283,43.94333,14.67223,-0.036422,-1.2771
134028.954,1089.006,90.682117,41.687366,41.697651,13.871474,-0.266386,-0.10595
134031.939,1091.991,92.012129,39.438649,39.461069,13.219788,-0.21832,-0.68179
134033.949,1094.001,93.484833,26.752135,26.79264,13.329672,0.054669,-10.01714
134036.959,1097.01100000001,95.213726,35.017977,35.060631,11.64805,-0.558678,1.06046
134039.947,1099.999,97.070664,30.744875,30.800902,10.3082,-0.44841,-0.21386
134042.957,1103.00900000001,98.643113,18.324412,18.391756,6.110218,-1.394678,1.73929
134045.958,1106.01,99.741296,9.653668,9.715931,3.237564,-0.957232,-0.36115
134048.956,1109.008,100.45212,12.606574,12.626599,4.211674,0.32492,-5.29169
134051.944,1111.99600000001,100.929527,14.038111,14.046226,4.700879,0.163723,-2.97171
134053.950,1114.002,101.235702,8.166453,8.172191,4.073874,-0.312565,-0.16234
134056.948,1117.0,101.569589,11.497971,11.502818,3.836831,-0.079067,-0.69285
134059.937,1119.989,102.24535,14.284848,14.300823,4.784484,0.317047,-5.20839
134101.941,1121.993,103.171873,9.12405,9.170972,4.576333,-0.103868,-5.78856
134103.943,1123.995,103.941862,8.523522,8.558231,4.274841,-0.150595,-4.36227
134106.953,1127.005,104.423639,10.076914,10.088424,3.351636,-0.306713,-0.41581
134109.950,1130.002,104.723915,7.395855,7.401948,2.469786,-0.294244,-0.29685
134111.963,1132.01500000001,104.928949,4.712128,4.716587,2.343063,-0.062952,-1.16454
134114.954,1135.006,105.099458,4.850433,4.853429,1.622678,-0.240851,-0.31573
134116.954,1137.006,105.253278,0.0,0.15382,0.0,-0.811339,-0.35
134142.000,1162.052,105.348402,0.0,0.095124,0.0,0.0,-0.35
134206.955,1187.00700000001,105.410159,14.692093,14.692223,0.588749,0.023592,-0.32668
134207.000,1187.052,105.492581,0.0,0.082422,0.0,-13.083311,-0.35
134209.961,1190.01300000001,105.700704,27.665706,27.666489,9.34363,3.155566,-46.59586
134212.948,1193.0,106.196808,19.716444,19.722685,6.602841,-0.917572,2.27666
134214.952,1195.004,107.295845,14.497461,14.53906,7.25502,0.325439,-10.99804
134216.961,1197.01300000001,108.421973,15.427632,15.468678,7.699691,0.221339,-9.99666
134219.958,1200.01,108.990015,13.186909,13.199138,4.404117,-1.099624,1.40477
134221.959,1202.01100000001,109.096305,0.0,0.10629,0.0,-2.200958,-0.35
134225.963,1206.01500000001,109.011455,24.619627,24.619773,6.148794,1.535663,-16.81619
134227.968,1208.02,108.820441,23.389086,23.389866,11.665769,2.751608,-54.04479
134230.946,1210.99800000001,108.475641,40.735274,40.736733,13.679225,0.67611,-18.79604
134233.942,1213.99400000001,108.028623,39.798671,39.801181,13.284773,-0.13166,1.53192
134235.945,1215.997,107.637204,27.3488,27.351601,13.655318,0.184995,-0.56489
134238.945,1218.997,107.408347,44.714553,44.715139,14.905046,0.416576,-16.19731
134241.943,1221.995,107.330242,45.644994,45.645061,15.225171,0.10678,-2.18743
134243.944,1223.99600000001,107.316024,33.175779,33.175782,16.579601,0.676877,-28.0484
134246.949,1227.001,107.274648,48.477652,48.47767,16.132336,-0.14884,-1.15093
134249.949,1230.001,107.112654,48.492995,48.493266,16.164422,0.010695,-2.22988
134252.943,1232.995,106.794281,52.785782,52.786742,17.630842,0.489786,-24.17163
134254.955,1235.00700000001,106.387089,43.279398,43.281314,21.511587,1.9288,-84.1169
134257.959,1238.01100000001,105.994254,61.692092,61.693342,20.537065,-0.324408,-3.81804
134300.960,1241.012,105.680821,54.72381,54.724708,18.235491,-0.766936,2.57352
134303.947,1243.999,105.314869,51.65941,51.660706,17.295181,-0.314801,-0.37592
134305.951,1246.003,104.549626,33.379616,33.388387,16.660872,-0.316521,1.43702
134308.949,1249.001,103.22911,47.685492,47.703773,15.911866,-0.249835,1.83045
134311.948,1252.0,101.633322,46.284818,46.31232,15.442587,-0.156478,1.94846
134314.947,1254.999,100.18638,44.828433,44.851779,14.955578,-0.16239,2.14812
134317.945,1257.997,99.094351,44.059706,44.073237,14.700879,-0.084956,1.23759
134319.959,1260.01100000001,98.257656,27.416772,27.429536,13.619432,-0.536965,5.22869
134322.959,1263.01100000001,97.438657,41.280146,41.288269,13.762756,0.047775,0.62169
134325.958,1266.01,96.567237,40.821839,40.831139,13.614918,-0.049296,1.45019
134328.942,1268.99400000001,95.703579,39.660144,39.669546,13.294084,-0.107518,2.03352
134330.942,1270.99400000001,94.884963,23.248663,23.263071,11.631536,-0.831274,7.2173
134332.949,1273.001,94.229414,19.097454,19.108702,9.521027,-1.051574,6.76798
134334.950,1275.002,93.864876,14.826941,14.831421,7.412005,-1.053984,4.83187
134336.951,1277.003,93.593636,15.839745,15.842067,7.917075,0.252409,-0.05893
134339.959,1280.01100000001,93.025481,30.571493,30.576772,10.16515,0.747365,-12.42176
134342.958,1283.01,92.007374,27.145075,27.164161,9.057739,-0.36926,3.57802
134345.952,1286.004,90.737125,22.726379,22.76185,7.602488,-0.486056,4.01135
134348.955,1289.00700000001,89.41867,26.842675,26.875036,8.949396,0.448521,0.4997
134351.962,1292.014,88.084832,32.716715,32.743894,10.889223,0.645104,-7.71748
134354.947,1294.999,86.803541,28.464699,28.493522,9.545569,-0.450135,4.50698
134357.962,1298.014,85.728636,23.836519,23.860743,7.914011,-0.541147,4.00226
134400.963,1301.01500000001,84.90309,31.60102,31.611801,10.533756,0.872957,-13.76817
134403.946,1303.99800000001,84.300558,35.641725,35.646818,11.949989,0.474768,-9.76375
134406.958,1307.01,83.90345,33.610702,33.613048,11.15971,-0.262377,2.61572
134409.962,1310.014,83.6765,35.008034,35.008769,11.654051,0.164561,0.07616
134412.957,1313.00900000001,83.578352,31.646714,31.646866,10.566566,-0.3631,2.52116
134415.955,1316.00700000001,83.569212,21.375872,21.375874,7.130045,-1.146271,4.13596
134418.938,1318.99000000001,83.619625,20.578562,20.578623,6.898633,-0.077577,0.35029
134420.947,1320.999,83.718307,24.025478,24.025681,11.959025,2.518861,-46.35162
134422.957,1323.00900000001,83.8146,26.793216,26.793389,13.330044,0.682099,-12.67599
134424.958,1325.01,83.86274,27.682844,27.682886,13.834526,0.252115,-3.44701
134427.951,1328.003,83.871503,40.486526,40.486527,13.527072,-0.102724,0.47429
134430.951,1331.003,83.672917,42.423738,42.424203,14.141401,0.204776,-1.71313
