125355.804,0,89.575418,0.0,0.0,0,0,-0.35
125358.792,2.98800000000483,89.125547,37.345641,37.348351,12.499448,4.183216,-85.93813
125400.801,4.99700000000303,88.542633,20.431606,20.43992,10.174176,-1.157428,7.47036
125403.791,7.98700000000099,87.924646,19.635156,19.644879,6.570194,-1.205345,4.90002
125405.801,9.99700000000303,87.410177,10.443565,10.456229,5.202104,-0.680642,2.92559
125408.784,12.9800000000032,87.093487,19.8803,19.882822,6.665378,0.490538,-5.61339
125410.785,14.981000000007,86.962231,15.253706,15.25427,7.623324,0.478734,-7.14233
125413.800,17.9960000000065,86.920748,22.665813,22.665851,7.517695,-0.035034,0.41403
125416.782,20.9780000000028,86.895223,20.75871,20.758726,6.961343,-0.18657,0.83661
125418.785,22.981000000007,86.866676,10.011294,10.011335,4.99817,-0.980116,2.42498
125420.786,24.9820000000036,86.833749,6.901737,6.901816,3.449183,-0.774106,1.25145
125423.783,27.9790000000066,86.773919,10.740998,10.741164,3.583972,0.044975,-0.07636
125425.784,29.9800000000032,86.653417,10.316444,10.317148,5.155996,0.785619,-7.18094
125428.785,32.981000000007,86.493965,30.796428,30.79684,10.262193,1.701499,-30.3939
125430.785,34.981000000007,86.36858,31.099045,31.099297,15.549649,2.643728,-73.42282
125432.787,36.9830000000002,86.313745,28.350941,28.350994,14.161335,-0.693464,4.1684
125435.784,39.9800000000032,86.271589,39.078532,39.078554,13.039224,-0.374411,2.54589
125437.784,41.9800000000032,86.173896,24.767736,24.767928,12.383964,-0.32763,2.72266
125440.784,44.9800000000032,86.013819,37.231676,37.23202,12.410673,0.008903,0.73445
125442.787,46.9830000000002,85.83436,25.071183,25.071825,12.517137,0.053152,0.57555
125445.803,49.9990000000034,85.476299,38.25063,38.252306,12.683125,0.055036,0.59514
125448.800,52.9960000000065,84.490867,38.573058,38.585644,12.874756,0.063941,1.40043
125451.800,55.9960000000065,82.747899,35.358965,35.401897,11.800632,-0.358041,5.39948
125454.799,58.9950000000026,80.596565,29.937876,30.015074,10.008361,-0.597623,6.68634
125457.784,61.9800000000032,78.349389,34.30237,34.375898,11.516214,0.505143,1.3701
125500.784,64.9800000000032,76.213825,43.318574,43.371182,14.457061,0.980282,-18.26364
125502.785,66.981000000007,74.393118,28.577434,28.635375,14.310532,-0.073228,3.99734
125505.784,69.9800000000032,73.015471,45.845065,45.86576,15.293685,0.327827,-1.84078
125508.785,72.981000000007,72.035465,44.187479,44.198345,14.727872,-0.188541,1.74921
125511.793,75.9890000000014,71.333472,37.691231,37.697768,12.532503,-0.729843,5.93479
125513.798,77.9940000000061,70.801517,17.495957,17.504042,8.730196,-1.896412,9.49839
125516.788,80.984000000004,70.224659,15.324627,15.33548,5.128923,-1.204439,3.88534
125518.788,82.984000000004,69.566258,0.0,0.658401,0.0,-2.564462,-0.35
125527.791,91.987000000001,69.005579,19.755015,19.76297,2.195154,0.243825,-0.15817
125533.784,97.9800000000032,67.596767,89.455183,89.466276,14.928463,2.124697,-54.67113
125535.788,99.984000000004,65.958324,27.990333,28.038246,13.991141,-0.467726,6.43991
125538.785,102.981000000007,63.238573,42.789959,42.876306,14.306408,0.105194,2.76857
125541.785,105.981000000007,59.938615,39.71716,39.854015,13.284672,-0.340579,7.30694
125544.801,108.997000000003,56.861919,35.38821,35.521705,11.777753,-0.499642,8.25185
125547.818,112.014000000003,54.570977,33.668011,33.745864,11.185238,-0.196392,5.19785
125550.823,115.019,53.358403,35.528244,35.54893,11.829927,0.214539,1.33562
125553.797,117.993000000002,52.984377,33.811424,33.813493,11.369702,-0.154749,2.03603
125555.806,120.002,52.914115,20.121532,20.121655,10.015757,-0.67394,3.85314
125558.785,122.981000000007,52.820201,27.299072,27.299234,9.163892,-0.285957,1.77705
125600.795,124.991000000002,52.693114,15.138661,15.139195,7.531938,-0.811917,3.44679
125603.788,127.984000000004,52.485688,19.391189,19.392299,6.479218,-0.351727,1.54985
125606.785,130.981000000007,51.807554,17.37512,17.388349,5.801918,-0.225993,1.76781
125609.785,133.981000000007,50.348452,19.399567,19.454361,6.484787,0.227623,1.71123
125612.809,137.005000000005,48.262731,20.529838,20.635515,6.823914,0.112145,3.03408
125615.785,139.981000000007,45.941762,18.379164,18.525134,6.224843,-0.201301,4.37247
125617.795,141.991000000002,43.80208,10.477235,10.693488,5.320143,-0.4501,6.18091
125620.785,144.981000000007,42.142227,10.73157,10.859176,3.631831,-0.564653,3.49655
125622.785,146.981000000007,40.980156,6.497342,6.600444,3.300222,-0.165804,2.8743
125624.785,148.981000000007,40.270639,0.0,0.709517,0.0,-1.650111,-0.35
125646.803,170.999000000003,39.924577,21.884735,21.887471,0.994072,0.045148,-0.22764
125649.794,173.990000000005,39.752316,17.90083,17.901659,5.985175,1.668707,-16.9917
125652.788,176.984000000004,39.618947,17.985598,17.986092,6.007379,0.007416,0.28331
125654.788,178.984000000004,39.311933,14.401667,14.404939,7.20247,0.597545,-6.68447
125656.796,180.992000000006,38.575642,14.630958,14.649473,7.295554,0.046357,1.76312
125658.797,182.993000000002,37.635143,14.570404,14.600727,7.296715,0.00058,2.40788
125700.807,185.003000000004,36.992594,14.408006,14.422326,7.175287,-0.060412,1.90124
125702.814,187.010000000002,36.76788,17.385313,17.386765,8.663062,0.741293,-11.18843
125705.815,190.011000000006,36.751675,23.063826,23.063832,7.685382,-0.325785,1.46159
125708.797,192.993000000002,36.7705,6.362563,6.36259,2.133665,-1.861743,1.67169
125713.787,197.983,36.776583,16.079821,16.079822,3.222409,0.218185,-0.72546
125715.807,200.003000000004,36.626048,9.945098,9.946237,4.92388,0.842312,-7.05012
125718.810,203.006000000001,36.220864,18.565128,18.569549,6.183666,0.419509,-3.9392
125721.788,205.984000000004,35.587026,18.237158,18.24817,6.127659,-0.018807,1.15934
125723.801,207.997000000003,34.637137,10.884077,10.925449,5.427446,-0.347846,3.16614
125726.788,210.984000000004,33.49749,14.48841,14.533163,4.865471,-0.18814,2.23277
125728.797,212.993000000002,32.662468,7.915077,7.959001,3.961673,-0.449875,2.73828
125730.811,215.007000000005,32.337365,7.950347,7.956992,3.95084,-0.005379,0.7022
125733.787,217.983,32.330816,18.000332,18.000333,6.048499,0.704859,-8.67927
125736.787,220.983,32.425397,38.415629,38.415746,12.805249,2.25225,-43.92276
125739.788,223.984000000004,32.520255,44.407646,44.407747,14.79765,0.663912,-14.19961
125741.807,226.003000000004,32.709822,29.458793,29.459403,14.591086,-0.10231,-0.72369
125744.787,228.983,33.164281,45.296058,45.298338,15.200785,0.204597,-5.52262
125746.793,230.989000000001,33.923437,28.390635,28.400783,14.157918,-0.519874,1.0918
125748.816,233.012000000002,34.813357,28.21896,28.232988,13.956,-0.099811,-2.20464
125751.788,235.984000000004,35.561791,44.197498,44.203835,14.87343,0.308691,-9.29839
125753.809,238.005000000005,35.99582,30.587961,30.59104,15.136586,0.130211,-4.63895
125755.819,240.015000000007,36.146497,30.521885,30.522256,15.185202,0.024187,-2.02813
125758.825,243.021000000001,36.136136,44.245468,44.245469,14.719052,-0.155073,0.00533
125801.784,245.980000000003,36.084379,45.953153,45.953182,15.52997,0.274051,-14.85889
125803.801,247.997000000003,36.046493,32.250122,32.250145,15.989164,0.227662,-14.57593
125806.797,250.993000000002,36.031716,50.412697,50.412699,16.826669,0.279541,-17.91101
125808.810,253.006000000001,36.031399,34.261938,34.261938,17.020337,0.096209,-4.0658
125810.820,255.016000000003,36.073674,33.826083,33.826109,16.82891,-0.095237,-2.41337
125813.809,258.005000000005,36.226522,47.157197,47.157444,15.776997,-0.351928,0.37791
125816.809,261.005000000005,36.496262,45.453502,45.454303,15.151434,-0.208521,-0.38178
125818.811,263.007000000005,36.825795,28.71014,28.712031,14.341674,-0.404476,1.20555
125820.822,265.018000000004,37.204785,25.877294,25.880069,12.869254,-0.732183,3.87892
125823.787,267.983,37.660535,27.985796,27.989506,9.439968,-1.156589,4.90402
125825.800,269.996000000006,38.15003,12.499652,12.509233,6.214224,-1.602456,3.73481
125828.785,272.981000000007,38.587015,21.374694,21.37916,7.162198,0.317579,-4.49208
125830.806,275.002,38.904049,18.334228,18.336968,9.073215,0.94558,-14.20862
125833.796,277.992000000006,39.088814,20.994328,20.995141,7.021786,-0.686097,2.19505
125835.797,279.993000000002,39.282828,11.21518,11.216858,5.605626,-0.707726,1.50575
125837.827,282.023000000001,39.64037,15.329196,15.333365,7.553382,0.959486,-12.84167
125840.819,285.015000000007,40.100753,26.446884,26.45089,8.840538,0.430199,-6.55665
125843.802,287.998000000007,40.683816,26.272198,26.278667,8.809476,-0.010413,-0.96012
125846.793,290.989000000001,41.563298,24.34791,24.363789,8.1457,-0.221924,-0.23503
125848.808,293.004000000001,42.71553,16.010777,16.052184,7.966345,-0.08901,-6.16628
125851.805,296.001000000004,43.927278,21.238769,21.273308,7.098201,-0.289671,-1.61589
125854.804,299.0,45.018716,16.728862,16.764428,5.590006,-0.502899,-0.30127
125857.803,301.999000000003,45.85224,9.797845,9.833236,3.278838,-0.770646,-0.21104
125900.802,304.998000000007,46.36418,7.70114,7.718138,2.57357,-0.235168,-1.4545
125903.786,307.982000000004,46.590279,6.583899,6.58778,2.207701,-0.12261,-0.58378
125905.786,309.982000000004,46.635466,0.0,0.045187,0.0,-1.103851,-0.35
125935.000,339.196000000004,46.605916,0.0,0.02955,0.0,0.0,-0.35
131117.797,1041.993,46.572473,13.772824,13.772864,0.019597,2.8e-05,-0.34862
131120.802,1044.99800000001,46.556637,9.318416,9.318429,3.100975,1.025417,-6.1237
131123.790,1047.986,46.557185,26.281919,26.281919,8.795823,1.905906,-24.98604
131125.865,1050.061,47.106668,22.527585,22.534286,10.859897,0.994734,-18.87524
131128.791,1052.987,48.550794,32.888838,32.920528,11.251035,0.133677,-7.3892
131130.865,1055.061,50.108444,20.981392,21.039132,10.144229,-0.533658,-0.72409
131133.790,1057.986,50.96525,28.729253,28.742027,9.826334,-0.108682,-0.59412
131136.804,1061.0,51.206487,19.328947,19.330452,6.413554,-1.132309,3.22723
131138.871,1063.067,51.147016,8.019571,8.019792,3.879919,-1.225755,2.33911
131141.796,1065.99200000001,51.033562,18.995902,18.99624,6.494441,0.893854,-10.70496
131143.821,1068.01700000001,50.85448,14.839615,14.840696,7.328739,0.411999,-5.68251
131145.865,1070.061,50.541445,13.551153,13.554768,6.631491,-0.341119,1.94804
131148.797,1072.993,50.164225,7.273734,7.283509,2.484144,-1.414511,2.11097
131200.790,1084.986,49.705005,15.923744,15.930365,1.328305,-0.096376,-0.01535
131202.790,1086.986,49.007155,17.262073,17.276173,8.638087,3.654891,-47.87914
131204.866,1089.06200000001,48.123647,23.459741,23.476372,11.308464,1.286309,-20.21051
131207.870,1092.06600000001,47.050096,40.00066,40.015063,13.320594,0.669817,-13.92209
131210.790,1094.986,45.708651,42.147975,42.169317,14.441547,0.383888,-1.37282
131213.791,1097.987,44.332103,43.341254,43.363109,14.449553,0.002668,1.25094
131216.806,1101.002,43.226685,42.939588,42.953814,14.246704,-0.06728,1.45656
131219.797,1103.993,42.478567,43.190908,43.197387,14.442456,0.065447,-0.15571
131221.807,1106.003,42.126682,29.407778,29.409883,14.631783,0.094193,-0.86861
131224.790,1108.986,42.075232,42.900521,42.900551,14.38168,-0.083843,-0.17103
131226.808,1111.004,42.170017,27.012952,27.013118,13.386084,-0.493358,2.85048
131229.869,1114.065,42.369151,43.724564,43.725017,14.284553,0.293521,-5.42329
131232.806,1117.002,42.7133,47.622456,47.6237,16.215083,0.657314,-17.69339
131235.790,1119.986,43.179313,46.730556,46.732879,15.661153,-0.185633,-1.27255
131237.864,1122.06,43.61017,29.898336,29.90144,14.417281,-0.599745,2.30402
131240.790,1124.986,43.871937,42.495884,42.49669,14.523818,0.03641,-1.61564
131242.809,1127.005,44.028321,21.686358,21.686922,10.741417,-1.873403,9.79814
131245.790,1129.986,44.203046,31.85368,31.854159,10.685729,-0.018681,0.35056
131247.865,1132.061,44.397754,30.807101,30.807717,14.847092,2.005476,-47.28647
131250.802,1134.99800000001,44.549797,53.21432,53.214537,18.118671,1.113919,-33.29701
131252.816,1137.012,44.694992,33.226186,33.226504,16.497767,-0.804818,3.27167
131255.791,1139.987,44.858726,46.550048,46.550336,15.647172,-0.285914,-0.0358
131257.806,1142.002,44.930014,30.316491,30.316574,15.045446,-0.298623,0.60373
131300.794,1144.99000000001,44.852264,45.933029,45.933095,15.372522,0.109463,-2.35009
131303.794,1147.99000000001,44.735776,46.798039,46.798184,15.599395,0.075624,-2.25549
131306.793,1150.989,44.670333,47.777955,47.777999,15.93131,0.110675,-2.92546
131308.819,1153.01500000001,44.602765,32.993907,32.993976,16.285279,0.174713,-3.73303
131311.803,1155.999,44.399401,51.40143,51.401832,17.225815,0.315193,-18.78557
131314.791,1158.987,44.030131,51.677841,51.67916,17.295569,0.023345,-3.19385
131316.865,1161.061,43.632415,35.292841,35.295082,17.01788,-0.133891,-1.29136
131319.791,1163.987,43.355611,54.088612,54.08932,18.485755,0.501666,-26.93564
131322.791,1166.987,43.239651,55.283688,55.28381,18.427937,-0.019273,-4.5312
131324.801,1168.997,43.23132,36.838208,36.838209,18.327467,-0.049985,-4.30408
131327.789,1171.985,43.288008,54.33284,54.33287,18.183691,-0.048118,-4.26124
131329.790,1173.986,43.497349,33.459821,33.460476,16.721877,-0.730542,2.382
131331.791,1175.987,43.9147,35.227902,35.230374,17.606384,0.442032,-15.45009
131333.791,1177.987,44.361586,35.632793,35.635595,17.817798,0.105707,-6.35532
131336.791,1180.987,44.631349,53.570783,53.571462,17.857154,0.013119,-4.7442
131338.865,1183.061,44.763833,35.1674,35.167649,16.956436,-0.43429,0.00676
131341.864,1186.06,44.877675,51.155296,51.155422,17.057493,0.033697,-3.7765
131344.790,1188.986,44.993416,51.629898,51.630028,17.645259,0.200877,-5.99862
131346.791,1190.987,45.118411,33.325926,33.32616,16.654753,-0.495005,0.74903
131349.791,1193.987,45.276045,51.546523,51.546764,17.182255,0.175834,-5.14928
131352.791,1196.987,45.471466,52.621025,52.621388,17.540463,0.119403,-5.15882
131354.791,1198.987,45.683735,34.049561,34.050223,17.025111,-0.257676,-1.68853
131356.791,1200.987,45.858427,32.978452,32.978914,16.489457,-0.267827,-1.03028
131358.871,1203.067,46.08583,32.324966,32.325765,15.541233,-0.455877,1.05581
131401.808,1206.004,46.700958,49.734028,49.737832,16.93491,0.474524,-15.40035
131404.791,1208.987,47.869521,49.570761,49.584533,16.622371,-0.104773,-3.87344
131407.792,1211.988,49.224229,49.79175,49.810176,16.597859,-0.008168,-5.85505
131410.791,1214.987,50.246591,49.323144,49.333739,16.450063,-0.049282,-3.90528
131412.865,1217.061,50.792561,32.107427,32.112069,15.483158,-0.466203,0.45008
131415.791,1219.987,51.007017,45.894507,45.895008,15.685238,0.069064,-2.81518
131417.791,1221.987,51.062263,29.721636,29.721687,14.860844,-0.412197,1.57849
131419.791,1223.987,51.088857,29.821202,29.821214,14.910607,0.024882,-1.504
131421.792,1225.988,51.171155,28.303337,28.303457,14.144656,-0.382784,1.75343
131424.865,1229.061,51.308584,42.110084,42.110308,13.703322,-0.143617,0.41824
131427.791,1231.987,51.425096,42.88734,42.887498,14.657381,0.326063,-6.14924
131430.865,1235.061,51.473553,43.551915,43.551942,14.16784,-0.159252,0.34391
131432.866,1237.06200000001,51.400521,30.10897,30.109058,15.047006,0.439363,-17.61121
131435.792,1239.988,51.175332,43.653447,43.654028,14.919353,-0.043627,-0.59909
131438.871,1243.067,50.907091,40.955903,40.956781,13.301975,-0.525293,3.72066
131441.791,1245.987,50.709932,38.440681,38.441187,13.16479,-0.046981,0.67504
131443.799,1247.995,50.570628,24.995748,24.996136,12.448275,-0.35683,2.96572
131445.871,1250.067,50.427988,24.866526,24.866935,12.001417,-0.215665,2.33208
131447.872,1252.06800000001,50.220606,24.536202,24.537078,12.262408,0.13043,0.34555
131450.804,1255.0,49.91295,37.563154,37.564414,12.811874,0.187403,-0.36388
131453.791,1257.987,49.494244,34.836057,34.838573,11.663399,-0.384491,3.44012
131455.802,1259.99800000001,48.971901,20.593182,20.599806,10.243563,-0.706035,5.162
131457.808,1262.004,48.362386,16.602591,16.613776,8.282042,-0.977827,5.59205
131500.807,1265.003,47.760952,26.223404,26.2303,8.746349,0.154821,0.6291
131503.807,1268.003,47.242072,46.062738,46.065661,15.35522,2.202957,-59.68171
131506.805,1271.001,46.771579,47.468317,47.470648,15.834105,0.159735,-2.56572
131509.804,1274.0,46.358923,46.482267,46.484098,15.499866,-0.11145,-0.31043
131512.791,1276.987,45.951209,45.880414,45.882225,15.360638,-0.046611,-0.6737
131514.791,1278.987,45.272187,30.610856,30.618386,15.309193,-0.025722,0.17081
131516.792,1280.988,44.099875,31.040986,31.063115,15.523796,0.107248,0.14866
131519.791,1283.987,42.438774,48.730933,48.759236,16.258498,0.244982,-1.80809
131521.865,1286.061,40.51625,33.497486,33.552611,16.177729,-0.038944,2.22869
131523.870,1288.06600000001,38.713064,32.737978,32.787599,16.352917,0.087376,0.94125
131525.870,1290.06600000001,37.235086,31.93162,31.965807,15.982903,-0.185007,2.64867
131528.791,1292.987,36.057207,45.487849,45.503096,15.577917,-0.138646,1.07207
131530.792,1294.988,35.165882,28.797262,28.811053,14.398327,-0.5895,5.3085
131533.791,1297.987,34.607725,37.642444,37.646582,12.553045,-0.615299,5.02087
131536.791,1300.987,34.372479,33.40419,33.405019,11.135006,-0.47268,3.46432
131538.804,1303.0,34.354615,23.982129,23.982136,11.913629,0.386797,-11.0348
131541.791,1305.987,34.422403,36.884133,36.884195,12.348241,0.145501,-0.39107
131544.792,1308.988,34.653888,27.303759,27.304741,9.098547,-1.08287,4.72037
131547.792,1311.988,35.197034,28.867231,28.87234,9.624113,0.175189,-3.32496
131550.792,1314.988,35.951022,21.210141,21.223538,7.074513,-0.849867,1.88171
131553.791,1317.987,36.681052,29.392567,29.401632,9.803812,0.91007,-15.88301
131555.804,1320.0,37.282387,21.324418,21.332895,10.597563,0.394312,-8.85333
131558.791,1322.987,37.75431,28.88395,28.887805,9.671177,-0.310139,1.11902
131600.792,1324.988,38.092213,16.132847,16.136385,8.064161,-0.803106,2.57813
131603.791,1327.987,38.264519,29.467266,29.46777,9.825865,0.58743,-7.87732
131605.793,1329.989,38.297812,24.564531,24.564554,12.270007,1.22085,-21.23029
131607.797,1331.993,38.273753,24.525699,24.525711,12.238379,-0.015782,0.78707
131609.805,1334.001,38.246175,24.895996,24.896011,12.398412,0.079698,0.13708
131612.802,1336.99800000001,38.232293,40.555833,40.555835,13.532144,0.378289,-13.6363
131615.791,1339.987,38.247993,40.747502,40.747505,13.632487,0.033571,-0.50531
131617.865,1342.061,38.390359,26.955022,26.955398,12.996817,-0.306495,1.75702
131620.865,1345.061,38.769781,41.437701,41.439438,13.813146,0.27211,-5.48243
131623.838,1348.03400000001,39.299554,42.152745,42.156074,14.179642,0.123275,-3.22798
131626.865,1351.061,39.739808,35.853278,35.855981,11.845385,-0.771145,4.34506
131628.866,1353.06200000001,39.966906,20.809683,20.810922,10.400261,-0.722201,3.56035
131631.792,1355.988,40.072192,24.41097,24.411197,8.342856,-0.703146,2.93535
131633.803,1357.999,40.287847,19.168098,19.169311,9.532228,0.591433,-8.54523
131636.792,1360.988,40.735149,25.345036,25.348983,8.480757,-0.35178,1.03576
131639.797,1363.993,41.274781,25.256737,25.262501,8.406822,-0.024604,-0.65136
131642.792,1366.988,41.701276,20.154716,20.159228,6.730961,-0.559553,1.28912
131644.806,1369.002,41.935439,13.799436,13.801423,6.852742,0.060467,-1.11532
131647.811,1372.00700000001,42.004591,44.409242,44.409296,14.778468,2.637513,-60.93095
131650.792,1374.988,41.989874,52.066054,52.066056,17.46597,0.901544,-36.80771
131652.865,1377.061,41.951044,32.240442,32.240466,15.552564,-0.923013,5.12421
131655.793,1379.989,41.873468,40.720175,40.720249,13.907189,-0.561945,3.39957
131658.792,1382.988,41.686116,33.101241,33.101771,11.037603,-0.956848,5.91298
131701.792,1385.988,41.388356,25.828654,25.83037,8.610123,-0.80916,4.12131
131703.792,1387.988,41.002424,9.661613,9.669318,4.834659,-1.887732,5.27319
131705.943,1390.139,40.444694,4.091653,4.12949,1.9198,-1.355118,2.24699
131706.792,1390.988,39.786044,0.0,0.65865,0.0,-2.261249,-0.35
131723.864,1408.06,39.204607,21.487209,21.495074,1.259084,0.073751,-0.14577
131725.871,1410.067,38.705958,14.587651,14.596171,7.272631,2.996286,-33.32399
131728.792,1412.988,38.301072,7.185733,7.197131,2.463927,-1.646253,2.41568
131741.792,1425.988,37.876649,17.819585,17.824639,1.371126,-0.084062,-0.04489
131743.792,1427.988,37.207574,18.076393,18.088772,9.044386,3.83663,-53.26662
131745.792,1429.988,36.475111,23.400162,23.411623,11.705812,1.330713,-22.95459
131748.792,1432.988,36.011545,43.915632,43.918079,14.63936,0.977849,-27.54665
131751.792,1435.988,35.832011,53.374732,53.375034,17.791678,1.050773,-41.28988
131753.808,1438.004,35.790827,35.266074,35.266098,17.493104,-0.148102,-2.46277
131756.793,1440.989,35.767535,51.422566,51.422571,17.226992,-0.08915,-2.73418
131759.792,1443.988,35.72438,52.827471,52.827489,17.615035,0.129391,-4.95699
131801.792,1445.988,35.679617,36.861621,36.861648,18.430824,0.407895,-25.14465
131804.865,1449.061,35.583564,55.589621,55.589704,18.089718,-0.111001,-3.37237
131807.792,1451.988,35.375906,55.110538,55.11093,18.828469,0.252392,-7.31339
131809.795,1453.991,35.102877,34.732933,34.734006,17.340991,-0.742625,3.16978
131812.873,1457.069,34.809159,42.244448,42.245469,13.724974,-1.174794,7.83199
131815.864,1460.06,34.42219,29.454832,29.457373,9.84867,-1.295989,7.156
131818.810,1463.006,33.908889,20.29285,20.299341,6.890476,-1.004139,4.29656
131821.792,1465.988,33.416527,24.515339,24.520283,8.222764,0.446777,-5.79425
131824.792,1468.988,33.086603,32.985906,32.987556,10.995852,0.924363,-18.02872
131826.869,1471.065,32.898151,28.607086,28.607707,13.773571,1.337371,-33.9751
131828.869,1473.065,32.800244,30.423017,30.423174,15.211587,0.719008,-24.61901
131831.870,1476.06600000001,32.780316,46.906761,46.906765,15.630378,0.13955,-2.9136
131834.864,1479.06,32.81312,47.1118,47.111812,15.735408,0.03508,-2.31439
131837.792,1481.988,32.913093,44.027942,44.028056,15.036904,-0.23856,0.18417
131839.866,1484.06200000001,33.265061,26.835652,26.83796,12.940193,-1.01095,5.67179
131842.866,1487.06200000001,34.091384,39.722027,39.730621,13.24354,0.101116,-3.71073
131845.871,1490.067,35.329223,38.301286,38.321283,12.752507,-0.163405,-0.60621
131848.793,1492.989,36.632844,33.769738,33.794891,11.565671,-0.406172,0.78004
131851.865,1496.061,37.706421,36.033055,36.049045,11.734715,0.055027,-3.55395
131853.865,1498.061,38.472347,23.990979,24.003202,12.001601,0.133443,-5.42119
131856.793,1500.989,38.969872,32.498348,32.502156,11.100463,-0.307766,1.41169
131858.793,1502.989,39.253096,21.303583,21.305465,10.652733,-0.223865,1.00289
131900.793,1504.989,39.424894,19.714965,19.715713,9.857857,-0.397438,1.91538
131902.870,1507.06600000001,39.606833,19.302193,19.30305,9.293717,-0.271613,1.18481
131905.793,1509.989,39.857149,34.993707,34.994602,11.972153,0.916331,-15.90177
131907.793,1511.989,40.177505,25.781751,25.783741,12.891871,0.459859,-9.1434
131909.793,1513.989,40.520972,26.32065,26.322891,13.161446,0.134787,-2.74376
131912.796,1516.99200000001,40.815545,40.262143,40.26322,13.407666,0.081991,-1.08917
131915.866,1520.06200000001,41.034432,45.79176,45.792284,14.916053,0.491331,-10.87504
131918.793,1522.989,41.196718,50.103342,50.103605,17.117733,0.752197,-20.87705
131920.804,1525.0,41.3014,33.831763,33.831925,16.823434,-0.146345,-2.14249
131922.865,1527.061,41.358894,33.258206,33.258256,16.136951,-0.333082,0.05749
131925.793,1529.989,41.451673,50.467202,50.467287,17.236095,0.375391,-10.28533
131927.800,1531.99600000001,41.67345,34.517185,34.517897,17.198753,-0.018606,-3.84064
131930.866,1535.06200000001,41.992616,52.903916,52.904878,17.255342,0.018457,-4.17746
131932.870,1537.06600000001,42.303191,36.904293,36.9056,18.415968,0.579155,-19.8532
131935.793,1539.989,42.539838,55.405699,55.406204,18.955253,0.184497,-7.59499
131938.793,1542.989,42.707383,56.911201,56.911447,18.970482,0.005076,-5.85999
131940.870,1545.06600000001,42.856965,38.686877,38.687166,18.626464,-0.165632,-3.98618
131943.793,1547.989,43.055581,59.935121,59.93545,20.504772,0.642596,-24.31788
131945.794,1549.99000000001,43.396088,40.550951,40.55238,20.266057,-0.119298,-6.9115
131948.796,1552.99200000001,43.878561,60.22423,60.226163,20.062013,-0.067969,-7.08983
131951.793,1555.989,44.371499,60.43611,60.43812,20.166206,0.034766,-8.23841
131953.866,1558.06200000001,44.784908,40.167369,40.169497,19.377471,-0.38048,-3.48271
131956.793,1560.989,45.140703,56.98039,56.981501,19.467544,0.030773,-7.04821
131958.806,1563.002,45.441631,37.548923,37.550129,18.653815,-0.404237,-2.25233
132000.865,1565.061,45.629939,38.702222,38.70268,18.796833,0.06946,-6.38831
132003.793,1567.989,45.685842,59.507567,59.507593,20.323631,0.521447,-19.23392
132005.801,1569.997,45.674227,40.530607,40.530609,20.184566,-0.069255,-6.46094
132008.793,1572.989,45.647533,60.913599,60.913604,20.358825,0.058242,-7.92441
132010.793,1574.989,45.579431,39.630781,39.63084,19.81542,-0.271702,-3.91821
132012.793,1576.989,45.398226,39.123978,39.124397,19.562199,-0.12661,-4.70591
132014.797,1578.993,45.084694,39.350139,39.351388,19.636421,0.037037,-6.02775
132017.865,1582.061,44.707145,60.126366,60.127552,19.598289,-0.012429,-5.66946
132020.865,1585.061,44.363501,58.837545,58.838549,19.61285,0.004854,-5.89071
132023.793,1587.989,44.115665,55.555625,55.556178,18.974105,-0.218151,-3.17942
132026.793,1590.989,43.974808,53.692336,53.692521,17.897507,-0.358866,-0.96402
132028.793,1592.989,43.926086,36.37894,36.378972,18.189486,0.145989,-5.75353
132030.793,1594.989,43.929582,36.199379,36.19938,18.09969,-0.044898,-4.11133
132032.797,1596.993,44.030141,35.589712,35.589854,17.759408,-0.169801,-2.8913
132035.793,1599.989,44.272601,54.155235,54.155778,18.076027,0.105681,-5.75763
132037.793,1601.989,44.546872,35.990307,35.991352,17.995676,-0.040176,-4.66802
132039.793,1603.989,44.722802,34.802463,34.802907,17.401454,-0.297111,-1.63664
132041.865,1606.061,44.792071,34.03265,34.03272,16.425058,-0.471234,0.87752
132044.793,1608.989,44.794032,49.437387,49.437387,16.884354,0.156863,-4.40998
132046.803,1610.999,44.76065,33.982391,33.982407,16.90667,0.011102,-3.17527
132049.793,1613.989,44.703312,50.526165,50.526198,16.898394,-0.002768,-3.04235
132051.870,1616.06600000001,44.542047,28.162896,28.163358,13.559633,-1.607492,10.58071
132054.793,1618.989,44.228139,35.520331,35.521718,12.152487,-0.481405,3.98939
132056.799,1620.995,43.906475,17.76552,17.768431,8.857643,-1.642495,8.05793
132059.793,1623.989,43.706615,15.008703,15.010034,5.013371,-1.283992,3.40844
132101.871,1626.067,43.592046,4.718433,4.719824,2.27133,-1.319558,1.50346
132104.793,1628.989,43.528923,4.718434,4.718857,1.614941,-0.224637,0.03901
132106.865,1631.061,43.516252,4.614997,4.615015,2.227324,0.295552,-1.84285
132109.793,1633.989,43.539506,12.193067,12.193089,4.164306,0.661538,-3.89394
132111.794,1635.99000000001,43.568591,11.874986,11.875021,5.934543,0.884676,-7.54295
132113.802,1637.99800000001,43.597067,9.09098,9.091024,4.527403,-0.700767,1.42945
132115.866,1640.06200000001,43.811034,10.78458,10.786702,5.226115,0.338523,-3.54288
132118.872,1643.06800000001,44.461992,28.409145,28.416602,9.453294,1.406247,-22.60551
132121.797,1645.993,45.50341,32.04843,32.065346,10.962512,0.515972,-12.00234
132124.864,1649.06,46.661615,35.509242,35.528126,11.583999,0.202637,-6.79205
132127.793,1651.989,47.807333,38.740223,38.757162,13.232216,0.562723,-15.3521
132130.870,1655.06600000001,49.097415,39.58184,39.602858,12.870607,-0.11752,-1.25932
132133.794,1657.99000000001,50.767334,44.94336,44.974373,15.381112,0.858586,-28.45967
132136.794,1660.99000000001,52.801443,48.799281,48.841656,16.280552,0.299813,-17.29349
132139.793,1663.989,55.017469,51.807987,51.855359,17.290883,0.336889,-20.4446
132142.793,1666.989,57.296028,53.544981,53.59344,17.86448,0.191199,-17.31228
132145.865,1670.061,59.404021,55.102011,55.142318,17.949973,0.02783,-11.53171
132148.793,1672.989,61.020744,56.424445,56.447603,19.278553,0.45375,-23.74559
132150.793,1674.989,62.103658,35.960436,35.976738,17.988369,-0.645092,-1.35321
132153.793,1677.989,62.88481,51.047742,51.053718,17.017906,-0.323488,-1.87088
132155.870,1680.06600000001,63.553455,35.274674,35.28101,16.986524,-0.015109,-4.63687
132158.866,1683.06200000001,64.147883,53.900133,53.903411,17.991793,0.335537,-12.7738
132201.793,1685.989,64.63715,55.215768,55.217936,18.865028,0.298338,-12.31277
132203.870,1688.06600000001,64.984301,37.170846,37.172467,17.897191,-0.465978,-1.05286
132206.794,1690.99000000001,65.159038,54.2026,54.202882,18.537237,0.218894,-7.8287
132208.870,1693.06600000001,65.191524,35.599376,35.599391,17.148069,-0.669156,1.99344
132211.793,1695.989,65.163313,55.983486,55.983494,19.152752,0.685831,-35.8385
132213.796,1697.99200000001,65.12614,38.137947,38.137965,19.040422,-0.056081,-5.04437
132216.794,1700.99000000001,65.083555,57.685683,57.685699,19.241394,0.067035,-6.44947
132218.800,1702.99600000001,64.980666,38.490805,38.490943,19.187908,-0.026663,-5.34496
132221.794,1705.99000000001,64.779787,55.729838,55.7302,18.613961,-0.191699,-3.08873
132224.865,1709.061,64.454709,55.818094,55.819041,18.176177,-0.142554,-2.84731
132227.793,1711.989,63.882603,58.219681,58.222492,19.884731,0.583523,-32.01531
132229.803,1713.999,62.839867,42.150689,42.163585,20.976908,0.543372,-29.08155
132232.864,1717.06,61.296947,63.004845,63.023734,20.589263,-0.12664,-4.11339
132235.801,1719.997,59.656935,63.90263,63.923671,21.764954,0.400303,-11.01367
132238.864,1723.06,58.414241,65.19885,65.210692,21.289811,-0.155123,-5.26284
132240.864,1725.06,57.730842,42.417383,42.422888,21.211444,-0.039184,-6.62869
132242.865,1727.061,57.503648,42.656634,42.657239,21.317961,0.053232,-8.7983
132245.864,1730.06,57.594894,66.431811,66.431873,22.151342,0.277886,-14.07562
132248.864,1733.06,57.905864,69.145778,69.146477,23.048826,0.299161,-17.38525
132251.803,1735.999,58.27891,69.629216,69.630215,23.691805,0.218775,-15.72248
132254.802,1738.99800000001,58.523635,68.981429,68.981863,23.001622,-0.230138,-9.29466
132256.864,1741.06,58.601371,44.907522,44.90759,21.778657,-0.593097,-3.48566
132259.794,1743.99000000001,58.48063,67.316756,67.316865,22.975039,0.408322,-38.42438
132301.864,1746.06,58.023449,43.278273,43.280688,20.908545,-0.998306,2.836
132304.794,1748.99000000001,57.326554,65.642108,65.645807,22.404712,0.510637,-37.12813
132306.794,1750.99000000001,56.729706,45.168425,45.172368,22.586184,0.090736,-10.34249
132308.794,1752.99000000001,56.263054,45.498395,45.500788,22.750394,0.082105,-10.82827
132310.794,1754.99000000001,55.554349,45.568377,45.573888,22.786944,0.018275,-9.62578
132313.794,1757.99000000001,54.380629,68.417141,68.427208,22.809069,0.007375,-9.37006
132315.794,1759.99000000001,53.001643,45.467628,45.488535,22.744267,-0.032401,-7.43123
132318.794,1762.99000000001,51.875938,66.217281,66.226849,22.075616,-0.222884,-5.83372
132320.804,1765.0,51.084005,43.326702,43.333939,21.559174,-0.256936,-4.65234
132322.870,1767.06600000001,50.376049,42.894231,42.900073,20.764798,-0.3845,-2.54887
132325.800,1769.99600000001,49.611661,63.744787,63.749369,21.757464,0.338794,-11.75536
132327.812,1772.008,48.915527,41.93793,41.943707,20.846773,-0.45263,-1.95702
132330.812,1775.008,48.470501,54.223747,54.225573,18.075191,-0.923861,4.22035
132333.794,1777.99000000001,48.263829,40.909699,40.910221,13.719055,-1.46081,9.58691
132335.801,1779.997,48.080255,21.370895,21.371684,10.648572,-1.529887,8.74794
132337.865,1782.061,47.743654,14.774633,14.778467,7.16011,-1.690146,6.74637
132340.794,1784.99000000001,47.062891,9.474084,9.498511,3.242919,-1.337382,3.04702
132341.794,1785.99000000001,46.113482,0.0,0.949409,0.0,-3.242919,-0.35
132409.799,1813.995,45.176657,16.589228,16.615659,0.59331,0.021186,-0.15726
132411.818,1816.014,44.407177,14.08035,14.10136,6.984329,3.165438,-31.65829
132414.793,1818.989,43.914365,24.041094,24.046144,8.082737,0.369213,-4.63392
132416.871,1821.067,43.944539,21.514044,21.514065,10.353255,1.092646,-15.92697
132419.795,1823.991,44.582031,38.082595,38.087931,13.025968,0.914061,-19.71592
132421.801,1825.997,45.601475,29.553408,29.570986,14.741269,0.855085,-26.16099
132424.794,1828.99000000001,46.536207,46.33097,46.340399,15.482926,0.247797,-9.36938
132427.800,1831.99600000001,47.250652,46.531033,46.536518,15.48121,-0.000571,-2.87653
132429.806,1834.002,47.962047,29.963227,29.971671,14.941012,-0.269291,-1.02942
132432.794,1836.99000000001,48.825359,42.90317,42.911855,14.361397,-0.193981,-0.83609
132434.803,1838.999,49.711609,28.137392,28.151345,14.012616,-0.173609,-1.4489
132436.811,1841.00700000001,50.382523,28.753837,28.761663,14.323537,0.154841,-6.51111
132439.810,1844.006,50.783823,45.386298,45.388073,15.134402,0.270378,-6.77347
132441.869,1846.065,51.1438,30.856282,30.858381,14.987072,-0.071554,-1.63684
132444.802,1848.99800000001,51.606583,45.083297,45.085672,15.371862,0.131193,-3.94453
132447.801,1851.997,52.062278,43.558837,43.56122,14.525249,-0.282298,0.30402
132449.814,1854.01,52.33692,27.852651,27.854005,13.837062,-0.341871,1.2113
132452.795,1856.991,52.413604,39.255068,39.255143,13.168448,-0.224292,1.35194
132454.806,1859.002,52.38855,25.807067,25.807079,12.832958,-0.166827,1.3613
132457.804,1862.0,52.274234,39.38473,39.384896,13.137057,0.101434,-0.37764
132500.864,1865.06,52.015612,40.268727,40.269558,13.159986,0.007493,0.41496
132503.803,1867.999,51.681629,39.298428,39.299847,13.371843,0.072085,-0.00637
132506.802,1870.99800000001,51.426201,37.664641,37.665508,12.559356,-0.270919,2.47592
132509.802,1873.99800000001,51.269639,31.486951,31.48734,10.49578,-0.687859,4.20822
132511.865,1876.061,51.150307,14.894641,14.895119,7.220125,-1.587811,5.95281
132514.793,1878.989,51.061737,6.502179,6.502783,2.220896,-1.707387,1.76323
132515.796,1879.99200000001,51.015578,0.0,0.046159,0.0,-2.214253,-0.35
132526.795,1890.991,50.998228,21.394511,21.394518,1.945133,0.176846,-1.341
132528.795,1892.991,50.935001,15.848701,15.848827,7.924414,2.98964,-39.99338
132530.795,1894.991,50.768521,18.429769,18.430521,9.215261,0.645424,-11.05612
132532.801,1896.997,50.344432,20.293264,20.297694,10.118492,0.450265,-7.09975
132534.871,1899.067,49.622647,22.644821,22.656321,10.945083,0.399319,0.10343
132537.795,1901.991,48.959589,35.606632,35.612805,12.179482,0.422161,-8.58352
132539.796,1903.99200000001,48.663517,24.147945,24.14976,12.068845,-0.055291,1.74729
132541.801,1905.997,48.629801,24.13232,24.132344,12.036082,-0.016341,0.92492
132544.865,1909.061,48.831,36.100538,36.101098,11.782343,-0.082813,0.80938
132547.795,1911.991,49.411329,35.515254,35.519995,12.122865,0.116219,-2.22988
132549.865,1914.061,50.413728,22.67403,22.696177,10.964336,-0.559676,1.22285
132552.796,1916.99200000001,51.745487,31.141496,31.169959,10.634582,-0.112506,-2.65334
132555.795,1919.991,53.258809,30.340172,30.37789,10.12934,-0.16847,-2.80286
132557.801,1921.997,54.647542,18.412712,18.465009,9.20489,-0.460842,-1.99654
132600.800,1924.99600000001,55.689034,30.047812,30.065856,10.025294,0.273559,-7.51052
132602.865,1927.061,56.445628,21.730018,21.743185,10.529388,0.244113,-7.35966
132605.796,1929.99200000001,57.015465,32.175364,32.180409,10.979328,0.153511,-3.06295
132607.800,1931.99600000001,57.493656,24.134643,24.13938,12.045599,0.532071,-10.88789
132610.801,1934.997,58.103789,38.729091,38.733897,12.906997,0.287037,-6.25534
132613.795,1937.991,59.028112,39.997656,40.008335,13.362837,0.152251,-5.40231
132615.798,1939.99400000001,60.186771,25.986005,26.011823,12.986432,-0.187921,-2.32054
132617.802,1941.99800000001,61.349673,25.560328,25.586769,12.767849,-0.109073,-3.95755
132620.807,1945.003,62.313357,39.300912,39.312725,13.082438,0.104689,-4.41582
132623.801,1947.997,62.965657,39.163449,39.16888,13.082458,7.0e-06,-0.9056
132626.796,1950.99200000001,63.411752,39.364578,39.367105,13.144276,0.02064,-0.75299
132628.800,1952.99600000001,64.066916,26.987833,26.995784,13.47095,0.163011,-5.99227
132631.801,1955.997,65.253908,39.905812,39.923462,13.303386,-0.055836,-2.28349
132634.796,1958.99200000001,66.861606,38.554846,38.588351,12.884257,-0.139943,-2.65237
132637.801,1961.997,68.497704,38.677443,38.712032,12.88254,-0.000571,-5.66003
132639.802,1963.99800000001,69.917161,24.870242,24.910716,12.449133,-0.216595,-3.79351
132642.871,1967.067,71.069618,36.285668,36.303965,11.829249,-0.201982,0.03647
132645.802,1969.99800000001,71.939162,35.42897,35.439639,12.091313,0.089411,-3.25083
132648.795,1972.991,72.554106,38.78118,38.786055,12.958922,0.289879,-6.3922
132650.865,1975.061,72.962512,25.093508,25.096831,12.124073,-0.403309,2.11554
132652.872,1977.06800000001,73.156121,25.509158,25.509892,12.71046,0.292171,-4.51785
132655.797,1979.993,73.185345,39.149043,39.149054,13.384292,0.23037,-2.38657
132657.800,1981.99600000001,73.128447,25.644519,25.644582,12.803086,-0.290168,2.2075
132659.802,1983.99800000001,73.014025,25.051363,25.051625,12.513299,-0.144749,1.61059
132702.818,1987.014,72.869712,37.370274,37.370553,12.390767,-0.040627,1.0143
132705.872,1990.06800000001,72.717038,35.040696,35.041029,11.473814,-0.300247,2.49794
132708.802,1992.99800000001,72.573202,34.011026,34.01133,11.607962,0.045784,0.60669
132711.804,1996.0,72.478696,30.345527,30.345674,10.108486,-0.499492,3.03237
132714.866,1999.06200000001,72.448613,34.215184,34.215197,11.174134,0.348024,-9.58174
132717.802,2001.99800000001,72.394869,34.562629,34.56267,11.772027,0.203642,-7.27417
132719.866,2004.06200000001,72.253596,22.360115,22.360562,10.833605,-0.454662,3.22275
132722.804,2007.0,72.126625,32.091328,32.09158,10.922934,0.030405,0.599
132724.867,2009.063,72.151988,19.755746,19.755762,9.57623,-0.652789,3.34835
132727.872,2012.06800000001,72.262784,27.951742,27.951961,9.301817,-0.091319,0.62216
132730.801,2014.997,72.303551,30.19486,30.194887,10.308941,0.343846,-3.44486
132732.801,2016.997,72.237403,20.966526,20.96663,10.483315,0.087187,0.22632
132734.801,2018.997,72.088421,18.192254,18.192864,9.096432,-0.693441,3.73577
132736.866,2021.06200000001,71.877906,16.677104,16.678433,8.076723,-0.493806,2.65971
132739.866,2024.06200000001,71.691315,24.931263,24.931961,8.310654,0.077977,0.27685
132742.871,2027.067,71.597031,26.128378,26.128548,8.695024,0.12791,-0.05402
132745.804,2030.0,71.579295,24.64459,24.644596,8.402522,-0.099728,0.73265
132747.871,2032.067,71.598957,14.374978,14.374992,6.954519,-0.700534,2.46043
132750.803,2034.999,71.719943,28.249625,28.249884,9.635022,0.914223,-12.5698
132753.804,2038.0,72.060121,33.632251,33.633971,11.207588,0.524014,-8.43441
132755.866,2040.06200000001,72.5633,22.208392,22.214091,10.77308,-0.210722,0.47979
132758.804,2043.0,73.021185,31.679126,31.682435,10.783674,0.003606,-0.20981
132801.813,2046.00900000001,73.300321,32.346326,32.347531,10.750259,-0.011105,0.15833
132803.866,2048.06200000001,73.400631,21.949898,21.950127,10.691733,-0.028508,0.44683
132806.804,2051.0,73.396528,33.458193,33.458193,11.388085,0.237016,-7.88107
132809.796,2053.99200000001,73.364862,31.474965,31.474981,10.519713,-0.290231,2.02222
132811.867,2056.063,73.318489,19.668821,19.668876,9.497284,-0.493689,2.75587
132814.797,2058.993,73.245846,28.67096,28.671052,9.785342,0.098313,0.09287
132817.796,2061.99200000001,73.16434,30.847925,30.848033,10.286106,0.166977,-0.20627
132819.798,2063.99400000001,73.111436,22.474158,22.47422,11.225884,0.46942,-11.55904
132821.803,2065.999,73.107188,24.040874,24.040874,11.990461,0.381335,-11.11085
132824.803,2068.999,73.163882,33.242626,33.242674,11.080891,-0.30319,2.09051
132827.797,2071.993,73.263261,34.507485,34.507628,11.525594,0.148531,-0.36123
132829.799,2073.995,73.399247,23.88095,23.881338,11.92874,0.201372,-1.865
132831.804,2076.0,73.622552,24.42935,24.43037,12.184723,0.127672,-1.11812
132834.796,2078.99200000001,73.969044,37.697114,37.698706,12.599835,0.138741,-1.62598
132836.802,2080.99800000001,74.357086,24.694227,24.697275,12.311703,-0.143635,0.53338
132839.799,2083.995,74.68298,36.115451,36.116921,12.051025,-0.08698,0.73424
132842.796,2086.99200000001,74.964164,34.367385,34.368536,11.467646,-0.194654,1.24227
132844.803,2088.999,75.298499,18.836196,18.839163,9.386728,-1.03683,4.27081
132847.802,2091.99800000001,75.725117,17.204943,17.210232,5.738657,-1.216429,2.74526
132850.803,2094.999,76.179101,9.615949,9.62666,3.207817,-0.843332,0.46339
132852.865,2097.061,76.57851,6.374846,6.387346,3.097646,-0.053429,-2.3958
132855.803,2099.999,76.937619,9.576936,9.583667,3.26197,0.055931,-1.78731
132858.802,2102.99800000001,77.271999,16.546313,16.549692,5.518403,0.752395,-7.41983
132900.802,2104.99800000001,77.511693,16.615823,16.617552,8.308776,1.395187,-18.7118
132903.796,2107.99200000001,77.638024,28.449673,28.449953,9.502322,0.398646,-4.55668
132905.802,2109.99800000001,77.802184,19.83204,19.832719,9.886699,0.191614,-2.00825
132907.802,2111.99800000001,78.131383,20.411872,20.414527,10.207263,0.160282,-2.78833
132910.796,2114.99200000001,78.539943,31.737544,31.740174,10.60126,0.131596,-1.81892
132912.803,2116.999,78.866126,22.059322,22.061733,10.992393,0.194884,-3.29078
132915.796,2119.99200000001,79.054945,33.580501,33.581032,11.219857,0.075999,-0.11665
132917.802,2121.99800000001,79.156801,21.415493,21.415735,10.67584,-0.271195,1.67516
132920.796,2124.99200000001,79.243011,31.060558,31.060678,10.374308,-0.100712,0.8615
132922.802,2126.99800000001,79.310111,21.766945,21.767048,10.850971,0.237619,-2.00744
132924.805,2129.001,79.336004,22.025875,22.025891,10.996451,0.072631,0.12019
132926.865,2131.061,79.296346,22.889223,22.889257,11.11129,0.055747,0.36942
132928.870,2133.06600000001,79.183355,24.128441,24.128705,12.034267,0.460338,-11.75431
132931.807,2136.003,79.066592,37.191893,37.192076,12.663288,0.214171,-8.16169
132934.806,2139.002,79.004342,37.881442,37.881493,12.631375,-0.010641,0.56573
132937.805,2142.001,78.978911,39.698767,39.698775,13.237338,0.202055,-9.27433
132940.805,2145.001,78.9608,40.140565,40.140569,13.38019,0.047617,-0.36155
132943.804,2148.0,78.913128,38.506013,38.506043,12.839627,-0.180248,1.45546
132946.803,2150.999,78.777986,36.924488,36.924735,12.312349,-0.175818,1.84165
132948.820,2153.016,78.560116,23.787166,23.788163,11.793834,-0.257072,2.60861
132951.819,2156.01500000001,78.358837,28.33302,28.333735,9.447728,-0.782296,4.25337
132954.819,2159.01500000001,78.214959,20.304353,20.304863,6.768288,-0.893147,3.27541
132957.813,2162.00900000001,78.086569,17.548178,17.548648,5.861272,-0.302945,1.13417
133000.864,2165.06,77.881225,27.503149,27.503915,9.014721,1.033579,-16.65954
133003.797,2167.993,77.494802,34.548151,34.550312,11.779854,0.942766,-19.48921
133005.804,2170.0,76.839878,23.416703,23.42586,11.672078,-0.0537,2.46877
133007.864,2172.06,76.044356,20.270665,20.286269,9.847704,-0.885618,6.42677
133010.821,2175.01700000001,75.45125,21.643384,21.651509,7.32212,-0.854103,4.13904
133013.819,2178.01500000001,75.231917,12.503729,12.505653,4.171332,-1.050963,2.39148
133016.819,2181.01500000001,75.251138,6.430381,6.430409,2.14347,-0.675954,0.46489
133017.865,2182.061,75.356178,0.0,0.10504,0.0,-2.049207,-0.35
133040.806,2205.002,75.444851,16.234608,16.23485,0.707678,0.030848,-0.32873
133043.803,2207.999,75.481603,14.109552,14.1096,4.707908,1.334745,-9.49641
133046.802,2210.99800000001,75.442216,16.267914,16.267962,5.424462,0.238931,-3.5662
133048.802,2212.99800000001,75.163987,10.79688,10.800464,5.400232,-0.012115,0.73065
133051.797,2215.993,74.441308,17.040639,17.055956,5.69481,0.098357,0.93449
133053.802,2217.99800000001,73.206918,12.824399,12.883669,6.42577,0.364569,1.89841
