174407.578,0,23.177427,0.0,0.0,0,0,-0.35
174410.571,2.99300000000221,23.024709,21.919335,21.919867,7.323711,2.446947,-30.2341
174412.572,4.99399999999878,22.728538,28.010857,28.012423,13.999212,3.336082,-78.86734
174415.570,7.99199999999837,22.336443,62.70199,62.703216,20.915015,2.306806,-94.39775
174417.572,9.99399999999878,21.91191,38.746584,38.748909,19.3551,-0.779178,2.1854
174420.570,12.9919999999984,21.518893,41.658577,41.660431,13.896074,-1.820889,12.27157
174423.570,15.9919999999984,21.228058,26.557416,26.559008,8.853003,-1.681024,7.92148
174425.571,17.9930000000022,21.028158,15.991708,15.992957,7.992482,-0.430045,2.38048
174428.581,21.002999999997,20.864076,9.893531,9.894892,3.287339,-1.56317,2.59902
174439.580,32.0020000000004,20.736594,15.054508,15.055047,1.368765,-0.174432,-0.08479
174442.574,34.9959999999992,20.653213,31.223477,31.223588,10.42872,3.026037,-53.52914
174444.575,36.9969999999958,20.601675,26.261416,26.261466,13.124171,1.347052,-33.01422
174447.581,40.002999999997,20.576925,35.880435,35.880444,11.936275,-0.395175,2.96837
174450.575,42.9969999999958,20.553564,32.091815,32.091823,10.718712,-0.406668,2.65886
174453.581,46.002999999997,20.513628,30.678333,30.678359,10.205708,-0.17066,1.37839
174456.575,48.9969999999958,20.413071,21.259731,21.259969,7.100858,-1.037024,3.86835
174458.577,50.9989999999962,20.227049,10.66493,10.666553,5.327948,-0.885569,2.73425
174500.584,53.0060000000012,20.038304,6.305093,6.307917,3.142958,-1.088685,1.95258
174501.577,53.9989999999962,19.939782,0.0,0.098522,0.0,-3.165114,-0.35
174520.574,72.9959999999992,19.919432,19.606536,19.606547,1.032086,0.054329,-0.29903
174522.575,74.9969999999958,19.932202,15.132998,15.133004,7.56272,3.263685,-38.19016
174525.572,77.9939999999988,19.956037,25.239712,25.239723,8.421663,0.286601,-2.14729
174527.577,79.9989999999962,20.021439,17.450904,17.451027,8.703754,0.140694,-0.53525
174530.577,82.9989999999962,20.204816,28.68846,28.689046,9.563015,0.28642,-3.13867
174532.594,85.015999999996,20.57723,18.651661,18.655378,9.249072,-0.155648,0.2085
174535.587,88.0089999999982,21.108386,28.374203,28.379174,9.481849,0.077774,-1.78267
174538.588,91.010000000002,21.784178,28.512874,28.520882,9.503793,0.007312,-1.45412
174541.586,94.0080000000016,22.544479,26.75975,26.770549,8.929469,-0.191569,-0.01653
174544.586,97.0080000000016,23.163645,26.727366,26.734537,8.911512,-0.005986,-1.15485
174547.584,100.006000000001,23.486187,28.364271,28.366105,9.461676,0.18351,-2.29331
174550.571,102.993000000002,23.580659,29.151464,29.151617,9.759497,0.099706,-0.17677
174552.578,105.0,23.521608,22.383905,22.383983,11.152956,0.694299,-15.47749
174555.571,107.993000000002,23.368316,35.431004,35.431336,11.838067,0.228904,-7.30078
174557.572,109.993999999999,23.087977,24.758608,24.760195,12.373911,0.267788,-0.36258
174600.571,112.993000000002,22.589794,38.570026,38.573243,12.862035,0.162762,0.04474
174602.572,114.993999999999,21.928574,25.978121,25.986534,12.986774,0.062338,1.34976
174604.574,116.995999999999,21.346115,24.845759,24.852585,12.413879,-0.286161,3.606
174607.581,120.002999999997,21.02361,34.608985,34.610488,11.509973,-0.300601,2.78278
174609.582,122.004000000001,20.947053,22.426202,22.426332,11.207562,-0.15113,1.58034
174612.585,125.006999999998,21.030237,33.415069,33.415173,11.127264,-0.026739,0.59405
174615.000,127.421999999999,21.205124,0.0,0.174887,0.0,-4.607563,-0.35
174621.570,133.991999999998,22.674189,104.152484,104.162844,15.854314,2.413138,-63.49173
174624.571,136.993000000002,23.362048,37.339971,37.346306,12.444621,-1.136186,6.21113
174626.572,138.993999999999,23.803501,27.1801,27.183685,13.58505,0.56993,-13.2536
174628.576,140.998,23.946544,29.636984,29.637329,14.789086,0.600816,-13.28353
174631.580,144.002,23.928328,45.365211,45.365215,15.101603,0.104034,-2.14119
174634.584,147.006000000001,23.743084,43.272378,43.272775,14.405052,-0.231875,1.04822
174637.574,149.995999999999,23.169281,40.232517,40.236609,13.45706,-0.317054,2.81082
174640.574,152.995999999999,22.197955,37.484015,37.496598,12.498866,-0.319398,3.91988
174643.574,155.995999999999,21.200635,38.360587,38.373549,12.791183,0.097439,1.27529
174646.580,159.002,20.490705,39.05992,39.066371,12.996131,0.06818,0.86475
174649.581,162.002999999997,19.988021,38.236711,38.240015,12.742424,-0.084541,1.6434
174652.571,164.993000000002,19.408759,38.030477,38.034889,12.720698,-0.007266,1.30895
174655.571,167.993000000002,18.686511,40.446645,40.453093,13.484364,0.254555,-0.66173
174657.595,170.017,17.741531,26.383882,26.4008,13.043873,-0.217634,3.69802
174700.589,173.010999999999,17.675944,36.212888,36.212947,12.095173,-0.316867,2.66048
174703.588,176.010000000002,17.794975,33.58629,33.586501,11.199234,-0.298746,2.00387
174706.572,178.993999999999,18.05952,32.709355,32.710425,10.961939,-0.079522,0.56457
174708.582,181.004000000001,18.328517,23.591775,23.593308,11.737964,0.386082,-6.38413
174711.577,183.998999999996,18.47034,39.463387,39.463642,13.176508,0.480315,-8.08894
174714.572,186.993999999999,18.485422,40.78805,40.788053,13.618715,0.147648,-1.23011
174716.572,188.993999999999,18.408055,27.292764,27.292874,13.646437,0.013861,-0.17347
174718.576,190.998,18.26636,26.955388,26.955761,13.450978,-0.097534,0.83315
174721.585,194.006999999998,18.106904,40.093402,40.093719,13.324599,-0.042,0.47752
174723.594,196.015999999996,17.990094,28.928149,28.928385,14.399395,0.534991,-18.12754
174726.576,198.998,17.941619,47.700677,47.700702,15.996211,0.535485,-22.58587
174728.587,201.008999999998,17.938449,34.384533,34.384533,17.098226,0.547994,-25.99203
174731.571,203.993000000002,17.936534,50.884414,50.884414,17.052418,-0.015351,-3.17517
174733.572,205.993999999999,17.906076,31.133984,31.133998,15.55922,-0.746226,3.79981
174735.572,207.993999999999,17.780368,31.237043,31.237296,15.618648,0.029714,-1.80697
174738.572,210.993999999999,17.384051,46.521398,46.523086,15.507695,-0.036984,-0.8842
174741.572,213.993999999999,16.751783,45.305626,45.310038,15.103346,-0.134783,0.54336
174743.573,215.994999999995,16.232882,30.877609,30.881969,15.433268,0.164879,-1.71137
174745.583,218.004999999997,16.022833,31.536693,31.537392,15.690245,0.127849,-2.41512
174748.584,221.006000000001,16.163354,48.412565,48.412769,16.132212,0.147273,-3.7219
174750.587,223.008999999998,16.72148,33.830032,33.834636,16.89198,0.379315,-13.79595
174753.587,226.008999999998,17.531497,50.820615,50.82707,16.942357,0.016792,-4.5898
174756.574,228.995999999999,18.311391,51.61439,51.620282,17.281648,0.113589,-6.63843
174758.574,230.995999999999,18.914978,34.735476,34.740719,17.37036,0.044356,-5.43202
174801.572,233.993999999999,19.263998,51.95721,51.958382,17.331015,-0.013124,-4.04172
174803.572,235.993999999999,19.370438,35.77587,35.776028,17.888014,0.278499,-8.64819
174805.577,237.998999999996,19.351034,36.203977,36.203982,18.056849,0.084207,-5.10638
174807.578,240.0,19.26166,35.78692,35.787032,17.884573,-0.086095,-3.27888
174809.580,242.002,19.117625,36.360629,36.360914,18.162295,0.138722,-5.41559
174811.586,244.008000000002,18.990326,36.771763,36.771983,18.330998,0.084099,-5.18765
174814.583,247.004999999997,18.935639,56.409131,56.409157,18.821874,0.163789,-6.73517
174817.579,250.000999999997,19.041601,56.408943,56.409043,18.828118,0.002084,-5.53868
174819.594,252.015999999996,19.408464,37.89462,37.896396,18.807144,-0.010409,-6.08862
174822.596,255.017999999996,19.996339,56.83243,56.83547,18.932535,0.041769,-6.78162
174825.584,258.006000000001,20.728729,55.729612,55.734424,18.652752,-0.093636,-5.45225
174828.574,260.995999999999,21.531027,55.640062,55.645846,18.610651,-0.014081,-6.21982
174830.574,262.995999999999,22.274884,38.135188,38.142442,19.071221,0.230285,-13.65243
174833.572,265.993999999999,22.835577,56.790673,56.793441,18.943776,-0.04251,-5.99118
174835.575,267.996999999996,23.129218,35.961435,35.962634,17.954386,-0.493954,-0.75149
174838.572,270.993999999999,23.190273,48.095604,48.095643,16.047929,-0.636122,2.50295
174841.575,273.996999999996,23.105154,46.431273,46.431351,15.461655,-0.195229,-0.1601
174843.575,275.996999999996,22.860748,30.475013,30.475993,15.237997,-0.111829,-0.14879
174845.579,278.000999999997,22.449025,30.491305,30.494084,15.216609,-0.010673,-0.47674
174848.582,281.004000000001,22.012632,47.088333,47.090356,15.681104,0.154677,-2.41608
174851.575,283.996999999996,21.736382,46.574958,46.575777,15.561569,-0.039938,-1.09737
174854.577,286.998999999996,21.652989,40.116421,40.116507,13.36326,-0.732281,4.7457
174857.575,289.996999999996,21.672418,29.363954,29.363961,9.794517,-1.190375,5.98725
174900.570,292.991999999998,21.772501,25.752227,25.752421,8.598471,-0.399348,1.80943
174902.575,294.996999999996,21.948219,24.336235,24.336869,12.138089,1.765396,-32.66336
174904.581,297.002999999997,22.118455,22.769027,22.769663,11.350779,-0.392478,2.33929
174907.580,300.002,22.231716,46.897533,46.89767,15.637769,1.429473,-34.86272
174909.574,301.995999999999,22.306433,0.0,0.074717,0.0,-7.842412,-0.35
174921.588,314.010000000002,24.983535,99.901191,99.913288,33.260083,-0.88671,-21.69877
174924.585,317.006999999998,26.655138,99.603416,99.617442,33.239053,-0.007017,-35.82877
174927.575,319.996999999996,27.810431,95.927269,95.934226,32.085025,-0.385963,-26.25534
174929.577,321.998999999996,28.329523,63.303392,63.30552,31.621139,-0.231711,-26.92316
174931.585,324.006999999998,28.438602,61.687417,61.687513,30.720873,-0.44834,-20.69305
174934.595,327.017,28.372725,84.630537,84.630562,28.116466,-0.865251,-9.38861
174937.584,330.006000000001,28.12414,79.045447,79.045837,26.44558,-0.559012,-10.21676
174939.587,332.008999999998,27.628543,51.828107,51.830476,25.876423,-0.284152,-11.88546
174942.576,334.998,27.108951,74.666002,74.66781,24.980867,-0.299617,-10.47619
174944.584,337.006000000001,26.770951,44.140768,44.142062,21.983099,-1.492912,6.716
174946.587,339.008999999998,26.568725,38.346568,38.347101,19.144833,-1.417007,7.6967
174949.572,341.993999999999,26.458452,42.705354,42.705497,14.306699,-1.620815,10.50406
174951.572,343.993999999999,26.408067,18.798769,18.798836,9.399418,-2.45364,11.55102
174953.579,346.000999999997,26.363631,4.187281,4.187516,2.086456,-3.643728,3.53827
174954.576,346.998,26.310704,0.0,0.052927,0.0,-2.092734,-0.35
174958.574,350.995999999999,26.273378,25.438324,25.438351,6.362769,1.591488,-18.08295
175000.574,352.995999999999,26.260391,20.08192,20.081924,10.040962,1.839097,-32.68083
175002.575,354.996999999996,26.26126,20.28484,20.28484,10.137351,0.04817,0.24014
175004.576,356.998,26.090686,18.90671,18.90748,9.449015,-0.343996,2.36077
175007.584,360.006000000001,25.546917,35.672186,35.67633,11.860482,0.801685,-16.19696
175013.581,366.002999999997,24.006879,140.088353,140.096818,23.36115,1.917737,-93.15258
175028.574,380.995999999999,19.899689,69.497416,69.499168,34.749584,-0.260033,-31.89295
175030.585,383.006999999998,19.69968,67.895262,67.895556,33.762087,-0.491048,-26.30301
175033.586,386.008000000002,19.640606,97.742374,97.742392,32.569941,-0.39725,-25.30901
175036.583,389.004999999997,19.574609,93.101681,93.101704,31.064966,-0.50216,-20.28415
175039.583,392.004999999997,19.495889,85.558671,85.558707,28.519569,-0.848466,-10.29927
175042.582,395.004000000001,19.426383,74.94928,74.949312,24.991435,-1.176437,-0.71785
175045.582,398.004000000001,18.99325,67.243606,67.245001,22.415,-0.858812,-0.56656
175048.580,401.002,18.000815,63.289453,63.297233,21.113153,-0.434238,-2.51625
175051.575,403.996999999996,17.020815,62.403949,62.411643,20.838612,-0.091666,-5.6059
175054.575,406.996999999996,16.566655,59.709982,59.711709,19.903903,-0.31157,-3.07253
175056.576,408.998,16.571382,35.604652,35.604652,17.79343,-1.054709,4.84532
175058.584,411.006000000001,16.881778,35.336479,35.337843,17.598527,-0.097063,-3.80849
175101.583,414.004999999997,17.474783,52.535697,52.539044,17.518854,-0.026567,-4.51653
175104.582,417.004000000001,18.372422,51.046344,51.054236,17.023753,-0.165089,-3.33312
175107.581,420.002999999997,19.367068,51.912215,51.921743,17.313019,0.096454,-7.30222
175110.574,422.995999999999,20.127252,55.270065,55.275292,18.46819,0.385958,-15.70678
175112.575,424.996999999996,20.556083,39.147717,39.150066,19.56525,0.548256,-21.7671
175115.575,427.996999999996,20.738105,57.278169,57.278459,19.09282,-0.157477,-4.53332
175118.575,430.996999999996,20.778241,56.994012,56.994026,18.998009,-0.031604,-5.34242
175120.576,432.998,20.75656,38.850474,38.85048,19.415532,0.208657,-7.98887
175122.577,434.998999999996,20.626263,39.317171,39.317387,19.648869,0.11661,-7.19887
175124.586,437.008000000002,20.338418,39.409767,39.410818,19.617132,-0.015797,-5.54584
175127.585,440.006999999998,20.037978,59.207629,59.208391,19.742711,0.041874,-6.45855
175130.575,442.996999999996,19.832537,60.007665,60.008017,20.069571,0.109318,-7.70179
175133.575,445.996999999996,19.678753,60.18426,60.184456,20.061485,-0.002695,-6.69728
175135.584,448.006000000001,19.579791,40.188631,40.188753,20.004357,-0.028436,-6.38253
175138.575,450.996999999996,19.512837,58.651609,58.651648,19.609377,-0.132056,-5.01236
175140.578,453.0,19.394023,38.655546,38.655729,19.298916,-0.154998,-4.24138
175143.575,455.996999999996,19.229688,57.986874,57.987107,19.348384,0.016506,-5.90998
175145.576,457.998,19.104335,40.347962,40.348156,20.163996,0.407602,-29.37559
175147.577,459.998999999996,19.053486,38.484723,38.484756,19.232762,-0.465384,-1.46473
175150.575,462.996999999996,19.050966,48.092014,48.092014,16.041365,-1.064509,5.89412
175153.575,465.996999999996,19.111691,45.028511,45.028552,15.009517,-0.343949,1.03592
175155.577,467.998999999996,19.264134,29.00528,29.005681,14.488352,-0.260322,0.54144
175158.575,470.996999999996,19.602957,43.24492,43.246247,14.425032,-0.021121,-1.23923
175200.577,472.998999999996,20.19923,31.266756,31.272441,15.6206,0.597187,-18.01193
175202.578,475.0,20.847108,31.689601,31.696223,15.840191,0.109741,-6.34395
175205.584,478.006000000001,21.24943,47.17792,47.179635,15.695155,-0.048249,-2.21658
175208.589,481.010999999999,21.388765,46.605303,46.605511,15.509322,-0.061841,-1.53892
175211.589,484.010999999999,21.406056,45.906031,45.906034,15.302011,-0.069104,-1.11513
175214.588,487.010000000002,21.441128,45.515685,45.515699,15.176959,-0.041698,-1.23584
175217.586,490.008000000002,21.556126,45.608713,45.608858,15.213095,0.012053,-1.78307
175220.586,493.008000000002,21.735642,45.878799,45.87915,15.29305,0.026652,-2.06171
175223.585,496.006999999998,21.949528,45.226355,45.226861,15.080647,-0.070825,-1.22366
175225.586,498.008000000002,22.154673,29.318597,29.319315,14.652331,-0.214051,-0.01961
175227.590,500.011999999995,22.287417,28.265965,28.266277,14.104929,-0.273155,0.92754
175230.589,503.010999999999,22.417987,38.017499,38.017724,12.6768,-0.476202,3.06605
175233.588,506.010000000002,22.632485,33.249861,33.250553,11.087213,-0.530039,3.05266
175236.588,509.010000000002,22.839734,26.51774,26.518549,8.839516,-0.749232,3.19039
175239.575,511.996999999996,22.934463,16.325461,16.325735,5.465596,-1.129535,2.85653
175241.576,513.998,22.911083,4.177452,4.177518,2.087715,-1.688096,1.53854
175244.576,516.998,22.800625,0.0,0.110458,0.0,-0.695905,-0.35
175257.581,530.002999999997,22.683933,38.817348,38.817523,2.984815,0.229513,-2.02576
175304.575,536.996999999996,22.124993,123.620315,123.621579,17.675376,2.100452,-70.44149
175306.578,539.0,21.827226,34.199886,34.201182,17.074979,-0.299749,-0.1819
175307.577,539.998999999996,21.620526,17.678511,17.67972,17.697417,0.623061,-26.51552
175310.581,543.002999999997,21.549935,49.503053,49.503104,16.479062,-0.405578,0.59789
175312.583,545.004999999997,21.973706,31.976352,31.97916,15.973606,-0.252476,-1.27728
175315.580,548.002,23.761801,48.809099,48.841841,16.296911,0.107876,-10.95504
175317.582,550.004000000001,27.739282,32.424269,32.667316,16.317341,0.010205,-30.33601
175320.579,553.000999999997,32.906102,48.377311,48.652443,16.233715,-0.027903,-25.14472
175322.579,555.000999999997,36.743256,32.174033,32.40204,16.20102,-0.016348,-28.4969
175324.581,557.002999999997,38.156523,31.547359,31.578999,15.773726,-0.213434,-4.1278
175327.580,560.002,37.96622,42.984808,42.985229,14.333188,-0.480339,2.80853
175329.585,562.006999999998,37.008329,27.0153,27.032277,13.482432,-0.424317,4.82955
175332.585,565.006999999998,35.866477,31.569446,31.59009,10.53003,-0.984134,7.25981
175335.583,568.004999999997,34.84395,20.213026,20.238873,6.750792,-1.260586,5.82935
175338.583,571.004999999997,33.999989,9.275318,9.313635,3.104545,-1.215416,2.99674
175340.577,572.998999999996,33.42734,0.0,0.572649,0.0,-1.556943,-0.35
175358.589,591.010999999999,33.145083,17.470913,17.473193,0.970086,0.053858,-0.23308
175401.589,594.010999999999,32.975572,18.216571,18.21736,6.072453,1.700789,-17.58232
175404.587,597.008999999998,32.781122,25.566433,25.567172,8.528076,0.819087,-12.80028
175407.588,600.010000000002,32.512166,28.333051,28.334328,9.441629,0.304416,-6.09601
175410.586,603.008000000002,32.10821,29.698634,29.701381,9.907065,0.155249,0.34856
175413.585,606.006999999998,31.628363,31.212297,31.215986,10.408798,0.1673,0.42188
175416.584,609.006000000001,31.208599,33.22514,33.227791,11.079624,0.223683,0.04761
175419.584,612.006000000001,30.818295,33.023577,33.025883,11.008628,-0.023665,1.30361
175422.582,615.004000000001,30.360154,31.270469,31.273825,10.431563,-0.192483,2.18399
175425.581,618.002999999997,29.905678,29.077545,29.081096,9.696931,-0.244959,2.27804
175427.593,620.014999999999,29.552846,19.423567,19.426771,9.655453,-0.020615,1.34464
175430.594,623.015999999996,29.210724,29.389036,29.391027,9.793744,0.046082,0.75958
175433.593,626.014999999999,28.7808,29.777064,29.780168,9.930033,0.045445,0.91122
175436.591,629.012999999999,28.376928,30.974761,30.977394,10.332687,0.134308,0.46441
175439.591,632.012999999999,28.150075,31.870302,31.871109,10.623703,0.097005,0.38878
175442.591,635.012999999999,28.094561,28.959137,28.95919,9.653063,-0.323547,2.0071
175445.589,638.010999999999,28.140941,28.475375,28.475413,9.498136,-0.051677,0.57301
175448.587,641.008999999998,28.277339,24.237017,24.2374,8.084523,-0.471519,1.88588
175451.586,644.008000000002,28.475509,15.446363,15.447635,5.150928,-0.978191,2.12734
175454.586,647.008000000002,28.695315,9.479941,9.482489,3.16083,-0.663366,0.53504
175456.579,649.000999999997,28.911682,0.0,0.216367,0.0,-1.585966,-0.35
175507.578,660.0,29.065938,17.603152,17.603828,1.600493,0.145513,-0.56551
175509.578,662.0,29.120285,9.087026,9.087188,4.543594,1.47155,-10.41996
175512.577,664.998999999996,29.077909,17.123056,17.123108,5.709606,0.3888,-5.11462
175514.577,666.998999999996,28.938521,13.263486,13.264218,6.632109,0.461251,-5.84395
175516.581,669.002999999997,28.536256,14.601047,14.606587,7.288716,0.327648,0.00433
175518.582,671.004000000001,27.886305,15.547866,15.561445,7.776834,0.243937,0.86479
175520.589,673.010999999999,26.649076,17.103501,17.148192,8.544191,0.38234,1.64867
175523.591,676.012999999999,25.175445,21.676377,21.726411,7.237312,-0.435336,4.01078
175526.576,678.998,23.876855,25.194437,25.227881,8.451551,0.40678,0.70685
175528.578,681.0,22.875396,15.185017,15.218004,7.601401,-0.42465,4.12372
175531.579,684.000999999997,22.134036,18.172317,18.187433,6.060457,-0.513477,2.74832
175533.579,686.000999999997,21.434661,5.729352,5.77188,2.88594,-1.587259,3.68775
175535.579,688.000999999997,20.650334,7.045249,7.088773,3.544386,0.329223,1.18633
175538.577,690.998999999996,20.004844,16.773627,16.786043,5.59908,0.685355,-4.51218
175540.599,693.021000000001,19.710358,9.881095,9.885483,4.888963,-0.351195,1.51143
175543.579,696.000999999997,19.67283,11.536877,11.536938,3.871456,-0.341445,0.62016
175545.591,698.012999999999,19.880402,6.936223,6.939328,3.44897,-0.209983,-0.2405
175548.589,701.010999999999,20.405091,11.868106,11.879698,3.962541,0.171305,-3.24184
175551.588,704.010000000002,21.034153,20.669278,20.678849,6.895248,0.977895,-12.74982
175554.588,707.010000000002,21.434214,17.545728,17.550288,5.850096,-0.348384,0.43248
175557.586,710.008000000002,21.555814,18.123792,18.1242,6.04543,0.065155,-0.27941
175600.576,712.998,21.485388,20.350349,20.350471,6.806178,0.254431,-4.48734
175602.579,715.000999999997,21.025171,13.777373,13.785057,6.882205,0.037957,1.12276
175605.578,718.0,20.125311,14.866337,14.893546,4.966171,-0.638891,2.93843
175608.579,721.000999999997,19.295855,11.816656,11.845731,3.947261,-0.339523,1.87249
175610.588,723.010000000002,18.928523,7.72331,7.732041,3.848701,-0.049059,0.87535
175613.588,726.010000000002,18.897045,11.117727,11.117772,3.705924,-0.047592,0.04994
175616.589,729.010999999999,18.999514,16.787784,16.788096,5.594167,0.629205,-5.16102
175619.586,732.008000000002,19.111567,16.697297,16.697673,5.571462,-0.007576,-0.09445
175622.577,734.998999999996,19.229034,9.744613,9.745321,3.258215,-0.773403,0.90414
175624.579,737.000999999997,19.43951,6.694853,6.698161,3.345735,0.043716,-1.43827
175627.579,740.000999999997,19.741395,9.588191,9.592943,3.197648,-0.049362,-0.91503
175629.582,742.004000000001,20.006055,3.928769,3.937673,1.965888,-0.614958,-0.25255
175631.581,744.002999999997,20.15073,0.0,0.144675,0.0,-0.983436,-0.35
175701.000,773.421999999999,20.195103,0.0,0.044373,0.0,0.0,-0.35
175738.578,811.0,20.189957,19.608797,19.608797,0.521816,0.013886,-0.31608
175740.587,813.008999999998,20.180607,13.197588,13.197591,6.569234,3.010163,-33.72796
175742.588,815.010000000002,20.188279,14.893027,14.893029,7.442793,0.436561,-3.72444
175745.594,818.015999999996,20.523452,17.894117,17.897255,5.953844,-0.495326,0.97926
175748.578,821.0,21.363576,16.21793,16.239675,5.44225,-0.171446,-1.94457
175750.585,823.006999999998,22.236026,10.893883,10.928762,5.445323,0.001531,-5.87317
175753.580,826.002,22.772033,12.87617,12.887322,4.302945,-0.381428,-0.09327
175756.585,829.006999999998,23.10273,10.940331,10.945328,3.642372,-0.219825,-0.22182
175759.585,832.006999999998,23.198682,13.907853,13.908184,4.636061,0.33123,-2.19054
175802.594,835.015999999996,23.028149,22.889844,22.890479,7.607338,0.987463,-13.49352
175804.595,837.017,23.08753,17.864259,17.864358,8.927715,0.659859,-7.91999
175807.579,840.000999999997,22.977123,36.684174,36.68434,12.29368,1.128004,-25.74844
175812.577,844.998999999996,21.465434,93.493919,93.506139,18.708711,1.28352,-47.86631
175814.584,847.006000000001,20.65259,29.084359,29.095715,14.497118,-2.098452,15.53971
175817.595,850.017,20.170572,29.148497,29.152482,9.681993,-1.599178,8.5867
175820.584,853.006000000001,19.925702,9.841017,9.844063,3.29343,-2.137358,3.63721
175823.596,856.017999999996,19.820365,10.76134,10.761856,3.572993,0.092816,-0.08811
175826.593,859.014999999999,19.805629,15.574868,15.574875,5.196822,0.541818,-6.08012
175829.599,862.021000000001,19.824561,29.169159,29.169165,9.703648,1.499277,-21.21418
175832.592,865.013999999996,19.982656,23.916771,23.917294,7.991077,-0.572192,2.20677
175835.593,868.014999999999,20.482765,31.571364,31.575324,10.521601,0.843227,-14.33217
175838.578,871.0,21.214673,36.801391,36.808668,12.331212,0.606235,-12.7704
175840.579,873.000999999997,21.795463,26.852739,26.859019,13.422798,0.54552,-13.6117
175842.597,875.019,22.047965,27.51515,27.516309,13.635435,0.10537,-1.62897
175845.595,878.017,22.072358,41.045098,41.045105,13.690829,0.018477,-0.45578
175848.579,881.000999999997,21.915129,36.038515,36.038858,12.077365,-0.540705,4.10516
175850.580,883.002,21.511346,17.309297,17.314006,8.652676,-1.711489,8.35941
175852.584,885.006000000001,20.865866,9.663599,9.685132,4.8329,-1.906076,5.92014
175854.585,887.006999999998,20.181895,0.0,0.683971,0.0,-2.415242,-0.35
175913.594,906.015999999996,19.555288,21.341644,21.350841,1.123196,0.059088,-0.14785
175916.594,909.015999999996,18.78497,23.794154,23.80662,7.93554,2.270781,-27.33181
175918.611,911.032999999996,17.782718,20.175994,20.200872,10.015306,1.031118,-11.85024
175920.579,913.000999999997,16.874896,0.0,0.907822,0.0,-5.089078,-0.35
175926.578,919.0,15.306775,90.077974,90.091622,15.017773,2.503379,-63.87329
175928.579,921.000999999997,15.412776,28.100539,28.100738,14.043348,-0.486969,2.46518
175931.578,924.0,16.079194,43.084585,43.089738,14.368035,0.108265,-3.67183
175933.579,926.000999999997,16.938327,29.284496,29.297096,14.641227,0.136528,-7.78293
175935.594,928.015999999996,17.752827,31.009392,31.020087,15.394584,0.373874,-13.81866
175938.594,931.015999999996,18.14094,48.372388,48.373945,16.124648,0.243355,-6.96084
175941.593,934.014999999999,18.903877,49.509673,49.515551,16.510687,0.128723,-6.28089
175944.579,937.000999999997,19.787829,45.840765,45.849287,15.354751,-0.387119,-0.18662
175946.593,939.014999999999,20.50041,25.706095,25.71597,12.768605,-1.284084,6.50821
175949.595,942.017,20.913134,31.447065,31.449773,10.476273,-0.763602,3.69273
175952.582,945.004000000001,21.046272,19.001879,19.002345,6.361682,-1.377499,4.10813
175954.583,947.004999999997,21.028793,14.313694,14.313705,7.153276,0.395599,-6.58721
175956.584,949.006000000001,20.974975,23.191832,23.191894,11.590152,2.217329,-44.55248
175959.587,952.008999999998,20.93441,42.594629,42.594648,14.184032,0.863763,-25.84681
180002.585,955.006999999998,20.916501,46.023056,46.02306,15.351254,0.389334,-17.56641
180005.585,958.006999999998,20.914591,49.952181,49.952181,16.650727,0.433158,-21.75172
180008.580,961.002,20.931874,49.811332,49.811335,16.631497,-0.006421,-2.84007
180011.578,964.0,21.030903,49.811526,49.811624,16.614951,-0.005519,-2.9583
180013.579,966.000999999997,21.225704,32.293816,32.294403,16.139132,-0.237791,-0.99382
180015.580,968.002,21.404236,31.848892,31.849393,15.916738,-0.111141,-1.73136
180017.582,970.004000000001,21.482982,32.167362,32.167459,16.067662,0.075387,-3.06744
180019.594,972.015999999996,21.416379,33.158553,33.15862,16.480427,0.205152,-4.17264
180022.593,975.014999999999,21.007699,52.879272,52.880851,17.632828,0.384262,-20.67385
180025.594,978.015999999996,20.133052,50.676404,50.683951,16.889021,-0.247853,0.23914
180028.592,981.013999999996,19.082255,49.482895,49.494051,16.509023,-0.126751,-0.0938
180031.592,984.013999999996,18.206444,48.322947,48.330883,16.110294,-0.13291,0.04958
180034.591,987.012999999999,17.53069,45.963578,45.968546,15.327958,-0.260866,1.35321
180037.576,989.998,17.027169,49.15777,49.160348,16.469128,0.382302,-17.3183
180039.583,992.004999999997,16.706983,35.897583,35.899011,17.886901,0.706414,-30.2097
180041.584,994.006000000001,16.504492,34.595422,34.596015,17.289363,-0.29862,-0.61411
180044.585,997.006999999998,16.443454,52.358328,52.358364,17.446972,0.052519,-4.07438
180047.579,1000.001,16.558564,51.475624,51.475753,17.19297,-0.084837,-2.93677
180049.580,1002.002,16.726332,34.58572,34.586127,17.284421,0.045703,-4.32451
180052.584,1005.006,17.037337,53.474842,53.475746,17.801513,0.172134,-6.29438
180054.597,1007.019,17.731981,35.808439,35.815176,17.79194,-0.004756,-5.69766
180057.595,1010.017,18.663069,53.312425,53.320555,17.785375,-0.00219,-5.55015
180100.595,1013.017,19.507255,54.918521,54.925009,18.308336,0.17432,-9.68578
180103.594,1016.016,20.151846,56.84208,56.845735,18.954897,0.215592,-10.5893
180106.595,1019.017,20.660242,57.261032,57.263289,19.081402,0.042154,-6.852
180109.592,1022.014,21.128006,57.889167,57.891057,19.316335,0.078389,-7.4299
180112.593,1025.015,21.498757,60.995113,60.996239,20.325305,0.336211,-14.74866
180115.587,1028.009,21.669513,64.923561,64.923786,21.684631,0.454017,-19.84177
180118.580,1031.002,21.692281,67.289621,67.289625,22.482334,0.266523,-13.68592
180120.587,1033.009,21.447458,45.378839,45.3795,22.610613,0.063916,-10.88575
180123.593,1036.015,20.861733,68.849178,68.851669,22.904747,0.097849,-11.40424
180125.601,1038.023,20.277751,45.936437,45.940149,22.87856,-0.013041,-9.69597
180127.609,1040.031,20.005503,45.904841,45.905648,22.861379,-0.008556,-10.44536
180129.610,1042.032,20.026962,49.859575,49.85958,24.917331,1.027462,-48.00703
180131.611,1044.033,20.231436,50.335199,50.335614,25.155229,0.11889,-17.10407
180134.601,1047.023,20.438871,74.856134,74.856421,25.035592,-0.040012,-14.81831
180137.589,1050.011,20.545151,73.247883,73.24796,24.514043,-0.174548,-12.13981
180139.592,1052.014,20.573262,47.222198,47.222206,23.575739,-0.468449,-7.15541
180142.587,1055.009,20.512744,65.880005,65.880033,21.996672,-0.527234,-4.1503
180145.581,1058.003,20.367644,65.606193,65.606353,21.91261,-0.028077,-9.14032
180148.579,1061.001,20.170641,62.661259,62.661569,20.901124,-0.337387,-4.46436
180150.580,1063.002,19.888408,38.037074,38.038121,19.009556,-0.945311,3.6762
180152.581,1065.003,19.444949,38.25188,38.25445,19.117666,0.054028,-5.17241
180154.583,1067.005,18.872954,42.241666,42.245539,21.101668,0.99101,-48.45095
180156.585,1069.007,18.360702,44.626104,44.629044,22.29223,0.594686,-39.58834
180159.593,1072.015,18.083824,67.235698,67.236268,22.352483,0.020031,-10.13457
180202.594,1075.016,18.021573,55.327262,55.327297,18.436287,-1.304964,6.73126
180205.589,1078.011,18.13489,44.601022,44.601166,14.891875,-1.183443,7.01424
180208.587,1081.009,18.489392,52.821376,52.822566,17.619268,0.909737,-27.23979
180211.591,1084.013,19.434238,65.027566,65.03443,21.649278,1.341548,-54.73505
180213.592,1086.014,19.844045,45.630717,45.632557,22.804876,0.57751,-28.67908
180215.593,1088.015,20.498156,48.815292,48.819674,24.397638,0.795983,-42.43992
180217.607,1090.029,21.435019,51.815111,51.82358,25.731668,0.662378,-42.41248
180220.601,1093.023,22.295456,90.325055,90.329153,30.170058,1.482428,-90.1656
180225.597,1098.019,23.240544,165.196357,165.19906,33.066265,0.579705,-51.98006
180228.594,1101.016,23.741096,91.632923,91.63429,30.575339,-0.83114,-15.30662
180231.594,1104.016,24.194314,87.979582,87.980749,29.326916,-0.416141,-18.66092
180234.580,1107.002,24.432301,85.85725,85.85758,28.753376,-0.192076,-20.24327
180236.585,1109.007,24.550276,55.391974,55.3921,27.626982,-0.561793,-12.94133
180238.598,1111.02,24.704427,55.041703,55.041919,27.343229,-0.14096,-18.01375
180241.582,1114.004,24.891984,82.035025,82.03524,27.491702,0.049756,-20.7558
180243.584,1116.006,24.967434,53.49836,53.498414,26.722484,-0.384225,-13.49669
180245.585,1118.007,24.876623,52.664241,52.66432,26.319,-0.201641,-14.67564
180247.609,1120.031,24.736042,51.197878,51.198071,25.29549,-0.505687,-9.01249
180250.595,1123.017,24.656204,66.424833,66.424881,22.245439,-1.02145,0.81105
180253.579,1126.001,24.48143,50.875038,50.875338,17.049376,-1.741308,11.1752
180255.586,1128.008,23.956061,25.425955,25.431382,12.671341,-2.181383,14.83615
180258.579,1131.001,23.165585,31.596947,31.606833,10.560252,-0.705342,5.32245
180300.594,1133.016,22.498819,17.344081,17.356892,8.613842,-0.96596,5.85798
180302.603,1135.025,22.172932,17.958322,17.961278,8.940407,0.162551,0.42233
180305.605,1138.027,22.117854,26.268505,26.268563,8.750354,-0.063309,0.6892
180308.608,1141.03,22.205803,28.575953,28.576089,9.515847,0.254909,-2.14853
180311.599,1144.021,22.419108,45.646293,45.646791,15.261381,1.920941,-46.37785
180325.597,1158.019,22.842606,458.950396,458.950591,32.786869,1.251999,-84.20829
180328.597,1161.019,22.404491,97.616357,97.61734,32.539113,-0.082585,-29.54211
180331.595,1164.017,21.685491,95.286576,95.289288,31.784286,-0.251777,-24.65909
180334.595,1167.017,21.061111,92.711692,92.713795,30.904598,-0.293229,-22.15212
180337.593,1170.015,20.621854,92.047079,92.048127,30.703178,-0.067185,-25.30713
180340.594,1173.016,20.163409,84.303479,84.304725,28.092211,-0.870032,-8.66598
180343.594,1176.016,19.691063,75.978424,75.979892,25.326631,-0.92186,-3.60769
180346.591,1179.013,19.29788,73.42128,73.422333,24.49861,-0.276283,-10.13838
180349.593,1182.015,19.046198,70.682009,70.682457,23.545122,-0.317618,-8.34916
180352.589,1185.011,18.968968,68.236115,68.236159,22.775754,-0.256798,-8.11618
180355.580,1188.002,19.050827,66.01531,66.01536,22.071334,-0.235513,-7.55087
180357.589,1190.011,19.813686,42.549066,42.555904,21.18263,-0.442361,-5.8573
180400.587,1193.009,21.732745,63.257924,63.287026,21.109749,-0.02431,-11.81932
180403.580,1196.002,24.054881,59.996165,60.041087,20.060504,-0.350566,-7.23957
180405.592,1198.014,25.603263,38.157759,38.189162,18.980697,-0.536683,-4.28403
180407.597,1200.019,26.163408,36.780361,36.784626,18.346447,-0.316334,-3.30193
180410.589,1203.011,26.143449,54.724272,54.724276,18.290199,-0.018799,-4.50417
180413.581,1206.003,25.937689,54.812436,54.812822,18.319794,0.009891,-4.49917
180415.582,1208.004,25.764556,37.700826,37.701224,18.841191,0.260568,-7.31313
180418.597,1211.019,25.581915,56.573402,56.573697,18.764078,-0.025576,-4.76124
180421.581,1214.003,25.20308,56.624069,56.625336,18.976319,0.071126,-5.58978
180423.586,1216.008,24.60759,38.748055,38.75263,19.327995,0.1754,-6.21657
180426.580,1219.002,23.91642,57.410937,57.415097,19.176719,-0.050526,-4.24727
180428.582,1221.004,23.240028,39.402324,39.408129,19.68438,0.253577,-7.25805
180430.582,1223.004,22.686586,40.222533,40.22634,20.11317,0.214395,-7.79891
180432.588,1225.01,22.079223,39.964047,39.968662,19.924557,-0.094024,-4.4609
180434.588,1227.01,21.099317,39.563362,39.575495,19.787747,-0.068405,-3.64696
180437.586,1230.008,19.954022,59.10047,59.111566,19.717,-0.023598,-4.48373
180439.589,1232.011,19.173784,39.344776,39.352512,19.646786,-0.035054,-4.24823
180441.592,1234.014,18.866577,39.518412,39.519606,19.730208,0.041649,-6.18977
180444.587,1237.009,18.737052,59.191255,59.191397,19.763405,0.011084,-6.46256
180446.588,1239.01,18.557079,40.844566,40.844963,20.412275,0.324273,-26.93828
180449.594,1242.016,18.331721,63.388626,63.389027,21.087501,0.224626,-10.33141
180451.595,1244.017,18.097428,42.3356,42.336248,21.157545,0.035004,-8.32525
180453.595,1246.017,17.865541,39.598193,39.598872,19.799436,-0.679054,0.36637
180456.585,1249.007,17.70452,51.36193,51.362183,17.177988,-0.876738,4.01876
180459.600,1252.022,17.649507,48.912848,48.912879,16.223177,-0.316687,0.08848
180501.601,1254.023,17.702835,31.733741,31.733786,15.858963,-0.182016,-0.84824
180504.587,1257.009,18.018655,46.669611,46.670679,15.629832,-0.076735,-1.81284
180507.587,1260.009,18.771329,45.994267,46.000425,15.333475,-0.098786,-2.0745
180509.599,1262.021,19.828329,31.236958,31.254836,15.534213,0.09977,-9.04484
180512.598,1265.02,20.88272,48.104957,48.116511,16.044185,0.170047,-8.4951
180515.597,1268.019,21.75551,50.694706,50.702218,16.906375,0.287492,-11.51463
180518.596,1271.018,22.340452,51.419155,51.422482,17.146543,0.080083,-4.97649
180521.596,1274.018,22.591086,51.21511,51.215723,17.071908,-0.024878,-3.51336
180524.582,1277.004,22.615029,46.293653,46.29366,15.50357,-0.52523,2.08248
180526.582,1279.004,22.563443,28.447243,28.44729,14.223645,-0.639963,3.779
180529.581,1282.003,22.513342,38.779816,38.779848,12.930926,-0.43105,2.96708
180531.581,1284.003,22.459672,20.030068,20.03014,10.01507,-1.457928,7.57341
180533.592,1286.014,22.372154,13.75776,13.758039,6.841392,-1.578159,5.53477
180536.599,1289.021,22.176579,11.470732,11.472399,3.815231,-1.006372,2.06632
180539.590,1292.012,21.843066,4.592657,4.60475,1.539535,-0.760848,0.84229
180540.591,1293.013,21.51191,0.0,0.331156,0.0,-1.537997,-0.35
180556.598,1309.02,21.334999,21.840092,21.840808,1.364454,0.085241,-0.25746
180559.598,1312.02,21.296321,30.10383,30.103855,10.034618,2.890055,-49.5155
180602.596,1315.018,21.381406,33.402218,33.402326,11.141536,0.369219,-4.27473
180605.595,1318.017,21.751749,33.210679,33.212744,11.074606,-0.022317,0.11465
180608.594,1321.016,22.535206,35.623266,35.63188,11.881254,0.268972,-6.19021
180611.581,1324.003,23.680492,38.809005,38.825901,12.998293,0.373967,-10.96535
180613.581,1326.003,24.882435,27.134348,27.160955,13.580478,0.291092,-13.15849
180615.588,1328.01,25.69032,28.078203,28.089823,13.995926,0.207,-8.50567
180618.593,1331.015,25.955362,43.641947,43.642752,14.523378,0.175525,-3.23068
180621.598,1334.02,25.779716,46.23545,46.235784,15.386284,0.287157,-14.28586
180624.596,1337.018,25.102195,47.116395,47.121266,15.717567,0.110501,-1.7421
180627.596,1340.018,24.092493,48.187412,48.197989,16.065996,0.116143,-1.61521
180630.594,1343.016,23.265673,47.307235,47.31446,15.782008,-0.094726,-0.0226
180633.595,1346.017,22.852327,47.32708,47.328885,15.771038,-0.003655,-1.34765
180636.595,1349.017,22.90599,46.336401,46.336432,15.445477,-0.10852,-1.00455
180639.594,1352.016,22.951873,41.732197,41.732222,13.915379,-0.510203,2.8628
180642.592,1355.014,22.971085,37.800943,37.800948,12.608722,-0.435843,3.02314
180645.591,1358.013,22.874816,37.453947,37.45407,12.488853,-0.03997,0.88638
180648.579,1361.001,22.616058,38.609726,38.610593,12.921885,0.144924,-0.26109
180650.583,1363.005,22.351266,28.37844,28.379675,14.161514,0.618577,-18.33085
180652.583,1365.005,22.175576,27.927144,27.927697,13.963848,-0.098833,0.57469
180655.582,1368.004,22.017328,43.720437,43.720724,14.578434,0.20493,-2.15979
180657.588,1370.01,21.875227,30.839588,30.839915,15.373836,0.396511,-16.76933
180659.599,1372.021,21.764001,31.552369,31.552565,15.689988,0.157211,-2.86635
180702.599,1375.021,21.48154,47.632311,47.633148,15.877716,0.062576,-2.15531
180705.597,1378.019,20.92095,46.85423,46.857584,15.629614,-0.082756,-0.39403
180708.597,1381.019,20.367339,45.506476,45.509843,15.169948,-0.153222,0.50027
180711.595,1384.017,20.08517,42.770826,42.771756,14.266763,-0.301263,1.76791
180714.596,1387.018,20.001812,42.517667,42.517749,14.16786,-0.032957,-0.29915
180717.593,1390.015,19.986805,41.763993,41.763996,13.935267,-0.077609,0.06464
180720.594,1393.016,19.986236,39.477693,39.477693,13.154846,-0.260054,1.71308
180723.593,1396.015,19.951053,36.257126,36.257143,12.089744,-0.355152,2.83628
180726.591,1399.013,19.841314,31.981332,31.98152,10.667618,-0.474358,3.124
180729.591,1402.013,19.703933,26.128943,26.129304,8.709768,-0.652617,3.2681
180731.591,1404.013,19.594324,20.959228,20.959515,10.479757,0.884994,-17.29413
180734.591,1407.013,19.514781,29.389803,29.389911,9.796637,-0.227707,1.63239
180736.594,1409.016,19.463814,22.630729,22.630787,11.298446,0.74978,-16.76511
180739.583,1412.005,19.443354,44.629447,44.629451,14.931232,1.215385,-36.49041
180741.588,1414.01,19.464043,33.266106,33.266113,16.591577,0.828102,-21.15679
180743.592,1416.014,19.522099,30.497475,30.49753,15.218329,-0.685253,3.33246
180745.593,1418.015,19.626772,22.139685,22.139933,11.064434,-2.07591,11.31613
180748.591,1421.013,19.914761,29.831595,29.832985,9.950962,-0.371405,1.77373
180749.000,1421.422,20.397853,0.0,0.483092,0.0,-24.32998,-0.35
180753.582,1426.004,21.555633,71.328258,71.337654,15.569108,3.397885,-87.33065
180755.584,1428.006,22.253253,29.827762,29.835919,14.903057,-0.332693,-0.51138
180757.591,1430.013,22.8966,32.73154,32.737862,16.31184,0.701935,-22.19256
180759.600,1432.022,23.325776,32.715999,32.718814,16.286119,-0.012803,-3.41966
180802.601,1435.023,23.472734,39.623641,39.623914,13.20357,-1.027174,6.30067
180805.599,1438.021,23.444974,31.3935,31.393512,10.471485,-0.911303,5.11884
180808.581,1441.003,23.379463,31.890606,31.890674,10.694391,0.074751,0.25524
180810.584,1443.006,23.322126,15.642294,15.642399,7.809485,-1.440293,5.76563
180813.599,1446.021,23.278927,19.789498,19.789545,6.563696,-0.413197,1.507
180816.597,1449.019,23.245846,27.809373,27.809393,9.275982,0.904698,-16.15272
180818.595,1451.017,23.201909,0.0,0.043937,0.0,-4.642634,-0.35
180824.593,1457.015,22.94181,91.372527,91.372897,15.233894,2.539829,-69.39795
180826.599,1459.021,22.589525,18.84195,18.845243,9.394438,-2.910995,14.30579
180829.592,1462.014,22.167714,13.679835,13.686337,4.572782,-1.610978,4.16722
180835.583,1468.005,21.889383,0.0,0.278331,0.0,-0.763275,-0.35
180846.582,1479.004,21.80027,19.846949,19.847149,1.80445,0.164056,-0.32594
180848.583,1481.005,21.823657,14.775732,14.77575,7.384183,2.788472,-31.74804
180851.584,1484.006,21.913613,23.656063,23.656234,7.882784,0.166145,-0.88611
180854.582,1487.004,22.65777,26.196491,26.207059,8.741514,0.286434,-5.98083
180856.583,1489.005,24.608926,13.387525,13.528963,6.761101,-0.989712,-3.25955
180859.583,1492.005,27.174905,21.152666,21.307734,7.102578,0.113826,-13.33081
180901.583,1494.005,30.452288,19.712035,19.982631,9.991316,1.444369,-46.67542
180903.584,1496.006,31.068312,15.563369,15.575556,7.783886,-1.103163,2.91146
180906.589,1499.011,31.498175,15.773946,15.779802,5.251182,-0.84283,1.48099
180909.586,1502.008,31.82696,27.343472,27.345449,9.124274,1.292323,-18.60576
180911.593,1504.015,32.014646,20.75387,20.754718,10.341165,0.606323,-9.05959
180914.584,1507.006,32.061402,20.000028,20.000083,6.686754,-1.221802,3.98744
180916.584,1509.006,32.04179,6.639048,6.639077,3.319539,-1.683608,2.60693
180919.591,1512.013,31.943156,10.701315,10.701769,3.558952,0.079619,-0.07626
180922.605,1515.027,31.637121,14.656022,14.659217,4.863708,0.432898,-3.32612
180925.598,1518.02,31.155209,17.122038,17.128818,5.72296,0.287087,0.04265
