185624,0,408.859,0.0,0.0,0,0,-0.35
185626,2.0,408.378,13.903446,13.911764,6.955882,3.477941,-49.32925
185627,3.0,408.983,6.152764,6.182437,6.182437,-0.773445,-0.73568
185628,4.0,408.672,5.218824,5.228082,5.228082,-0.954355,5.26853
185629,5.0,408.299,6.811599,6.821804,6.821804,1.593722,-18.06934
185630,6.0,408.423,7.746133,7.747125,7.747125,0.925321,-15.55092
185631,7.0,408.415,8.820652,8.820656,8.820656,1.073531,-23.55527
185632,8.0,407.443,9.109068,9.160781,9.160781,0.340125,4.71246
185633,9.0,406.365,9.303509,9.365754,9.365754,0.204973,6.16044
185634,10.0,405.726,9.077108,9.099572,9.099572,-0.266182,6.14648
185635,11.0,403.271,7.98474,8.353628,8.353628,-0.745944,19.77996
185636,12.0,402.15,6.913416,7.00371,7.00371,-1.349918,13.34979
185637,13.0,402.074,6.596079,6.596516,6.596516,-0.407194,2.49411
185638,14.0,401.561,7.497447,7.514977,7.514977,0.918461,-6.94253
185639,15.0,400.8,8.455364,8.489541,8.489541,0.974564,0.03351
185640,16.0,399.323,9.10143,9.220496,9.220496,0.730955,5.56537
185641,17.0,398.314,9.012468,9.068773,9.068773,-0.151723,7.78302
185642,18.0,398.43,8.084575,8.085407,8.085407,-0.983366,4.82134
185643,19.0,397.521,7.748386,7.801523,7.801523,-0.283884,7.52847
185644,20.0,397.553,8.058485,8.058549,8.058549,0.257026,-2.61261
185645,21.0,396.528,8.946936,9.005459,9.005459,0.94691,1.58529
185646,22.0,395.928,9.450056,9.469084,9.469084,0.463625,1.62839
185647,23.0,393.592,9.588594,9.869044,9.869044,0.39996,12.78068
185648,24.0,392.271,9.065986,9.161721,9.161721,-0.707323,12.98078
185649,25.0,391.682,8.258187,8.279165,8.279165,-0.882556,8.82899
185650,26.0,391.246,7.225019,7.238162,7.238162,-1.041003,7.89158
185651,27.0,390.984,5.856924,5.862781,5.862781,-1.375381,6.98471
185652,28.0,389.446,4.122341,4.399902,4.399902,-1.462879,13.74413
185653,29.0,388.204,2.358526,2.66556,2.66556,-1.734342,10.57524
185654,30.0,388.344,1.558133,1.56441,1.56441,-1.10115,0.01862
185655,31.0,387.877,2.038264,2.091079,2.091079,0.526669,2.05683
185656,32.0,387.435,3.113476,3.144694,3.144694,1.053615,0.59858
185657,33.0,385.829,4.731783,4.9969,4.9969,1.852206,4.26548
185658,34.0,385.464,5.903029,5.914302,5.914302,0.917402,-6.264
185659,35.0,384.014,6.12098,6.290381,6.290381,0.376079,7.81066
185700,36.0,382.362,6.186046,6.402833,6.402833,0.112452,10.12692
185701,37.0,382.161,6.137021,6.140312,6.140312,-0.262521,2.5388
185702,38.0,381.136,5.391336,5.487908,5.487908,-0.652404,8.84982
185703,39.0,380.502,5.049289,5.088936,5.088936,-0.398972,5.38678
185704,40.0,380.222,5.168634,5.176213,5.176213,0.087277,1.61461
185705,41.0,379.392,4.477318,4.5536,4.5536,-0.622613,7.0625
185706,42.0,378.895,5.331691,5.354806,5.354806,0.801206,0.54806
185707,43.0,376.842,8.741215,8.979067,8.979067,3.624261,-30.05676
185709,45.0,373.989,24.989369,25.151703,12.575851,1.798392,-24.14365
185710,46.0,372.224,11.721548,11.853687,11.853687,-0.722164,17.47155
185711,47.0,370.091,10.210246,10.430667,10.430667,-1.42302,23.53083
185712,48.0,368.728,9.464944,9.56258,9.56258,-0.868087,14.45443
185713,49.0,366.947,9.23473,9.404903,9.404903,-0.157677,12.70673
185714,50.0,365.639,8.894496,8.990157,8.990157,-0.414746,11.12959
185715,51.0,364.809,9.64004,9.675705,9.675705,0.685548,1.66628
185716,52.0,364.035,8.12424,8.161026,8.161026,-1.514679,13.17644
185717,53.0,362.249,6.596315,6.833825,6.833825,-1.327201,17.22854
185718,54.0,361.527,5.886065,5.930181,5.930181,-0.903644,8.14034
185719,55.0,362.053,4.348055,4.379756,4.379756,-1.550425,1.1089
185720,56.0,361.11,4.48699,4.585011,4.585011,0.205255,5.37174
185721,57.0,360.83,5.242481,5.249953,5.249953,0.664942,-0.30738
185722,58.0,360.83,6.427229,6.427229,6.427229,1.177276,-18.67173
185723,59.0,360.32,7.526318,7.543578,7.543578,1.116349,-10.2608
185724,60.0,358.417,7.951388,8.175939,8.175939,0.632361,9.07866
185725,61.0,357.667,7.866866,7.902536,7.902536,-0.273403,6.51657
185726,62.0,357.287,8.033603,8.042586,8.042586,0.14005,2.14193
185727,63.0,356.359,7.526318,7.583314,7.583314,-0.459272,8.42552
185728,64.0,355.817,6.937169,6.95831,6.95831,-0.625004,6.49567
185729,65.0,355.461,6.519364,6.529076,6.529076,-0.429234,4.30484
185730,66.0,355.019,6.849048,6.863295,6.863295,0.334219,1.64313
185731,67.0,354.85,6.511773,6.513966,6.513966,-0.349329,2.80351
185732,68.0,353.719,7.187273,7.275716,7.275716,0.76175,3.92156
185733,69.0,352.66,7.444264,7.519212,7.519212,0.243496,5.85942
185734,70.0,352.129,7.0222,7.042248,7.042248,-0.476964,5.80838
185735,71.0,351.672,7.207263,7.221737,7.221737,0.179489,2.41268
185736,72.0,350.821,7.745856,7.792464,7.792464,0.570727,2.93585
185737,73.0,349.621,8.987744,9.0675,9.0675,1.275036,0.75786
185738,74.0,348.369,9.726495,9.806743,9.806743,0.739243,3.92265
185739,75.0,348.517,10.405749,10.406801,10.406801,0.600058,-12.86549
185740,76.0,348.493,10.316444,10.316471,10.316471,-0.09033,1.54208
185741,77.0,345.967,8.458534,8.827654,8.827654,-1.488817,24.67406
185742,78.0,345.703,6.261102,6.266666,6.266666,-2.560988,12.11358
185743,79.0,345.457,5.682692,5.688014,5.688014,-0.578652,3.83544
185744,80.0,344.722,6.176601,6.220179,6.220179,0.532165,2.74893
185745,81.0,343.94,6.694724,6.740242,6.740242,0.520063,2.97753
185746,82.0,344.228,5.253082,5.260971,5.260971,-1.479271,3.31431
185747,83.0,343.478,5.168699,5.22283,5.22283,-0.038141,4.96102
185748,84.0,343.393,3.90386,3.904785,3.904785,-1.318045,3.82283
185749,85.0,343.61,2.7992,2.807599,2.807599,-1.097186,0.52047
185750,86.0,342.844,1.666998,1.834568,1.834568,-0.973031,5.72797
185751,87.0,343.253,0.602247,0.727999,0.727999,-1.106569,-6.966
185752,88.0,343.586,0.422781,0.538175,0.538175,-0.189824,-6.93581
185753,89.0,343.686,0.852841,0.858684,0.858684,0.320509,-2.76138
185754,90.0,342.952,1.183786,1.392876,1.392876,0.534192,3.88067
185755,91.0,343.494,0.93674,1.082241,1.082241,-0.310635,-10.6412
185756,92.0,343.245,0.553938,0.607329,0.607329,-0.474912,1.44113
185757,93.0,343.771,0.437159,0.683947,0.683947,0.076618,-11.26126
185758,94.0,343.686,0.202394,0.219518,0.219518,-0.464429,-0.26474
185759,95.0,343.803,0.437159,0.452545,0.452545,0.233027,-0.7173
185800,96.0,343.948,1.441748,1.449022,1.449022,0.996477,-6.01153
185801,97.0,344.955,2.941319,3.108924,3.108924,1.659902,-31.45822
185802,98.0,343.864,4.877391,4.997922,4.997922,1.888998,0.93946
185803,99.0,343.84,6.348542,6.348587,6.348587,1.350665,-20.29131
185804,100.0,344.683,8.128232,8.17183,8.17183,1.823243,-46.92663
185805,101.0,344.643,8.895996,8.896086,8.896086,0.724256,-16.46243
185806,102.0,344.96,10.007901,10.01292,10.01292,1.116834,-27.13886
185807,103.0,344.204,11.119814,11.145484,11.145484,1.132564,-15.75665
185808,104.0,344.421,11.786966,11.788963,11.788963,0.643479,-16.44636
185809,105.0,344.49,12.342926,12.343119,12.343119,0.554156,-11.58089
185810,106.0,344.434,12.678759,12.678883,12.678883,0.335764,-13.79341
185811,107.0,344.019,13.233277,13.239783,13.239783,0.5609,-13.81118
185812,108.0,344.096,13.789208,13.789423,13.789423,0.54964,-13.58079
185813,109.0,343.94,14.010816,14.011684,14.011684,0.222261,-1.04468
185814,110.0,343.539,14.235211,14.240858,14.240858,0.229174,0.22476
185815,111.0,343.718,14.678704,14.679796,14.679796,0.438938,-13.51702
185816,112.0,343.811,14.90108,14.90137,14.90137,0.221574,-5.07352
185817,113.0,343.964,14.789167,14.789958,14.789958,-0.111412,-0.51649
185818,114.0,343.827,14.566781,14.567425,14.567425,-0.222533,2.47156
185819,115.0,343.502,14.455588,14.459241,14.459241,-0.108184,2.65805
185820,116.0,343.539,14.344395,14.344442,14.344442,-0.114799,0.53951
185821,117.0,342.812,14.232951,14.251506,14.251506,-0.092936,5.1616
185822,118.0,343.502,14.122768,14.139614,14.139614,-0.111892,-6.9439
185823,119.0,342.241,14.122768,14.178953,14.178953,0.039339,7.34488
185824,120.0,342.349,13.78843,13.788853,13.788853,-0.3901,2.85685
185825,121.0,342.775,13.467598,13.474334,13.474334,-0.314519,0.35825
185826,122.0,342.196,13.008991,13.021869,13.021869,-0.452465,7.95025
185827,123.0,342.49,13.164542,13.167825,13.167825,0.145956,-5.92213
185828,124.0,342.743,13.310076,13.312481,13.312481,0.144656,-5.09894
185829,125.0,342.349,12.98177,12.987748,12.987748,-0.324733,5.75483
185830,126.0,342.651,12.940039,12.943563,12.943563,-0.044185,-0.8699
185831,127.0,342.836,12.663565,12.664917,12.664917,-0.278646,1.89756
185832,128.0,342.519,12.566648,12.570646,12.570646,-0.094271,3.589
185833,129.0,342.117,12.565617,12.572046,12.572046,0.0014,3.35405
185834,130.0,342.852,12.405676,12.42743,12.42743,-0.144616,-7.10104
185835,131.0,343.169,11.994558,11.998747,11.998747,-0.428683,2.35684
185836,132.0,343.005,11.624936,11.626093,11.626093,-0.372654,4.77682
185837,133.0,342.828,10.908876,10.910312,10.910312,-0.715781,6.95242
185838,134.0,343.023,10.384531,10.386362,10.386362,-0.52395,3.05228
185839,135.0,342.92,9.309733,9.310303,9.310303,-1.076059,7.66103
185840,136.0,342.968,8.22038,8.22052,8.22052,-1.089783,5.90267
185841,137.0,342.799,7.409859,7.411786,7.411786,-0.808734,5.27118
185842,138.0,342.844,6.707447,6.707598,6.707598,-0.704188,3.04733
185843,139.0,342.767,5.536164,5.5367,5.5367,-1.170898,4.79279
185844,140.0,342.844,4.072135,4.072863,4.072863,-1.463837,3.34846
185845,141.0,342.82,3.230209,3.230299,3.230299,-0.842564,1.83548
185846,142.0,342.735,3.305877,3.30697,3.30697,0.076671,0.33368
185847,143.0,342.598,4.299128,4.30131,4.30131,0.99434,-8.00721
185848,144.0,342.342,5.188422,5.194734,5.194734,0.893424,-6.60792
185849,145.0,343.129,5.207589,5.266721,5.266721,0.071987,-15.90117
185850,146.0,343.0,5.058892,5.060536,5.060536,-0.206185,1.61116
185851,147.0,343.137,4.965097,4.966987,4.966987,-0.093549,-0.5967
185852,148.0,342.899,4.562127,4.568331,4.568331,-0.398656,2.73228
185853,149.0,343.06,2.951028,2.955417,2.955417,-1.612914,1.95467
185854,150.0,342.286,2.007688,2.151717,2.151717,-0.8037,5.77268
185855,151.0,343.314,0.984904,1.423664,1.423664,-0.728053,-19.21498
185856,152.0,342.727,0.419068,0.72124,0.72124,-0.702424,3.69597
185857,153.0,343.277,0.084551,0.556461,0.556461,-0.164779,-11.49637
185858,154.0,343.718,0.23792,0.501086,0.501086,-0.055375,-9.36783
185859,155.0,343.631,0.139689,0.164566,0.164566,-0.33652,-0.29945
185900,156.0,343.029,0.111195,0.612183,0.612183,0.447617,3.28347
185901,157.0,343.346,0.139689,0.346413,0.346413,-0.26577,-0.25916
185902,158.0,343.871,0.139689,0.543266,0.543266,0.196853,-11.40102
185903,159.0,343.509,0.139689,0.388017,0.388017,-0.155249,-0.27548
185904,160.0,343.618,0.139689,0.177184,0.177184,-0.210833,-0.30972
185905,161.0,343.509,0.084551,0.137949,0.137949,-0.039235,-0.33367
185906,162.0,343.177,0.084551,0.342597,0.342597,0.204648,-0.60729
185907,163.0,343.531,0.139689,0.380564,0.380564,0.037967,-0.3236
185908,164.0,344.133,0.084551,0.607909,0.607909,0.227345,-13.0598
185909,165.0,344.056,0.084551,0.114358,0.114358,-0.493551,-0.30347
185910,166.0,343.515,0.139689,0.558743,0.558743,0.444385,2.9148
185911,167.0,343.927,0.084551,0.420586,0.420586,-0.138157,-0.27379
185912,168.0,344.133,0.084551,0.222676,0.222676,-0.19791,-0.3012
185913,169.0,344.342,0.0,0.209,0.0,-0.222676,-0.35
185914,170.0,343.277,0.139689,1.074122,1.074122,1.074122,5.65249
185915,171.0,344.289,0.084551,1.015526,1.015526,-0.058596,-21.09465
185916,172.0,344.281,0.084551,0.084928,0.084928,-0.930598,-0.29188
185917,173.0,343.996,0.084551,0.297277,0.297277,0.212349,-0.57814
185918,174.0,344.056,0.0,0.06,0.0,-0.297277,-0.35
185919,175.0,344.027,0.084551,0.089386,0.089386,0.089386,-0.34672
185920,176.0,344.482,0.139689,0.47596,0.47596,0.386574,-0.8923
185921,177.0,344.799,0.084551,0.328082,0.328082,-0.147878,-0.28853
185922,178.0,344.133,0.084551,0.671346,0.671346,0.343264,3.71538
185923,179.0,344.012,0.084551,0.147614,0.147614,-0.523732,-0.28711
185924,180.0,344.157,0.0,0.145,0.0,-0.147614,-0.35
185925,181.0,344.442,0.139689,0.317393,0.317393,0.317393,-0.66474
185926,182.0,344.241,0.084551,0.218059,0.218059,-0.099334,-0.31587
185927,183.0,344.514,0.0,0.273,0.0,-0.218059,-0.35
185928,184.0,344.582,0.084551,0.108503,0.108503,0.108503,-0.34734
185929,185.0,343.887,0.0,0.695,0.0,-0.108503,-0.35
185930,186.0,343.964,0.139689,0.159506,0.159506,0.159506,-0.45441
185931,187.0,344.072,0.0,0.108,0.0,-0.159506,-0.35
185932,188.0,343.747,0.084551,0.335818,0.335818,0.335818,-0.69622
185933,189.0,343.602,0.0,0.145,0.0,-0.335818,-0.35
185934,190.0,344.027,0.084551,0.433329,0.433329,0.433329,-0.88697
185935,191.0,343.816,0.0,0.211,0.0,-0.433329,-0.35
185936,192.0,343.594,0.084551,0.237556,0.237556,0.237556,-0.54508
185937,193.0,343.602,0.0,0.008,0.0,-0.237556,-0.35
185938,194.0,344.004,0.0,0.402,0.0,0.0,-0.35
185939,195.0,343.663,0.084551,0.351326,0.351326,0.351326,-0.72384
185940,196.0,343.84,0.0,0.177,0.0,-0.351326,-0.35
185941,197.0,343.509,0.139689,0.359269,0.359269,0.359269,-0.73839
185942,198.0,343.623,0.0,0.114,0.0,-0.359269,-0.35
185943,199.0,344.027,0.084551,0.412753,0.412753,0.412753,-0.84334
185944,200.0,343.655,0.0,0.372,0.0,-0.412753,-0.35
185945,201.0,343.779,0.0,0.124,0.0,0.0,-0.35
185946,202.0,344.22,0.084551,0.449032,0.449032,0.449032,-0.92148
185947,203.0,343.578,0.0,0.642,0.0,-0.449032,-0.35
185948,204.0,344.133,0.0,0.555,0.0,0.0,-0.35
185949,205.0,343.462,0.084551,0.676306,0.676306,0.676306,3.60288
185950,206.0,343.787,0.139689,0.353749,0.353749,-0.322557,-0.24448
185951,207.0,344.614,0.475841,0.954124,0.954124,0.600375,-18.58989
185952,208.0,343.864,1.399708,1.58798,1.58798,0.633856,3.83211
185953,209.0,344.815,2.588283,2.757464,2.757464,1.169484,-26.26931
185954,210.0,344.133,2.799415,2.881293,2.881293,0.123829,3.94535
185955,211.0,344.12,2.112714,2.112754,2.112754,-0.768539,0.96113
185956,212.0,344.868,1.506084,1.681604,1.681604,-0.43115,-13.93457
185957,213.0,344.566,0.818652,0.872579,0.872579,-0.809025,2.06129
185958,214.0,344.992,0.47584,0.638671,0.638671,-0.233908,-8.7508
185959,215.0,345.031,0.084551,0.093112,0.093112,-0.545559,-0.30904
190000,216.0,345.409,0.084551,0.387341,0.387341,0.294229,-0.71497
190001,217.0,345.132,0.452745,0.530761,0.530761,0.14342,1.37689
190002,218.0,345.185,1.294141,1.295226,1.295226,0.764465,-3.16528
190003,219.0,345.193,2.194039,2.194054,2.194054,0.898828,-4.03183
190004,220.0,344.535,2.431087,2.518561,2.518561,0.324507,3.46816
190005,221.0,345.124,2.324488,2.397951,2.397951,-0.12061,-11.30521
190006,222.0,345.045,2.281026,2.282394,2.282394,-0.115557,0.52493
190007,223.0,345.586,2.891068,2.941251,2.941251,0.658857,-14.87659
190008,224.0,345.301,4.015374,4.025476,4.025476,1.084225,-5.00012
190009,225.0,345.441,5.719996,5.721709,5.721709,1.696233,-22.09384
190010,226.0,344.86,7.369463,7.39233,7.39233,1.670621,-17.09815
190011,227.0,345.449,9.270209,9.288902,9.288902,1.896572,-46.9121
190012,228.0,345.068,10.572917,10.579779,10.579779,1.290877,-25.52438
190013,229.0,345.008,11.94242,11.942571,11.942571,1.362792,-38.55947
190014,230.0,345.578,12.931696,12.944252,12.944252,1.001681,-35.23695
190015,231.0,345.301,13.675126,13.677931,13.677931,0.733679,-22.90612
190016,232.0,345.224,13.678934,13.679151,13.679151,0.00122,0.65607
190017,233.0,344.939,13.405727,13.408756,13.408756,-0.270395,4.44055
190018,234.0,345.401,13.392488,13.400454,13.400454,-0.008302,-5.14499
190019,235.0,345.008,12.99502,13.000962,13.000962,-0.399492,6.36055
190020,236.0,345.161,12.452261,12.453201,12.453201,-0.547761,4.30456
190021,237.0,345.57,11.926787,11.933797,11.933797,-0.519404,2.44265
190022,238.0,345.465,10.868347,10.868854,10.868854,-1.064943,8.88852
190023,239.0,344.783,9.269454,9.294509,9.294509,-1.574345,14.19602
190024,240.0,345.594,7.660954,7.703762,7.703762,-1.590747,3.17756
190025,241.0,346.268,6.275181,6.311274,6.311274,-1.392488,1.66463
190026,242.0,345.819,5.10091,5.120633,5.120633,-1.190641,6.82012
190027,243.0,345.325,3.671709,3.704792,3.704792,-1.415841,6.41327
190028,244.0,345.261,2.287182,2.288077,2.288077,-1.416715,2.32302
190029,245.0,345.967,1.396885,1.56516,1.56516,-0.722917,-12.2246
190030,246.0,345.758,0.789829,0.817013,0.817013,-0.748147,1.41659
190031,247.0,345.24,0.279377,0.588537,0.588537,-0.228476,3.01737
190032,248.0,345.819,0.084549,0.585141,0.585141,-0.003396,-12.2861
190033,249.0,346.067,0.139689,0.284635,0.284635,-0.300506,-0.26908
190034,250.0,345.835,0.139689,0.270808,0.270808,-0.013827,-0.32231
190035,251.0,345.618,0.0,0.217,0.0,-0.270808,-0.35
190036,252.0,345.518,0.084549,0.130953,0.130953,0.130953,-0.34865
190037,253.0,345.903,0.139689,0.409558,0.409558,0.278605,-0.72224
190038,254.0,346.184,0.084549,0.293444,0.293444,-0.116114,-0.30094
190039,255.0,346.213,0.084549,0.089384,0.089384,-0.20406,-0.33006
190040,256.0,346.036,0.0,0.177,0.0,-0.089384,-0.35
190041,257.0,345.557,0.084549,0.486405,0.486405,0.486405,-1.00786
190042,258.0,344.96,0.084549,0.602957,0.602957,0.116552,3.38084
190043,259.0,345.401,0.084549,0.449032,0.449032,-0.153925,-0.26413
190044,260.0,345.882,0.0,0.481,0.0,-0.449032,-0.35
190045,261.0,346.191,0.084549,0.320359,0.320359,0.320359,-0.66971
190046,262.0,345.51,0.111195,0.690018,0.690018,0.369659,3.79494
190047,263.0,345.65,0.084549,0.16355,0.16355,-0.526468,-0.28004
190048,264.0,346.292,0.139689,0.657021,0.657021,0.493471,-14.27898
190049,265.0,346.453,0.373996,0.407178,0.407178,-0.249843,-0.24734
190050,266.0,345.626,0.747992,1.115088,1.115088,0.70791,4.40506
190051,267.0,345.726,1.952271,1.954831,1.954831,0.839743,-5.3297
190052,268.0,346.53,3.87745,3.959929,3.959929,2.005098,-32.85485
190053,269.0,347.132,5.940638,5.971062,5.971062,2.011133,-36.59158
190054,270.0,346.622,7.302582,7.320369,7.320369,1.349307,-13.27818
190055,271.0,346.477,8.373082,8.374337,8.374337,1.053968,-19.12014
190056,272.0,346.337,9.124096,9.12517,9.12517,0.750833,-15.34405
190057,273.0,345.766,10.058842,10.075036,10.075036,0.949866,-12.57033
190058,274.0,346.577,10.680069,10.710817,10.710817,0.635781,-27.80101
190059,275.0,346.083,11.589886,11.600409,11.600409,0.889592,-16.57001
190100,276.0,345.819,12.13216,12.135032,12.135032,0.534623,-13.49854
190101,277.0,345.256,12.290472,12.30336,12.30336,0.168328,3.19817
190102,278.0,345.092,13.132481,13.133505,13.133505,0.830145,-26.33796
190103,279.0,345.663,13.615407,13.627375,13.627375,0.49387,-22.07758
190104,280.0,344.413,14.450037,14.504002,14.504002,0.876627,-0.68027
190105,281.0,344.992,15.289493,15.300453,15.300453,0.796451,-34.33668
190106,282.0,345.161,16.138483,16.139368,16.139368,0.838915,-28.92766
190107,283.0,345.169,17.025059,17.025061,17.025061,0.885693,-29.18871
190108,284.0,344.643,17.838482,17.846235,17.846235,0.821174,-35.17405
190109,285.0,345.378,18.29803,18.312786,18.312786,0.466551,-31.04055
190110,286.0,344.839,18.918414,18.926091,18.926091,0.613305,-30.85215
190111,287.0,345.068,19.125287,19.126658,19.126658,0.200567,-10.80382
190112,288.0,344.868,19.201724,19.202765,19.202765,0.076107,-4.62459
190113,289.0,345.557,18.861988,18.874568,18.874568,-0.328197,-4.91578
190114,290.0,346.622,18.628615,18.659033,18.659033,-0.215535,-11.29915
190115,291.0,346.778,18.597908,18.598562,18.598562,-0.060471,-4.49882
190116,292.0,348.231,18.588787,18.645487,18.645487,0.046925,-29.86989
190117,293.0,347.946,18.646379,18.648557,18.648557,0.00307,-2.55902
190118,294.0,347.975,18.607237,18.60726,18.60726,-0.041297,-3.9439
190119,295.0,348.16,18.129702,18.130646,18.130646,-0.476614,0.61361
190120,296.0,348.934,18.018537,18.035154,18.035154,-0.095492,-9.81343
190121,297.0,349.476,17.915155,17.923352,17.923352,-0.111802,-5.60168
190122,298.0,350.535,17.462721,17.494802,17.494802,-0.42855,-4.88402
190123,299.0,351.362,17.349705,17.369404,17.369404,-0.125398,-9.6508
190124,300.0,351.709,17.462721,17.466168,17.466168,0.096764,-7.89882
190125,301.0,352.182,17.460879,17.467284,17.467284,0.001116,-6.97193
190126,302.0,352.53,17.572053,17.575498,17.575498,0.108214,-8.42051
190127,303.0,352.972,17.459446,17.46504,17.46504,-0.110458,-4.54599
190128,304.0,352.53,17.349705,17.355334,17.355334,-0.109706,1.05718
190129,305.0,352.499,17.683227,17.683254,17.683254,0.32792,-26.27949
190130,306.0,352.274,17.796209,17.797632,17.797632,0.114378,-3.2553
190131,307.0,351.339,17.570629,17.595489,17.595489,-0.202143,4.93123
190132,308.0,351.222,17.459446,17.459838,17.459838,-0.135651,-0.77913
190133,309.0,350.472,17.235421,17.251731,17.251731,-0.208107,4.15176
190134,310.0,349.938,17.013034,17.021412,17.021412,-0.230319,3.24526
190135,311.0,349.978,16.902475,16.902522,16.902522,-0.11889,-1.42752
190136,312.0,348.918,16.792349,16.825772,16.825772,-0.07675,5.04359
190137,313.0,348.802,16.681167,16.681571,16.681571,-0.144201,0.00872
190138,314.0,348.348,16.573436,16.579653,16.579653,-0.101918,1.75649
190139,315.0,347.914,16.474429,16.480144,16.480144,-0.099509,1.69367
190140,316.0,347.528,16.527055,16.531562,16.531562,0.051418,-0.23464
190141,317.0,347.774,16.431375,16.433216,16.433216,-0.098346,-2.51386
190142,318.0,347.774,16.274276,16.274276,16.274276,-0.15894,-0.21859
190143,319.0,347.621,16.069117,16.069846,16.069846,-0.20443,1.36302
190144,320.0,347.132,15.795151,15.802718,15.802718,-0.267128,4.28627
190145,321.0,347.505,15.414189,15.418701,15.418701,-0.384017,0.32229
190146,322.0,348.2,14.946583,14.962732,14.962732,-0.455969,-0.74183
190147,323.0,348.657,14.336207,14.343489,14.343489,-0.619243,2.51813
190148,324.0,349.56,13.750023,13.779642,13.779642,-0.563847,-0.57181
190149,325.0,350.163,13.626573,13.639908,13.639908,-0.139734,-4.31689
190150,326.0,350.055,13.983521,13.983938,13.983938,0.34403,-15.75503
190151,327.0,350.311,13.794927,13.797302,13.797302,-0.186636,0.14814
190152,328.0,349.693,13.438388,13.452591,13.452591,-0.344711,7.12918
190153,329.0,348.68,11.990747,12.033461,12.033461,-1.41913,18.29964
190154,330.0,348.176,9.893465,9.906295,9.906295,-2.127166,17.26236
190155,331.0,348.247,7.681597,7.681925,7.681925,-2.22437,10.85368
190156,332.0,348.501,5.456097,5.462006,5.462006,-2.219919,6.30565
190157,333.0,348.308,3.635704,3.640823,3.640823,-1.821183,5.41137
190158,334.0,348.247,1.836113,1.837126,1.837126,-1.803697,2.30698
190159,335.0,347.89,0.607094,0.704281,0.704281,-1.132845,2.4465
190200,336.0,348.4,0.111195,0.521981,0.521981,-0.1823,-10.66222
190201,337.0,347.745,0.111195,0.664371,0.664371,0.14239,3.73247
190202,338.0,348.895,0.237916,1.174353,1.174353,0.509982,-25.33955
190203,339.0,347.806,0.111195,1.094662,1.094662,-0.079691,6.59198
190204,340.0,348.324,0.66717,0.844653,0.844653,-0.250009,-10.48049
190205,341.0,347.727,0.562365,0.820161,0.820161,-0.024492,3.45859
190206,342.0,348.902,0.452743,1.259206,1.259206,0.439045,-25.73787
190207,343.0,347.906,0.22239,1.020526,1.020526,-0.23868,6.10494
190208,344.0,348.887,0.22239,1.005892,1.005892,-0.014634,-20.54415
190209,345.0,348.842,0.139682,0.146752,0.146752,-0.85914,-0.25622
190210,346.0,348.464,0.111195,0.394016,0.394016,0.247264,-0.68176
190211,347.0,348.902,0.111195,0.451894,0.451894,0.057878,-0.32437
190212,348.0,348.662,0.111195,0.264508,0.264508,-0.187386,-0.2938
190213,349.0,348.464,0.139682,0.242312,0.242312,-0.022196,-0.32394
190214,350.0,348.284,0.0,0.18,0.0,-0.242312,-0.35
190215,351.0,348.556,0.0,0.272,0.0,0.0,-0.35
190216,352.0,348.255,0.139682,0.331831,0.331831,0.331831,-0.68929
190217,353.0,348.741,0.0,0.486,0.0,-0.331831,-0.35
190218,354.0,348.176,0.0,0.565,0.0,0.0,-0.35
190219,355.0,347.883,0.139682,0.324592,0.324592,0.324592,-0.67687
190220,356.0,348.355,0.237916,0.528572,0.528572,0.20398,-10.2977
190221,357.0,347.959,0.279364,0.484624,0.484624,-0.043948,-0.29117
190222,358.0,348.657,0.276921,0.750926,0.750926,0.266302,-15.15684
190223,359.0,347.806,0.139682,0.862387,0.862387,0.111461,4.97107
190224,360.0,348.107,0.0,0.301,0.0,-0.862387,-0.35
190225,361.0,348.781,0.084539,0.679281,0.679281,0.679281,-15.23492
190226,362.0,348.865,0.139682,0.162994,0.162994,-0.516287,-0.28133
190227,363.0,348.902,0.111195,0.117189,0.117189,-0.045805,-0.33564
190228,364.0,349.183,0.111195,0.302201,0.302201,0.185012,-0.56428
190229,365.0,348.348,0.084539,0.839269,0.839269,0.537068,4.64404
190230,366.0,348.926,0.084539,0.58415,0.58415,-0.255119,-11.9516
190231,367.0,348.501,0.0,0.425,0.0,-0.58415,-0.35
190232,368.0,348.633,0.111195,0.172593,0.172593,0.172593,-0.4678
190233,369.0,348.657,0.111195,0.113755,0.113755,-0.058838,-0.33512
190234,370.0,348.686,0.139682,0.142661,0.142661,0.028906,-0.33929
190235,371.0,348.926,0.139682,0.277689,0.277689,0.135028,-0.34786
190236,372.0,348.786,0.22239,0.262787,0.262787,-0.014902,-0.32295
190237,373.0,348.998,0.139682,0.25388,0.25388,-0.008907,-0.32484
190238,374.0,348.649,0.084539,0.359093,0.359093,0.105213,-0.34043
190239,375.0,349.019,0.139682,0.395488,0.395488,0.036395,-0.32217
190240,376.0,348.786,0.084539,0.247862,0.247862,-0.147626,-0.3036
190241,377.0,348.966,0.084539,0.198864,0.198864,-0.048998,-0.32523
190242,378.0,348.609,0.111195,0.373916,0.373916,0.175052,-0.60719
190243,379.0,349.235,0.084539,0.631683,0.631683,0.257767,-13.60743
190244,380.0,349.074,0.111195,0.195666,0.195666,-0.436017,-0.27754
190245,381.0,349.135,0.084539,0.104249,0.104249,-0.091417,-0.33421
190246,382.0,348.686,0.084539,0.456889,0.456889,0.35264,-0.83748
190247,383.0,348.987,0.139682,0.331831,0.331831,-0.125058,-0.29263
190248,384.0,349.212,0.0,0.225,0.0,-0.331831,-0.35
190249,385.0,349.042,0.084539,0.18986,0.18986,0.18986,-0.48658
190250,386.0,348.617,0.111195,0.439305,0.439305,0.249445,-0.72194
190251,387.0,349.529,0.22239,0.938723,0.938723,0.499418,-20.15262
190252,388.0,348.68,0.111195,0.856251,0.856251,-0.082472,5.06393
190253,389.0,348.26,0.111195,0.43447,0.43447,-0.421781,-0.19302
190254,390.0,348.377,0.237916,0.265128,0.265128,-0.169342,-0.29671
190255,391.0,349.183,0.139682,0.818014,0.818014,0.552886,-17.93574
190256,392.0,348.332,0.22239,0.879578,0.879578,0.061564,4.99934
190257,393.0,348.469,0.111195,0.176446,0.176446,-0.703132,-0.25473
190258,394.0,349.151,0.111195,0.691005,0.691005,0.514559,-15.17278
190259,395.0,348.355,0.111195,0.803729,0.803729,0.112724,4.62645
190300,396.0,348.408,0.253616,0.259095,0.259095,-0.544634,-0.23618
190301,397.0,348.765,1.384607,1.42989,1.42989,1.170795,-10.94824
190302,398.0,348.802,3.556788,3.55698,3.55698,2.12709,-16.13186
190303,399.0,348.152,5.270806,5.310734,5.310734,1.753754,-8.3734
190304,400.0,347.79,6.569983,6.579948,6.579948,1.269214,-12.82582
190305,401.0,347.28,7.510883,7.528178,7.528178,0.94823,-7.51659
190306,402.0,348.416,7.674397,7.758019,7.758019,0.229841,-25.24015
190307,403.0,348.184,8.499328,8.502494,8.502494,0.744475,-12.02553
190308,404.0,348.123,8.701697,8.70191,8.70191,0.199416,-0.14672
190309,405.0,348.271,8.484846,8.486137,8.486137,-0.215773,0.78775
190310,406.0,348.416,7.20279,7.204249,7.204249,-1.281888,5.34803
190311,407.0,348.633,5.475171,5.479469,5.479469,-1.72478,4.83977
190312,408.0,348.255,3.951806,3.969843,3.969843,-1.509626,6.19212
190313,409.0,348.271,3.397977,3.398014,3.398014,-0.571829,1.10844
190314,410.0,348.617,2.630749,2.653405,2.653405,-0.744609,-2.53377
190315,411.0,348.477,2.421631,2.425675,2.425675,-0.22773,1.10203
190316,412.0,349.074,2.701946,2.767115,2.767115,0.34144,-13.98663
190317,413.0,348.966,3.131768,3.133629,3.133629,0.366514,-0.10849
190318,414.0,349.492,2.516848,2.571225,2.571225,-0.562404,-7.46037
190319,415.0,349.328,2.243921,2.249906,2.249906,-0.321319,1.34293
190320,416.0,349.552,1.676187,1.691088,1.691088,-0.558818,-2.48944
190321,417.0,349.404,0.929052,0.940766,0.940766,-0.750322,1.10829
190322,418.0,349.304,0.279365,0.296723,0.296723,-0.644043,-0.20091
190323,419.0,350.247,0.111195,0.949533,0.949533,0.65281,-21.12077
190324,420.0,351.254,0.0,1.007,0.0,-0.949533,-0.35
190325,421.0,351.294,0.111195,0.118171,0.118171,0.118171,-0.34783
190326,422.0,350.929,0.0,0.365,0.0,-0.118171,-0.35
190327,423.0,351.502,0.111195,0.583689,0.583689,0.583689,-12.89236
190328,424.0,351.199,0.0,0.303,0.0,-0.583689,-0.35
190329,425.0,350.913,0.0,0.286,0.0,0.0,-0.35
190330,426.0,351.88,0.111195,0.973372,0.973372,0.973372,-22.31506
190331,427.0,351.407,0.237916,0.529465,0.529465,-0.443907,2.79537
190332,428.0,352.018,0.111195,0.621036,0.621036,0.091571,-13.07051
190333,429.0,351.053,0.084539,0.968696,0.968696,0.34766,5.53841
190334,430.0,351.283,0.111195,0.255469,0.255469,-0.713227,-0.21042
190335,431.0,351.315,0.0,0.032,0.0,-0.255469,-0.35
190336,432.0,351.315,0.111195,0.111195,0.111195,0.111195,-0.34746
190337,433.0,351.817,0.084539,0.509069,0.509069,0.397874,-11.13424
190338,434.0,351.532,0.111195,0.305924,0.305924,-0.203145,-0.28194
190339,435.0,351.455,0.237916,0.250066,0.250066,-0.055858,-0.31776
190340,436.0,352.089,0.139682,0.649205,0.649205,0.399139,-13.97498
190341,437.0,351.603,0.237916,0.54111,0.54111,-0.108095,2.76534
190342,438.0,350.504,0.202365,1.117476,1.117476,0.576366,6.19202
190343,439.0,351.571,0.237916,1.093203,1.093203,-0.024273,-22.29217
190344,440.0,351.307,0.22239,0.345186,0.345186,-0.748017,-0.15377
190345,441.0,350.781,0.139682,0.544231,0.544231,0.199045,2.90888
190346,442.0,351.563,0.139682,0.794377,0.794377,0.250146,-16.8994
190347,443.0,350.998,0.22239,0.607192,0.607192,-0.187185,3.2987
190348,444.0,350.797,0.139682,0.24477,0.24477,-0.362422,-0.27079
190349,445.0,350.628,0.139682,0.219254,0.219254,-0.025516,-0.32596
190350,446.0,350.882,0.22239,0.337599,0.337599,0.118345,-0.34382
190351,447.0,350.488,0.139682,0.418028,0.418028,0.080429,-0.33228
190352,448.0,350.435,0.111195,0.12318,0.12318,-0.294848,-0.31543
190353,449.0,351.254,0.111195,0.826514,0.826514,0.703334,-18.48074
190354,450.0,350.704,0.139682,0.56746,0.56746,-0.259054,3.22271
190355,451.0,350.239,0.0,0.465,0.0,-0.56746,-0.35
193935,2591.0,350.797,3.724093,3.765665,0.00176,1.0e-06,-0.34984
193936,2592.0,350.055,0.0,0.742,0.0,-0.00176,-0.35
193937,2593.0,349.83,0.0,0.225,0.0,0.0,-0.35
193938,2594.0,349.545,0.0,0.285,0.0,0.0,-0.35
193939,2595.0,349.452,0.0,0.093,0.0,0.0,-0.35
193940,2596.0,349.508,0.0,0.056,0.0,0.0,-0.35
193941,2597.0,349.508,0.0,0.0,0.0,0.0,-0.35
193942,2598.0,349.32,0.0,0.188,0.0,0.0,-0.35
193943,2599.0,350.134,0.0,0.814,0.0,0.0,-0.35
193944,2600.0,350.062,0.0,0.072,0.0,0.0,-0.35
193945,2601.0,350.171,0.0,0.109,0.0,0.0,-0.35
193946,2602.0,349.653,0.0,0.518,0.0,0.0,-0.35
193953,2609.0,349.5,0.475832,0.58833,0.58833,-48.141608,19.8465
193954,2610.0,350.062,0.562365,0.795046,0.795046,0.206716,-12.21905
193955,2611.0,350.01,1.370778,1.371764,1.371764,0.576718,-1.38216
193956,2612.0,348.115,0.76893,2.045062,2.045062,0.673298,10.77332
193957,2613.0,347.79,0.676309,0.750346,0.750346,-1.294716,2.36174
193958,2614.0,347.497,0.602127,0.669631,0.669631,-0.080715,1.57223
193959,2615.0,347.782,0.519277,0.592346,0.592346,-0.077285,-6.034
194000,2616.0,348.276,0.355967,0.608891,0.608891,0.016545,-10.52446
194001,2617.0,347.959,0.452742,0.552689,0.552689,-0.056202,1.6962
194002,2618.0,348.16,0.084539,0.218055,0.218055,-0.334634,-0.28328
194003,2619.0,348.392,0.650735,0.690855,0.690855,0.4728,-5.68811
194004,2620.0,348.215,1.12196,1.135835,1.135835,0.44498,0.53807
194005,2621.0,347.859,1.222176,1.272969,1.272969,0.137134,1.8762
194006,2622.0,347.38,1.358776,1.440734,1.440734,0.167765,2.61565
194007,2623.0,347.806,1.16223,1.237843,1.237843,-0.202891,-8.34445
194008,2624.0,347.951,1.12473,1.134038,1.134038,-0.103805,-2.77798
194009,2625.0,348.657,0.68826,0.985971,0.985971,-0.148067,-14.51175
194010,2626.0,348.131,0.0,0.526,0.0,-0.985971,-0.35
194011,2627.0,348.572,0.838092,0.947037,0.947037,0.947037,-11.20101
194012,2628.0,349.404,2.166903,2.32114,2.32114,1.374103,-23.84395
194013,2629.0,349.328,2.733843,2.734899,2.734899,0.413759,-0.3361
194014,2630.0,349.716,4.66412,4.680231,4.680231,1.945332,-26.38029
194015,2631.0,349.716,4.903206,4.903206,4.903206,0.222975,-4.29118
194016,2632.0,348.641,5.051504,5.164622,5.164622,0.261416,5.99554
194017,2633.0,348.464,4.912859,4.916046,4.916046,-0.248576,2.00825
194018,2634.0,348.702,4.514079,4.520349,4.520349,-0.395697,-0.25867
194019,2635.0,348.408,3.910952,3.921987,3.921987,-0.598362,3.34853
194020,2636.0,348.075,3.097965,3.11581,3.11581,-0.806177,3.6159
194021,2637.0,348.625,2.216273,2.283499,2.283499,-0.832311,-7.08603
194022,2638.0,348.007,2.02893,2.120963,2.120963,-0.162536,3.91865
194023,2639.0,349.159,2.215372,2.496994,2.496994,0.376031,-25.68386
194024,2640.0,349.127,2.899056,2.899232,2.899232,0.402238,-3.09378
194025,2641.0,349.167,3.706501,3.706717,3.706717,0.807485,-6.38317
194026,2642.0,349.212,4.102499,4.102746,4.102746,0.396029,-3.43238
194027,2643.0,349.629,4.821689,4.839687,4.839687,0.736941,-15.11003
194028,2644.0,348.902,5.407267,5.45592,5.45592,0.616233,2.58135
194029,2645.0,349.513,6.02093,6.051853,6.051853,0.595933,-18.81497
194030,2646.0,348.717,6.461616,6.510461,6.510461,0.458608,3.36806
194031,2647.0,348.966,6.798469,6.803027,6.803027,0.292566,-7.49567
194032,2648.0,350.195,6.866977,6.976088,6.976088,0.173061,-26.27696
194033,2649.0,348.717,7.214628,7.364464,7.364464,0.388376,7.79722
194034,2650.0,348.68,7.953842,7.953928,7.953928,0.589464,-12.36924
194035,2651.0,349.367,7.673867,7.704557,7.704557,-0.249371,-7.95317
194036,2652.0,349.312,8.25749,8.257673,8.257673,0.553116,-11.86344
194037,2653.0,348.926,8.569046,8.577736,8.577736,0.320063,1.22012
194038,2654.0,349.035,9.057265,9.057921,9.057921,0.480185,-8.64664
194039,2655.0,348.71,8.862101,8.868058,8.868058,-0.189863,3.69115
194040,2656.0,348.533,8.500177,8.50202,8.50202,-0.366038,3.62791
194041,2657.0,348.348,7.976697,7.978842,7.978842,-0.523178,4.28531
194042,2658.0,348.585,7.401652,7.405445,7.405445,-0.573397,1.63116
194043,2659.0,347.766,6.208486,6.262273,6.262273,-1.143172,9.92511
194044,2660.0,347.38,4.578746,4.594988,4.594988,-1.667285,7.36558
194045,2661.0,347.449,2.693422,2.694305,2.694305,-1.900683,2.72725
194046,2662.0,347.721,1.751251,1.772249,1.772249,-0.922056,-1.99773
194047,2663.0,347.513,1.938429,1.949557,1.949557,0.177308,0.90969
194048,2664.0,347.621,3.159358,3.161203,3.161203,1.211646,-9.77641
194049,2665.0,347.225,4.343736,4.36175,4.36175,1.200547,-4.65281
194050,2666.0,347.542,5.582389,5.591382,5.591382,1.229632,-19.80753
194051,2667.0,347.55,6.797008,6.797013,6.797013,1.205631,-15.695
194052,2668.0,347.666,7.263299,7.264225,7.264225,0.467212,-7.52267
194053,2669.0,348.26,6.799839,6.825734,6.825734,-0.438491,-4.07377
194054,2670.0,347.867,6.110121,6.122747,6.122747,-0.702987,5.44273
194055,2671.0,347.991,4.821671,4.823265,4.823265,-1.299482,3.32752
194056,2672.0,348.023,4.348632,4.34875,4.34875,-0.474515,1.18142
194057,2673.0,347.705,3.823163,3.836365,3.836365,-0.512385,3.24739
194058,2674.0,348.007,4.906827,4.916112,4.916112,1.079747,-16.39232
194059,2675.0,348.332,5.88391,5.892879,5.892879,0.976767,-17.47394
194100,2676.0,348.609,6.442338,6.44829,6.44829,0.555411,-11.61645
194101,2677.0,348.85,6.374556,6.37911,6.37911,-0.06918,-2.30244
194102,2678.0,348.44,6.226531,6.240015,6.240015,-0.139095,3.37976
194103,2679.0,347.721,5.995561,6.038519,6.038519,-0.201496,5.5035
194104,2680.0,348.934,5.205877,5.345327,5.345327,-0.693192,-16.07464
194105,2681.0,348.702,3.948999,3.955808,3.955808,-1.389519,4.966
194106,2682.0,348.271,2.647855,2.682703,2.682703,-1.273105,4.7578
194107,2683.0,347.89,1.257138,1.313605,1.313605,-1.369098,3.2887
194108,2684.0,348.509,0.419046,0.747503,0.747503,-0.566102,-12.17354
194109,2685.0,348.717,0.111195,0.235857,0.235857,-0.511646,-0.25133
194110,2686.0,348.662,0.084538,0.100855,0.100855,-0.135002,-0.33193
194111,2687.0,348.424,0.139682,0.275962,0.275962,0.175107,-0.53984
194112,2688.0,348.44,0.084538,0.086039,0.086039,-0.189923,-0.33158
194113,2689.0,348.749,0.111195,0.328398,0.328398,0.242359,-0.62306
194114,2690.0,348.276,0.084538,0.480495,0.480495,0.152097,-0.65698
194115,2691.0,348.416,0.0,0.14,0.0,-0.480495,-0.35
194116,2692.0,347.83,0.111195,0.596456,0.596456,0.596456,3.13042
194117,2693.0,347.682,0.111195,0.185117,0.185117,-0.411339,-0.28435
194118,2694.0,348.015,0.084538,0.343563,0.343563,0.158446,-0.57413
194119,2695.0,347.528,0.139682,0.506636,0.506636,0.163073,2.67873
194120,2696.0,346.923,0.084538,0.610878,0.610878,0.104242,3.43562
194121,2697.0,347.119,0.084538,0.213454,0.213454,-0.397424,-0.27618
194122,2698.0,347.597,0.0,0.478,0.0,-0.213454,-0.35
194123,2699.0,346.855,0.0,0.742,0.0,0.0,-0.35
194124,2700.0,347.063,0.111195,0.235857,0.235857,0.235857,-0.54283
194125,2701.0,347.597,0.084538,0.54065,0.54065,0.304793,-11.71377
194126,2702.0,347.055,0.084538,0.548553,0.548553,0.007903,3.075
194127,2703.0,347.69,0.0,0.635,0.0,-0.548553,-0.35
194128,2704.0,347.481,0.0,0.209,0.0,0.0,-0.35
194129,2705.0,347.565,0.111195,0.139357,0.139357,0.139357,-0.34931
194130,2706.0,348.075,0.139682,0.528783,0.528783,0.389426,-11.30276
194131,2707.0,347.42,0.139682,0.669728,0.669728,0.140945,3.7331
194132,2708.0,347.404,0.084538,0.086039,0.086039,-0.583689,-0.31007
194133,2709.0,347.906,0.139682,0.521071,0.521071,0.435032,-11.18197
194134,2710.0,347.365,0.111195,0.552309,0.552309,0.031238,3.06092
194135,2711.0,347.999,0.0,0.634,0.0,-0.552309,-0.35
194136,2712.0,347.557,0.0,0.442,0.0,0.0,-0.35
194137,2713.0,347.373,0.111195,0.214989,0.214989,0.214989,-0.51619
194138,2714.0,347.497,0.276921,0.303416,0.303416,0.088427,-0.33868
194139,2715.0,347.642,0.169077,0.222738,0.222738,-0.080678,-0.31777
194140,2716.0,348.231,0.084538,0.595036,0.595036,0.372298,-12.96949
194141,2717.0,347.349,0.169077,0.89806,0.89806,0.303024,5.05577
194142,2718.0,347.89,0.0,0.541,0.0,-0.89806,-0.35
194143,2719.0,347.425,0.0,0.465,0.0,0.0,-0.35
194144,2720.0,348.067,0.084538,0.647542,0.647542,0.647542,-14.48495
194145,2721.0,347.89,0.0,0.177,0.0,-0.647542,-0.35
194146,2722.0,348.2,0.111195,0.329339,0.329339,0.329339,-0.68499
194147,2723.0,348.139,0.0,0.061,0.0,-0.329339,-0.35
194148,2724.0,347.758,0.0,0.381,0.0,0.0,-0.35
194149,2725.0,348.107,0.084538,0.359093,0.359093,0.359093,-0.73806
194150,2726.0,348.361,0.111195,0.277273,0.277273,-0.08182,-0.30968
194151,2727.0,348.525,0.0,0.164,0.0,-0.277273,-0.35
194152,2728.0,349.119,0.0,0.594,0.0,0.0,-0.35
194153,2729.0,348.918,0.0,0.201,0.0,0.0,-0.35
194154,2730.0,348.926,0.0,0.008,0.0,0.0,-0.35
194155,2731.0,349.095,0.0,0.169,0.0,0.0,-0.35
194156,2732.0,349.404,0.111195,0.328398,0.328398,0.328398,-0.68337
194157,2733.0,348.485,0.0,0.919,0.0,-0.328398,-0.35
194158,2734.0,348.456,0.084538,0.089374,0.089374,0.089374,-0.34672
194159,2735.0,348.469,0.0,0.013,0.0,-0.089374,-0.35
194200,2736.0,348.998,0.276921,0.597098,0.597098,0.597098,-12.00059
194201,2737.0,348.377,0.084538,0.626728,0.626728,0.02963,3.56542
194202,2738.0,348.215,0.333585,0.370841,0.370841,-0.255887,-0.25508
194203,2739.0,348.247,1.674588,1.674893,1.674893,1.304052,-5.15349
194204,2740.0,348.741,3.626658,3.660149,3.660149,1.985256,-25.02702
194205,2741.0,348.355,5.120057,5.134587,5.134587,1.474438,-10.11726
194206,2742.0,348.2,6.185816,6.187758,6.187758,1.053171,-13.09373
194207,2743.0,348.348,6.698488,6.700123,6.700123,0.512365,-8.50034
194208,2744.0,347.883,6.981133,6.996603,6.996603,0.29648,1.94157
194209,2745.0,348.316,6.68733,6.701333,6.701333,-0.29527,-2.91639
194210,2746.0,347.721,7.757846,7.780629,7.780629,1.079296,-8.52909
194211,2747.0,347.914,9.244315,9.246329,9.246329,1.4657,-29.96329
194212,2748.0,348.316,10.542065,10.549727,10.549727,1.303398,-34.13395
194213,2749.0,348.416,12.516749,12.517149,12.517149,1.967422,-50.2199
194214,2750.0,347.721,13.084125,13.102571,13.102571,0.585422,0.01145
194215,2751.0,347.935,13.853443,13.855096,13.855096,0.752525,-22.54236
194216,2752.0,348.123,14.438403,14.439627,14.439627,0.584531,-17.90334
194217,2753.0,348.123,14.839486,14.839486,14.839486,0.399859,-21.78642
194218,2754.0,347.613,15.14429,15.152875,15.152875,0.313389,-0.73479
194219,2755.0,347.055,15.293299,15.303476,15.303476,0.150601,0.99375
194220,2756.0,347.272,15.717368,15.718866,15.718866,0.41539,-14.82084
194221,2757.0,346.509,15.549365,15.568073,15.568073,-0.150793,5.00459
194222,2758.0,346.823,15.60741,15.610569,15.610569,0.042496,-4.29371
194223,2759.0,346.368,15.937821,15.944314,15.944314,0.333745,-2.10936
194224,2760.0,346.461,16.626221,16.626481,16.626481,0.682167,-22.83108
194225,2761.0,346.313,16.773459,16.774111,16.774111,0.14763,-2.98041
194226,2762.0,346.546,16.710063,16.711687,16.711687,-0.062424,-3.05905
194227,2763.0,347.637,17.016184,17.051123,17.051123,0.339436,-32.04579
194228,2764.0,347.557,17.012824,17.013012,17.013012,-0.038111,-1.65228
194229,2765.0,348.601,17.242676,17.274253,17.274253,0.261241,-28.43468
194230,2766.0,348.493,17.238531,17.238869,17.238869,-0.035384,-1.72705
194231,2767.0,349.476,17.359589,17.387398,17.387398,0.148529,-23.08637
194232,2768.0,349.629,17.242677,17.243355,17.243355,-0.144043,-2.1677
194233,2769.0,350.126,17.405847,17.412941,17.412941,0.169586,-13.71167
194234,2770.0,349.621,16.811705,16.819288,16.819288,-0.593653,7.11293
194235,2771.0,350.335,16.483104,16.498561,16.498561,-0.320727,-3.15651
194236,2772.0,351.796,16.245242,16.310807,16.310807,-0.187754,-20.60992
194237,2773.0,351.487,16.363354,16.366272,16.366272,0.055465,-0.5975
194238,2774.0,351.78,16.470742,16.473348,16.473348,0.107076,-6.51601
194239,2775.0,352.33,16.686951,16.696012,16.696012,0.222664,-16.15526
194240,2776.0,352.189,16.57861,16.57921,16.57921,-0.116802,-0.03665
194241,2777.0,351.516,16.692947,16.706508,16.706508,0.127298,0.57649
194242,2778.0,351.037,16.689735,16.696607,16.696607,-0.009901,0.83294
194243,2779.0,350.704,16.80086,16.80416,16.80416,0.107553,-1.43244
194244,2780.0,350.226,16.911987,16.918741,16.918741,0.114581,-0.72357
194245,2781.0,349.143,17.134242,17.168435,17.168435,0.249694,1.30774
194246,2782.0,348.26,17.363089,17.385527,17.385527,0.217092,0.16832
194247,2783.0,347.79,17.69636,17.7026,17.7026,0.317073,-3.90012
194248,2784.0,347.425,17.709079,17.71284,17.71284,0.01024,-1.11569
194249,2785.0,346.802,17.725418,17.736363,17.736363,0.023523,0.31714
194250,2786.0,346.461,17.777564,17.780834,17.780834,0.044471,-1.72367
194251,2787.0,345.486,17.837775,17.864401,17.864401,0.083567,1.69152
194252,2788.0,345.201,17.487394,17.489716,17.489716,-0.374685,2.89479
194253,2789.0,344.767,18.215615,18.220784,18.220784,0.731068,-35.08098
194254,2790.0,344.868,18.012575,18.012858,18.012858,-0.207926,-1.84413
194255,2791.0,343.996,17.433598,17.455392,17.455392,-0.557466,8.6049
194256,2792.0,344.553,17.680291,17.689063,17.689063,0.233671,-17.60805
194257,2793.0,345.518,17.957552,17.983462,17.983462,0.294399,-28.76463
194258,2794.0,344.984,18.275385,18.283185,18.283185,0.299723,-4.04154
194259,2795.0,345.016,18.107154,18.107183,18.107183,-0.176002,-1.87106
194300,2796.0,344.891,17.547138,17.547583,17.547583,-0.5596,3.91269
194301,2797.0,345.156,17.097805,17.099859,17.099859,-0.447724,0.56295
194302,2798.0,345.634,15.981549,15.988696,15.988696,-1.111163,6.70035
194303,2799.0,345.301,14.869161,14.872889,14.872889,-1.115807,11.93882
194304,2800.0,345.586,13.893583,13.896506,13.896506,-0.976383,6.88135
194305,2801.0,347.103,13.425816,13.511248,13.511248,-0.385258,-16.38579
194306,2802.0,346.553,12.649437,12.661388,12.661388,-0.84986,11.07032
194307,2803.0,346.693,12.617859,12.618636,12.618636,-0.042752,0.30524
194308,2804.0,346.686,12.797475,12.797477,12.797477,0.178841,-0.67646
194309,2805.0,346.947,13.019693,13.022309,13.022309,0.224832,-7.35302
194310,2806.0,346.421,12.824515,12.835297,12.835297,-0.187012,5.51256
194311,2807.0,348.16,12.267954,12.390594,12.390594,-0.444703,-20.19516
194312,2808.0,347.557,12.458613,12.473197,12.473197,0.082603,4.01715
194313,2809.0,347.217,13.33442,13.338754,13.338754,0.865557,-24.31502
194314,2810.0,347.164,13.99105,13.99115,13.99115,0.652396,-26.13294
194315,2811.0,347.235,14.74023,14.740401,14.740401,0.749251,-21.09388
194316,2812.0,347.079,15.213639,15.214439,15.214439,0.474038,-21.88822
194317,2813.0,346.723,15.210942,15.215108,15.215108,0.000669,1.26466
194318,2814.0,347.018,15.215562,15.218422,15.218422,0.003314,-2.81911
194319,2815.0,346.538,15.017533,15.025202,15.025202,-0.19322,4.03977
194320,2816.0,346.184,14.703454,14.707715,14.707715,-0.317487,4.62378
194321,2817.0,345.586,14.096316,14.108995,14.108995,-0.59872,8.98252
194322,2818.0,346.104,13.69156,13.701356,13.701356,-0.407639,0.49201
194323,2819.0,345.333,13.216403,13.238873,13.238873,-0.462483,9.16058
194324,2820.0,344.955,12.47728,12.483004,12.483004,-0.755869,9.25636
194325,2821.0,344.434,11.254874,11.266927,11.266927,-1.216077,12.89272
194326,2822.0,343.911,9.566443,9.580729,9.580729,-1.686198,14.21195
194327,2823.0,343.623,7.878834,7.884096,7.884096,-1.696633,10.75869
194328,2824.0,344.257,5.862953,5.897133,5.897133,-1.986963,3.72725
194329,2825.0,343.927,4.488448,4.500563,4.500563,-1.39657,6.13323
194330,2826.0,343.887,3.972526,3.972727,3.972727,-0.527836,1.61271
194331,2827.0,344.405,4.718916,4.747262,4.747262,0.774535,-17.49316
194332,2828.0,344.321,5.79757,5.798179,5.798179,1.050917,-13.53046
194333,2829.0,343.903,6.137005,6.151224,6.151224,0.353045,1.48933
194334,2830.0,343.478,6.436189,6.450206,6.450206,0.298982,1.72136
194335,2831.0,343.61,6.757938,6.759227,6.759227,0.309021,-5.27286
194336,2832.0,343.763,7.246208,7.247823,7.247823,0.488596,-8.61845
194337,2833.0,343.47,9.270259,9.274888,9.274888,2.027065,-37.71561
194338,2834.0,343.531,9.228509,9.22871,9.22871,-0.046178,0.53678
194339,2835.0,343.755,9.537578,9.540208,9.540208,0.311498,-7.89057
194340,2836.0,344.096,9.286618,9.292877,9.292877,-0.247331,-0.00979
194341,2837.0,344.342,9.493465,9.496652,9.496652,0.203775,-6.15911
194342,2838.0,344.152,9.631377,9.633251,9.633251,0.136599,1.05033
194343,2839.0,344.791,10.469661,10.489143,10.489143,0.855892,-28.93893
194344,2840.0,344.405,10.980926,10.987708,10.987708,0.498565,-0.17159
194345,2841.0,344.59,11.609868,11.611342,11.611342,0.623634,-15.138
194346,2842.0,344.421,12.079095,12.080277,12.080277,0.468935,-13.66369
194347,2843.0,344.342,12.498513,12.498763,12.498763,0.418486,-15.15263
194348,2844.0,343.425,12.703452,12.736506,12.736506,0.237743,4.55812
194349,2845.0,343.346,13.137426,13.137664,13.137664,0.401158,-16.10123
194350,2846.0,343.06,13.139144,13.142256,13.142256,0.004592,2.27229
194351,2847.0,342.719,13.219694,13.224091,13.224091,0.081835,1.91576
194352,2848.0,342.434,12.966616,12.969748,12.969748,-0.254343,4.50303
194353,2849.0,342.482,13.164544,13.164632,13.164632,0.194884,-2.14423
194354,2850.0,342.434,13.099081,13.099169,13.099169,-0.065463,1.39874
194355,2851.0,342.976,13.603672,13.614465,13.614465,0.515296,-22.07615
194356,2852.0,342.342,13.792318,13.806882,13.806882,0.192417,2.36416
194357,2853.0,343.129,14.122009,14.143921,14.143921,0.337039,-22.52869
194358,2854.0,342.891,13.899623,13.90166,13.90166,-0.242261,3.65847
194359,2855.0,343.208,13.566045,13.569748,13.569748,-0.331912,1.14439
194400,2856.0,343.385,13.344463,13.345637,13.345637,-0.224111,1.19943
194401,2857.0,343.192,13.012279,13.01371,13.01371,-0.331927,4.55196
194402,2858.0,343.393,13.012279,13.013831,13.013831,0.000121,-0.64667
194403,2859.0,343.309,13.343659,13.343923,13.343923,0.330092,-14.44143
194404,2860.0,343.718,13.233277,13.239596,13.239596,-0.104327,-1.29294
194405,2861.0,343.623,13.123453,13.123797,13.123797,-0.115799,2.09704
194406,2862.0,343.679,12.898889,12.89901,12.89901,-0.224787,2.16687
194407,2863.0,343.309,12.898889,12.904194,12.904194,0.005184,2.9339
194408,2864.0,343.184,12.676504,12.67712,12.67712,-0.227074,3.40884
194409,2865.0,343.871,12.345243,12.364344,12.364344,-0.312776,-1.66916
194410,2866.0,343.562,12.127618,12.131554,12.131554,-0.23279,4.81356
194411,2867.0,344.004,12.028088,12.036207,12.036207,-0.095347,-2.30579
194412,2868.0,343.763,11.927865,11.9303,11.9303,-0.105907,3.35755
194413,2869.0,344.321,11.712457,11.725741,11.725741,-0.204559,-2.30918
194414,2870.0,344.429,10.722828,10.723372,10.723372,-1.002369,7.01489
194415,2871.0,343.539,9.073618,9.117162,9.117162,-1.60621,15.47474
194416,2872.0,344.196,6.945746,6.97675,6.97675,-2.140412,5.74983
194417,2873.0,343.996,5.33837,5.342116,5.342116,-1.634634,6.9664
194418,2874.0,344.574,3.93875,3.980934,3.980934,-1.361182,-0.12692
194419,2875.0,344.643,4.677647,4.678156,4.678156,0.697222,-7.22918
194420,2876.0,346.292,5.919579,6.144967,6.144967,1.466811,-52.05695
194421,2877.0,346.569,6.83455,6.840161,6.840161,0.695194,-13.96915
194422,2878.0,347.822,7.580046,7.68291,7.68291,0.842749,-37.73596
194423,2879.0,347.063,8.220762,8.255726,8.255726,0.572816,2.24242
194424,2880.0,347.851,8.987741,9.022218,9.022218,0.766492,-28.35825
194425,2881.0,348.517,9.716684,9.739482,9.739482,0.717264,-25.6201
194426,2882.0,348.4,10.570092,10.57074,10.57074,0.831258,-20.65203
194427,2883.0,348.702,11.248154,11.252208,11.252208,0.681468,-18.69274
194428,2884.0,349.468,11.755396,11.780327,11.780327,0.528119,-25.03506
194429,2885.0,350.52,12.262646,12.307688,12.307688,0.527361,-31.41533
194430,2886.0,351.841,12.345185,12.415661,12.415661,0.107973,-26.06919
194431,2887.0,352.507,12.429741,12.447571,12.447571,0.03191,-10.34421
194432,2888.0,353.04,12.599343,12.610612,12.610612,0.163041,-11.12299
194433,2889.0,354.332,12.683896,12.749529,12.749529,0.138917,-26.42932
194434,2890.0,355.862,12.685358,12.777293,12.777293,0.027764,-28.39425
194435,2891.0,356.737,12.007475,12.039314,12.039314,-0.737979,1.33253
194436,2892.0,357.551,11.076843,11.106712,11.106712,-0.932602,2.42748
194437,2893.0,358.531,10.823175,10.867452,10.867452,-0.23926,-11.17454
194438,2894.0,359.887,10.405743,10.493724,10.493724,-0.373728,-16.41738
194439,2895.0,361.667,10.2337,10.387349,10.387349,-0.106375,-31.36204
194440,2896.0,362.502,10.570093,10.603022,10.603022,0.215673,-18.70526
194441,2897.0,363.974,10.912832,11.011662,11.011662,0.40864,-36.55785
194442,2898.0,364.873,10.598131,10.636192,10.636192,-0.37547,-6.62303
194443,2899.0,365.583,11.086931,11.109641,11.109641,0.473449,-22.1728
194444,2900.0,366.646,11.08985,11.14068,11.14068,0.031039,-19.05908
194445,2901.0,368.783,10.529968,10.744626,10.744626,-0.396054,-31.93276
194446,2902.0,371.579,10.116143,10.495426,10.495426,-0.2492,-49.35943
194447,2903.0,371.975,9.927811,9.935706,9.935706,-0.55972,1.80942
194448,2904.0,373.262,9.563352,9.649564,9.649564,-0.286142,-17.86274
194449,2905.0,373.812,8.715565,8.732901,8.732901,-0.916663,2.23618
194450,2906.0,374.75,7.268285,7.328562,7.328562,-1.404339,1.09375
194451,2907.0,376.184,5.743667,5.919972,5.919972,-1.40859,-10.60057
194452,2908.0,376.871,4.984288,5.031411,5.031411,-0.888561,-3.53983
194453,2909.0,377.664,3.980363,4.058588,4.058588,-0.972823,-7.21466
194454,2910.0,378.887,3.310389,3.52908,3.52908,-0.529508,-20.83726
194455,2911.0,379.765,3.657326,3.761238,3.761238,0.232158,-19.38746
194456,2912.0,380.851,5.117761,5.231719,5.231719,1.470481,-37.78737
194457,2913.0,381.564,6.130317,6.171641,6.171641,0.939922,-25.59004
194458,2914.0,382.378,6.44986,6.501022,6.501022,0.329381,-19.76743
194459,2915.0,383.689,6.685078,6.812414,6.812414,0.311392,-30.01058
194500,2916.0,385.604,6.247549,6.534455,6.534455,-0.277959,-34.36171
194501,2917.0,386.193,4.871009,4.90649,4.90649,-1.627965,1.53159
194502,2918.0,386.923,3.67094,3.74282,3.74282,-1.16367,-5.13386
194503,2919.0,387.568,3.523309,3.581861,3.581861,-0.160959,-11.47442
194504,2920.0,387.491,3.819604,3.82038,3.82038,0.238519,-0.08254
194505,2921.0,387.956,5.620284,5.639487,5.639487,1.819107,-30.11166
194506,2922.0,388.36,6.299593,6.312534,6.312534,0.673047,-15.75276
194507,2923.0,388.685,5.25019,5.26024,5.26024,-1.052294,1.65664
194508,2924.0,389.367,3.205443,3.277192,3.277192,-1.983048,-0.15947
194509,2925.0,389.695,1.480763,1.516655,1.516655,-1.760537,-1.04041
194510,2926.0,389.362,0.356033,0.487492,0.487492,-1.029163,0.01417
194511,2927.0,389.85,0.685526,0.841481,0.841481,0.353989,-10.93988
194512,2928.0,389.507,0.789847,0.861108,0.861108,0.019627,1.85661
194513,2929.0,389.407,1.923084,1.925683,1.925683,1.064575,-3.24083
194514,2930.0,390.252,3.763269,3.85697,3.85697,1.931287,-32.70025
194515,2931.0,391.209,4.961587,5.053038,5.053038,1.196068,-31.62974
194516,2932.0,391.946,6.132242,6.176372,6.176372,1.123334,-28.51853
194517,2933.0,392.887,6.995765,7.058768,7.058768,0.882396,-30.93263
194518,2934.0,394.134,7.780548,7.879844,7.879844,0.821076,-37.51928
194519,2935.0,394.593,8.075894,8.088927,8.088927,0.209083,-10.72982
194520,2936.0,395.299,7.739153,7.771289,7.771289,-0.317638,-7.15674
194521,2937.0,395.843,8.059211,8.077551,8.077551,0.306262,-14.18508
194522,2938.0,397.629,8.279284,8.46973,8.46973,0.392179,-41.83327
194523,2939.0,398.274,8.928777,8.952044,8.952044,0.482314,-19.85301
194524,2940.0,399.603,8.581711,8.684008,8.684008,-0.268036,-20.11094
194525,2941.0,399.527,7.656364,7.656741,7.656741,-1.027267,5.90966
194526,2942.0,400.621,6.908431,6.994516,6.994516,-0.662225,-10.97976
194527,2943.0,401.281,5.825394,5.862663,5.862663,-1.131853,0.33418
194528,2944.0,402.803,5.80911,6.005185,6.005185,0.142522,-32.03827
194529,2945.0,403.495,6.262396,6.300513,6.300513,0.295328,-16.69119
194530,2946.0,404.521,6.880212,6.956292,6.956292,0.655779,-29.19562
194531,2947.0,405.696,7.040462,7.137838,7.137838,0.181546,-25.27198
194532,2948.0,407.266,7.023711,7.197043,7.197043,0.059205,-31.66302
194533,2949.0,408.291,7.295996,7.367644,7.367644,0.170601,-21.95521
194534,2950.0,409.575,7.568538,7.67668,7.67668,0.309036,-29.63281
194535,2951.0,409.031,7.131468,7.152187,7.152187,-0.524493,6.15121
194536,2952.0,409.319,6.791065,6.797169,6.797169,-0.355018,0.07646
194537,2953.0,408.859,5.441908,5.461316,5.461316,-1.335853,7.68634
194538,2954.0,409.636,4.757095,4.820133,4.820133,-0.641183,-8.44576
194539,2955.0,409.636,5.234128,5.234128,5.234128,0.413995,-6.7008
194540,2956.0,409.552,6.563406,6.563943,6.563943,1.329815,-19.44545
194541,2957.0,409.636,7.708201,7.708659,7.708659,1.144716,-18.26342
194542,2958.0,408.999,7.791307,7.817304,7.817304,0.108645,3.89011
194543,2959.0,409.303,7.779256,7.785194,7.785194,-0.03211,-3.46897
194544,2960.0,409.443,7.91242,7.913658,7.913658,0.128464,-2.68462
194545,2961.0,408.954,8.259657,8.274119,8.274119,0.360461,1.67116
194546,2962.0,409.272,9.42597,9.431332,9.431332,1.157213,-26.86694
194547,2963.0,409.272,10.174711,10.174711,10.174711,0.743379,-20.28886
194548,2964.0,409.972,10.931238,10.953628,10.953628,0.778917,-29.03338
194549,2965.0,410.564,11.847845,11.862626,11.862626,0.908998,-31.09003
194550,2966.0,409.131,11.176652,11.268143,11.268143,-0.594483,14.12553
194551,2967.0,409.211,11.583261,11.583538,11.583538,0.315395,-5.30286
194552,2968.0,409.599,10.71141,10.718435,10.718435,-0.865103,4.33077
194553,2969.0,410.461,10.214672,10.250979,10.250979,-0.467456,-4.34049
194554,2970.0,410.873,10.969867,10.977601,10.977601,0.726622,-21.80479
194555,2971.0,411.924,10.659459,10.711147,10.711147,-0.266454,-12.20409
194556,2972.0,413.209,10.509493,10.587761,10.587761,-0.123386,-20.47025
194557,2973.0,414.818,9.558592,9.693068,9.693068,-0.894693,-11.96964
194558,2974.0,415.338,9.420467,9.434808,9.434808,-0.25826,-2.59778
194559,2975.0,415.861,9.66343,9.677572,9.677572,0.242764,-12.76262
194600,2976.0,415.93,9.848461,9.848703,9.848703,0.171131,-1.75714
194601,2977.0,416.226,10.213405,10.217693,10.217693,0.36899,-10.78155
194602,2978.0,416.903,11.083474,11.104131,11.104131,0.886438,-31.27269
194603,2979.0,417.146,11.240163,11.242789,11.242789,0.138658,-4.42867
194604,2980.0,418.39,11.168126,11.237196,11.237196,-0.005593,-21.93093
194605,2981.0,419.291,10.63637,10.674463,10.674463,-0.562733,-2.35245
194606,2982.0,421.519,10.393204,10.629331,10.629331,-0.045132,-41.96083
194607,2983.0,423.067,9.733654,9.855979,9.855979,-0.773352,-12.85684
194608,2984.0,424.103,9.856588,9.910884,9.910884,0.054905,-19.54068
194609,2985.0,425.413,9.910883,9.997084,9.997084,0.0862,-25.91463
194610,2986.0,426.198,10.594705,10.623747,10.623747,0.626663,-26.98248
194611,2987.0,426.262,11.181613,11.181797,11.181797,0.55805,-10.70553
194612,2988.0,426.433,11.324445,11.325736,11.325736,0.143939,-3.0301
194613,2989.0,426.854,11.123613,11.131577,11.131577,-0.194159,-0.32755
194614,2990.0,427.102,11.017875,11.020665,11.020665,-0.110912,0.13665
194615,2991.0,428.426,11.262902,11.340456,11.340456,0.319791,-31.42757
194616,2992.0,429.432,11.454734,11.498825,11.498825,0.158369,-20.82996
194617,2993.0,429.308,10.918878,10.919582,10.919582,-0.579243,5.67883
194618,2994.0,430.257,10.434354,10.477421,10.477421,-0.442161,-6.39103
194619,2995.0,429.284,9.372092,9.422465,9.422465,-1.054956,13.04523
194620,2996.0,429.773,7.264728,7.281167,7.281167,-2.141298,7.24996
194621,2997.0,429.884,5.442721,5.443852,5.443852,-1.837315,5.846
194622,2998.0,429.89,3.806745,3.80675,3.80675,-1.637102,3.93516
194623,2999.0,429.736,2.172781,2.178232,2.178232,-1.628518,3.06728
194624,3000.0,429.961,0.789842,0.821265,0.821265,-1.356967,-2.42441
194625,3001.0,430.608,0.812052,1.038286,1.038286,0.217021,-14.05237
194626,3002.0,430.64,1.955681,1.955943,1.955943,0.917657,-4.23276
194627,3003.0,430.312,3.173114,3.190021,3.190021,1.234078,-2.90523
194628,3004.0,430.521,4.017957,4.023389,4.023389,0.833368,-10.58291
194629,3005.0,431.184,5.017474,5.061089,5.061089,1.0377,-23.78055
194630,3006.0,430.983,6.421409,6.424554,6.424554,1.363465,-17.0071
194631,3007.0,431.871,7.362408,7.415766,7.415766,0.991212,-32.07474
194632,3008.0,432.299,8.087139,8.098457,8.098457,0.682691,-18.26929
194633,3009.0,432.688,9.018927,9.027312,9.027312,0.928855,-23.14209
194634,3010.0,432.759,9.599345,9.599607,9.599607,0.572295,-10.04756
194635,3011.0,433.087,9.966006,9.971402,9.971402,0.371795,-11.43855
194636,3012.0,433.539,10.338898,10.348774,10.348774,0.377372,-14.27313
194637,3013.0,434.654,10.748697,10.806373,10.806373,0.457599,-30.14491
194638,3014.0,436.033,11.099365,11.184702,11.184702,0.378329,-33.95371
194639,3015.0,436.088,10.765193,10.765333,10.765333,-0.419369,3.39029
194640,3016.0,436.712,10.19854,10.217612,10.217612,-0.547721,0.45092
194641,3017.0,437.092,9.412541,9.420209,9.420209,-0.797403,3.07386
194642,3018.0,438.036,8.973694,9.02321,9.02321,-0.396999,-9.22112
194643,3019.0,437.819,8.304868,8.307703,8.307703,-0.715507,5.6494
194644,3020.0,438.715,7.684589,7.736648,7.736648,-0.571055,-6.98961
194645,3021.0,438.794,6.284141,6.284638,6.284638,-1.45201,5.58177
194646,3022.0,438.683,4.248601,4.25005,4.25005,-2.034588,6.24272
194647,3023.0,439.634,3.775037,3.892982,3.892982,-0.357068,-16.04059
194648,3024.0,440.641,4.857349,4.960634,4.960634,1.067652,-31.11445
194649,3025.0,440.673,6.394976,6.395056,6.395056,1.434422,-18.44418
194650,3026.0,440.602,7.480159,7.480496,7.480496,1.08544,-18.78139
194651,3027.0,441.703,8.346057,8.418365,8.418365,0.937869,-37.27631
194652,3028.0,442.483,8.620076,8.655294,8.655294,0.236929,-17.97523
194653,3029.0,442.842,8.891931,8.899175,8.899175,0.243881,-9.30645
194654,3030.0,443.302,8.690795,8.70296,8.70296,-0.196215,-3.23104
194655,3031.0,444.776,8.481271,8.608405,8.608405,-0.094555,-26.41355
194656,3032.0,444.449,8.433625,8.439962,8.439962,-0.168443,3.47966
194657,3033.0,444.512,9.025881,9.0261,9.0261,0.586138,-9.71137
194658,3034.0,443.661,9.331606,9.370329,9.370329,0.344229,3.91709
194659,3035.0,442.951,9.646176,9.67227,9.67227,0.301941,3.27449
194700,3036.0,441.233,9.919946,10.067614,10.067614,0.395344,8.93743
194701,3037.0,440.142,9.783028,9.843674,9.843674,-0.22394,8.92672
194702,3038.0,439.621,9.856691,9.870451,9.870451,0.026777,3.81196
194703,3039.0,439.206,10.50091,10.509107,10.509107,0.638656,-9.94381
194704,3040.0,437.819,10.453797,10.545409,10.545409,0.036302,9.23019
194705,3041.0,436.493,10.890571,10.970999,10.970999,0.42559,6.19292
194706,3042.0,436.276,11.34077,11.342846,11.342846,0.371847,-9.1977
194707,3043.0,435.042,11.900043,11.963853,11.963853,0.621007,4.0256
194708,3044.0,434.965,12.255093,12.255334,12.255334,0.291481,-11.33094
194709,3045.0,433.742,12.60636,12.665545,12.665545,0.410211,5.12445
194710,3046.0,432.651,12.610205,12.657312,12.657312,-0.008233,7.67232
194711,3047.0,432.347,12.652792,12.656443,12.656443,-0.000869,2.7109
194712,3048.0,431.848,12.490017,12.499981,12.499981,-0.156462,5.24759
194713,3049.0,430.944,12.333342,12.366428,12.366428,-0.133553,7.6497
194714,3050.0,430.656,11.936357,11.939831,11.939831,-0.426597,6.08109
194715,3051.0,430.872,11.156156,11.158247,11.158247,-0.781584,5.11925
194716,3052.0,430.833,9.930109,9.930185,9.930185,-1.228062,8.72993
194717,3053.0,430.508,8.726445,8.732495,8.732495,-1.19769,9.24447
194718,3054.0,430.397,7.421656,7.422486,7.422486,-1.310009,7.27869
194719,3055.0,429.993,6.614918,6.627243,6.627243,-0.795243,6.18186
194720,3056.0,429.525,6.927192,6.942983,6.942983,0.31574,1.87854
194721,3057.0,430.001,6.974631,6.990855,6.990855,0.047872,-8.64249
194722,3058.0,430.624,8.559623,8.582266,8.582266,1.591411,-39.49551
194723,3059.0,431.316,8.733337,8.76071,8.76071,0.178444,-15.04497
194724,3060.0,432.355,8.035986,8.102876,8.102876,-0.657834,-7.88243
194725,3061.0,432.799,6.605608,6.620513,6.620513,-1.482363,3.78374
194726,3062.0,433.835,5.34734,5.446774,5.446774,-1.173739,-6.59512
194727,3063.0,434.21,3.976691,3.994333,3.994333,-1.452441,1.38201
194728,3064.0,434.714,2.579751,2.628523,2.628523,-1.36581,-2.40467
194729,3065.0,435.253,1.980813,2.052838,2.052838,-0.575685,-8.46436
194730,3066.0,435.658,1.728804,1.775609,1.775609,-0.277229,-7.21906
194731,3067.0,436.276,1.488132,1.611354,1.611354,-0.164255,-12.21745
194732,3068.0,435.51,1.709491,1.873263,1.873263,0.261909,4.28649
194733,3069.0,435.357,0.809575,0.823905,0.823905,-1.049358,1.22925
194734,3070.0,435.378,0.553938,0.554336,0.554336,-0.269569,-0.3341
194735,3071.0,436.049,0.607181,0.904936,0.904936,0.3506,-14.79328
194736,3072.0,436.001,0.374002,0.37707,0.37707,-0.527866,-0.18836
194737,3073.0,436.368,0.838156,0.914983,0.914983,0.537913,-8.79772
194738,3074.0,435.658,1.433109,1.599344,1.599344,0.684361,3.52812
194739,3075.0,436.345,0.676448,0.964132,0.964132,-0.635212,-13.12515
194740,3076.0,435.441,0.602246,1.08624,1.08624,0.122108,5.29908
194741,3077.0,435.829,0.812062,0.899993,0.899993,-0.186247,-7.8338
194742,3078.0,435.993,0.893569,0.908494,0.908494,0.008501,-3.51486
194743,3079.0,435.634,1.122007,1.178041,1.178041,0.269547,1.79515
194744,3080.0,436.453,0.44478,0.931982,0.931982,-0.246059,-16.71713
194745,3081.0,437.663,1.038757,1.594715,1.594715,0.662733,-27.4401
194746,3082.0,437.896,1.012049,1.038524,1.038524,-0.556191,-3.66922
194747,3083.0,437.679,0.908983,0.934526,0.934526,-0.103998,1.15101
194748,3084.0,437.756,1.030992,1.033864,1.033864,0.099338,-1.85624
194749,3085.0,438.279,0.984916,1.115163,1.115163,0.081299,-11.14406
