043137,0,17.043572,0.0,0.0,0,0,-0.35
043140,3.0,17.028041,29.011822,29.011826,9.670609,3.223536,-60.12841
043143,6.0,17.002335,10.585954,10.585985,3.528662,-2.047316,3.90054
043147,10.0,16.985158,18.268808,18.268817,4.567204,0.259635,-3.70824
043150,13.0,16.9781,34.008703,34.008704,11.336235,2.256344,-50.71491
043152,15.0,16.977037,30.367083,30.367083,15.183542,1.923653,-62.03578
043155,18.0,17.161348,31.665253,31.665789,10.555263,-1.54276,9.17488
043158,21.0,17.274438,41.090108,41.090264,13.696755,1.047164,-23.35169
043201,24.0,17.498345,33.594763,33.595509,11.198503,-0.832751,5.41844
043204,27.0,17.777385,47.796745,47.797559,15.93252,1.578006,-44.84728
043206,29.0,17.904857,38.762001,38.762211,19.381105,1.724292,-61.28438
043209,32.0,17.978693,38.401266,38.401337,12.800446,-2.193553,15.61453
043212,35.0,18.227029,45.791921,45.792594,15.264198,0.821251,-21.41023
043215,38.0,18.624258,43.921809,43.923605,14.641202,-0.207665,0.19668
043218,41.0,18.923541,25.553773,25.555525,8.518508,-2.040898,9.31971
043220,43.0,19.356594,24.974417,24.978171,12.489086,1.985289,-45.29145
043223,46.0,19.850317,35.010518,35.013999,11.671333,-0.272584,1.67521
043226,49.0,20.068044,27.930843,27.931692,9.310564,-0.786923,4.10315
043228,51.0,20.397767,26.539559,26.541607,13.270803,1.980119,-47.25637
043230,53.0,21.13466,22.059068,22.071373,11.035686,-1.117558,5.46394
043232,55.0,22.044163,19.780136,19.801035,9.900517,-0.567585,1.21705
043234,57.0,22.538396,16.836816,16.844068,8.422034,-0.739241,2.47487
043237,60.0,23.057749,15.022435,15.03141,5.01047,-1.137188,2.23746
043239,62.0,23.57192,11.454602,11.466136,5.733068,0.361299,-7.08604
043240,63.0,23.706261,0.625184,0.639454,0.639454,-5.093614,0.75243
043318,101.0,31.405742,12.814745,14.949906,0.393419,-0.006475,-0.31722
043320,103.0,32.291215,15.050159,15.076184,7.538092,3.572337,-55.09643
043322,105.0,32.845719,21.341675,21.348877,10.674439,1.568174,-32.32157
043325,108.0,33.26794,25.690863,25.694332,8.564777,-0.703221,2.94661
043327,110.0,33.716295,29.18095,29.184394,14.592197,3.01371,-80.98412
043329,112.0,34.27706,29.885426,29.890687,14.945343,0.176573,-6.78629
043331,114.0,34.839716,28.96091,28.966375,14.483188,-0.231077,-0.30801
043333,116.0,35.457445,28.432646,28.439356,14.219678,-0.131755,-1.05487
043335,118.0,35.859066,28.600404,28.603224,14.301612,0.040967,-1.87452
043338,121.0,36.019268,27.975201,27.97566,9.32522,-1.658797,8.62086
043340,123.0,36.038407,26.011631,26.011638,13.005819,1.840299,-40.14438
043342,125.0,36.008328,22.985774,22.985794,11.492897,-0.756461,5.59341
043344,127.0,35.977468,21.857519,21.857541,10.928771,-0.282063,2.4756
043346,129.0,36.170581,26.75622,26.756917,13.378458,1.224844,-28.04095
043348,131.0,36.664331,28.52593,28.530203,14.265101,0.443321,-12.66025
043351,134.0,37.33937,28.803074,28.810983,9.603661,-1.553813,7.4456
043353,136.0,37.809146,26.521825,26.525985,13.262993,1.829666,-44.84404
043355,138.0,38.010238,16.706701,16.707911,8.353956,-2.454519,10.98808
043358,141.0,38.044199,12.565335,12.565381,4.18846,-1.388499,3.08822
043400,143.0,38.037533,4.3762,4.376205,2.188102,-1.000179,1.0304
043414,157.0,37.743939,10.909668,10.913618,0.779544,-0.100611,-0.13368
043416,159.0,37.552859,14.841541,14.842771,7.421385,3.32092,-45.75694
043418,161.0,37.457879,14.320522,14.320837,7.160419,-0.130483,1.03672
043420,163.0,37.216652,6.897016,6.901233,3.450617,-1.854901,4.04318
043421,164.0,37.143951,0.351462,0.358903,0.358903,-3.091714,0.28023
043428,171.0,36.953855,14.850703,14.851919,2.121703,0.251829,-0.32451
043432,175.0,37.333737,51.736117,51.737512,12.934378,2.703169,-61.75323
043434,177.0,37.161185,26.349128,26.349693,13.174846,0.120234,-0.10922
043437,180.0,36.698167,25.114447,25.118715,8.372905,-1.600647,8.49497
043439,182.0,36.23483,24.396234,24.400633,12.200317,1.913706,-43.00489
043441,184.0,35.978015,23.926744,23.928123,11.964061,-0.118128,2.31657
043443,186.0,35.657928,23.723582,23.725741,11.862871,-0.050595,2.02932
043445,188.0,34.844695,21.137642,21.15328,10.57664,-0.643116,6.52583
043448,191.0,33.717587,16.715619,16.753576,5.584525,-1.664038,7.15865
043450,193.0,32.41631,19.478164,19.521583,9.760792,2.088134,-28.95915
043452,195.0,31.080483,21.552157,21.593515,10.796758,0.517983,1.225
043455,198.0,30.101511,18.829673,18.855104,6.285035,-1.503908,7.04965
043457,200.0,29.329655,17.394862,17.411978,8.705989,1.210477,-15.33091
043459,202.0,28.622777,17.521357,17.53561,8.767805,0.030908,2.18592
043501,204.0,28.126834,15.818412,15.826185,7.913092,-0.427356,3.5097
043503,206.0,27.912879,18.962199,18.963406,9.481703,0.784305,-14.97265
043506,209.0,27.875657,18.722782,18.722819,6.24094,-1.080254,3.90635
043508,211.0,28.002515,15.551507,15.552024,7.776012,0.767536,-10.03244
043510,213.0,28.452473,18.436916,18.442406,9.221203,0.722595,-13.63711
043512,215.0,29.133911,22.254994,22.265425,11.132712,0.955755,-22.13352
043515,218.0,29.517738,21.426964,21.430402,7.143467,-1.329748,4.74538
043517,220.0,29.530887,20.974502,20.974506,10.487253,1.671893,-29.01226
043519,222.0,29.614787,23.083544,23.083696,11.541848,0.527298,-8.30175
043521,224.0,29.795367,24.027345,24.028023,12.014012,0.236082,-2.929
043524,227.0,29.923305,24.663701,24.664033,8.221344,-1.264223,5.79941
043526,229.0,30.005928,24.958585,24.958722,12.479361,2.129008,-45.39157
043528,231.0,30.334113,25.338947,25.341072,12.670536,0.095588,-1.41691
043530,233.0,30.806304,25.57444,25.578799,12.789399,0.059431,-1.90912
043533,236.0,31.414895,26.149485,26.156566,8.718855,-1.356848,5.78225
