182614,0,331.902,0.0,0.0,0,0,-0.35
182617,3.0,331.817,35.11659,35.116693,11.705564,3.901855,-91.69802
182620,6.0,331.963,34.844066,34.844372,11.614791,-0.030258,0.79599
182622,8.0,332.126,24.707636,24.708173,12.354087,0.369648,-6.33714
182624,10.0,332.277,23.787776,23.788255,11.894128,-0.229979,2.04935
182626,12.0,332.404,24.137812,24.138146,12.069073,0.087472,0.02609
182629,15.0,332.501,39.259136,39.259256,13.086419,0.339115,-5.31739
182632,18.0,332.599,38.949781,38.949904,12.983301,-0.034373,0.5396
182635,21.0,332.707,36.697553,36.697712,12.232571,-0.250243,2.44671
182637,23.0,332.929,23.202035,23.203097,11.601548,-0.315512,2.33572
182639,25.0,333.429,23.518099,23.523413,11.761707,0.08008,-2.70429
182641,27.0,334.137,26.605284,26.614703,13.307351,0.772822,-22.66541
182643,29.0,334.766,26.864554,26.871916,13.435958,0.064303,-3.857
182646,32.0,335.136,41.115266,41.116931,13.705644,0.089895,-1.39632
182649,35.0,335.351,44.261014,44.261537,14.753846,0.349401,-7.92936
182651,37.0,335.651,32.095086,32.096488,16.048244,0.647199,-19.96569
182654,40.0,336.05,50.292728,50.29431,16.76477,0.238842,-7.71201
182657,43.0,336.348,48.020794,48.021718,16.007239,-0.25251,-0.08365
182659,45.0,336.458,30.398632,30.398831,15.199415,-0.403912,2.06721
182702,48.0,336.43,46.73611,46.736118,15.578706,0.12643,-2.52897
182705,51.0,336.278,48.68366,48.683897,16.227966,0.21642,-3.7633
182707,53.0,335.989,32.43291,32.434197,16.217099,-0.005433,-1.16948
182710,56.0,335.584,45.794853,45.796644,15.265548,-0.317184,2.33592
182713,59.0,335.094,36.359977,36.363279,12.121093,-1.048152,9.13504
182716,62.0,334.593,26.762048,26.766737,8.922246,-1.066282,6.88326
182719,65.0,334.197,11.311789,11.318719,3.772906,-1.716447,4.41685
182721,67.0,333.948,0.0,0.249,0.0,-1.886453,-0.35
182750,96.0,333.785,0.0,0.163,0.0,0.0,-0.35
182803,109.0,333.592,20.610871,20.611775,1.585521,0.121963,-0.24333
182806,112.0,333.248,30.913421,30.915335,10.305112,2.90653,-59.20921
182808,114.0,332.758,22.830669,22.835927,11.417964,0.556426,-11.93582
182811,117.0,331.577,40.956792,40.973816,13.657939,0.746658,-18.86
182814,120.0,329.094,41.719652,41.793476,13.931159,0.091073,3.75813
182817,123.0,326.106,43.915472,44.017006,14.672335,0.247059,2.80465
182820,126.0,324.018,46.665642,46.712331,15.570777,0.299481,-0.21073
182822,128.0,323.132,31.84703,31.859352,15.929676,0.17945,-0.91551
182824,130.0,322.96,29.97834,29.978834,14.989417,-0.47013,3.54987
182827,133.0,322.878,40.086416,40.0865,13.362167,-0.542417,4.52461
182830,136.0,322.559,29.189432,29.191175,9.730392,-1.210592,7.93879
182832,138.0,322.084,11.046835,11.057043,5.528521,-2.100936,8.11089
182835,141.0,321.634,6.067596,6.084261,2.028087,-1.166811,2.01531
182855,161.0,321.273,15.621561,15.625732,0.781287,-0.06234,-0.15518
182858,164.0,321.053,24.095209,24.096214,8.032071,2.416928,-38.80114
182901,167.0,320.981,27.724488,27.724581,9.241527,0.403152,-10.07661
182903,169.0,320.99,22.193801,22.193803,11.096901,0.927687,-16.36651
182905,171.0,321.08,22.89569,22.895867,11.447933,0.175516,-1.04462
182907,173.0,321.272,24.349277,24.350034,12.175017,0.363542,-6.30744
182910,176.0,321.469,38.23404,38.234548,12.744849,0.189944,-1.99251
182913,179.0,321.57,38.032335,38.03247,12.67749,-0.022453,0.62457
182916,182.0,321.582,37.149843,37.149845,12.383282,-0.098069,1.48902
182919,185.0,321.53,37.693294,37.69333,12.564443,0.060387,0.37929
182922,188.0,321.423,40.672142,40.672283,13.557428,0.330995,-14.49611
182925,191.0,321.269,43.854608,43.854878,14.618293,0.353622,-17.09066
182928,194.0,321.039,45.029219,45.029806,15.009935,0.130547,-1.66644
182931,197.0,320.685,46.524143,46.52549,15.508497,0.166187,-2.20519
182933,199.0,320.295,30.878408,30.880871,15.440436,-0.034031,0.05828
182935,201.0,320.036,30.728117,30.729208,15.364604,-0.037916,-0.21175
182937,203.0,319.951,31.439324,31.439439,15.71972,0.177558,-2.93484
182939,205.0,319.961,35.0063,35.006301,17.503151,0.891715,-27.95598
182941,207.0,320.028,36.17595,36.176012,18.088006,0.292428,-8.98521
182943,209.0,320.16,35.803208,35.803451,17.901726,-0.09314,-3.15047
182946,212.0,320.33,51.311617,51.311899,17.103966,-0.26592,-0.61037
182949,215.0,320.488,39.123294,39.123613,13.041204,-1.354254,10.23108
182951,217.0,320.599,19.784462,19.784773,9.892386,-1.574409,9.22133
182954,220.0,320.649,20.282771,20.282832,6.760944,-1.043814,4.20614
182956,222.0,320.655,9.422904,9.422906,4.711453,-1.024746,2.80489
182959,225.0,320.599,6.212227,6.212479,2.070826,-0.880209,0.97194
183001,227.0,320.461,0.0,0.138,0.0,-1.035413,-0.35
183013,239.0,320.223,21.567946,21.569259,1.797438,0.149787,-0.24061
183016,242.0,319.886,28.710748,28.712726,9.570909,2.591157,-49.03553
183018,244.0,319.545,21.677121,21.679803,10.839901,0.634496,-14.07417
183020,246.0,319.324,22.611432,22.612512,11.306256,0.233178,-0.06355
183023,249.0,319.227,36.280923,36.281053,12.093684,0.262476,-10.14083
183026,252.0,319.205,39.425602,39.425608,13.141869,0.349395,-14.65935
183028,254.0,319.183,28.614685,28.614693,14.307346,0.582739,-23.45615
183030,256.0,319.074,30.663439,30.663633,15.331816,0.512235,-23.34994
183033,259.0,318.894,49.653339,49.653665,16.551222,0.406469,-23.25801
183035,261.0,318.75,33.271191,33.271502,16.635751,0.042264,-2.42488
183038,264.0,318.688,48.595305,48.595345,16.198448,-0.145768,-0.54593
183041,267.0,318.67,46.247655,46.247659,15.415886,-0.260854,1.01765
183044,270.0,318.675,43.021558,43.021559,14.34052,-0.358455,2.47439
183047,273.0,318.7,41.235812,41.235819,13.745273,-0.198416,1.48491
183050,276.0,318.734,44.390957,44.39097,14.79699,0.350572,-6.86649
183052,278.0,318.758,33.30435,33.304359,16.65218,0.927595,-27.35504
183055,281.0,318.765,51.07368,51.073681,17.02456,0.124127,-4.03243
183058,284.0,318.763,53.036876,53.036876,17.678959,0.218133,-5.69246
183101,287.0,318.76,51.410678,51.410678,17.136893,-0.180689,-1.15019
183104,290.0,318.76,47.882357,47.882357,15.960786,-0.392036,1.78284
183107,293.0,318.826,45.396291,45.396339,15.132113,-0.276224,1.18927
183109,295.0,319.076,30.28914,30.290171,15.145086,0.006486,-1.84398
183112,298.0,319.574,45.565383,45.568104,15.189368,0.014761,-2.18256
183115,301.0,320.23,51.24758,51.251778,17.083926,0.631519,-22.51155
183117,303.0,320.821,34.349168,34.354252,17.177126,0.0466,-5.08103
183120,306.0,321.16,49.331014,49.332179,16.44406,-0.244355,-0.5796
183123,309.0,321.303,47.668687,47.668902,15.889634,-0.184809,-0.31825
183126,312.0,321.4,49.843061,49.843155,16.614385,0.241584,-5.75787
183128,314.0,321.475,34.745998,34.746078,17.373039,0.379327,-11.17761
183130,316.0,321.504,34.965961,34.965973,17.482986,0.054974,-3.91492
183133,319.0,321.486,54.197564,54.197567,18.065856,0.19429,-5.88657
183136,322.0,321.339,54.123914,54.124113,18.041371,-0.008162,-3.52813
183138,324.0,320.988,33.366341,33.368187,16.684094,-0.678638,4.98108
183141,327.0,320.567,47.961575,47.963422,15.987807,-0.232096,1.08961
183144,330.0,320.292,49.961915,49.962672,16.654224,0.222139,-4.04526
183147,333.0,320.205,53.946567,53.946637,17.982212,0.442663,-29.07198
183149,335.0,320.25,36.235397,36.235425,18.117713,0.06775,-4.7993
183151,337.0,320.367,35.511867,35.512059,17.75603,-0.180841,-2.06801
183154,340.0,320.474,51.882765,51.882875,17.294292,-0.153913,-1.76598
183157,343.0,320.521,53.488492,53.488513,17.829504,0.178404,-5.56052
183200,346.0,320.526,57.350291,57.350292,19.116764,0.429087,-14.58174
183202,348.0,320.516,38.688227,38.688228,19.344114,0.113675,-6.63705
183204,350.0,320.508,37.904336,37.904337,18.952169,-0.195972,-2.78858
183207,353.0,320.49,58.70858,58.708583,19.569528,0.205786,-7.95581
183209,355.0,320.453,38.652077,38.652095,19.326048,-0.12174,-3.93774
183212,358.0,320.416,56.675767,56.675779,18.891926,-0.144707,-3.23044
183215,361.0,320.394,52.476245,52.476249,17.492083,-0.466614,1.41215
183218,364.0,320.362,54.03736,54.03737,18.012457,0.173458,-5.58085
183221,367.0,320.307,54.729839,54.729866,18.243289,0.076944,-4.81164
183223,369.0,320.226,36.094251,36.094342,18.047171,-0.098059,-2.65482
183226,372.0,320.104,54.104566,54.104704,18.034901,-0.00409,-3.60957
183228,374.0,319.897,35.56457,35.565173,17.782586,-0.126158,-1.74138
183230,376.0,319.601,34.220572,34.221853,17.110926,-0.33583,1.21485
183233,379.0,319.301,54.339051,54.339879,18.113293,0.334122,-24.34802
183236,382.0,319.092,58.210783,58.211158,19.403719,0.430142,-32.23196
183239,385.0,318.997,59.948929,59.949004,19.983001,0.193094,-8.24047
183242,388.0,318.985,65.056042,65.056043,21.685348,0.567449,-46.91731
183245,391.0,319.014,68.834518,68.834524,22.944841,0.419831,-20.17153
183247,393.0,319.056,46.792044,46.792063,23.396031,0.225595,-14.286
183250,396.0,319.09,69.561848,69.561856,23.187285,-0.069582,-9.9605
183253,399.0,319.103,66.795246,66.795247,22.265082,-0.307401,-5.50932
183256,402.0,319.094,62.564156,62.564157,20.854719,-0.470121,-1.75188
183259,405.0,319.021,58.65231,58.652355,19.550785,-0.434645,-0.67115
183301,407.0,318.812,35.216691,35.217311,17.608656,-0.971065,6.94141
183303,409.0,318.501,33.210483,33.211939,16.60597,-0.501343,3.23213
183306,412.0,318.242,51.303012,51.303666,17.101222,0.165084,-4.0186
183309,415.0,318.031,53.095965,53.096384,17.698795,0.199191,-5.13392
183311,417.0,317.709,36.426733,36.428157,18.214078,0.257642,-5.85839
183314,420.0,317.183,57.138597,57.141018,19.047006,0.277643,-7.08614
183317,423.0,316.488,59.145238,59.149321,19.71644,0.223145,-7.08764
183320,426.0,315.829,60.939382,60.942945,20.314315,0.199292,-7.72674
183323,429.0,315.449,60.125123,60.126323,20.042108,-0.090736,-4.53905
183325,431.0,315.351,41.231113,41.231229,20.615615,0.286753,-30.93508
183328,434.0,315.444,65.820989,65.821055,21.940352,0.441579,-19.90658
183331,437.0,315.784,70.394509,70.39533,23.46511,0.508253,-26.94397
183333,439.0,316.429,48.092392,48.096717,24.048359,0.291625,-21.92633
183336,442.0,317.326,71.477783,71.483411,23.827804,-0.073518,-12.52709
183338,444.0,318.336,47.668977,47.679676,23.839838,0.006017,-14.78525
183341,447.0,319.209,72.085545,72.090831,24.030277,0.06348,-14.69003
183344,450.0,319.712,70.561987,70.563779,23.52126,-0.169672,-10.01249
183347,453.0,319.863,69.380652,69.380816,23.126939,-0.13144,-9.26868
183350,456.0,319.812,67.214119,67.214139,22.404713,-0.240742,-6.42927
183352,458.0,319.69,44.805764,44.80593,22.402965,-0.000874,-9.25139
183355,461.0,319.535,68.01857,68.018747,22.672916,0.089984,-10.89264
183358,464.0,319.309,72.659462,72.659813,24.219938,0.515674,-53.5133
183401,467.0,319.024,76.563408,76.563939,25.521313,0.433792,-54.7772
183403,469.0,318.768,52.56969,52.570313,26.285157,0.381922,-54.88227
183406,472.0,318.597,81.403221,81.403401,27.134467,0.283103,-21.83879
183409,475.0,318.521,82.90016,82.900195,27.633398,0.16631,-21.22843
183411,477.0,318.512,54.782504,54.782505,27.391252,-0.121073,-16.34694
183413,479.0,318.616,53.453482,53.453583,26.726791,-0.332231,-12.20331
183416,482.0,318.872,76.229683,76.230113,25.410038,-0.438918,-8.66656
183419,485.0,319.145,71.533704,71.534225,23.844742,-0.521765,-5.2798
183422,488.0,319.288,68.978706,68.978855,22.992952,-0.28393,-7.04906
183424,490.0,319.318,43.415095,43.415106,21.707553,-0.642699,-0.68503
183426,492.0,319.157,41.381595,41.381909,20.690954,-0.508299,-0.68671
183429,495.0,318.737,56.941123,56.942671,18.98089,-0.570021,2.0008
183431,497.0,318.247,30.410117,30.414064,15.207032,-1.886929,16.63504
183434,500.0,317.872,35.144979,35.146979,11.71566,-1.163791,9.37659
183437,503.0,317.512,23.580583,23.583331,7.86111,-1.28485,6.83144
183439,505.0,317.106,10.76215,10.769805,5.384903,-1.238103,5.07551
183441,507.0,316.789,11.006686,11.01125,5.505625,0.060361,0.83748
183444,510.0,316.659,24.41506,24.415406,8.138469,0.877615,-15.83475
183447,513.0,316.652,39.236884,39.236884,13.078961,1.646831,-47.22684
183450,516.0,316.691,48.281637,48.281653,16.093884,1.004974,-28.51724
183452,518.0,316.737,36.608946,36.608974,18.304487,1.105302,-37.61352
183454,520.0,316.792,39.49464,39.494678,19.747339,0.721426,-27.07214
183456,522.0,316.91,42.177587,42.177752,21.088876,0.670768,-28.37914
183459,525.0,317.203,67.491566,67.492202,22.497401,0.469508,-23.26608
183502,528.0,317.74,71.429826,71.431844,23.810615,0.437738,-25.57682
183505,531.0,318.489,75.516679,75.520393,25.173464,0.454283,-30.01051
183508,534.0,319.454,79.641839,79.647685,26.549228,0.458588,-34.01831
183511,537.0,320.626,81.391942,81.40038,27.13346,0.194744,-22.97712
183514,540.0,321.803,80.965748,80.974303,26.991434,-0.047342,-18.96273
183516,542.0,322.736,53.922546,53.930617,26.965308,-0.013063,-19.8577
183519,545.0,323.333,81.021313,81.023513,27.007838,0.014177,-18.86001
183521,547.0,323.627,54.237245,54.238042,27.119021,0.055592,-19.42578
183524,550.0,323.781,81.551845,81.55199,27.183997,0.021659,-18.49013
183527,553.0,324.056,81.258593,81.259059,27.086353,-0.032548,-17.6871
183529,555.0,324.542,54.131921,54.134103,27.067051,-0.009651,-18.85307
183531,557.0,325.099,54.095646,54.098513,27.049257,-0.008897,-19.02976
183534,560.0,325.657,81.445735,81.447646,27.149215,0.033319,-19.35896
183537,563.0,326.203,80.999076,81.000917,27.000306,-0.049636,-17.76646
183539,565.0,326.62,54.400536,54.402134,27.201067,0.10038,-20.62949
183542,568.0,326.908,81.267114,81.267624,27.089208,-0.037286,-17.64454
183545,571.0,327.25,81.016457,81.017179,27.005726,-0.027827,-17.73247
183548,574.0,327.727,81.264667,81.266067,27.088689,0.027654,-19.00246
183550,576.0,328.206,54.108708,54.110828,27.055414,-0.016637,-18.70438
183552,578.0,328.544,53.828208,53.829269,26.914634,-0.07039,-17.21317
183555,581.0,328.721,81.032515,81.032708,27.010903,0.03209,-18.35948
183557,583.0,328.809,54.352885,54.352957,27.176478,0.082788,-19.38566
183600,586.0,328.879,81.645023,81.645053,27.215018,0.012847,-18.25854
183603,589.0,328.95,80.96963,80.969661,26.989887,-0.075044,-16.46807
183606,592.0,329.032,81.211145,81.211187,27.070396,0.026836,-18.21647
183608,594.0,329.13,54.220884,54.220973,27.110486,0.020045,-18.31079
183611,597.0,329.34,81.724271,81.724541,27.241514,0.043676,-19.05202
183614,600.0,329.711,81.809845,81.810686,27.270229,0.009572,-18.8781
183616,602.0,330.056,54.275362,54.276459,27.138229,-0.066,-17.72295
183619,605.0,330.209,80.850874,80.851019,26.95034,-0.06263,-16.73872
183622,608.0,330.117,81.191207,81.191259,27.063753,0.037804,-18.04841
183624,610.0,329.695,54.222746,54.224388,27.112194,0.024221,-16.92129
183627,613.0,329.058,81.386112,81.388605,27.129535,0.00578,-16.66142
183630,616.0,328.467,80.848288,80.850448,26.950149,-0.059795,-15.39095
183632,618.0,327.982,53.902728,53.90491,26.952455,0.001153,-16.07886
183634,620.0,327.467,54.097101,54.099553,27.049776,0.048661,-16.91626
183636,622.0,326.85,54.214096,54.217607,27.108803,0.029514,-16.44901
183639,625.0,326.277,81.197393,81.199415,27.066472,-0.01411,-16.35031
183641,627.0,325.944,54.113555,54.11458,27.05729,-0.004591,-16.61713
183644,630.0,325.858,80.798597,80.798643,26.932881,-0.04147,-16.58335
183647,633.0,325.883,80.930627,80.930631,26.976877,0.014665,-17.73968
183649,635.0,325.922,54.11162,54.111635,27.055817,0.03947,-18.33844
183652,638.0,325.954,81.016144,81.016151,27.005384,-0.016811,-17.32202
183655,641.0,326.011,80.885144,80.885164,26.961721,-0.014554,-17.32006
183658,644.0,326.096,80.779011,80.779056,26.926352,-0.01179,-17.3474
183700,646.0,326.171,53.797879,53.797931,26.898965,-0.013694,-17.31728
183702,648.0,326.266,53.989496,53.98958,26.99479,0.047912,-18.50693
183705,651.0,326.54,80.782626,80.78309,26.927697,-0.022364,-17.54062
183708,654.0,327.051,80.634582,80.636202,26.878734,-0.016321,-17.98344
183710,656.0,327.587,54.039875,54.042533,27.021267,0.071267,-20.15602
183713,659.0,327.908,80.877839,80.878476,26.959492,-0.020592,-17.71683
183716,662.0,327.998,81.382685,81.382735,27.127578,0.056029,-18.795
183718,664.0,327.923,54.219593,54.219645,27.109822,-0.008878,-17.37595
183721,667.0,327.74,81.286117,81.286323,27.095441,-0.004794,-17.27966
183723,669.0,327.55,54.1356,54.135933,27.067966,-0.013738,-16.89764
183725,671.0,327.422,53.757215,53.757367,26.878683,-0.094641,-15.4665
183727,673.0,327.27,53.725198,53.725413,26.862707,-0.007988,-16.69985
183729,675.0,327.039,54.012119,54.012613,27.006307,0.0718,-17.98449
183732,678.0,326.825,80.883804,80.884087,26.961362,-0.014982,-16.8066
183735,681.0,326.723,80.921011,80.921075,26.973692,0.00411,-17.33377
183738,684.0,326.704,81.21935,81.219352,27.073117,0.033142,-18.12973
183741,687.0,326.713,81.231334,81.231335,27.077112,0.001332,-17.69758
183744,690.0,326.701,80.83409,80.834091,26.944697,-0.044138,-16.70324
183747,693.0,326.656,80.78326,80.783273,26.927758,-0.005646,-17.20189
183749,695.0,326.629,53.713489,53.713496,26.856748,-0.035505,-16.61631
183752,698.0,326.662,80.785036,80.785043,26.928348,0.023867,-17.80301
183754,700.0,326.744,54.34719,54.347251,27.173626,0.122639,-19.98132
183757,703.0,326.839,81.553065,81.55312,27.184373,0.003582,-18.10088
183800,706.0,326.907,81.402323,81.402351,27.134117,-0.016752,-17.63766
183802,708.0,326.932,54.371897,54.371903,27.185952,0.025918,-18.34356
183804,710.0,326.904,54.390308,54.390315,27.195157,0.004602,-17.88165
183807,713.0,326.767,81.139382,81.139498,27.046499,-0.049553,-16.57911
183810,716.0,326.486,80.911292,80.91178,26.970593,-0.025302,-16.53983
183812,718.0,326.097,53.890674,53.892078,26.946039,-0.012277,-16.12816
183815,721.0,325.68,81.507468,81.508534,27.169511,0.074491,-18.21582
183818,724.0,325.354,81.628317,81.628968,27.209656,0.013382,-17.51503
183820,726.0,325.198,54.098979,54.099204,27.049602,-0.080027,-15.93204
183822,728.0,325.174,53.231761,53.231766,26.615883,-0.216859,-13.41275
183825,731.0,325.2,67.129782,67.129787,22.376596,-1.413096,8.45737
183827,733.0,325.223,35.497092,35.4971,17.74855,-2.314023,19.84079
183830,736.0,325.227,40.048935,40.048935,13.349645,-1.466302,11.41697
183833,739.0,324.969,28.392703,28.393875,9.464625,-1.295007,8.06382
183835,741.0,324.088,11.963516,11.995911,5.997955,-1.733335,8.59927
183837,743.0,322.621,7.231455,7.378755,3.689377,-1.154289,6.51442
183840,746.0,321.147,0.0,1.474,0.0,-1.229792,-0.35
183851,757.0,320.24,25.057753,25.074163,2.279469,0.207224,0.03586
183853,759.0,319.978,21.162051,21.163673,10.581836,4.151183,-85.87481
183856,762.0,320.167,41.115667,41.116101,13.705367,1.041177,-24.94178
183859,765.0,320.715,50.32839,50.331374,16.777125,1.023919,-33.95856
183901,767.0,321.436,37.533343,37.540268,18.770134,0.996504,-41.31118
183904,770.0,322.151,61.078381,61.082566,20.360855,0.53024,-24.82396
183907,773.0,323.0,66.061557,66.067012,22.022337,0.553827,-29.54048
183909,775.0,324.123,46.507763,46.521319,23.26066,0.619162,-39.98844
183912,778.0,325.454,73.741742,73.753753,24.584584,0.441308,-32.03904
183915,781.0,326.908,76.441049,76.454877,25.484959,0.300125,-27.44542
183918,784.0,328.298,78.272541,78.284882,26.094961,0.203334,-23.08893
183920,786.0,329.401,51.241836,51.253705,25.626853,-0.234054,-14.6183
183922,788.0,330.256,50.110129,50.117423,25.058711,-0.284071,-12.27306
183925,791.0,330.909,74.576173,74.579032,24.859677,-0.066345,-13.8755
183927,793.0,331.267,48.219863,48.221192,24.110596,-0.374541,-8.16588
183930,796.0,331.35,53.694634,53.694699,17.898233,-2.070788,17.29689
183932,798.0,331.269,24.370375,24.370509,12.185255,-2.856489,21.04459
183935,801.0,330.932,34.094109,34.095774,11.365258,-0.273332,3.23708
183938,804.0,330.064,33.312472,33.323779,11.107926,-0.085777,2.96195
183940,806.0,328.679,24.362154,24.401491,12.200746,0.54641,0.98868
183943,809.0,327.219,42.495764,42.520837,14.173612,0.657622,-16.17729
183945,811.0,326.074,30.474858,30.49636,15.24818,0.537284,-2.64561
183948,814.0,325.32,47.918089,47.924021,15.974674,0.242165,-2.60821
183950,816.0,324.841,32.836507,32.84,16.42,0.222663,-2.96673
183953,819.0,324.467,50.464849,50.466234,16.822078,0.134026,-3.19944
183956,822.0,324.089,53.428345,53.429682,17.809894,0.329272,-22.8537
183958,824.0,323.692,37.947451,37.949527,18.974764,0.582435,-34.00196
184000,826.0,323.314,38.965254,38.967087,19.483544,0.25439,-7.3541
184003,829.0,322.956,61.768183,61.76922,20.58974,0.368732,-32.76739
184006,832.0,322.63,65.193006,65.193821,21.731274,0.380511,-37.31532
184009,835.0,322.419,66.092148,66.092485,22.030828,0.099851,-9.91134
184011,837.0,322.349,45.301378,45.301432,22.650716,0.309944,-38.92884
184014,840.0,322.356,69.991794,69.991795,23.330598,0.226627,-14.08273
184017,843.0,322.415,71.57238,71.572404,23.857468,0.175623,-14.40681
184019,845.0,322.568,48.47216,48.472402,24.236201,0.189367,-15.58327
184022,848.0,322.805,73.231322,73.231706,24.410569,0.058123,-14.07929
184025,851.0,323.07,74.317804,74.318277,24.772759,0.12073,-15.64969
184027,853.0,323.353,49.874556,49.875359,24.937679,0.08246,-15.69978
184029,855.0,323.647,50.082707,50.08357,25.041785,0.052053,-15.4822
184032,858.0,324.008,74.632272,74.633145,24.877715,-0.05469,-13.52416
184034,860.0,324.487,48.272826,48.275203,24.137601,-0.370057,-8.60448
184036,862.0,324.93,46.450201,46.452313,23.226157,-0.455722,-6.07452
184038,864.0,325.163,44.715464,44.716071,22.358035,-0.434061,-4.64448
184041,867.0,325.212,63.380616,63.380635,21.126878,-0.410386,-2.8859
184044,870.0,325.089,60.250445,60.25057,20.083523,-0.347785,-2.12186
184046,872.0,324.768,39.240623,39.241936,19.620968,-0.231277,-2.2595
184049,875.0,324.304,58.955264,58.95709,19.652363,0.010465,-5.04266
184051,877.0,323.685,40.276182,40.280938,20.140469,0.244053,-7.49159
184053,879.0,322.877,41.645989,41.653827,20.826913,0.343222,-9.15496
184055,881.0,322.013,42.686137,42.69488,21.34744,0.260263,-8.81239
184058,884.0,321.271,63.079733,63.084097,21.028032,-0.106469,-4.9451
184100,886.0,320.722,40.351505,40.35524,20.17762,-0.425206,-0.02315
184103,889.0,320.298,59.855281,59.856783,19.952261,-0.07512,-4.5243
184105,891.0,319.872,39.295383,39.297692,19.648846,-0.151708,-2.88937
184108,894.0,319.461,56.759835,56.761323,18.920441,-0.242802,-1.50213
184110,896.0,319.199,37.252824,37.253745,18.626873,-0.146784,-2.25356
184112,898.0,319.118,36.473177,36.473267,18.236634,-0.19512,-1.8438
184114,900.0,319.196,36.542581,36.542664,18.271332,0.017349,-4.54347
184117,903.0,319.485,56.219425,56.220168,18.740056,0.156241,-6.89629
184119,905.0,319.96,39.32166,39.324529,19.662265,0.461105,-21.02575
184121,907.0,320.413,39.66762,39.670206,19.835103,0.086419,-8.27285
184124,910.0,320.668,60.48256,60.483097,20.161032,0.108643,-8.17241
184127,913.0,320.73,62.57647,62.576501,20.858834,0.232601,-10.26679
184129,915.0,320.608,43.293279,43.293451,21.646725,0.393945,-38.47817
184132,918.0,320.173,65.890998,65.892434,21.964145,0.105807,-9.46482
184134,920.0,319.45,45.101607,45.107402,22.553701,0.294778,-11.60651
184136,922.0,318.766,44.669243,44.674479,22.33724,-0.10823,-6.20598
184139,925.0,318.394,64.035193,64.036273,21.345424,-0.330605,-3.32717
184142,928.0,318.309,59.683397,59.683457,19.894486,-0.483646,-0.44085
184144,930.0,318.404,37.599142,37.599262,18.799631,-0.547427,0.86285
184147,933.0,318.725,55.375555,55.376485,18.458828,-0.113601,-3.75819
184149,935.0,319.343,38.574531,38.579481,19.289741,0.415456,-20.11702
184151,937.0,320.16,40.237213,40.245506,20.122753,0.416506,-23.2317
184153,939.0,321.009,41.221514,41.230256,20.615128,0.246187,-17.51412
184155,941.0,321.742,41.773348,41.779779,20.889889,0.137381,-12.37505
184158,944.0,322.236,62.081938,62.083904,20.694635,-0.065085,-7.30783
184200,946.0,322.517,40.212621,40.213603,20.106801,-0.293917,-3.78375
184203,949.0,322.731,58.959959,58.960348,19.653449,-0.151117,-4.49596
184205,951.0,322.933,38.714405,38.714932,19.357466,-0.147991,-4.35408
184208,954.0,323.238,58.522451,58.523246,19.507749,0.050094,-6.73965
184211,957.0,323.862,59.913238,59.916487,19.972162,0.154804,-9.19423
184214,960.0,324.725,60.044203,60.050405,20.016802,0.01488,-8.04028
184217,963.0,325.438,61.549828,61.553958,20.517986,0.167061,-10.76419
184219,965.0,325.792,41.119163,41.120687,20.560343,0.021178,-8.21497
184222,968.0,325.877,61.564634,61.564692,20.521564,-0.012926,-6.92898
184225,971.0,325.868,62.916434,62.916434,20.972145,0.150194,-9.31822
184227,973.0,325.928,44.18706,44.1871,22.09355,0.560702,-25.19551
184230,976.0,326.182,68.881543,68.882012,22.960671,0.28904,-15.84644
184233,979.0,326.624,69.352598,69.354006,23.118002,0.052444,-12.2302
184235,981.0,327.084,46.290476,46.292762,23.146381,0.01419,-12.23341
184237,983.0,327.387,46.223018,46.224011,23.112006,-0.017188,-11.32432
184240,986.0,327.515,69.287913,69.288031,23.09601,-0.005332,-10.84559
184242,988.0,327.577,46.228595,46.228637,23.114318,0.009154,-11.00037
184245,991.0,327.668,68.973857,68.973917,22.991306,-0.041004,-10.14352
184247,993.0,327.789,44.958816,44.958979,22.47949,-0.255908,-6.77371
184249,995.0,327.89,44.205628,44.205743,22.102872,-0.188309,-7.06066
184251,997.0,327.965,43.599892,43.599956,21.799978,-0.151447,-7.03385
184254,1000.0,328.037,63.866822,63.866863,21.288954,-0.170341,-6.03949
184257,1003.0,328.069,61.433987,61.433995,20.477998,-0.270319,-3.75986
184300,1006.0,328.024,60.032118,60.032135,20.010712,-0.155762,-4.38432
184303,1009.0,327.856,57.543938,57.544183,19.181394,-0.276439,-1.86599
184306,1012.0,327.381,56.942727,56.944709,18.98157,-0.066608,-3.35935
184309,1015.0,326.625,59.054141,59.05898,19.686327,0.234919,-7.06566
184311,1017.0,325.994,39.789814,39.794817,19.897409,0.105541,-5.53502
184314,1020.0,325.736,56.575052,56.575641,18.858547,-0.346287,-0.60861
184317,1023.0,325.897,54.037735,54.037974,18.012658,-0.281963,-1.25395
184320,1026.0,326.499,51.874679,51.878172,17.292724,-0.239978,-1.83956
184322,1028.0,327.49,34.117604,34.131994,17.065997,-0.113364,-4.52666
184324,1030.0,328.939,35.412183,35.441816,17.720908,0.327456,-22.79727
184327,1033.0,330.769,56.975321,57.004703,19.001568,0.426887,-25.80548
184330,1036.0,332.421,56.408123,56.432308,18.810769,-0.0636,-7.17115
184333,1039.0,333.389,55.81487,55.823263,18.607754,-0.067672,-5.61955
184335,1041.0,333.679,37.639958,37.641075,18.820537,0.106392,-6.73654
184338,1044.0,333.621,58.101668,58.101697,19.367232,0.182232,-7.34723
184340,1046.0,333.477,38.786235,38.786502,19.393251,0.013009,-5.21109
184342,1048.0,333.351,37.974862,37.975071,18.987535,-0.202858,-2.42294
184345,1051.0,333.279,54.984131,54.984179,18.32806,-0.219825,-1.77215
184347,1053.0,333.26,38.352777,38.352781,19.176391,0.424165,-32.41932
184349,1055.0,333.266,40.510717,40.510718,20.255359,0.539484,-20.57604
184352,1058.0,333.316,60.61082,60.610841,20.203614,-0.017248,-6.39589
184355,1061.0,333.432,59.005792,59.005906,19.668635,-0.178326,-4.02625
184358,1064.0,333.661,58.58121,58.581657,19.527219,-0.047139,-5.5387
184401,1067.0,334.186,63.659447,63.661612,21.220537,0.564439,-26.50401
184404,1070.0,334.981,70.76152,70.765986,23.588662,0.789375,-42.77808
184407,1073.0,335.901,77.758738,77.764181,25.921394,0.777577,-48.51646
184410,1076.0,336.896,80.357674,80.363834,26.787945,0.28885,-25.92195
184413,1079.0,337.72,78.464736,78.469063,26.156354,-0.21053,-14.31666
184416,1082.0,338.144,77.049329,77.050496,25.683499,-0.157618,-13.53801
184419,1085.0,338.301,77.287341,77.2875,25.7625,0.026334,-15.88357
184421,1087.0,338.335,51.155207,51.155218,25.577609,-0.092446,-13.61226
184424,1090.0,338.316,76.517079,76.517081,25.505694,-0.023972,-14.35426
184426,1092.0,338.216,51.356626,51.356723,25.678362,0.086334,-16.03668
184428,1094.0,337.898,51.651908,51.652887,25.826443,0.074041,-15.51994
184431,1097.0,337.411,77.91645,77.917972,25.972657,0.048738,-15.39883
184434,1100.0,337.028,77.89807,77.899012,25.966337,-0.002107,-14.82675
184437,1103.0,336.878,77.61351,77.613655,25.871218,-0.031706,-14.65067
184439,1105.0,337.11,51.573434,51.573956,25.786978,-0.04212,-15.2761
184441,1107.0,337.878,51.386235,51.391974,25.695987,-0.045496,-16.56656
184443,1109.0,338.85,51.545422,51.554585,25.777293,0.040653,-18.5532
184446,1112.0,339.504,76.91846,76.921241,25.640414,-0.045626,-15.53549
184449,1115.0,339.752,77.145635,77.146034,25.715345,0.024977,-15.94795
184452,1118.0,339.793,77.21589,77.215901,25.738634,0.007763,-15.35041
184454,1120.0,339.796,51.900928,51.900928,25.950464,0.105915,-17.12488
184456,1122.0,339.815,52.367667,52.36767,26.183835,0.116685,-17.77489
184459,1125.0,339.84,78.162209,78.162213,26.054071,-0.043255,-15.1385
184501,1127.0,339.853,51.691681,51.691683,25.845841,-0.104115,-13.85298
184504,1130.0,339.761,76.95147,76.951525,25.650508,-0.065111,-13.87368
184506,1132.0,339.383,51.457374,51.458762,25.729381,0.039437,-14.66295
184509,1135.0,338.764,77.334989,77.337467,25.779156,0.016592,-14.32041
184512,1138.0,338.223,77.228468,77.230363,25.743454,-0.011901,-13.98166
184514,1140.0,337.964,51.278885,51.279539,25.639769,-0.051842,-13.49446
184516,1142.0,337.907,51.098175,51.098206,25.549103,-0.045333,-13.99523
184519,1145.0,337.909,76.507301,76.507301,25.502434,-0.015556,-14.51025
184522,1148.0,337.911,76.909126,76.909126,25.636375,0.044647,-15.63197
184525,1151.0,337.928,77.182305,77.182307,25.727436,0.030354,-15.6168
184527,1153.0,337.978,51.379212,51.379237,25.689618,-0.018909,-14.9328
184530,1156.0,338.044,77.721523,77.721551,25.907184,0.072522,-16.66301
184533,1159.0,338.169,77.54157,77.541671,25.847224,-0.019987,-15.29482
184536,1162.0,338.443,77.329413,77.329899,25.776633,-0.02353,-15.39355
184539,1165.0,338.783,77.932803,77.933544,25.977848,0.067072,-17.22672
184542,1168.0,339.033,78.043202,78.043603,26.014534,0.012229,-16.31194
184544,1170.0,339.176,51.920663,51.92086,25.96043,-0.027052,-15.56317
184547,1173.0,339.266,76.928174,76.928226,25.642742,-0.105896,-13.60222
184549,1175.0,339.331,51.614249,51.61429,25.807145,0.082202,-16.67851
184551,1177.0,339.381,51.561803,51.561827,25.780914,-0.013115,-15.18311
184554,1180.0,339.498,77.270402,77.27049,25.75683,-0.008028,-15.29298
184557,1183.0,339.772,76.943737,76.944225,25.648075,-0.036252,-14.97643
184600,1186.0,340.174,78.04783,78.048865,26.016288,0.122738,-18.24277
184602,1188.0,340.729,51.857661,51.860631,25.930315,-0.042986,-16.42782
184605,1191.0,341.562,77.26177,77.26626,25.75542,-0.058298,-15.88923
184607,1193.0,342.495,51.265907,51.274396,25.637198,-0.059111,-16.72637
184610,1196.0,343.143,77.524211,77.52692,25.842307,0.06837,-17.56991
184612,1198.0,343.4,51.732244,51.732883,25.866441,0.012067,-16.29201
184615,1201.0,343.458,76.788574,76.788596,25.596199,-0.090081,-13.69398
184618,1204.0,343.483,76.639009,76.639013,25.546338,-0.01662,-14.61778
184620,1206.0,343.58,51.581605,51.581696,25.790848,0.122255,-17.32954
184623,1209.0,344.087,77.518133,77.519791,25.83993,0.016361,-16.53419
184626,1212.0,345.444,77.423048,77.43494,25.811647,-0.009428,-17.69098
184629,1215.0,347.397,77.509742,77.534343,25.844781,0.011045,-19.16802
184631,1217.0,349.171,51.650849,51.681305,25.840653,-0.002064,-20.57125
184634,1220.0,350.47,77.511834,77.522718,25.840906,8.4e-05,-17.77777
184637,1223.0,351.461,77.807159,77.81347,25.937823,0.032306,-17.85717
184640,1226.0,352.156,77.288718,77.291843,25.763948,-0.057958,-15.65484
184643,1229.0,352.478,76.926898,76.927572,25.642524,-0.040475,-14.99827
184646,1232.0,352.523,77.413705,77.413718,25.804573,0.054016,-16.16406
184649,1235.0,352.44,77.794054,77.794098,25.931366,0.042264,-15.98594
184651,1237.0,352.236,51.743273,51.743675,25.871838,-0.029764,-14.39383
184654,1240.0,351.88,77.575174,77.575991,25.858664,-0.004391,-14.65144
184657,1243.0,351.49,77.276788,77.277772,25.759257,-0.033136,-13.98396
184700,1246.0,351.212,76.855526,76.856029,25.618676,-0.04686,-13.74059
184702,1248.0,351.066,51.387807,51.388015,25.694007,0.037665,-15.22609
184705,1251.0,351.015,77.552121,77.552138,25.850713,0.052235,-16.04332
184708,1254.0,351.018,77.759952,77.759952,25.919984,0.02309,-15.84106
184710,1256.0,351.054,51.761535,51.761548,25.880774,-0.019605,-15.23268
184713,1259.0,351.339,77.468066,77.468591,25.822864,-0.019303,-15.564
184716,1262.0,352.043,77.343629,77.346833,25.782278,-0.013529,-16.35899
184718,1264.0,352.838,51.621075,51.627197,25.813598,0.01566,-17.75954
184721,1267.0,353.3,77.620815,77.62219,25.874063,0.020155,-16.57169
184724,1270.0,353.421,77.838945,77.839039,25.946346,0.024094,-16.12586
184727,1273.0,353.38,76.219201,76.219212,25.406404,-0.179981,-11.87619
184729,1275.0,353.315,50.927458,50.927499,25.46375,0.028673,-14.90372
184731,1277.0,353.278,51.41643,51.416443,25.708222,0.122236,-16.80097
184734,1280.0,353.304,77.236686,77.23669,25.745563,0.012447,-15.40811
184736,1282.0,353.58,51.478463,51.479203,25.739601,-0.002981,-15.89551
184738,1284.0,354.269,52.082602,52.087159,26.043579,0.151989,-19.91502
184741,1287.0,355.204,77.710468,77.716093,25.905364,-0.046072,-16.53329
184744,1290.0,356.044,77.123061,77.127636,25.709212,-0.065384,-15.72049
184747,1293.0,356.58,77.528823,77.530676,25.843559,0.044782,-17.01878
184750,1296.0,356.793,77.385377,77.38567,25.795223,-0.016112,-15.42821
184753,1299.0,356.806,76.999809,76.999811,25.666604,-0.042873,-14.42988
184756,1302.0,356.756,76.905459,76.905475,25.635158,-0.010482,-14.73068
184758,1304.0,356.601,51.50908,51.509313,25.754657,0.05975,-15.63888
184800,1306.0,356.195,51.382882,51.384486,25.692243,-0.031207,-13.48428
184803,1309.0,355.566,76.859106,76.86168,25.62056,-0.023894,-13.42559
184806,1312.0,354.961,77.168474,77.170846,25.723615,0.034352,-14.51145
184808,1314.0,354.538,51.532536,51.534272,25.767136,0.021761,-14.35057
184811,1317.0,354.199,77.496471,77.497212,25.832404,0.021756,-15.02218
184814,1320.0,353.782,77.292057,77.293181,25.764394,-0.02267,-14.09756
184816,1322.0,353.356,51.420175,51.421939,25.71097,-0.026712,-13.52695
184819,1325.0,353.088,76.892052,76.892519,25.63084,-0.02671,-14.07664
184822,1328.0,353.008,76.353544,76.353586,25.451195,-0.059882,-13.62555
184824,1330.0,353.068,50.340946,50.340981,25.170491,-0.140352,-12.29685
184827,1333.0,353.289,73.109465,73.109799,24.369933,-0.266853,-9.46106
184830,1336.0,353.621,68.279389,68.280196,22.760065,-0.536623,-3.79809
184832,1338.0,353.893,43.771848,43.772693,21.886347,-0.436859,-4.13977
184834,1340.0,354.011,42.39627,42.396435,21.198217,-0.344065,-4.01673
184837,1343.0,354.023,60.190415,60.190416,20.063472,-0.378248,-2.0071
184840,1346.0,353.915,56.267093,56.267197,18.755732,-0.435913,0.16923
184842,1348.0,353.604,36.508656,36.509981,18.25499,-0.250371,-0.64505
184845,1351.0,353.133,61.153413,61.155227,20.385076,0.710029,-44.74077
184847,1353.0,352.687,44.029181,44.03144,22.01572,0.815322,-54.53411
184849,1355.0,352.393,46.738809,46.739733,23.369867,0.677073,-55.8646
184852,1358.0,352.275,74.84464,74.844733,24.948244,0.526126,-57.78293
184854,1360.0,352.269,50.988401,50.988402,25.494201,0.272979,-18.68351
184857,1363.0,352.364,71.263028,71.263091,23.754364,-0.579946,-4.04421
184859,1365.0,352.645,41.793743,41.794687,20.897344,-1.42851,8.83731
184902,1368.0,353.078,59.68119,59.682761,19.894254,-0.334363,-3.11108
184904,1370.0,353.514,38.18852,38.191008,19.095504,-0.399375,-1.97345
184907,1373.0,353.866,54.944079,54.945207,18.315069,-0.260145,-2.13174
184910,1376.0,354.161,54.169091,54.169894,18.056631,-0.086146,-3.56976
184913,1379.0,354.469,52.425979,52.426884,17.475628,-0.193668,-1.92112
184916,1382.0,354.777,50.29898,50.299923,16.766641,-0.236329,-0.86875
184919,1385.0,354.972,46.655513,46.65592,15.551973,-0.404889,1.80067
184922,1388.0,355.031,44.893911,44.89395,14.96465,-0.195774,0.62237
184925,1391.0,354.888,41.910579,41.910823,13.970274,-0.331459,2.72755
184927,1393.0,354.378,28.516785,28.521345,14.260672,0.145199,-0.15045
184930,1396.0,353.546,43.48968,43.497638,14.499213,0.079514,0.32013
184933,1399.0,352.657,43.808167,43.817187,14.605729,0.035505,0.70741
184935,1401.0,351.959,32.140058,32.147637,16.073818,0.734044,-26.66553
184938,1404.0,351.597,50.103449,50.104757,16.701586,0.209256,-3.81457
184941,1407.0,351.523,52.368377,52.36843,17.456143,0.251519,-21.19424
184943,1409.0,351.589,36.495799,36.495859,18.247929,0.395893,-12.79393
184946,1412.0,351.695,54.561952,54.562055,18.187352,-0.020192,-4.04106
184948,1414.0,351.775,36.965745,36.965832,18.482916,0.147782,-6.17354
184950,1416.0,351.805,38.375662,38.375674,19.187837,0.35246,-12.12414
184952,1418.0,351.779,39.77556,39.775568,19.887784,0.349974,-31.78435
184954,1420.0,351.702,40.770813,40.770886,20.385443,0.248829,-9.42745
184957,1423.0,351.627,62.118926,62.118972,20.706324,0.10696,-8.30065
185000,1426.0,351.591,61.241794,61.241805,20.413935,-0.097463,-5.5777
185002,1428.0,351.59,41.032527,41.032527,20.516264,0.051165,-7.51584
185005,1431.0,351.605,63.094925,63.094926,21.031642,0.171793,-9.71456
185008,1434.0,351.62,64.465901,64.465903,21.488634,0.152331,-10.16422
185010,1436.0,351.637,43.634815,43.634818,21.817409,0.164388,-10.8379
185013,1439.0,351.665,66.370453,66.370459,22.123486,0.102026,-10.53404
185016,1442.0,351.667,70.283608,70.283608,23.427869,0.434794,-21.47647
185019,1445.0,351.614,72.785024,72.785043,24.261681,0.277937,-16.33661
185022,1448.0,351.544,75.809958,75.80999,25.269997,0.336105,-50.27675
185025,1451.0,351.437,76.95808,76.958154,25.652718,0.127574,-16.67817
185028,1454.0,351.243,76.202603,76.20285,25.40095,-0.083923,-12.97494
185030,1456.0,351.025,50.755842,50.756311,25.378155,-0.011398,-13.7387
185033,1459.0,350.833,76.55024,76.550481,25.516827,0.046224,-15.07827
185036,1462.0,350.659,76.013848,76.014047,25.338016,-0.059604,-13.25527
185039,1465.0,350.541,76.309163,76.309255,25.436418,0.032801,-14.87527
185042,1468.0,350.502,76.827981,76.82799,25.60933,0.057637,-15.69991
185044,1470.0,350.568,51.305513,51.305555,25.652778,0.021724,-15.51111
185046,1472.0,350.805,51.456268,51.456814,25.728407,0.037814,-16.36491
185049,1475.0,351.176,76.832033,76.832929,25.610976,-0.039144,-15.05276
185051,1477.0,351.526,51.160824,51.162021,25.58101,-0.014983,-15.64062
185054,1480.0,351.747,76.70324,76.703559,25.567853,-0.004386,-15.20384
185057,1483.0,351.877,76.553307,76.553417,25.517806,-0.016682,-14.76472
185059,1485.0,351.994,50.885272,50.885407,25.442703,-0.037551,-14.41257
185102,1488.0,352.116,76.533308,76.533405,25.511135,0.022811,-15.31376
185104,1490.0,352.278,51.116838,51.117094,25.558547,0.023706,-15.63877
185107,1493.0,352.511,76.644495,76.644849,25.548283,-0.003421,-15.20547
185109,1495.0,352.755,51.043241,51.043824,25.521912,-0.013186,-15.26437
185112,1498.0,352.935,76.786282,76.786493,25.595498,0.024529,-15.60025
185115,1501.0,353.069,76.753954,76.754071,25.58469,-0.003603,-15.08335
185118,1504.0,353.232,76.512265,76.512438,25.504146,-0.026848,-14.65426
185120,1506.0,353.421,51.111061,51.111411,25.555705,0.02578,-15.73995
185123,1509.0,353.551,76.616525,76.616636,25.538879,-0.005609,-14.96448
185126,1512.0,353.596,76.593642,76.593655,25.531218,-0.002554,-14.83648
185129,1515.0,353.545,76.876533,76.87655,25.625517,0.031433,-15.32435
185132,1518.0,353.403,76.675648,76.675779,25.558593,-0.022308,-14.24752
185134,1520.0,353.239,50.791238,50.791503,25.395751,-0.081421,-12.90565
185136,1522.0,353.124,50.404864,50.404995,25.202498,-0.096627,-12.49001
185138,1524.0,353.068,50.715638,50.715669,25.357834,0.077668,-15.4482
185141,1527.0,353.075,76.204553,76.204553,25.401518,0.014561,-14.78188
185143,1529.0,353.144,50.788855,50.788901,25.394451,-0.003533,-14.68698
185145,1531.0,353.263,50.828853,50.828993,25.414496,0.010022,-15.05979
185147,1533.0,353.385,51.134167,51.134313,25.567156,0.07633,-16.31152
185150,1536.0,353.459,76.528547,76.528583,25.509528,-0.019209,-14.60894
185152,1538.0,353.48,50.953282,50.953286,25.476643,-0.016443,-14.51123
185154,1540.0,353.445,50.994297,50.994309,25.497154,0.010255,-14.77983
185157,1543.0,353.284,76.30906,76.30923,25.43641,-0.020248,-14.02451
185159,1545.0,352.95,50.849341,50.850438,25.425219,-0.005596,-13.58204
185202,1548.0,352.55,75.925724,75.926778,25.308926,-0.038764,-13.08421
185204,1550.0,352.255,50.625366,50.626225,25.313113,0.002094,-13.60314
185206,1552.0,352.109,50.571745,50.571956,25.285978,-0.013568,-13.74626
185208,1554.0,352.051,51.097612,51.097645,25.548823,0.131422,-16.57721
185210,1556.0,352.033,51.104587,51.10459,25.552295,0.001736,-14.80192
185213,1559.0,352.004,76.662647,76.662653,25.554218,0.000641,-14.78564
185216,1562.0,351.916,76.697863,76.697913,25.565971,0.003918,-14.74436
185218,1564.0,351.737,51.083076,51.08339,25.541695,-0.012138,-14.12891
185221,1567.0,351.443,76.795671,76.796234,25.598745,0.019017,-14.63919
185224,1570.0,351.062,76.772662,76.773608,25.591203,-0.002514,-14.1479
185227,1573.0,350.705,76.810185,76.811015,25.603672,0.004156,-14.31268
185230,1576.0,350.457,76.544576,76.544978,25.514993,-0.02956,-13.86504
185232,1578.0,350.28,51.232128,51.232434,25.616217,0.050612,-15.18632
185234,1580.0,350.109,51.239777,51.240062,25.620031,0.001907,-14.49691
185236,1582.0,349.98,51.092743,51.092906,25.546453,-0.036789,-13.91714
185238,1584.0,349.931,51.065267,51.06529,25.532645,-0.006904,-14.55299
185241,1587.0,349.901,76.809482,76.809488,25.603163,0.023506,-15.20579
185244,1590.0,349.837,76.885602,76.885629,25.628543,0.00846,-14.96793
185247,1593.0,349.766,75.671621,75.671654,25.223885,-0.134886,-12.16377
185249,1595.0,349.732,50.822659,50.822671,25.411335,0.093725,-15.8398
185251,1597.0,349.653,51.056826,51.056887,25.528443,0.058554,-15.41632
185254,1600.0,349.377,76.626373,76.62687,25.54229,0.004616,-14.35982
185256,1602.0,348.903,50.791669,50.79388,25.39694,-0.072675,-12.16433
185258,1604.0,348.385,50.651148,50.653796,25.326898,-0.035021,-12.46411
185301,1607.0,347.957,76.183066,76.184268,25.394756,0.022619,-14.07222
185303,1609.0,347.692,51.013548,51.014236,25.507118,0.056181,-14.82074
185305,1611.0,347.593,51.241565,51.24166,25.62083,0.056856,-15.50404
185308,1614.0,347.575,76.825697,76.825699,25.608566,-0.004088,-14.83344
185311,1617.0,347.557,76.685642,76.685644,25.561881,-0.015562,-14.5819
185313,1619.0,347.525,50.795668,50.795678,25.397839,-0.082021,-13.2689
185315,1621.0,347.492,50.572996,50.573007,25.286504,-0.055668,-13.45418
185317,1623.0,347.449,50.934214,50.934232,25.467116,0.090306,-15.86677
185320,1626.0,347.385,76.701246,76.701272,25.567091,0.033325,-15.21955
185322,1628.0,347.313,51.3798,51.37985,25.689925,0.061417,-15.77363
185324,1630.0,347.24,51.256071,51.256123,25.628061,-0.030932,-14.30425
185327,1633.0,347.149,76.222726,76.222781,25.407594,-0.073489,-13.32926
185329,1635.0,347.049,50.706474,50.706573,25.353286,-0.027154,-13.79589
185332,1638.0,347.001,76.946377,76.946392,25.648797,0.098504,-16.35356
185335,1641.0,347.071,77.128504,77.128536,25.709512,0.020238,-15.53728
185338,1644.0,347.26,76.281981,76.282216,25.427405,-0.094036,-13.58851
185340,1646.0,347.591,50.702228,50.703309,25.351654,-0.037876,-14.84606
185343,1649.0,348.118,76.568894,76.570707,25.523569,0.057305,-16.59509
185345,1651.0,348.706,50.939198,50.942592,25.471296,-0.026136,-15.94865
185348,1654.0,349.16,76.664047,76.665391,25.55513,0.027945,-16.08787
185350,1656.0,349.559,50.833157,50.834723,25.417362,-0.068884,-14.7025
185353,1659.0,349.996,76.316731,76.317982,25.439327,0.007322,-15.54714
185356,1662.0,350.357,76.398621,76.399474,25.466491,0.009055,-15.47913
185359,1665.0,350.537,76.042851,76.043064,25.347688,-0.039601,-14.22347
185401,1667.0,350.586,50.625867,50.625891,25.312946,-0.017371,-14.28509
185404,1670.0,350.578,76.200721,76.200721,25.40024,0.029098,-14.96184
185407,1673.0,350.557,75.839642,75.839645,25.279882,-0.040119,-13.72147
185409,1675.0,350.533,50.761445,50.76145,25.380725,0.050422,-15.18371
185412,1678.0,350.51,76.142052,76.142055,25.380685,-1.3e-05,-14.47633
185415,1681.0,350.506,76.409882,76.409882,25.469961,0.029759,-15.10464
185417,1683.0,350.485,51.333509,51.333514,25.666757,0.098398,-16.41737
185419,1685.0,350.399,51.408619,51.40869,25.704345,0.018794,-15.13578
185421,1687.0,350.279,51.130181,51.130321,25.565161,-0.069592,-13.4964
185424,1690.0,350.196,76.451985,76.452031,25.48401,-0.02705,-14.15488
185427,1693.0,350.096,76.429015,76.42908,25.47636,-0.00255,-14.46623
185429,1695.0,349.873,50.960021,50.960509,25.480255,0.001947,-14.10036
185432,1698.0,349.593,75.856979,75.857496,25.285832,-0.064808,-12.89076
185435,1701.0,349.408,75.759137,75.759363,25.253121,-0.010904,-13.78949
185437,1703.0,349.35,50.851418,50.851451,25.425726,0.086303,-15.69101
185440,1706.0,349.404,76.297228,76.297247,25.432416,0.00223,-14.74479
185443,1709.0,349.548,76.628684,76.628819,25.54294,0.036841,-15.61641
185445,1711.0,349.687,51.144192,51.144381,25.57219,0.014625,-15.46549
185448,1714.0,349.751,76.733005,76.733032,25.577677,0.001829,-15.01832
185450,1716.0,349.714,51.001758,51.001771,25.500886,-0.038396,-14.07074
185453,1719.0,349.582,75.944203,75.944318,25.314773,-0.062038,-13.25772
185456,1722.0,349.434,76.147777,76.147921,25.38264,0.022622,-14.57424
185458,1724.0,349.315,50.93877,50.938909,25.469455,0.043408,-14.97592
185501,1727.0,349.187,76.567254,76.567361,25.522454,0.017666,-14.79105
185503,1729.0,349.058,51.185748,51.185911,25.592955,0.035251,-15.05324
185505,1731.0,348.963,51.122911,51.122999,25.5615,-0.015728,-14.34655
185508,1734.0,348.896,76.801502,76.801531,25.60051,0.013003,-14.97785
185511,1737.0,348.855,77.038567,77.038578,25.679526,0.026339,-15.36533
185513,1739.0,348.847,51.347217,51.347218,25.673609,-0.002959,-14.97885
185515,1741.0,348.851,50.887376,50.887376,25.443688,-0.11496,-12.97092
185517,1743.0,348.846,50.683186,50.683187,25.341593,-0.051048,-13.69606
185520,1746.0,348.835,76.490098,76.490099,25.4967,0.051702,-15.45914
185523,1749.0,348.828,76.870404,76.870404,25.623468,0.042256,-15.5599
185525,1751.0,348.826,51.160485,51.160485,25.580242,-0.021613,-14.55472
185528,1754.0,348.787,77.016482,77.016492,25.672164,0.030641,-15.41875
185531,1757.0,348.645,76.954957,76.955088,25.651696,-0.006823,-14.63963
185533,1759.0,348.412,51.189168,51.189699,25.594849,-0.028424,-13.8335
185536,1762.0,348.145,76.560308,76.560774,25.520258,-0.024864,-13.90667
185538,1764.0,347.854,51.043856,51.044685,25.522343,0.001043,-13.97142
185541,1767.0,347.57,76.520607,76.521134,25.507045,-0.005099,-14.13935
185544,1770.0,347.241,77.172084,77.172785,25.724262,0.072406,-15.58552
185546,1772.0,346.755,51.117041,51.119351,25.559676,-0.082293,-12.27412
185549,1775.0,346.216,76.457922,76.459821,25.486607,-0.024356,-13.34531
185551,1777.0,345.815,51.112936,51.114509,25.557255,0.035324,-14.22587
185554,1780.0,345.574,76.134647,76.135028,25.378343,-0.059637,-13.19845
185557,1783.0,345.462,76.322887,76.322969,25.44099,0.020882,-14.7199
185559,1785.0,345.445,50.878333,50.878336,25.439168,-0.000911,-14.56142
185601,1787.0,345.462,50.871107,50.871109,25.435555,-0.001806,-14.63728
185604,1790.0,345.479,76.616189,76.616191,25.53873,0.034392,-15.33442
185607,1793.0,345.471,76.61017,76.61017,25.536723,-0.000669,-14.77234
185610,1796.0,345.377,76.994214,76.994272,25.664757,0.042678,-15.47795
185612,1798.0,345.089,51.586733,51.587537,25.793769,0.064506,-15.40492
185615,1801.0,344.652,77.092948,77.094187,25.698062,-0.031902,-13.80236
185617,1803.0,344.297,51.236682,51.237912,25.618956,-0.039553,-13.37031
185619,1805.0,344.122,51.056723,51.057023,25.528512,-0.045222,-13.63152
185622,1808.0,344.041,76.407892,76.407935,25.469312,-0.019733,-14.23718
185625,1811.0,344.01,76.262631,76.262637,25.420879,-0.016144,-14.29674
185628,1814.0,344.014,76.433879,76.433879,25.47796,0.019027,-14.9758
185630,1816.0,344.016,51.059125,51.059125,25.529563,0.025802,-15.16584
185633,1819.0,343.988,76.214686,76.214691,25.404897,-0.041555,-13.90502
185635,1821.0,343.927,50.879829,50.879866,25.439933,0.017518,-14.70693
185637,1823.0,343.855,50.929565,50.929616,25.464808,0.012438,-14.64686
185640,1826.0,343.807,76.098902,76.098918,25.366306,-0.032834,-13.92617
185643,1829.0,343.79,76.097928,76.09793,25.365977,-0.00011,-14.45793
185646,1832.0,343.788,76.509921,76.509921,25.503307,0.045777,-15.4001
185648,1834.0,343.792,51.184703,51.184703,25.592352,0.044523,-15.55899
185651,1837.0,343.803,76.938588,76.938589,25.646196,0.017948,-15.27724
185654,1840.0,343.823,76.205217,76.20522,25.40174,-0.081485,-13.40942
185656,1842.0,343.841,50.645817,50.645821,25.32291,-0.039415,-13.89474
185659,1845.0,343.915,75.857136,75.857173,25.285724,-0.012395,-14.30792
185702,1848.0,344.161,76.297051,76.297448,25.432483,0.04892,-15.78081
185704,1850.0,344.55,51.107369,51.108849,25.554425,0.060971,-16.80955
185707,1853.0,344.926,76.775076,76.775997,25.591999,0.012525,-15.78216
185709,1855.0,345.227,50.817198,50.818089,25.409045,-0.091477,-14.08386
185711,1857.0,345.453,51.019873,51.020374,25.510187,0.050571,-16.12031
185713,1859.0,345.576,50.840795,50.840943,25.420472,-0.044857,-14.28208
185715,1861.0,345.603,51.200299,51.200306,25.600153,0.08984,-16.30131
185718,1864.0,345.576,76.989307,76.989312,25.663104,0.020984,-15.28201
185721,1867.0,345.519,76.610801,76.610822,25.536941,-0.042054,-14.07716
185724,1870.0,345.446,76.139166,76.139201,25.379734,-0.052402,-13.61976
185726,1872.0,345.372,51.000379,51.000433,25.500217,0.060242,-15.40207
185729,1875.0,345.301,76.277698,76.277731,25.42591,-0.024769,-14.10598
185732,1878.0,345.209,75.774944,75.775,25.258333,-0.055859,-13.32229
185735,1881.0,345.055,75.805181,75.805337,25.268446,0.003371,-14.07934
185737,1883.0,344.83,50.963346,50.963843,25.481922,0.106738,-15.62235
185739,1885.0,344.598,51.447792,51.448315,25.724157,0.121118,-16.26515
185741,1887.0,344.443,52.161442,52.161672,26.080836,0.178339,-18.01045
185744,1890.0,344.373,77.724638,77.724669,25.908223,-0.057538,-14.48698
185747,1893.0,344.321,76.955974,76.955992,25.651997,-0.085409,-13.6549
185750,1896.0,344.255,76.630221,76.63025,25.543417,-0.036193,-14.15699
185753,1899.0,344.084,76.531322,76.531513,25.510504,-0.010971,-14.27006
185755,1901.0,343.681,50.905656,50.907251,25.453626,-0.028439,-13.10417
185758,1904.0,343.163,76.183377,76.185138,25.395046,-0.019527,-13.29139
185801,1907.0,342.805,75.191289,75.192141,25.064047,-0.110333,-11.70801
185804,1910.0,342.684,74.917658,74.917756,24.972585,-0.030487,-13.13628
185807,1913.0,342.695,76.118476,76.118477,25.372826,0.133414,-16.45839
185810,1916.0,342.765,77.021366,77.021397,25.673799,0.100324,-16.64605
185812,1918.0,342.872,51.969576,51.969687,25.984843,0.155522,-18.21924
185815,1921.0,342.979,77.235531,77.235605,25.745202,-0.07988,-14.1971
185817,1923.0,343.04,50.587431,50.587467,25.293734,-0.225734,-11.27048
185819,1925.0,343.055,50.728134,50.728137,25.364068,0.035167,-15.03952
185822,1928.0,342.995,76.098037,76.098061,25.36602,0.000651,-14.38844
185824,1930.0,342.83,50.949228,50.949495,25.474748,0.054364,-15.01412
185827,1933.0,342.642,76.079998,76.080231,25.360077,-0.038224,-13.57508
185829,1935.0,342.533,50.819355,50.819472,25.409736,0.024829,-14.62391
185831,1937.0,342.505,50.916619,50.916626,25.458313,0.024289,-14.93057
185833,1939.0,342.51,51.00333,51.00333,25.501665,0.021676,-15.06321
185836,1942.0,342.513,76.321783,76.321783,25.440594,-0.020357,-14.3336
185838,1944.0,342.509,50.95963,50.95963,25.479815,0.01961,-14.96849
185840,1946.0,342.463,51.281916,51.281937,25.640968,0.080577,-16.03563
185842,1948.0,342.309,51.440515,51.440745,25.720373,0.039702,-15.27918
185845,1951.0,342.065,77.511469,77.511853,25.837284,0.03897,-15.45903
185847,1953.0,341.823,51.470359,51.470928,25.735464,-0.05091,-13.72726
185849,1955.0,341.615,51.206241,51.206664,25.603332,-0.066066,-13.36582
185852,1958.0,341.396,76.683562,76.683875,25.561292,-0.014013,-14.22594
185854,1960.0,341.152,51.022609,51.023193,25.511596,-0.024848,-13.70435
185857,1963.0,340.911,76.715373,76.715751,25.571917,0.020107,-14.70236
185859,1965.0,340.666,50.887556,50.888146,25.444073,-0.063922,-13.01328
185902,1968.0,340.378,76.318782,76.319325,25.439775,-0.001433,-14.0628
185904,1970.0,340.081,50.809772,50.81064,25.40532,-0.017228,-13.47755
185906,1972.0,339.864,50.591797,50.592262,25.296131,-0.054595,-12.96838
185908,1974.0,339.724,50.609728,50.609921,25.304961,0.004415,-14.05302
185911,1977.0,339.595,76.142778,76.142888,25.380963,0.025334,-14.64313
185913,1979.0,339.472,50.920771,50.92092,25.46046,0.039748,-14.89216
185916,1982.0,339.381,76.822511,76.822565,25.607522,0.049021,-15.46988
185919,1985.0,339.318,76.876141,76.876167,25.625389,0.005956,-14.92418
185921,1987.0,339.252,50.840753,50.840796,25.420398,-0.102495,-12.91283
185924,1990.0,339.112,76.504742,76.50487,25.501623,0.027075,-14.86513
185927,1993.0,338.87,75.916847,75.917233,25.305744,-0.065293,-12.98617
185930,1996.0,338.623,76.703536,76.703934,25.567978,0.087411,-15.66682
185932,1998.0,338.482,51.409387,51.40958,25.70479,0.068406,-15.70755
185934,2000.0,338.445,51.39918,51.399194,25.699597,-0.002596,-14.94661
185936,2002.0,338.765,51.132873,51.133874,25.566937,-0.06633,-14.77713
185939,2005.0,339.585,75.860384,75.864816,25.288272,-0.092888,-14.54197
185942,2008.0,340.417,76.509706,76.514229,25.504743,0.072157,-17.34487
185945,2011.0,340.809,76.61356,76.614563,25.538188,0.011148,-15.69358
185947,2013.0,340.734,51.01877,51.018826,25.509413,-0.014388,-14.3266
185949,2015.0,340.32,50.960758,50.96244,25.48122,-0.014096,-13.33012
185951,2017.0,339.897,50.85269,50.854449,25.427225,-0.026998,-13.02116
185953,2019.0,339.697,50.910574,50.910967,25.455483,0.014129,-14.29464
185955,2021.0,339.681,50.952499,50.952502,25.476251,0.010384,-14.79324
185957,2023.0,339.758,51.043776,51.043835,25.521917,0.022833,-15.31765
190000,2026.0,339.845,76.773019,76.773068,25.591023,0.023035,-15.39245
190002,2028.0,339.897,51.17376,51.173787,25.586893,-0.002065,-15.0011
190005,2031.0,339.937,76.711622,76.711632,25.570544,-0.00545,-14.85124
190008,2034.0,340.05,77.084703,77.084786,25.694929,0.041462,-15.90058
190010,2036.0,340.31,51.153145,51.153806,25.576903,-0.059013,-14.7339
190013,2039.0,340.728,76.287005,76.28815,25.429383,-0.049173,-14.66996
190015,2041.0,341.197,51.106023,51.108175,25.554087,0.062352,-17.05234
190018,2044.0,341.536,76.670884,76.671634,25.557211,0.001041,-15.48141
190021,2047.0,341.671,76.60118,76.601299,25.533766,-0.007815,-14.92884
190023,2049.0,341.676,50.789158,50.789158,25.394579,-0.069593,-13.54558
190026,2052.0,341.603,76.187776,76.187811,25.395937,0.000453,-14.41416
190029,2055.0,341.416,76.470905,76.471133,25.490378,0.03148,-14.82185
190032,2058.0,341.128,76.505011,76.505553,25.501851,0.003824,-14.25068
190035,2061.0,340.842,76.13273,76.133267,25.377756,-0.041365,-13.37692
190038,2064.0,340.637,76.345574,76.34585,25.448617,0.02362,-14.59818
190040,2066.0,340.512,51.117795,51.117948,25.558974,0.055179,-15.29113
190043,2069.0,340.427,76.754937,76.754984,25.584995,0.008674,-14.85026
190045,2071.0,340.321,51.225854,51.225963,25.612982,0.013993,-14.84032
190048,2074.0,340.183,76.909274,76.909398,25.636466,0.007828,-14.83172
190051,2077.0,340.071,76.82097,76.821052,25.607017,-0.009816,-14.56884
190053,2079.0,340.026,51.193764,51.193784,25.596892,-0.005062,-14.70336
190056,2082.0,340.055,76.772962,76.772967,25.590989,-0.001968,-14.91836
190059,2085.0,340.202,74.674573,74.674718,24.891573,-0.233139,-10.61379
190101,2087.0,340.463,46.6649,46.66563,23.332815,-0.779379,-1.39396
190104,2090.0,340.755,67.419902,67.420534,22.473511,-0.286435,-6.58262
190107,2093.0,341.014,63.971281,63.971805,21.323935,-0.383192,-3.84323
190110,2096.0,341.239,57.178971,57.179413,19.059804,-0.75471,2.73546
190113,2099.0,341.415,48.784981,48.785298,16.261766,-0.932679,6.26732
190116,2102.0,341.51,34.493996,34.494127,11.498042,-1.587908,11.108
190118,2104.0,341.531,11.887173,11.887192,5.943596,-2.777223,9.55728
190120,2106.0,341.506,0.0,0.025,0.0,-2.971798,-0.35
190125,2111.0,341.42,20.379497,20.379679,4.075936,0.815187,-7.5962
190127,2113.0,341.279,17.969839,17.970392,8.985196,2.45463,-44.30673
190129,2115.0,341.154,23.686892,23.687222,11.843611,1.429207,-35.89719
190132,2118.0,341.098,44.688652,44.688688,14.896229,1.017539,-37.33347
190135,2121.0,341.082,56.709589,56.709592,18.903197,1.335656,-64.74492
190138,2124.0,341.07,65.746057,65.746058,21.915353,1.004052,-66.1755
190141,2127.0,341.012,68.986757,68.986781,22.995594,0.36008,-42.65402
190144,2130.0,340.774,73.062358,73.062746,24.354249,0.452885,-51.04929
190146,2132.0,339.987,51.760501,51.766484,25.883242,0.764496,-67.14464
190149,2135.0,338.531,76.584702,76.598541,25.532847,-0.116798,-10.36248
190152,2138.0,336.87,75.425365,75.443652,25.147884,-0.128321,-9.1546
190154,2140.0,335.39,50.074828,50.096695,25.048347,-0.049769,-9.06649
190157,2143.0,334.144,74.956237,74.966592,24.988864,-0.019828,-11.2117
190200,2146.0,333.228,75.623235,75.628782,25.209594,0.073577,-13.55907
190202,2148.0,332.652,50.797828,50.801094,25.400547,0.095477,-14.32087
190205,2151.0,332.274,75.896748,75.897689,25.29923,-0.033772,-13.17449
190207,2153.0,332.004,50.312227,50.312951,25.156476,-0.071377,-12.33372
190209,2155.0,331.761,50.217821,50.218409,25.109205,-0.023636,-13.01322
190211,2157.0,331.405,49.619769,49.621046,24.810523,-0.149341,-10.39709
190213,2159.0,330.965,50.033359,50.035294,25.017647,0.103562,-14.12019
190216,2162.0,330.653,76.238162,76.238801,25.412934,0.131762,-15.90167
190218,2164.0,330.544,50.729262,50.729379,25.36469,-0.024122,-13.82979
190221,2167.0,330.551,76.422196,76.422197,25.474066,0.036459,-15.22411
190223,2169.0,330.587,50.427597,50.42761,25.213805,-0.13013,-12.44325
190225,2171.0,330.613,49.977497,49.977503,24.988752,-0.112526,-12.28813
190228,2174.0,330.438,75.564942,75.565144,25.188381,0.066543,-14.80351
190231,2177.0,329.795,75.859061,75.861786,25.287262,0.03296,-13.62194
190233,2179.0,328.794,50.643648,50.653539,25.32677,0.019754,-11.89689
190236,2182.0,327.913,75.650379,75.655509,25.218503,-0.036089,-12.05841
190239,2185.0,327.451,75.547956,75.549369,25.183123,-0.011793,-13.12931
190241,2187.0,327.352,50.551357,50.551454,25.275727,0.046302,-14.71746
190244,2190.0,327.408,75.437589,75.43761,25.14587,-0.043286,-13.57941
190246,2192.0,327.479,50.261018,50.261068,25.130534,-0.007668,-14.15878
190249,2195.0,327.517,75.024387,75.024396,25.008132,-0.040801,-13.34313
190251,2197.0,327.503,50.416183,50.416185,25.208093,0.099981,-15.60774
190253,2199.0,327.437,50.216099,50.216142,25.108071,-0.050011,-13.1277
190256,2202.0,327.362,74.912055,74.912092,24.970697,-0.045791,-12.9962
190258,2204.0,327.32,50.004554,50.004571,25.002286,0.015795,-13.95297
190301,2207.0,327.31,74.912294,74.912294,24.970765,-0.010507,-13.62133
190303,2209.0,327.472,49.837784,49.838047,24.919024,-0.02587,-13.78557
190305,2211.0,328.02,49.804382,49.807397,24.903699,-0.007663,-15.10053
190307,2213.0,328.918,49.848904,49.856991,24.928496,0.012398,-16.4108
190309,2215.0,329.906,49.837944,49.847736,24.923868,-0.002314,-16.44573
190312,2218.0,330.774,74.557167,74.56222,24.854073,-0.023265,-14.8797
190314,2220.0,331.453,49.415905,49.420569,24.710285,-0.071894,-14.22786
190317,2223.0,331.998,74.525234,74.527227,24.842409,0.044041,-15.21194
190319,2225.0,332.453,49.971001,49.973072,24.986536,0.072064,-16.12359
190321,2227.0,332.893,50.237883,50.23981,25.119905,0.066684,-16.24359
190323,2229.0,333.414,49.93796,49.940678,24.970339,-0.074783,-14.18426
190326,2232.0,333.962,75.012108,75.014109,25.004703,0.011455,-15.03899
190329,2235.0,334.382,75.507986,75.509155,25.169718,0.055005,-15.71706
190331,2237.0,334.632,49.937883,49.938508,24.969254,-0.100232,-13.05989
190334,2240.0,334.795,74.269882,74.270061,24.756687,-0.070856,-12.72271
190337,2243.0,335.211,74.026446,74.027615,24.675872,-0.026938,-13.67912
190339,2245.0,336.119,49.764306,49.772589,24.886294,0.105211,-17.68728
190341,2247.0,337.168,49.843283,49.85432,24.92716,0.020433,-16.94858
190344,2250.0,337.864,75.116284,75.119508,25.039836,0.037559,-15.75197
190346,2252.0,338.128,49.703882,49.704583,24.852291,-0.093773,-12.99511
190348,2254.0,338.128,49.860011,49.860011,24.930006,0.038857,-14.27565
190350,2256.0,337.909,49.949959,49.950439,24.975219,0.022607,-13.50953
190352,2258.0,337.346,49.783207,49.786391,24.893195,-0.041012,-11.49599
190354,2260.0,336.511,49.51658,49.52362,24.76181,-0.065692,-10.15949
190357,2263.0,335.754,74.397328,74.40118,24.800393,0.012861,-12.26395
190359,2265.0,335.339,49.502975,49.504714,24.752357,-0.024018,-11.91015
190402,2268.0,335.242,75.758993,75.759055,25.253018,0.166887,-16.51561
190405,2271.0,335.299,75.753392,75.753414,25.251138,-0.000627,-14.38242
190408,2274.0,335.521,75.258677,75.259005,25.086335,-0.054934,-13.62183
190410,2276.0,336.099,49.739618,49.742977,24.871488,-0.107423,-13.71304
190412,2278.0,337.029,49.645428,49.654138,24.827069,-0.022209,-15.83491
190414,2280.0,337.93,49.843012,49.851155,24.925578,0.049254,-16.94171
190417,2283.0,338.447,75.396196,75.397968,25.132656,0.069026,-16.0345
190420,2286.0,338.578,75.434782,75.434896,25.144965,0.004103,-14.40229
190423,2289.0,338.494,73.488349,73.488397,24.496132,-0.216278,-9.79009
190426,2292.0,338.318,69.144453,69.144677,23.048226,-0.482635,-3.91745
190429,2295.0,338.157,64.412993,64.413195,21.471065,-0.52572,-1.48566
190432,2298.0,338.077,60.05642,60.056474,20.018825,-0.48408,-0.57377
190435,2301.0,338.063,56.713548,56.71355,18.904517,-0.371436,-0.83985
190437,2303.0,338.103,35.630873,35.630895,17.815448,-0.544534,1.791
190440,2306.0,338.465,44.259821,44.261302,14.753767,-1.02056,7.15659
190443,2309.0,339.47,30.871702,30.888056,10.296019,-1.485916,7.54931
190445,2311.0,340.769,17.605304,17.653162,8.826581,-0.734719,0.5629
190448,2314.0,341.66,28.176767,28.190851,9.39695,0.190123,-6.29418
190450,2316.0,341.959,25.965048,25.96677,12.983385,1.793218,-43.70434
190453,2319.0,341.873,47.621405,47.621483,15.873828,0.963481,-39.06234
190455,2321.0,341.556,36.260928,36.262314,18.131157,1.128665,-50.96239
190458,2324.0,341.167,58.868427,58.869712,19.623237,0.49736,-34.32879
190500,2326.0,340.902,42.654347,42.65517,21.327585,0.852174,-54.78147
190503,2329.0,340.814,67.137531,67.137589,22.379196,0.350537,-39.81569
190506,2332.0,340.868,71.471592,71.471612,23.823871,0.481558,-24.58952
190508,2334.0,341.079,50.389363,50.389805,25.194902,0.685515,-38.54531
190511,2337.0,341.388,77.357158,77.357775,25.785925,0.197008,-18.72678
190514,2340.0,341.642,77.459395,77.459812,25.819937,0.011337,-15.94986
190516,2342.0,341.934,51.663662,51.664487,25.832244,0.006153,-16.23978
190519,2345.0,342.661,77.875009,77.878402,25.959467,0.042408,-17.55089
190522,2348.0,343.959,77.745687,77.756521,25.91884,-0.013542,-17.71428
190525,2351.0,345.443,77.14806,77.162332,25.720777,-0.066021,-16.93191
190527,2353.0,346.649,51.73736,51.751414,25.875707,0.077465,-19.93753
190529,2355.0,347.365,52.025322,52.030249,26.015124,0.069709,-18.71032
190531,2357.0,347.622,52.275995,52.276627,26.138313,0.061595,-17.53441
190534,2360.0,347.612,78.18078,78.180781,26.06026,-0.026018,-15.34358
190536,2362.0,347.513,51.888825,51.88892,25.94446,-0.0579,-14.40102
190539,2365.0,347.352,77.124495,77.124663,25.708221,-0.078746,-13.64894
190542,2368.0,347.031,76.622662,76.623335,25.541112,-0.055703,-13.39238
190544,2370.0,346.555,51.211198,51.21341,25.606705,0.032797,-14.06884
190547,2373.0,346.095,76.023185,76.024576,25.341525,-0.088393,-12.30856
190550,2376.0,345.728,75.65098,75.65187,25.21729,-0.041412,-12.94543
190552,2378.0,345.267,50.586521,50.588621,25.294311,0.038511,-13.62877
190555,2381.0,344.391,76.418702,76.423722,25.474574,0.060088,-13.92302
190558,2384.0,342.871,76.738216,76.753269,25.584423,0.036616,-12.57669
190600,2386.0,340.908,50.827329,50.865221,25.432611,-0.075906,-8.00297
190602,2388.0,338.976,51.107024,51.143528,25.571764,0.069577,-10.45885
190605,2391.0,337.333,76.240848,76.25855,25.419517,-0.050749,-10.77692
190607,2393.0,336.016,51.029225,51.046217,25.523108,0.051796,-11.8333
190610,2396.0,335.053,76.993741,76.999763,25.666588,0.047827,-13.92956
190613,2399.0,334.451,76.578462,76.580828,25.526943,-0.046548,-12.97196
190616,2402.0,334.163,76.473332,76.473875,25.491292,-0.011884,-14.00077
190618,2404.0,334.023,50.432136,50.432331,25.216165,-0.137564,-11.84773
190621,2407.0,333.883,73.971867,73.972,24.657333,-0.186277,-10.36264
190624,2410.0,333.759,71.951874,71.951981,23.983994,-0.224446,-8.80527
190627,2413.0,333.706,72.55461,72.55463,24.184877,0.066961,-13.27467
190629,2415.0,333.799,49.688311,49.688398,24.844199,0.329661,-19.6757
190632,2418.0,334.286,75.516922,75.518492,25.172831,0.109544,-16.63249
190635,2421.0,335.306,78.209376,78.216027,26.072009,0.299726,-25.57055
190637,2423.0,336.56,52.241422,52.25647,26.128235,0.028113,-19.80675
190640,2426.0,337.643,78.4903,78.497771,26.165924,0.012563,-18.15348
190643,2429.0,338.503,77.17126,77.176051,25.72535,-0.146858,-14.58314
190646,2432.0,339.244,76.380172,76.383766,25.461255,-0.088032,-14.76376
190648,2434.0,339.808,50.982479,50.985599,25.492799,0.015772,-16.52744
190651,2437.0,340.124,76.542865,76.543517,25.514506,0.007236,-15.45165
190653,2439.0,340.316,50.665179,50.665543,25.332772,-0.090867,-13.65383
190655,2441.0,340.57,50.889584,50.890218,25.445109,0.056169,-16.16036
190657,2443.0,341.03,51.253951,51.256015,25.628008,0.09145,-17.58895
190659,2445.0,341.665,51.324124,51.328052,25.664026,0.018009,-17.06942
190701,2447.0,342.243,51.447502,51.450749,25.725374,0.030674,-17.20764
190703,2449.0,342.607,51.354232,51.355522,25.677761,-0.023806,-15.72131
190706,2452.0,342.8,77.171216,77.171458,25.723819,0.015353,-15.72009
190708,2454.0,342.876,51.153897,51.153953,25.576977,-0.073421,-14.00839
190711,2457.0,342.877,74.844475,74.844475,24.948158,-0.209606,-10.76818
190713,2459.0,342.825,50.241409,50.241436,25.120718,0.08628,-15.15004
190715,2461.0,342.658,49.911643,49.911923,24.955961,-0.082379,-12.1254
190718,2464.0,342.373,75.265936,75.266475,25.088825,0.044288,-14.10332
190721,2467.0,342.104,75.452779,75.453259,25.151086,0.020754,-13.9059
190723,2469.0,341.839,50.555444,50.556138,25.278069,0.063491,-14.50894
190725,2471.0,341.232,50.834506,50.83813,25.419065,0.070498,-13.9077
190728,2474.0,340.046,74.754709,74.764116,24.921372,-0.165898,-9.1281
190730,2476.0,338.583,47.414509,47.437074,23.718537,-0.601418,0.57575
190733,2479.0,337.355,67.805869,67.816988,22.605663,-0.370958,-2.8292
190736,2482.0,336.416,64.144139,64.151012,21.383671,-0.407331,-1.38004
190739,2485.0,335.554,58.023461,58.029864,19.343288,-0.680128,3.72062
190742,2488.0,334.84,48.825923,48.831143,16.277048,-1.02208,8.75667
190744,2490.0,334.468,27.925028,27.927506,13.963753,-1.156648,10.0931
190747,2493.0,334.384,37.648834,37.648928,12.549643,-0.47137,4.26156
190750,2496.0,334.428,26.438037,26.438074,8.812691,-1.245651,6.68819
190753,2499.0,334.53,10.52006,10.520555,3.506852,-1.768613,3.30569
190755,2501.0,334.735,7.855608,7.858282,3.929141,0.211145,-2.73339
190757,2503.0,335.054,13.116327,13.120205,6.560103,1.315481,-17.93391
190800,2506.0,335.381,28.348798,28.350684,9.450228,0.963375,-16.78611
190802,2508.0,335.639,23.249977,23.251409,11.625704,1.087738,-22.97567
190805,2511.0,335.902,40.653653,40.654504,13.551501,0.641932,-14.66514
190808,2514.0,336.374,42.277489,42.280123,14.093374,0.180624,-4.31319
190811,2517.0,337.178,41.347747,41.355563,13.785188,-0.102729,-0.74874
190814,2520.0,338.283,37.606079,37.62231,12.54077,-0.414806,1.63655
190816,2522.0,339.564,17.601063,17.647617,8.823808,-1.858481,6.27906
190819,2525.0,340.705,17.0071,17.045332,5.681777,-1.047344,1.42466
190821,2527.0,341.355,0.0,0.65,0.0,-2.840889,-0.35
190830,2536.0,341.519,19.464937,19.465628,2.162848,0.240316,-1.07529
190833,2539.0,341.348,16.047594,16.048505,5.349502,1.062218,-11.78347
190836,2542.0,340.941,24.047406,24.05085,8.01695,0.889149,-14.01994
190839,2545.0,340.468,20.323502,20.329005,6.776335,-0.413538,2.7533
190842,2548.0,340.066,12.440196,12.446689,4.148896,-0.875813,2.83793
190844,2550.0,339.78,0.0,0.286,0.0,-2.074448,-0.35
191518,2944.0,338.877,3.274943,3.397155,0.008622,2.2e-05,-0.34927
191527,2953.0,338.987,14.239175,14.2396,1.582178,0.17484,-0.66246
191530,2956.0,339.422,13.534817,13.541805,4.513935,0.977252,-10.23352
191533,2959.0,339.902,15.901538,15.908781,5.302927,0.262997,-4.46845
191536,2962.0,340.138,15.696127,15.697902,5.232634,-0.023431,-0.25889
191538,2964.0,340.189,10.074029,10.074158,5.037079,-0.097777,0.23178
191540,2966.0,340.221,8.862163,8.862221,4.43111,-0.302985,0.71364
191542,2968.0,340.415,7.586963,7.589443,3.794721,-0.318195,0.12379
191545,2971.0,340.849,11.333389,11.341696,3.780565,-0.004719,-1.94545
191547,2973.0,341.404,10.341844,10.356725,5.178363,0.698899,-10.99686
191549,2975.0,341.852,15.956223,15.962511,7.981255,1.401446,-23.54058
191552,2978.0,342.069,24.541893,24.542853,8.180951,0.066565,-0.29458
191554,2980.0,342.105,12.818717,12.818767,6.409384,-0.885784,3.37333
191556,2982.0,342.032,0.0,0.073,0.0,-3.204692,-0.35
191604,2990.0,341.897,22.52303,22.523435,2.815429,0.351929,-2.74288
191607,2993.0,341.777,0.0,0.12,0.0,-0.938476,-0.35
191615,3001.0,341.719,17.719032,17.719127,2.214891,0.276861,-2.02316
191618,3004.0,341.682,22.252185,22.252216,7.417405,1.734171,-27.13646
191621,3007.0,341.623,34.831291,34.831341,11.610447,1.397681,-35.24538
191623,3009.0,341.495,29.04293,29.043212,14.521606,1.455579,-47.37293
191625,3011.0,341.243,33.515839,33.516786,16.758393,1.118394,-45.48301
191627,3013.0,340.903,36.686155,36.68773,18.343865,0.792736,-39.82852
191629,3015.0,340.607,39.079379,39.0805,19.54025,0.598192,-37.49098
191632,3018.0,340.424,61.784191,61.784462,20.594821,0.351524,-33.19314
191635,3021.0,340.324,63.511649,63.511727,21.170576,0.191918,-9.94851
191638,3024.0,340.233,63.126453,63.126519,21.042173,-0.042801,-6.94943
191641,3027.0,340.074,63.884754,63.884952,21.294984,0.08427,-8.71661
191644,3030.0,339.811,64.834466,64.835,21.611667,0.105561,-9.25213
191647,3033.0,339.269,65.67539,65.677626,21.892542,0.093625,-9.00655
191649,3035.0,338.206,44.412069,44.424788,22.212394,0.159926,-8.37196
191652,3038.0,336.728,67.462986,67.479175,22.493058,0.093555,-8.18528
191655,3041.0,335.293,60.039719,60.056865,20.018955,-0.824701,5.85602
191658,3044.0,334.274,44.266343,44.27807,14.759357,-1.753199,15.9167
191701,3047.0,333.728,32.033592,32.038245,10.679415,-1.359981,10.05674
191704,3050.0,333.446,15.44033,15.442905,5.147635,-1.843927,6.05579
191707,3053.0,333.246,11.473094,11.474837,3.824946,-0.440896,1.31789
191710,3056.0,333.11,22.188513,22.188929,7.39631,1.190455,-18.71104
191712,3058.0,333.051,18.99543,18.995522,9.497761,1.050726,-22.09388
191715,3061.0,333.046,34.475535,34.475535,11.491845,0.664695,-19.0268
191717,3063.0,333.077,26.000938,26.000956,13.000478,0.754316,-15.29384
191719,3065.0,333.152,28.608518,28.608617,14.304308,0.651915,-15.14489
191722,3068.0,333.269,46.298087,46.298235,15.432745,0.376146,-8.81595
191724,3070.0,333.39,33.559088,33.559306,16.779653,0.673454,-20.36873
191726,3072.0,333.471,35.388942,35.389034,17.694517,0.457432,-14.29576
191729,3075.0,333.501,55.78509,55.785098,18.595033,0.300172,-9.39744
191731,3077.0,333.498,38.045188,38.045189,19.022594,0.213781,-7.33536
191734,3080.0,333.481,57.417791,57.417794,19.139265,0.03889,-5.55376
191736,3082.0,333.453,39.406547,39.406557,19.703279,0.282007,-28.62969
191739,3085.0,333.411,59.37393,59.373945,19.791315,0.029345,-6.22279
191742,3088.0,333.373,59.086036,59.086049,19.69535,-0.031988,-5.41665
191745,3091.0,333.357,58.658325,58.658327,19.552776,-0.047525,-5.10768
191748,3094.0,333.359,60.266541,60.266541,20.088847,0.17869,-8.40719
191751,3097.0,333.45,61.888163,61.88823,20.62941,0.180188,-9.3625
191753,3099.0,333.761,42.209707,42.210852,21.105426,0.238008,-12.69409
191756,3102.0,334.283,63.77374,63.775876,21.258625,0.051066,-9.53186
191759,3105.0,334.826,62.57969,62.582046,20.860682,-0.132648,-6.8162
191802,3108.0,335.221,61.902477,61.903737,20.634579,-0.075368,-6.92462
191805,3111.0,335.459,62.550256,62.550709,20.850236,0.071886,-8.67008
191808,3114.0,335.617,63.34045,63.340647,21.113549,0.087771,-9.08717
191811,3117.0,335.743,62.33832,62.338448,20.779483,-0.111355,-6.185
191813,3119.0,335.842,39.742279,39.742402,19.871201,-0.454141,-1.19148
191816,3122.0,335.994,55.737651,55.737858,18.579286,-0.430638,-0.20878
191818,3124.0,336.244,35.022611,35.023504,17.511752,-0.533767,1.32523
191821,3127.0,336.498,47.414976,47.415656,15.805219,-0.568844,3.00884
191823,3129.0,336.7,27.251409,27.252157,13.626079,-1.08957,7.97231
191825,3131.0,336.896,20.64132,20.642251,10.321125,-1.652477,9.88532
191827,3133.0,337.138,11.776638,11.779124,5.889562,-2.215782,6.95674
191830,3136.0,337.428,5.025899,5.034259,1.678086,-1.403825,0.59624
191834,3140.0,337.703,19.478873,19.480814,4.870204,0.79803,-7.67565
191836,3142.0,337.908,15.960996,15.962313,7.981156,1.555476,-23.61212
191839,3145.0,338.039,31.37902,31.379294,10.459765,0.826203,-14.2263
191841,3147.0,338.103,24.360676,24.36076,12.18038,0.860307,-16.73199
191844,3150.0,338.129,41.337022,41.33703,13.77901,0.532877,-10.63373
191846,3152.0,338.148,31.617975,31.617981,15.80899,1.01499,-28.08869
191849,3155.0,338.168,50.205284,50.205288,16.735096,0.308702,-7.54993
191851,3157.0,338.19,34.901498,34.901505,17.450752,0.357828,-10.05968
191853,3159.0,338.216,36.815055,36.815064,18.407532,0.47839,-15.54152
191855,3161.0,338.288,37.953981,37.95405,18.977025,0.284747,-9.77415
191858,3164.0,338.485,59.205334,59.205662,19.735221,0.252732,-10.00741
191900,3166.0,338.823,40.684239,40.685643,20.342821,0.3038,-14.64606
191902,3168.0,339.226,42.305176,42.307096,21.153548,0.405364,-20.42143
191904,3170.0,339.627,42.894824,42.896698,21.448349,0.1474,-11.13667
191907,3173.0,339.962,64.343504,64.344376,21.448125,-7.5e-05,-8.83056
191909,3175.0,340.155,43.029237,43.029669,21.514835,0.033355,-9.25195
191912,3178.0,340.205,65.138954,65.138973,21.712991,0.066052,-9.49946
191914,3180.0,340.148,44.118258,44.118295,22.059147,0.173078,-11.11612
191917,3183.0,340.015,68.116502,68.116632,22.705544,0.215466,-12.61841
191920,3186.0,339.887,69.437826,69.437944,23.145981,0.146812,-12.46133
191923,3189.0,339.827,69.999926,69.999952,23.333317,0.062445,-11.77682
191925,3191.0,339.82,47.023426,47.023426,23.511713,0.089198,-12.52172
191928,3194.0,339.854,70.471228,70.471237,23.490412,-0.0071,-11.2766
191931,3197.0,339.959,71.293071,71.293148,23.764383,0.091324,-13.1901
191933,3199.0,340.161,47.011423,47.011857,23.505928,-0.129227,-10.16369
191935,3201.0,340.426,47.437107,47.437847,23.718923,0.106497,-13.86585
191938,3204.0,340.811,73.372137,73.373147,24.457716,0.246264,-17.07215
191941,3207.0,341.355,74.436376,74.438364,24.812788,0.118357,-16.21454
191944,3210.0,341.886,74.24047,74.242369,24.747456,-0.021777,-14.09104
191947,3213.0,342.221,73.82491,73.82567,24.608557,-0.0463,-13.1429
191949,3215.0,342.352,49.269828,49.270002,24.635001,0.013222,-13.76676
191951,3217.0,342.356,50.210395,50.210395,25.105198,0.235099,-17.41414
191953,3219.0,342.302,51.345056,51.345084,25.672542,0.283672,-19.05154
191956,3222.0,342.118,77.548177,77.548395,25.849465,0.058974,-15.88918
191959,3225.0,341.719,76.50848,76.509521,25.503174,-0.11543,-12.30757
192001,3227.0,341.191,50.513447,50.516206,25.258103,-0.122536,-11.04996
192003,3229.0,340.678,50.016476,50.019106,25.009553,-0.124275,-10.64709
192005,3231.0,340.277,49.518942,49.520566,24.760283,-0.124635,-10.54049
192008,3234.0,340.064,74.158349,74.158655,24.719552,-0.013577,-12.76818
192011,3237.0,339.981,74.058342,74.058388,24.686129,-0.011141,-12.98821
192014,3240.0,339.909,73.834782,73.834817,24.611606,-0.024841,-12.68862
192016,3242.0,339.841,48.859092,48.85914,24.42957,-0.091018,-11.40081
192019,3245.0,339.807,71.732522,71.73253,23.910843,-0.172909,-9.56772
192022,3248.0,339.754,68.149005,68.149025,22.716342,-0.398167,-4.81905
192025,3251.0,339.65,67.840387,67.840467,22.613489,-0.034284,-9.29189
192028,3254.0,339.548,68.334713,68.33479,22.778263,0.054925,-10.70752
192031,3257.0,339.501,66.049178,66.049195,22.016398,-0.253955,-5.74711
192033,3259.0,339.593,42.022142,42.022243,21.011121,-0.502638,-1.81307
192036,3262.0,339.964,60.906494,60.907624,20.302541,-0.236193,-4.58541
192039,3265.0,340.564,59.826247,59.829256,19.943085,-0.119819,-5.92011
192041,3267.0,341.162,37.099429,37.104248,18.552124,-0.695481,1.23115
192043,3269.0,341.663,34.079846,34.083529,17.041764,-0.75518,3.11981
192046,3272.0,342.145,47.306386,47.308842,15.769614,-0.42405,1.29741
192048,3274.0,342.647,28.970526,28.974875,14.487438,-0.641088,3.33461
192051,3277.0,343.09,42.091734,42.094066,14.031355,-0.152028,0.16204
192054,3280.0,343.443,46.592014,46.593352,15.531117,0.499921,-14.10426
192056,3282.0,343.793,32.430036,32.431924,16.215962,0.342423,-11.22685
192059,3285.0,344.241,48.702945,48.705005,16.235002,0.006347,-2.94348
192102,3288.0,344.85,44.840494,44.84463,14.94821,-0.428931,1.59848
192104,3290.0,345.494,28.496121,28.503397,14.251698,-0.348256,0.64165
192106,3292.0,345.929,28.259598,28.262946,14.131473,-0.060112,-1.03554
192108,3294.0,346.11,27.044207,27.044813,13.522406,-0.304533,1.96869
192111,3297.0,346.186,36.007945,36.008025,12.002675,-0.506577,4.35237
192114,3300.0,346.255,21.350552,21.350664,7.116888,-1.628596,6.79927
192117,3303.0,346.328,20.405373,20.405503,6.801834,-0.105018,0.54221
192120,3306.0,346.464,32.996293,32.996573,10.998858,1.399008,-26.96868
192122,3308.0,346.72,27.514861,27.516052,13.758026,1.379584,-35.23549
192125,3311.0,346.982,47.577717,47.578438,15.859479,0.700484,-20.09521
192128,3314.0,347.118,53.633443,53.633616,17.877872,0.672798,-22.04827
192130,3316.0,347.146,38.599404,38.599415,19.299707,0.710918,-25.53865
192132,3318.0,346.987,39.657392,39.65771,19.828855,0.264574,-8.57171
192134,3320.0,346.489,40.326591,40.329666,20.164833,0.167989,-6.99281
192137,3323.0,345.766,60.261909,60.266246,20.088749,-0.025361,-4.71119
192140,3326.0,345.131,58.103656,58.107126,19.369042,-0.239902,-1.59984
192143,3329.0,344.732,57.45,57.451385,19.150462,-0.07286,-3.632
192146,3332.0,344.5,56.057266,56.057746,18.685915,-0.154849,-2.53514
192148,3334.0,344.302,35.223118,35.223675,17.611837,-0.537039,2.53765
192151,3337.0,344.097,50.229722,50.23014,16.74338,-0.289486,0.61931
192154,3340.0,343.937,46.060742,46.06102,15.353673,-0.463236,3.10084
192156,3342.0,343.861,28.67886,28.67896,14.33948,-0.507097,3.91417
192159,3345.0,343.847,40.483421,40.483423,13.494474,-0.281669,2.33973
192201,3347.0,343.858,25.966558,25.96656,12.98328,-0.255597,2.33302
