111450,0,396.580103396595,0.0,0.0,0,0,-0.35
111453,3.0,394.550083661668,37.656962,37.71164,12.570547,4.190182,-90.18638
111455,5.0,392.105690663661,37.123478,37.203866,18.601933,3.015693,-97.32553
111458,8.0,389.560071119942,35.601304,35.692198,11.897399,-2.234845,20.07381
111501,11.0,388.331606042992,36.791516,36.81202,12.270673,0.124425,2.24542
111506,16.0,380.842672974699,73.821361,74.200253,14.840051,0.513876,3.06233
111508,18.0,377.244395128155,32.457309,32.656156,16.328078,0.744013,0.92869
111511,21.0,374.611421351636,22.81857,22.969973,7.656658,-2.890473,17.22396
111513,23.0,373.28708388128,10.288607,10.37349,5.186745,-1.234956,7.17616
111515,25.0,373.206080343744,0.600848,0.606283,0.303142,-2.441802,0.08086
111518,28.0,372.204892589695,10.889417,10.935346,3.645115,1.113991,-2.82026
111521,31.0,371.749601710301,30.362096,30.365509,10.121836,2.158907,-41.28938
111524,34.0,373.662738264826,32.510599,32.566841,10.855614,0.244593,-13.08884
111529,39.0,377.91238496546,94.48563,94.58115,18.91623,1.612123,-70.04275
111531,41.0,378.883291719184,40.589394,40.601005,20.300502,0.692136,-33.87745
111533,43.0,380.170121139478,35.564114,35.587387,17.793694,-1.253404,5.22687
111536,46.0,380.856911272791,36.459788,36.466256,12.155419,-1.879425,12.24818
111539,49.0,377.170124101326,54.729401,54.853438,18.284479,2.04302,-61.90735
111541,51.0,374.710037053704,43.1712,43.241237,21.620618,1.66807,-67.9629
111544,54.0,374.391011845319,36.551959,36.553351,12.18445,-3.145389,22.53688
111547,57.0,373.078094584732,34.101879,34.127143,11.375714,-0.269579,4.86872
111550,60.0,370.121278609107,41.413631,41.519051,13.839684,0.821323,-1.01218
111555,65.0,360.192626015312,101.989134,102.471272,20.494254,1.330914,-34.99046
111559,69.0,357.040364711,51.37039,51.467016,12.866754,-1.906875,18.25735
111604,74.0,351.100142974518,77.450126,77.677591,15.535518,0.533753,0.46163
111609,79.0,344.951872509461,90.998232,91.205698,18.24114,0.541124,-2.82965
111614,84.0,346.753720491636,83.052502,83.072046,16.614409,-0.325346,-1.3311
111618,88.0,347.42093482805,69.771767,69.774957,17.443739,0.207333,-7.33262
111620,90.0,346.380041644143,22.518853,22.542897,11.271448,-3.086146,22.71301
111622,92.0,345.751399847378,13.300077,13.314925,6.657463,-2.306993,10.36441
111625,95.0,345.111569420021,12.794619,12.810608,4.270203,-0.795753,3.02279
111627,97.0,344.771367397817,21.006009,21.008763,10.504382,3.11709,-61.2332
111630,100.0,345.238474951968,31.434391,31.437862,10.479287,-0.008365,-0.09049
111633,103.0,345.525741625539,30.377376,30.378734,10.126245,-0.117681,0.79004
111638,108.0,345.829384593709,71.448998,71.449643,14.289929,0.832737,-19.51273
111640,110.0,346.543646692028,31.97904,31.987015,15.993508,0.851789,-28.62996
111642,112.0,346.414460609369,39.812837,39.813047,19.906523,1.956508,-89.79647
111645,115.0,346.473922904153,41.835799,41.835841,13.94528,-1.987081,14.95397
111650,120.0,341.308398032421,82.168979,82.331183,16.466237,0.504191,-1.21094
111655,125.0,340.923997372485,85.908749,85.909609,17.181922,0.143137,-3.84971
111658,128.0,338.396041957259,54.427552,54.486227,18.162076,0.326718,-2.66463
111703,133.0,331.674833270812,105.715375,105.928821,21.185764,0.604738,-7.47785
111708,138.0,331.132473359435,109.659498,109.660839,21.932168,0.149281,-9.94708
111713,143.0,331.287262525046,104.985516,104.98563,20.997126,-0.187008,-5.43728
111716,146.0,332.27236595835,50.47415,50.483763,16.827921,-1.389735,8.50814
111719,149.0,329.613324969987,63.496931,63.552582,21.184194,1.452091,-63.2058
111721,151.0,328.533207361107,48.158925,48.171036,24.085518,1.450662,-86.01418
111724,154.0,326.180001049092,46.151217,46.211172,15.403724,-2.893931,27.42551
111729,159.0,327.120126744569,101.261294,101.265658,20.253132,0.969882,-38.7547
111732,162.0,326.799411978579,60.409759,60.41061,20.13687,-0.038754,-5.28743
111734,164.0,328.599397987509,38.721695,38.763509,19.381754,-0.377558,-6.18153
111736,166.0,332.001773856145,40.749479,40.891273,20.445636,0.531941,-50.08458
111739,169.0,333.006756688308,41.26143,41.273667,13.757889,-2.229249,15.01107
111743,173.0,333.706875537524,88.241864,88.244641,22.06116,2.075818,-87.90047
111745,175.0,332.144368248238,38.819874,38.851307,19.425653,-1.317753,12.85475
111748,178.0,331.812577592361,39.20955,39.210954,13.070318,-2.118445,16.21853
111752,182.0,331.74446539876,84.312717,84.312744,21.078186,2.001967,-99.75313
111754,184.0,331.697653738285,43.12058,43.120605,21.560303,0.241058,-10.93175
111756,186.0,331.666108221935,42.905701,42.905713,21.452857,-0.053723,-7.33625
111758,188.0,329.622417411905,45.215986,45.262149,22.631074,0.589109,-11.57759
111800,190.0,328.041897949599,43.721414,43.749972,21.874986,-0.378044,0.14492
111802,192.0,326.904914244804,42.783308,42.798413,21.399207,-0.237889,-2.12177
111805,195.0,326.380465847917,41.519934,41.523246,13.841082,-2.519375,20.0065
111809,199.0,326.764234465128,81.559434,81.560337,20.390084,1.63725,-62.52358
111811,201.0,325.741407143054,41.252466,41.265145,20.632572,0.121244,-5.55563
111813,203.0,323.370471650588,40.249216,40.318987,20.159494,-0.236539,2.68224
111815,205.0,321.042234522767,39.799631,39.867673,19.933836,-0.112829,1.47132
111817,207.0,319.986076923304,34.952992,34.968945,17.484472,-1.224682,11.37912
111820,210.0,320.098000931827,29.344752,29.344966,9.781655,-2.567606,14.19311
111822,212.0,320.546752241994,23.58395,23.588219,11.794109,1.006227,-22.13118
111824,214.0,320.41695511178,12.561481,12.562152,6.281076,-2.756516,10.05587
111826,216.0,320.288710823102,4.236423,4.238364,2.119182,-2.080947,2.58917
111832,222.0,319.913506138159,17.615644,17.61964,2.936607,0.136238,0.00886
111835,225.0,319.705920219454,19.105678,19.106806,6.368935,1.144109,-14.42714
111837,227.0,319.105076948725,23.791824,23.799409,11.899705,2.765385,-59.87141
111839,229.0,318.891574030918,29.904317,29.905079,14.952539,1.526417,-48.93986
111841,231.0,319.687801853636,31.344644,31.354755,15.677378,0.362419,-14.59164
111843,233.0,321.322289858321,33.141277,33.181558,16.590779,0.4567,-26.03306
111845,235.0,323.60111764968,34.001051,34.077332,17.038666,0.223944,-25.11612
111848,238.0,324.480184301044,35.610076,35.620924,11.873641,-1.721675,10.5503
111852,242.0,324.660970220794,71.78819,71.788417,17.947104,1.518366,-48.97126
111854,244.0,323.904714170828,36.876116,36.88387,18.441935,0.247416,-4.72274
111856,246.0,323.902910425251,37.961171,37.961171,18.980585,0.269325,-26.26127
111858,248.0,322.905812505313,41.894261,41.906125,20.953063,0.986239,-50.9646
111902,252.0,320.110995118705,65.015874,65.075916,16.268979,-1.171021,12.19014
111907,257.0,322.743047957493,92.360835,92.398331,18.479666,0.442137,-22.73738
111909,259.0,321.796898069589,30.252207,30.266999,15.133499,-1.673083,15.40007
111911,261.0,321.415239861164,14.277297,14.282397,7.141199,-3.99615,16.98564
111913,263.0,321.453560313568,3.503053,3.503263,1.751631,-2.694784,2.28061
112016,326.0,322.568522187502,18.607638,18.641012,0.295889,-0.023107,-0.32234
112018,328.0,323.140048260728,19.282727,19.291195,9.645598,4.674854,-85.57813
112021,331.0,323.357469041675,22.737581,22.73862,7.57954,-0.688686,2.81479
112023,333.0,323.680424714687,24.872524,24.874621,12.43731,2.428885,-54.7001
112025,335.0,323.834462391476,26.573965,26.574411,13.287206,0.424948,-8.00996
112027,337.0,324.651835451957,29.477369,29.4887,14.74435,0.728572,-23.80679
112029,339.0,325.573863357339,31.536088,31.549564,15.774782,0.515216,-20.28074
112032,342.0,325.90719782392,33.122003,33.12368,11.041227,-1.577852,9.74605
112034,344.0,326.318916051852,31.44463,31.447326,15.723663,2.341218,-68.57631
112037,347.0,325.333271233762,47.405931,47.416176,15.805392,0.027243,-0.08243
112040,350.0,327.844514211146,36.581435,36.66753,12.22251,-1.194294,4.41175
112043,353.0,325.431788852327,47.241797,47.303368,15.767789,1.18176,-29.9931
112046,356.0,322.564484414284,49.961791,50.044001,16.681334,0.304515,-0.06085
112049,359.0,323.567972472879,50.982542,50.992417,16.997472,0.105379,-6.7911
112051,361.0,324.039459875289,41.879042,41.881696,20.940848,1.971688,-79.97066
112054,364.0,324.102540920427,43.367669,43.367715,14.455905,-2.161648,16.52224
112057,367.0,324.695367414264,59.044118,59.047094,19.682365,1.742153,-65.62757
112100,370.0,328.488621563614,73.140398,73.238696,24.412899,1.576845,-95.76034
112103,373.0,329.647494012715,70.86532,70.874795,23.624932,-0.262656,-9.97133
112106,376.0,329.192746045675,77.320272,77.321609,25.77387,0.716313,-68.53795
112111,381.0,332.782096745834,110.766907,110.825048,22.16501,-0.721772,-4.1554
112115,385.0,336.780601807004,93.378699,93.464268,23.366067,0.300264,-32.14711
112118,388.0,339.055742199685,47.276992,47.331704,15.777235,-2.529611,16.23384
112121,391.0,339.060743251674,49.376928,49.376928,16.458976,0.227247,-4.27231
112123,393.0,337.326725344578,41.698332,41.734371,20.867186,2.204105,-90.79173
112126,396.0,336.076784278331,29.505048,29.531512,9.843837,-3.67445,22.71493
112128,398.0,335.389900385108,24.106012,24.115796,12.057898,1.107031,-23.02452
112131,401.0,334.941239765563,13.662905,13.67027,4.556757,-2.50038,7.09518
112133,403.0,334.823643320082,3.027209,3.029492,1.514746,-1.521006,1.35446
112158,428.0,334.345949421954,10.282802,10.293892,0.411756,-0.04412,-0.30675
112201,431.0,333.761245081157,20.194546,20.203009,6.734336,2.107527,-25.02235
112203,433.0,334.644304356375,25.135151,25.150658,12.575329,2.920497,-71.82145
112206,436.0,335.702131228086,50.141682,50.152839,16.717613,1.380761,-46.29332
112209,439.0,340.414466072431,48.174079,48.404008,16.134669,-0.194315,-19.7286
112212,442.0,347.462209648161,61.467726,61.870446,20.623482,1.496271,-98.80572
112215,445.0,353.54777551243,65.239206,65.522425,21.840808,0.405775,-53.17326
112218,448.0,357.25077979283,53.761709,53.889087,17.963029,-1.292593,2.36856
112223,453.0,360.948427306099,105.091663,105.156693,21.031339,0.613662,-36.79506
112228,458.0,365.590385350533,102.442457,102.547574,20.509515,-0.104365,-12.13407
112233,463.0,361.56455382155,109.533741,109.607699,21.92154,0.282405,-7.78769
112236,466.0,362.162788229552,57.541789,57.544899,19.181633,-0.913302,3.42698
112241,471.0,366.552392543666,118.125912,118.207444,23.641489,0.891971,-56.12979
112245,475.0,362.791294843374,109.459058,109.523656,27.380914,0.934856,-73.53293
112248,478.0,362.506939952542,51.760145,51.760926,17.253642,-3.375757,29.49709
112253,483.0,369.764514268235,116.649684,116.875238,23.375048,1.224281,-80.22545
112258,488.0,374.048062829603,118.962873,119.039968,23.807994,0.086589,-20.76127
112302,492.0,374.073092116822,104.304971,104.304974,26.076244,0.567063,-30.51841
112304,494.0,370.319430774632,57.941405,58.062866,29.031433,1.477595,-95.36489
112307,497.0,365.965468375655,56.940806,57.107026,19.035675,-3.331919,37.69161
112316,506.0,367.060329669033,249.483915,249.486318,27.720702,0.965003,-55.94915
112325,515.0,358.344177084811,272.193591,272.333109,30.259234,0.282059,-23.185
112332,522.0,353.528616017596,208.287614,208.343274,29.763325,-0.070844,-17.79688
112341,531.0,349.448191521475,282.4193,282.448775,31.383197,0.179986,-26.82815
112350,540.0,346.454340972965,289.260351,289.275843,32.14176,0.084285,-27.57838
112357,547.0,352.127444608064,207.521682,207.599212,29.65703,-0.354961,-21.0209
112403,553.0,359.858682831062,211.862066,212.003083,35.333847,0.946136,-95.49898
112406,556.0,362.825642864074,71.074456,71.136356,23.712119,-3.873909,33.65689
112415,565.0,370.722355994184,283.736272,283.846138,31.53846,0.869593,-73.95477
112424,574.0,378.741160837224,258.088896,258.213438,28.690382,-0.316453,-20.27555
112433,583.0,385.55933225613,258.419347,258.509277,28.723253,0.003652,-24.66876
112442,592.0,386.049690638551,253.518893,253.519367,28.168819,-0.061604,-18.76437
112451,601.0,381.545286510685,266.201031,266.239138,29.582126,0.157034,-22.14961
112500,610.0,380.487074071623,272.566855,272.568909,30.285434,0.078145,-24.45031
112507,617.0,369.691038648897,205.71007,205.993173,29.427596,-0.122548,-11.68051
112514,624.0,365.821761095581,206.824984,206.861174,29.551596,0.017714,-19.53296
112520,630.0,371.340412276646,208.263611,208.336716,34.722786,0.861865,-81.90894
112523,633.0,371.682604946104,67.776123,67.776987,22.592329,-4.043486,39.82253
112530,640.0,366.057155271987,195.036797,195.117907,27.873987,0.754523,-69.57001
112536,646.0,373.460806743353,198.853208,198.990985,33.165164,0.881863,-85.09781
112539,649.0,373.653689126297,67.849455,67.849729,22.616576,-3.516196,33.56063
112548,658.0,376.701916926551,265.262463,265.279976,29.475553,0.762109,-53.38376
112556,666.0,370.263442515356,245.448201,245.532632,30.691579,0.152003,-22.88343
112558,668.0,370.262667231496,61.629834,61.629834,30.814917,0.061669,-25.9671
112601,671.0,370.677037458348,63.722324,63.723672,21.241224,-3.191231,28.70128
112610,680.0,365.210047199198,258.27137,258.329225,28.703247,0.829114,-81.69693
112619,689.0,359.521710147305,274.458755,274.517696,30.501966,0.199858,-24.18131
112622,692.0,359.227827033726,66.174043,66.174695,22.058232,-2.814578,25.68849
112629,699.0,347.47400932854,211.805454,212.131333,30.304476,1.178035,-91.40971
112635,705.0,338.95179862989,211.485042,211.656682,35.276114,0.828606,-43.83251
112638,708.0,337.895591506235,68.70442,68.712538,22.904179,-4.123978,43.57382
112647,717.0,339.031752890691,278.854463,278.856777,30.984086,0.897767,-60.56028
112656,726.0,328.013138883189,278.700987,278.918715,30.990968,0.000765,-18.70554
112703,733.0,323.010818349012,207.521804,207.582086,29.654584,-0.190912,-15.45768
112712,742.0,322.996201714783,263.926314,263.926315,29.325146,-0.036604,-21.13109
112721,751.0,328.900958636319,259.926431,259.993492,28.888166,-0.048553,-23.60021
112730,760.0,333.065193612155,246.24474,246.279948,27.364439,-0.169303,-17.7869
112737,767.0,330.124670994212,196.689195,196.711174,28.101596,0.105308,-18.62716
112744,774.0,335.8167215524,199.354998,199.436242,28.490892,0.055614,-25.28875
112751,781.0,329.043314654494,199.350731,199.465769,28.49511,0.000603,-14.84302
112758,788.0,328.570865458349,208.327975,208.328511,29.761216,0.180872,-25.2327
112804,794.0,323.033371572816,206.236429,206.310757,34.385126,0.770652,-42.77424
112807,797.0,323.562410669911,65.772747,65.774875,21.924958,-4.153389,40.32045
112825,815.0,305.533503140624,280.988075,281.234662,31.248296,0.054232,-19.72483
112834,824.0,293.787426927278,275.350926,275.601347,30.622372,-0.069547,-16.26176
112843,833.0,283.051393272912,276.312491,276.520985,30.724554,0.011354,-18.44226
112850,840.0,286.352426285041,210.91711,210.94294,30.134706,-0.084264,-24.5529
112857,847.0,291.471284494171,210.600694,210.662895,30.094699,-0.005715,-27.16888
112904,854.0,286.17552634291,213.63897,213.704596,30.529228,0.062076,-21.21948
112911,861.0,285.831454162152,219.123669,219.123939,31.30342,0.110599,-27.58576
112918,868.0,279.994530762982,221.174238,221.251244,31.607321,0.043414,-22.88741
112925,875.0,292.688153790215,208.999605,209.384724,29.912103,-0.242174,-28.72796
112932,882.0,292.525474872476,205.978252,205.978316,29.425474,-0.069518,-20.67228
112941,891.0,295.203284524112,289.685058,289.697435,32.188604,0.307014,-34.98157
112948,898.0,291.285994167753,209.616327,209.652927,29.950418,-0.319741,-14.74789
112954,904.0,279.702350464748,210.243212,210.562078,35.09368,0.85721,-41.03824
112957,907.0,274.765665041731,70.925323,71.096922,23.698974,-3.798235,46.87857
113013,923.0,267.272270627701,526.847134,526.900421,32.931276,0.577019,-37.56565
113022,932.0,262.28915407003,279.591972,279.636375,31.070708,-0.20673,-18.91178
113029,939.0,260.865443962953,197.236139,197.241277,28.177325,-0.41334,-11.892
113036,946.0,267.03859917162,194.543237,194.641154,27.805879,-0.053064,-22.59738
113042,952.0,273.79128234791,180.552032,180.678264,30.113044,0.384528,-47.85748
113045,955.0,275.692585601413,59.726179,59.756434,19.918811,-3.398078,27.73883
113054,964.0,286.540001081835,249.889328,250.124654,27.791628,0.874757,-70.9967
113100,970.0,287.905388675031,198.54405,198.548745,33.091458,0.883305,-66.56824
113103,973.0,290.897486441304,66.896736,66.963616,22.321205,-3.590084,29.33003
113112,982.0,298.912004555486,260.508942,260.632196,28.959133,0.737548,-60.78446
113119,989.0,309.83815679936,194.270424,194.577436,27.796777,-0.166051,-24.53207
113125,995.0,315.656986104412,189.801934,189.891108,31.648518,0.641957,-62.47542
113128,998.0,318.251032988843,63.361242,63.414321,21.138107,-3.50347,28.38333
113137,1007.0,321.021413781091,254.011121,254.026229,28.225137,0.787448,-51.2951
113146,1016.0,317.971566674912,266.322429,266.339891,29.593321,0.15202,-22.9282
113151,1021.0,323.937016363522,113.381054,113.537879,22.707576,-1.377149,0.86685
113158,1028.0,314.418103546773,185.400556,185.644757,26.52068,0.544729,-16.85959
113204,1034.0,310.334747048411,181.290969,181.33695,30.222825,0.617024,-30.18158
113207,1037.0,312.592221701089,59.708054,59.750715,19.916905,-3.435307,27.49917
113214,1044.0,322.936092388055,184.870704,185.159857,26.451408,0.9335,-75.65403
113223,1053.0,319.933405531973,258.993785,259.011191,28.779021,0.258624,-22.90038
113232,1062.0,324.518708672217,270.287838,270.326729,30.036303,0.139698,-28.2673
113239,1069.0,328.643179108845,187.644193,187.689516,26.812788,-0.460502,-13.19232
113245,1075.0,334.540310077442,183.150447,183.245361,30.540894,0.621351,-59.38853
113248,1078.0,334.127430438357,63.12917,63.13052,21.043507,-3.165796,29.82434
113255,1085.0,337.518981891064,188.514918,188.545424,26.935061,0.841651,-54.33277
113302,1092.0,340.386899921398,182.502929,182.525461,26.075066,-0.122856,-15.90019
113308,1098.0,347.413547031045,176.729286,176.868918,29.478153,0.567181,-57.8019
113310,1100.0,351.819023371209,61.524641,61.682167,30.841084,0.681465,-85.51453
113313,1103.0,352.713299745894,62.670838,62.677218,20.892406,-3.316226,29.14157
113322,1112.0,359.445247385358,259.625538,259.712802,28.856978,0.884952,-65.93765
113329,1119.0,360.865670350596,186.153345,186.158764,26.594109,-0.323267,-12.77877
113335,1125.0,366.123245085395,185.107587,185.182237,30.863706,0.711599,-63.29461
113338,1128.0,366.572302324408,64.366322,64.367888,21.455963,-3.135914,28.06615
113346,1136.0,371.288160504656,251.147574,251.191845,31.398981,1.242877,-90.03497
113349,1139.0,373.02786015949,58.962791,58.988451,19.662817,-3.912055,33.40297
113358,1148.0,370.15908503217,237.350339,237.367676,26.374186,0.745708,-69.91931
113407,1157.0,361.097112753699,253.000216,253.162455,28.129162,0.194997,-16.92227
113416,1166.0,345.455896897212,246.224965,246.721261,27.413473,-0.079521,-7.38108
113425,1175.0,337.010108066997,246.676745,246.821287,27.424587,0.001235,-12.91967
113434,1184.0,329.256053260627,258.457969,258.574258,28.730473,0.145098,-18.16632
113442,1192.0,317.673144449458,262.886131,263.141182,32.892648,0.520272,-31.20083
113445,1195.0,317.613205185561,64.777696,64.777724,21.592575,-3.766691,36.51074
113454,1204.0,311.333256052953,254.858264,254.935625,28.326181,0.748178,-73.74577
113500,1210.0,305.742253807824,192.712245,192.793332,32.132222,0.63434,-34.00364
113503,1213.0,304.495032491955,64.378248,64.390328,21.463443,-3.55626,36.07959
113512,1222.0,298.004053054778,253.243526,253.326699,28.147411,0.742663,-72.06178
113521,1231.0,296.431744445515,234.878791,234.884053,26.098228,-0.227687,-11.27452
113528,1238.0,291.939369335102,173.658602,173.716699,24.816671,-0.18308,-7.28957
113535,1245.0,293.339335672882,166.661045,166.666925,23.809561,-0.143873,-10.77847
113541,1251.0,293.804418896811,166.332362,166.333012,27.722169,0.652101,-39.03627
113543,1253.0,292.565075215555,55.843199,55.85695,27.928475,0.103153,-17.15255
113546,1256.0,290.181437108178,55.509526,55.56068,18.520227,-3.136083,31.82651
113555,1265.0,284.662302154,232.815178,232.880587,25.875621,0.817266,-65.56446
113602,1272.0,281.062327593584,189.315938,189.350163,27.050023,0.167772,-16.94308
113608,1278.0,276.692552341369,186.481057,186.532248,31.088708,0.673114,-33.03463
113611,1281.0,268.539880557632,57.094807,57.673938,19.224646,-3.954687,51.21939
113618,1288.0,271.031218744788,163.285283,163.304288,23.329184,0.586363,-32.7053
113625,1295.0,263.065165688883,167.049132,167.238962,23.89128,0.080299,-6.62895
113631,1301.0,254.232047234817,157.446301,157.693886,26.282314,0.398506,-13.61526
113634,1304.0,255.126912979183,49.869732,49.87776,16.62592,-3.218798,25.41276
113638,1308.0,252.898648408895,95.071813,95.097922,23.77448,1.78714,-98.68322
113640,1310.0,253.228163466539,48.168878,48.170006,24.085003,0.155261,-14.95521
113642,1312.0,253.858966787246,50.479245,50.483186,25.241593,0.578295,-34.99875
113644,1314.0,250.821195489216,51.805487,51.894475,25.947238,0.352823,-12.03581
113646,1316.0,244.792743110131,50.961276,51.316605,25.658302,-0.144468,3.59237
113649,1319.0,244.858203723767,50.645231,50.645274,16.881758,-2.925515,24.38979
113656,1326.0,237.997630424139,175.210841,175.345106,25.049301,1.166792,-70.90555
113700,1330.0,238.506788745565,120.757351,120.758424,30.189606,1.285076,-80.00285
113702,1332.0,237.351739500739,62.156979,62.16771,31.083855,0.447125,-29.95261
113705,1335.0,236.935010483218,62.215885,62.217281,20.739094,-3.448254,32.94661
113716,1346.0,231.872757224304,61.967245,61.967261,20.655754,-3.638252,34.22802
113725,1355.0,225.08721004468,246.934257,247.02747,27.447497,0.754638,-68.3618
113732,1362.0,221.417877251245,200.903901,200.937406,28.705344,0.179692,-20.42157
113738,1368.0,216.23600769043,192.603368,192.673063,32.112177,0.567805,-33.08211
113740,1370.0,216.23600769043,62.493891,62.493891,31.246946,-0.432615,-18.35821
113743,1373.0,217.116027932348,63.070178,63.076317,21.025439,-3.407169,30.30568
113752,1382.0,223.748635048251,243.255938,243.346344,27.038483,0.668116,-50.32439
113758,1388.0,227.732462116214,166.101779,166.149547,27.691591,0.108851,-23.64972
113801,1391.0,228.886576762396,56.264198,56.276034,18.758678,-2.977638,23.99089
113814,1404.0,239.921494350373,79.648017,79.728647,26.576216,-1.735509,15.43164
113817,1407.0,236.644959292202,66.763543,66.843896,22.281299,-1.431639,14.17393
113823,1413.0,237.593234414571,179.783067,179.785568,29.964261,1.280494,-79.5934
113825,1415.0,237.548761070538,52.401647,52.401665,26.200833,-1.881714,11.54587
113827,1417.0,237.20660881741,48.856471,48.857669,24.428834,-0.886,0.22937
113829,1419.0,236.419526089493,47.901629,47.908095,23.954048,-0.237393,-6.55669
113832,1422.0,235.538032790178,46.914255,46.922536,15.640845,-2.771068,23.91116
113836,1426.0,233.837905021307,87.289967,87.306522,21.82663,1.546446,-78.96511
113838,1428.0,232.152121302295,40.820804,40.855598,20.427799,-0.699415,5.73259
113841,1431.0,230.949854392942,42.32555,42.342622,14.114207,-2.104531,18.20092
113845,1435.0,227.714338107169,77.281215,77.348916,19.337229,1.305756,-49.69853
113848,1438.0,226.764643238888,38.281352,38.293131,12.764377,-2.190951,17.66744
113857,1447.0,244.904016534988,177.547765,178.471974,19.830219,0.785094,-64.02844
113904,1454.0,251.15776615422,149.327931,149.458825,21.351261,0.217292,-24.44904
113910,1460.0,255.479990222696,157.898499,157.957645,26.326274,0.829169,-56.47774
113913,1463.0,264.7567919892,51.973717,52.795135,17.598378,-2.909299,8.12158
113919,1469.0,265.73236965644,158.879145,158.882141,26.480357,1.48033,-78.56429
113922,1472.0,266.002599324737,54.169634,54.170308,18.056769,-2.807863,23.52785
113931,1481.0,261.450163674731,214.240097,214.288459,23.809829,0.639229,-49.39944
113937,1487.0,256.619724696611,149.403907,149.481974,24.913662,0.183972,-11.57331
113940,1490.0,256.434179107782,50.506144,50.506485,16.835495,-2.692722,22.65845
113946,1496.0,250.271835299997,156.336823,156.458227,26.076371,1.540146,-93.94919
113948,1498.0,250.139374723003,51.562202,51.562372,25.781186,-0.147593,-12.44897
113951,1501.0,250.131233043631,50.522289,50.52229,16.840763,-2.980141,25.00055
113955,1505.0,250.122999534819,91.938169,91.938169,22.984542,1.535945,-92.94957
113957,1507.0,250.142045746638,41.735386,41.735391,20.867695,-1.058424,4.8383
113959,1509.0,250.369631589723,39.646133,39.646786,19.823393,-0.522151,-0.81288
114002,1512.0,250.379974518212,38.37033,38.370331,12.79011,-2.344428,17.03656
114006,1516.0,244.703333516422,79.040649,79.244233,19.811058,1.755237,-57.38848
114008,1518.0,244.368312771772,41.480152,41.481505,20.740753,0.464847,-36.09153
114011,1521.0,234.753147515532,43.044764,44.10559,14.701863,-2.012963,32.80753
114015,1525.0,231.318197444702,87.84903,87.916158,21.97904,1.819294,-83.0607
114018,1528.0,229.506950970136,59.998913,60.026246,20.008749,-0.656764,4.35378
114020,1530.0,230.49857621285,47.515958,47.526304,23.763152,1.877202,-92.57166
114022,1532.0,231.838661161605,50.719848,50.737549,25.368774,0.802811,-52.13175
114025,1535.0,236.235010101234,51.293292,51.481353,17.160451,-2.736108,15.00331
114031,1541.0,247.530548696303,149.134562,149.561715,24.926953,1.294417,-95.73862
114033,1543.0,251.046448551121,45.600488,45.735829,22.867915,-1.029519,-6.64268
114036,1546.0,252.791529024256,43.465259,43.500276,14.500092,-2.789274,18.52278
114040,1550.0,256.244639178586,73.44092,73.522056,18.380514,0.970105,-46.58269
114042,1552.0,257.026869777558,32.890648,32.899949,16.449974,-0.96527,4.41694
114044,1554.0,260.315850561685,33.133624,33.296463,16.648231,0.099128,-30.07556
114047,1557.0,259.93259681415,33.224201,33.226411,11.07547,-1.857587,12.76986
114049,1559.0,258.659077195847,33.243741,33.268126,16.634063,2.779296,-85.59689
114051,1561.0,256.946210582062,29.885956,29.935001,14.967501,-0.833281,10.54976
114053,1563.0,258.750226153875,28.642806,28.699561,14.349781,-0.30886,-4.60347
114057,1567.0,260.751608798009,37.469623,37.523035,9.380759,-1.242256,4.25801
114059,1569.0,263.075056669634,20.217954,20.351022,10.175511,0.397376,-25.44668
114101,1571.0,265.591592287758,18.146088,18.319756,9.159878,-0.507817,-11.59615
114103,1573.0,267.66514149825,20.237655,20.343605,10.171803,0.505962,-25.22228
114106,1576.0,269.400183616644,22.335843,22.40313,7.46771,-0.901364,0.9081
114108,1578.0,272.278131723838,22.909875,23.089932,11.544966,2.038628,-65.7734
114110,1580.0,273.538338082239,19.883494,19.92339,9.961695,-0.791635,1.5668
114112,1582.0,273.726964813265,13.540075,13.541389,6.770694,-1.5955,5.67482
114115,1585.0,273.853253043174,6.247563,6.248839,2.082946,-1.562583,1.37998
114149,1619.0,274.113813101106,11.172072,11.17511,0.32868,-0.051596,-0.31413
114152,1622.0,274.842725287013,14.681919,14.700002,4.900001,1.523774,-17.12545
114154,1624.0,276.57730228217,19.534693,19.611552,9.805776,2.452888,-57.20732
114156,1626.0,277.911316460656,23.637319,23.674933,11.837466,1.015845,-30.40693
114158,1628.0,278.93422173788,25.325426,25.346075,12.673038,0.417786,-15.0952
114201,1631.0,279.324693242714,25.691362,25.694329,8.564776,-1.369421,6.19174
114203,1633.0,279.797185124537,23.980103,23.984757,11.992378,1.713801,-38.2637
114205,1635.0,280.061358662825,21.49684,21.498463,10.749231,-0.621573,3.69621
114207,1637.0,280.089370426335,17.832311,17.832333,8.916166,-0.916532,4.90735
114209,1639.0,280.091274120653,19.6565,19.6565,9.82825,0.456042,-5.40101
114212,1642.0,280.107190747244,23.768323,23.768328,7.922776,-0.635158,3.11263
114214,1644.0,279.692025131612,26.06213,26.065437,13.032718,2.554971,-63.55178
114216,1646.0,278.98403377801,25.820862,25.830566,12.915283,-0.058718,2.84121
114219,1649.0,278.596353791123,24.238459,24.24156,8.08052,-1.611588,8.24182
114221,1651.0,278.543657230204,22.277178,22.27724,11.13862,1.52905,-35.1537
114223,1653.0,278.57268782493,13.857622,13.857652,6.928826,-2.104897,8.19744
114225,1655.0,278.499603025265,7.305584,7.30595,3.652975,-1.637926,3.43531
114228,1658.0,278.464851697257,6.42792,6.428014,2.142671,-0.503435,0.47941
114230,1660.0,278.337379009243,12.718423,12.719061,6.359531,2.10843,-25.8203
114232,1662.0,278.083390274093,21.562693,21.564189,10.782095,2.211282,-45.72604
114235,1665.0,278.950405692793,27.39565,27.409366,9.136455,-0.548547,1.71886
114237,1667.0,279.031988908322,28.034342,28.034461,14.01723,2.440388,-60.2282
114239,1669.0,278.93525861589,27.359309,27.35948,13.67974,-0.168745,1.56149
114241,1671.0,279.173293631972,27.072381,27.073428,13.536714,-0.071513,0.01924
114244,1674.0,279.106183423447,26.107463,26.10755,8.702517,-1.611399,8.2894
114246,1676.0,279.179875990793,22.334785,22.334907,11.167453,1.232468,-22.54884
114248,1678.0,279.385452050187,25.285426,25.286261,12.643131,0.737839,-15.13603
114251,1681.0,279.531671003887,27.530781,27.531169,9.177056,-1.155358,6.08727
114253,1683.0,279.72067373194,29.033716,29.034331,14.517165,2.670054,-69.74481
114255,1685.0,279.901499362438,27.713887,27.714476,13.857238,-0.329963,1.93624
114258,1688.0,280.032445437714,20.540385,20.540803,6.846934,-2.336768,8.80877
114300,1690.0,280.245719367067,15.706224,15.707672,7.853836,0.503451,-7.15419
114302,1692.0,280.284143194899,14.577662,14.577712,7.288856,-0.28249,1.33469
114305,1695.0,280.273533476501,13.949037,13.949041,4.64968,-0.879725,2.30815
114307,1697.0,280.265253728316,13.185048,13.185051,6.592525,0.971422,-14.05438
114309,1699.0,280.214152351778,14.086878,14.086971,7.043485,0.22548,-4.93992
114311,1701.0,280.225309261253,17.060878,17.060882,8.530441,0.743478,-9.46639
114314,1704.0,280.261400918791,20.510089,20.510121,6.836707,-0.564578,2.31341
114316,1706.0,280.228681367698,21.184737,21.184762,10.592381,1.877837,-40.34643
114318,1708.0,280.152091725097,20.060218,20.060364,10.030182,-0.281099,2.39407
114320,1710.0,280.168618151601,23.821561,23.821567,11.910783,0.940301,-16.92079
114323,1713.0,280.205669758312,27.546254,27.546279,9.182093,-0.909563,5.04806
114325,1715.0,280.194025412075,26.382807,26.382809,13.191405,2.004656,-54.77351
114327,1717.0,280.118038610511,28.15993,28.160033,14.080016,0.444305,-18.22804
114329,1719.0,280.109102601002,30.727714,30.727715,15.363857,0.641921,-27.58275
114332,1722.0,280.161392807634,32.586093,32.586135,10.862045,-1.500604,9.61007
114334,1724.0,279.461973490159,33.277017,33.284367,16.642183,2.890069,-94.24577
114336,1726.0,278.709020621345,34.412626,34.420862,17.210431,0.284124,-3.59258
114338,1728.0,276.73612041653,35.64695,35.701504,17.850752,0.320161,-1.42525
114341,1731.0,275.539740617886,35.247388,35.267687,11.755896,-2.031619,16.14855
114345,1735.0,273.959944371422,73.881884,73.898772,18.474693,1.679699,-65.80956
114347,1737.0,273.971646743652,37.507969,37.507971,18.753986,0.139646,-6.07174
114350,1740.0,273.926981829401,37.304654,37.304681,12.434894,-2.106364,15.25325
114352,1742.0,273.937770428147,34.265373,34.265375,17.132687,2.348897,-71.83094
114354,1744.0,274.037007522805,21.528084,21.528313,10.764157,-3.184265,19.29154
114357,1747.0,274.212034449318,13.581564,13.582692,4.527564,-2.078864,4.88522
114359,1749.0,274.889689828572,20.305887,20.317191,10.158595,2.815516,-55.87646
114401,1751.0,276.130151542976,24.746879,24.777949,12.388975,1.11519,-32.74054
114403,1753.0,277.83474473217,24.732494,24.791165,12.395583,0.003304,-11.52333
114406,1756.0,278.970450724867,21.935654,21.965035,7.321678,-1.691302,5.07074
114408,1758.0,279.474533074027,19.945648,19.952017,9.976008,1.327165,-26.04098
114410,1760.0,279.668892883405,19.253864,19.254845,9.627422,-0.174293,0.9845
114412,1762.0,279.433747713867,19.147942,19.149386,9.574693,-0.026364,1.35159
114414,1764.0,279.438696740306,7.056608,7.05661,3.528305,-3.023194,5.78539
114415,1765.0,279.439511915667,0.084622,0.084626,0.084626,-3.443679,-0.18318
195030,30940.0,320.072624803804,720.694647,721.839196,0.024742,-2.0e-06,-0.348
195042,30952.0,324.655402606391,28.910681,29.271647,2.439304,0.201214,-7.49806
195048,30958.0,336.186451834984,70.479459,71.41652,11.902753,1.577241,-65.54853
195051,30961.0,335.545603982978,23.651644,23.660324,7.886775,-1.338659,7.32035
195053,30963.0,335.840638653969,7.559323,7.565078,3.782539,-2.052118,3.43201
195056,30966.0,334.514550865074,15.127879,15.18589,5.061963,0.426475,1.27729
195058,30968.0,333.117575123192,15.76887,15.830629,7.915314,1.426676,-10.98835
195100,30970.0,332.474419371719,17.524028,17.535826,8.767913,0.4263,0.1575
195103,30973.0,332.515960402909,12.035015,12.035087,4.011696,-1.585406,3.40255
195105,30975.0,333.102245749526,8.259613,8.280395,4.140198,0.064251,-4.98108
195108,30978.0,334.717021521125,8.803693,8.95056,2.98352,-0.385559,-7.14522
195109,30979.0,334.694269508168,1.22776,1.227971,1.227971,-1.755549,1.05554
195113,30983.0,333.756424192019,17.064353,17.090105,4.272526,0.761139,-3.31315
195116,30986.0,338.283558678325,33.96976,34.270097,11.423366,2.383613,-73.92547
195118,30988.0,339.855152300659,17.582929,17.653025,8.826513,-1.298426,2.54437
195121,30991.0,339.983217461137,22.808948,22.809308,7.603103,-0.407803,1.81419
195123,30993.0,339.795443447964,28.279939,28.280562,14.140281,3.268589,-91.04084
195126,30996.0,340.475307970418,22.371323,22.381651,7.46055,-2.226577,8.22506
195129,30999.0,339.535821734597,25.784404,25.801514,8.600505,0.379985,0.34971
195132,31002.0,327.572192891826,26.499184,29.074648,9.691549,0.363681,20.13596
195135,31005.0,320.340719885975,24.468825,25.515047,8.505016,-0.395511,15.27455
195138,31008.0,320.816159238432,22.222633,22.227718,7.409239,-0.365259,0.95285
195141,31011.0,320.914841876771,16.241693,16.241993,5.413998,-0.66508,1.91508
195143,31013.0,323.917415511359,11.362308,11.75234,5.87617,0.231086,-28.3165
195148,31018.0,333.265262935734,11.19445,14.584168,2.916834,-0.591867,-30.20154
195151,31021.0,342.53478782026,7.843833,12.142891,4.04763,0.376932,-57.96102
195152,31022.0,342.655940826535,3.119242,3.121594,3.121594,-0.926036,0.84203
195157,31027.0,342.663830920995,16.967469,16.967471,3.393494,0.05438,-0.17876
195200,31030.0,342.205496972025,36.302284,36.305178,12.101726,2.902744,-66.7186
195202,31032.0,342.155077172446,34.11724,34.117277,17.058639,2.478457,-90.1902
195205,31035.0,341.551787703743,30.952215,30.958093,10.319364,-2.246425,14.48728
195207,31037.0,342.514890121111,26.884244,26.90149,13.450745,1.56569,-43.81583
195208,31038.0,342.621394903947,2.965398,2.96731,2.96731,-10.483435,16.39828
195213,31043.0,343.3150643461,10.076498,10.100346,2.020069,-0.189448,-1.60182
195216,31046.0,344.593546183884,22.595124,22.631265,7.543755,1.841229,-31.39223
195219,31049.0,345.899780196963,28.057196,28.087586,9.362529,0.606258,-15.67652
195221,31051.0,344.599624013892,18.215048,18.26139,9.130695,-0.115917,4.6042
195224,31054.0,347.194502849806,23.19116,23.33588,7.778627,-0.450689,-7.14706
195227,31057.0,351.088434659577,19.841619,20.220102,6.740034,-0.346198,-17.52896
195230,31060.0,350.994631936291,23.395098,23.395286,7.798429,0.352798,-7.26008
195233,31063.0,349.089034959028,18.946769,19.042356,6.347452,-0.483659,5.3142
195235,31065.0,347.355910447623,19.390422,19.467721,9.733861,1.693204,-18.26733
195238,31068.0,346.133366003261,21.722954,21.757329,7.252443,-0.827139,5.79119
195241,31071.0,344.530594781339,21.423392,21.483263,7.161088,-0.030452,3.29037
195243,31073.0,343.472172579321,17.12719,17.159863,8.579931,0.709422,-0.0367
195245,31075.0,342.730809093056,16.401192,16.417939,8.208969,-0.185481,3.24314
195247,31077.0,342.002773672606,15.759431,15.776239,7.888119,-0.160425,3.02914
195249,31079.0,341.160170268104,15.028539,15.052142,7.526071,-0.181024,3.35022
195252,31082.0,340.508534512166,10.816922,10.836533,3.612178,-1.304631,3.70705
195253,31083.0,340.472728659108,1.399819,1.400277,1.400277,-2.211901,1.65679
195316,31106.0,340.259593460073,11.436129,11.438115,0.497309,-0.039259,-0.29909
195318,31108.0,339.208602569974,14.294954,14.333537,7.166768,3.33473,-37.10381
195322,31112.0,336.453859293299,42.053539,42.143668,10.535917,0.842287,-7.81529
195323,31113.0,336.436953700352,0.677001,0.677212,0.677212,-9.858705,3.46105
195328,31118.0,335.859190099226,15.114346,15.125385,3.025077,0.469573,-0.25824
195332,31122.0,336.139139478267,60.75541,60.756055,15.189014,3.040984,-83.23411
195334,31124.0,333.413364326967,40.156441,40.248846,20.124423,2.467705,-86.62702
195337,31127.0,328.073432116986,39.919786,40.275355,13.425118,-2.233102,26.24344
195339,31129.0,324.210384133663,36.143206,36.349064,18.174532,2.374707,-59.67619
195341,31131.0,321.679473171782,26.407494,26.528499,13.264249,-2.455142,24.99526
195343,31133.0,317.384114895878,24.612323,24.984326,12.492163,-0.386043,14.97432
195345,31135.0,314.118564314993,24.229414,24.448483,12.224242,-0.13396,10.59817
195347,31137.0,312.335949551297,18.131884,18.219301,9.109651,-1.557296,13.10829
195350,31140.0,311.739979195942,6.23611,6.264523,2.088174,-2.340492,3.57325
195352,31142.0,310.88272996721,8.244077,8.288527,4.144263,1.028044,-0.03315
195354,31144.0,308.160007343135,19.366417,19.556874,9.778437,2.817087,-29.75146
195356,31146.0,304.859512717932,21.599852,21.850558,10.925279,0.573421,6.21234
195359,31149.0,302.848795326794,23.046427,23.133975,7.711325,-1.071318,8.49928
195401,31151.0,300.560596410156,18.930354,19.068145,9.534072,0.911374,1.96557
195403,31153.0,298.49976448893,19.151137,19.2617,9.63085,0.048389,5.88025
195405,31155.0,297.359361317281,20.33087,20.362828,10.181414,0.275282,2.19224
195408,31158.0,297.081667258809,20.190413,20.192323,6.730774,-1.150213,4.99657
195410,31160.0,296.641678415743,20.980057,20.98467,10.492335,1.88078,-36.32193
195412,31162.0,296.394488198553,21.160233,21.161677,10.580838,0.044252,1.1239
195414,31164.0,295.430054515221,21.392325,21.414053,10.707027,0.063095,2.95929
195416,31166.0,292.364654950755,21.609136,21.825477,10.912739,0.102856,8.40088
195419,31169.0,289.987777546758,21.609137,21.739465,7.246488,-1.222084,9.43169
195421,31171.0,287.761912820655,21.181886,21.298516,10.649258,1.701385,-17.25152
195423,31173.0,286.692752260837,15.437971,15.47495,7.737475,-1.455892,9.42074
195425,31175.0,285.592978339396,8.897586,8.965296,4.482648,-1.627413,6.99448
195427,31177.0,283.882849929822,9.964077,10.109767,5.054883,0.286117,3.89232
195429,31179.0,281.631613443399,13.677238,13.861273,6.930637,0.937877,2.76277
195432,31182.0,279.593031386562,16.876244,16.998924,5.666308,-0.421443,5.11074
195434,31184.0,277.614292720101,21.753011,21.842823,10.921411,2.627551,-39.13993
195436,31186.0,274.751583603813,32.252908,32.379703,16.189851,2.63422,-63.74481
195438,31188.0,272.211476218957,32.927264,33.025095,16.512547,0.161348,3.12321
195440,31190.0,270.096335445507,31.314937,31.386288,15.693144,-0.409701,7.71213
195442,31192.0,268.283010343902,28.625955,28.68333,14.341665,-0.675739,9.77193
195444,31194.0,262.301344997574,25.944834,26.625452,13.312726,-0.514469,20.14158
195447,31197.0,259.367812413651,27.634462,27.78973,9.263243,-1.349828,12.6708
195449,31199.0,258.571679911305,30.175728,30.186229,15.093114,2.914936,-82.98539
195451,31201.0,256.349933649334,31.744654,31.822306,15.911153,0.409019,0.70706
195453,31203.0,255.206850926026,34.110288,34.129436,17.064718,0.576783,-20.48755
195455,31205.0,252.191829729126,35.82095,35.947612,17.973806,0.454544,-0.09581
195457,31207.0,248.215378216523,36.083287,36.301732,18.150866,0.08853,5.90405
195500,31210.0,246.771413564648,36.990859,37.019032,12.339677,-1.937063,16.56117
195504,31214.0,246.497831360061,81.785287,81.785745,20.446436,2.02669,-95.77693
195506,31216.0,240.805534386045,43.864706,44.232507,22.116254,0.834909,-3.78877
195508,31218.0,237.881051847098,50.321318,50.406227,25.203113,1.54343,-80.57044
195510,31220.0,234.48480949162,48.879523,48.99737,24.498685,-0.352214,1.19326
195514,31224.0,231.610509609441,72.718467,72.77525,18.193813,-1.576218,15.64689
195528,31238.0,250.278557511765,394.036794,394.478759,28.177054,0.713089,-65.77457
195532,31242.0,250.240665538296,109.335863,109.335869,27.333967,-0.210772,-14.5307
195535,31245.0,250.267236051602,50.519928,50.519935,16.839978,-3.497996,29.7252
195541,31251.0,251.016874883318,152.750209,152.752049,25.458675,1.43645,-72.25326
195543,31253.0,256.370318315172,53.009343,53.278981,26.639491,0.590408,-80.87139
195546,31256.0,256.833649919012,52.713935,52.715971,17.57199,-3.0225,25.0216
195552,31262.0,262.325870312617,149.268608,149.369615,24.894936,1.220491,-74.75013
195554,31264.0,262.908156512137,49.990777,49.994168,24.997084,0.051074,-15.80562
195557,31267.0,263.332881986271,49.36817,49.369997,16.456666,-2.846806,22.75613
195601,31271.0,267.22826385302,94.600286,94.680453,23.670113,1.803362,-97.64853
195603,31273.0,267.108284344324,45.617561,45.617719,22.80886,-0.430627,-4.29907
195606,31276.0,266.759703385115,45.063195,45.064544,15.021515,-2.595782,21.07863
195612,31282.0,266.235291633362,139.532276,139.533262,23.255544,1.372338,-85.9894
195614,31284.0,259.789293119361,45.537154,45.991122,22.995561,-0.129992,8.7017
195617,31287.0,259.419024557504,44.353884,44.35543,14.785143,-2.736806,22.11251
195621,31291.0,258.137509628609,85.910589,85.920147,21.480037,1.673724,-83.90583
195623,31293.0,252.747542834182,42.677243,43.016262,21.508131,0.014047,6.23338
195625,31295.0,251.490908449262,40.762947,40.782312,20.391156,-0.558488,3.02952
195628,31298.0,249.98769250328,52.910011,52.931361,17.643787,-0.91579,8.19091
195633,31303.0,240.405268098229,106.831005,107.259902,21.45198,0.761639,-6.68195
195636,31306.0,229.668803321501,45.155449,46.414289,15.47143,-1.993517,34.88538
195641,31311.0,227.519153019169,83.768027,83.795605,16.759121,0.257538,-2.53899
195648,31318.0,231.879083938917,111.699006,111.784064,15.969152,-0.112853,-4.93296
195659,31329.0,237.535550350768,48.916111,48.916111,24.458055,-2.594328,22.2152
195701,31331.0,237.380898642624,48.37231,48.372557,24.186279,-0.135888,-9.95459
195704,31334.0,236.906974499213,54.182423,54.184496,18.061499,-2.041593,17.27161
195710,31340.0,237.377061148834,165.005458,165.006127,27.501021,1.573254,-85.27717
195712,31342.0,241.547009473599,55.619652,55.775749,27.887874,0.193427,-52.01932
195715,31345.0,242.315142975861,79.180357,79.184083,26.394694,-0.497727,-10.16021
195720,31350.0,239.727461148086,151.442076,151.464182,30.292836,0.779628,-90.30057
195722,31352.0,230.51894790175,54.972417,55.738348,27.869174,-1.211831,24.57283
195725,31355.0,229.565662365437,54.22266,54.23104,18.077013,-3.264054,30.26526
195734,31364.0,223.85394114172,236.989722,237.058541,26.339838,0.918092,-72.59311
195739,31369.0,221.244718908101,132.039558,132.065336,26.413067,0.014646,-13.42064
195747,31377.0,216.23600769043,227.751934,227.807003,28.475875,0.257851,-20.61016
195750,31380.0,216.23600769043,69.866202,69.866202,23.288734,-1.729047,11.36817
195758,31388.0,224.606180448364,231.094666,231.246199,28.905775,0.70213,-61.47218
195800,31390.0,225.092469358249,55.482036,55.484168,27.742084,-0.581846,-10.96337
195802,31392.0,225.183808614119,52.618685,52.618764,26.309382,-0.716351,-5.73114
195805,31395.0,227.633522659285,52.124419,52.181952,17.393984,-2.971799,20.86344
195811,31401.0,230.297149798704,150.111792,150.135422,25.02257,1.271431,-68.91192
195813,31403.0,230.570690992789,50.783016,50.783752,25.391876,0.184653,-17.51559
195815,31405.0,231.308148789061,53.115499,53.120618,26.560309,0.584217,-38.60779
195817,31407.0,230.632647888267,49.496215,49.500824,24.750412,-0.904949,1.00645
195819,31409.0,231.012111674499,54.11824,54.119571,27.059785,1.154687,-64.7673
195822,31412.0,231.152957129153,54.861689,54.86187,18.28729,-2.924165,25.03454
195828,31418.0,232.702199493092,162.698807,162.706182,27.117697,1.471735,-82.04186
195830,31420.0,235.042466572667,55.981534,56.030429,28.015215,0.448759,-48.79143
195832,31422.0,235.854933913746,58.893629,58.899233,29.449616,0.717201,-51.8527
195834,31424.0,235.613553751738,61.564931,61.565405,30.782702,0.666543,-94.07402
195839,31429.0,242.489793725252,142.219266,142.385401,28.47708,-0.461124,-20.16385
195847,31437.0,251.799837113599,272.656807,272.815709,34.101964,0.70311,-74.51512
195849,31439.0,255.69940860493,64.772046,64.889326,32.444663,-0.82865,-24.25574
195852,31442.0,253.415575533264,64.684187,64.724492,21.574831,-3.623277,38.80636
195903,31453.0,266.903601816115,84.969553,84.980314,28.326771,-1.457194,0.55356
195907,31457.0,268.049793987207,133.606455,133.611372,33.402843,1.269018,-92.11129
195909,31459.0,270.837224424449,68.691578,68.74811,34.374055,0.485606,-65.49938
195912,31462.0,275.654332529605,67.239972,67.412302,22.470767,-3.967763,30.79
195925,31475.0,283.218768192182,427.776613,427.843489,32.911038,0.803098,-67.6626
195927,31477.0,284.590673565551,64.543844,64.558423,32.279211,-0.315914,-26.25034
195932,31482.0,290.269467473492,147.68341,147.792552,29.55851,-0.54414,-19.48252
195937,31487.0,289.96412212412,151.014837,151.015145,30.203029,0.128904,-25.36348
195942,31492.0,290.505289643936,132.83935,132.840453,26.568091,-0.726988,-6.30922
195948,31498.0,296.380186162916,197.927421,198.014592,33.002432,1.07239,-91.49542
195950,31500.0,296.322439201902,64.625868,64.625894,32.312947,-0.344742,-21.96935
195953,31503.0,295.986036511521,66.583187,66.584037,22.194679,-3.372756,32.59239
200004,31514.0,302.405464191621,73.082939,73.088422,24.362807,-3.62337,37.58374
200014,31524.0,312.318959347666,72.69686,72.723833,36.361916,0.265602,-48.8338
200017,31527.0,313.453443441859,72.291588,72.300489,24.100163,-4.087251,39.98255
200029,31539.0,324.762252106765,396.39205,396.553334,33.046111,0.745496,-71.08981
200034,31544.0,331.426629073549,161.827282,161.96445,32.39289,-0.130644,-33.30474
200037,31547.0,335.931417926091,89.343488,89.456983,29.818994,-0.857965,-16.80862
200044,31554.0,333.971618808219,234.56942,234.577606,33.511087,0.527442,-39.27861
200050,31560.0,353.907172222975,163.909067,165.116954,27.519492,-0.998599,-20.95151
200056,31566.0,361.144507688357,192.565251,192.701207,32.116868,0.766229,-75.15723
200059,31569.0,367.507912728975,80.264057,80.51591,26.838637,-1.75941,-2.3619
200104,31574.0,369.780967114063,164.67845,164.694137,32.938827,1.220038,-90.98416
200106,31576.0,370.883143449985,65.664555,65.673805,32.836902,-0.050962,-31.5617
200110,31580.0,375.926105704562,138.56145,138.653189,34.663297,0.456599,-62.03005
200113,31583.0,373.352008754356,69.76278,69.810253,23.270084,-3.797738,42.38575
200130,31600.0,362.827615564936,601.272764,601.364864,35.374404,0.712019,-46.19974
200132,31602.0,362.588895030922,73.078506,73.078896,36.539448,0.582522,-49.75697
200135,31605.0,360.598830118015,71.388676,71.416409,23.80547,-4.244659,47.45053
200147,31617.0,347.569465136969,390.526214,390.743507,32.561959,0.729707,-36.04989
200153,31623.0,341.29429059579,214.719386,214.811062,35.801844,0.539981,-41.75833
200155,31625.0,338.623389719854,67.785139,67.837739,33.918869,-0.941487,-7.34696
200157,31627.0,338.178432833498,67.529331,67.530797,33.765399,-0.076735,-29.07776
200200,31630.0,337.236915401065,69.594968,69.601336,23.200445,-3.521651,35.91125
200210,31640.0,329.371447512789,68.398539,68.494861,34.24743,-0.630643,-11.22936
200213,31643.0,329.013442296396,67.603394,67.604342,22.534781,-3.904216,39.32528
200235,31665.0,314.034213878417,92.43581,92.748276,30.916092,-2.420606,29.62633
200245,31675.0,314.750469110232,72.587581,72.621031,36.310516,-0.642934,-31.18574
200248,31678.0,316.432046303995,71.822232,71.841915,23.947305,-4.12107,39.34922
200259,31689.0,317.932052161095,73.432988,73.434305,24.478102,-4.297567,44.28063
200309,31699.0,315.460080092091,69.90855,69.994988,34.997494,-0.223159,-21.0603
200312,31702.0,310.426147922279,73.397828,73.570249,24.523416,-3.491359,43.28679
200329,31719.0,292.395235245835,276.128897,276.291542,34.536443,0.234445,-31.60782
200331,31721.0,292.453969619384,69.976072,69.976097,34.988048,0.225803,-39.16274
200334,31724.0,289.062624167899,70.076642,70.158656,23.386219,-3.867276,44.82883
200354,31744.0,268.363334545217,306.942338,307.102851,34.122539,0.082023,-28.10308
200402,31752.0,261.902551355797,293.675334,293.746393,36.718299,0.32447,-41.2712
200404,31754.0,262.507516732297,75.967914,75.970323,37.985162,0.633431,-62.00071
200407,31757.0,266.283987702482,77.376025,77.468129,25.82271,-4.054151,35.71904
200417,31767.0,271.30688237919,66.485723,66.786369,33.393185,-1.48517,-20.57005
200420,31770.0,270.365569909988,70.829179,70.835434,23.611811,-3.260458,32.69328
200429,31779.0,273.363079055559,300.364399,300.379356,33.375484,1.084853,-81.53939
200435,31785.0,273.80399585245,174.601001,174.601558,29.10026,-0.712537,-10.25338
200444,31794.0,280.160941268853,318.261891,318.325371,35.369486,0.696581,-68.51117
200447,31797.0,279.81950560639,86.354652,86.355327,28.785109,-2.194792,14.69303
200455,31805.0,284.622608069946,257.304293,257.349119,32.16864,0.422941,-43.74627
200502,31812.0,285.010080040511,229.520872,229.5212,32.788743,0.088586,-31.22832
200511,31821.0,284.278926432846,297.291288,297.292187,33.032465,0.02708,-29.9606
200517,31827.0,284.50251697768,213.689349,213.689465,35.614911,0.430408,-44.86055
200519,31829.0,284.458779298018,68.734236,68.73425,34.367125,-0.623893,-21.23096
200521,31831.0,285.840087051082,68.689995,68.703882,34.351941,-0.007592,-36.65994
200524,31834.0,290.213631761284,69.300881,69.43875,23.14625,-3.73523,29.07525
200535,31845.0,286.35009765625,69.620077,69.620335,23.206778,-3.869241,39.00573
200543,31853.0,287.376686445807,263.37085,263.372851,32.921606,1.214353,-84.47076
200546,31856.0,291.898391763193,73.568019,73.706847,24.568949,-2.784219,16.61206
200557,31867.0,305.512130048642,76.116051,76.22575,25.408583,-4.164808,36.49558
200606,31876.0,320.385215127864,292.693641,293.071282,32.563476,0.794988,-85.85883
200614,31884.0,325.096671123119,259.261058,259.303864,32.412983,-0.018812,-31.32861
200616,31886.0,326.086616528715,60.57135,60.579439,30.289719,-1.061632,-8.77394
200619,31889.0,329.596343126065,61.452647,61.55279,20.517597,-3.257374,23.60424
200630,31900.0,331.085932624359,68.814056,68.814056,22.938019,-3.574319,34.79364
200641,31911.0,331.001404923702,71.44618,71.469065,23.823022,-3.452726,36.78845
200652,31922.0,334.622209258515,72.158779,72.161895,24.053965,-4.040066,40.15746
200701,31931.0,330.319538223109,281.844148,281.876988,31.319665,0.8073,-98.77544
200709,31939.0,324.421368535345,279.017083,279.079417,34.884927,0.445658,-39.00252
200712,31942.0,323.163733840306,66.41135,66.423257,22.141086,-4.247947,44.85695
200723,31953.0,328.889897606272,72.057327,72.059238,24.019746,-3.293435,30.55534
200732,31962.0,340.440617316778,297.121568,297.346003,33.038445,1.002078,-92.92938
200741,31971.0,347.29831051416,281.676798,281.760264,31.306696,-0.192417,-26.79351
200750,31980.0,353.83498548962,280.027564,280.103846,31.12265,-0.02045,-29.15485
200759,31989.0,363.295513338664,288.21096,288.366189,32.040688,0.102004,-35.11843
200803,31993.0,364.954628808093,133.704557,133.714851,33.428713,0.347006,-39.51229
200806,31996.0,367.225780557721,65.729978,65.769204,21.923068,-3.835215,33.35242
200819,32009.0,375.422599955113,433.067857,433.145422,33.318879,0.876601,-74.23046
200828,32018.0,374.679384100137,292.596051,292.596995,32.510777,-0.089789,-26.70665
200837,32027.0,369.156186917026,304.389125,304.43923,33.826581,0.1462,-31.28147
200844,32034.0,370.99769676059,232.950634,232.957913,33.279702,-0.078126,-30.54881
200853,32043.0,368.220834732551,313.243956,313.256264,34.806252,0.169617,-35.86012
200859,32049.0,373.461577637023,235.7169,235.775152,39.295859,0.748268,-83.57697
200901,32051.0,374.580938740534,75.400638,75.408947,37.704473,-0.795693,-28.38015
200904,32054.0,379.029675441475,75.134308,75.265898,25.088633,-4.20528,36.20212
200917,32067.0,387.081947993721,80.37601,80.377387,26.792462,-4.327797,46.02781
200928,32078.0,382.219453925805,87.736107,87.77462,29.258207,-4.116956,49.17263
200946,32096.0,361.547336207932,352.000733,352.145141,39.127238,0.079965,-41.43291
200955,32105.0,351.249798310458,351.080136,351.231122,39.02568,-0.011284,-39.04759
201004,32114.0,350.754270362539,299.555176,299.555586,33.283954,-0.63797,-18.60009
201013,32123.0,355.685075874443,266.111795,266.157473,29.573053,-0.412322,-18.5182
201022,32132.0,357.298892120743,288.310069,288.314586,32.034954,0.273545,-33.42229
201030,32140.0,371.376382554521,296.400269,296.734385,37.091798,0.632105,-86.99957
201033,32143.0,367.330157854655,69.804361,69.921533,23.307178,-4.594873,55.24905
201044,32154.0,374.83240989872,65.615642,65.658597,21.886199,-3.903044,33.95535
201053,32163.0,367.486227456998,256.909131,257.014139,28.557127,0.741214,-72.43594
201102,32172.0,365.498239639104,292.35233,292.359089,32.484343,0.436357,-35.27807
201108,32178.0,365.715604181108,196.120216,196.120337,32.686723,0.03373,-29.95746
201111,32181.0,363.796226247954,59.359739,59.390762,19.796921,-4.296601,44.27375
201117,32187.0,356.163491271553,164.218828,164.396113,27.399352,1.267072,-84.43774
201120,32190.0,353.680330905381,51.949331,52.008644,17.336215,-3.354379,33.3108
201128,32198.0,345.657636952818,212.981102,213.132151,26.641519,1.163163,-79.47753
201132,32202.0,340.78420298479,68.423085,68.596421,17.149105,-2.373104,26.02265
201139,32209.0,336.821038898396,145.219427,145.273496,20.753357,0.514893,-9.91638
201141,32211.0,335.399957899963,25.029009,25.069319,12.53466,-4.109348,32.84038
201143,32213.0,334.40108817643,25.182092,25.201895,12.600948,0.033144,3.15919
201146,32216.0,333.191310383561,33.582097,33.603881,11.201294,-0.466551,5.84435
201152,32222.0,328.52375221987,138.978801,139.057158,23.176193,1.995816,-99.64671
201157,32227.0,328.58778526871,116.102031,116.102049,23.22041,0.008843,-10.84338
201203,32233.0,324.169000521344,175.595607,175.651197,29.275199,1.009131,-92.51226
201206,32236.0,323.478054982531,48.83385,48.838738,16.279579,-4.331873,37.91356
201210,32240.0,323.660807343711,85.749613,85.749808,21.437452,1.289468,-51.65643
201212,32242.0,327.596711740028,40.27962,40.471461,20.23573,-0.600861,-12.28121
201214,32244.0,326.007224753012,43.570913,43.599896,21.799948,0.782109,-41.30326
201216,32246.0,324.34313548701,44.879114,44.909955,22.454978,0.327515,-9.05368
201219,32249.0,324.663611265152,49.335846,49.336887,16.445629,-2.003116,15.31344
201226,32256.0,322.707164937464,175.468129,175.479036,25.068434,1.231829,-86.61023
201232,32262.0,321.468438694872,155.59208,155.597011,25.932835,0.144067,-16.12958
201235,32265.0,321.056310579276,52.213301,52.214927,17.404976,-2.84262,24.76284
201241,32271.0,324.223601585243,152.983309,153.016092,25.502682,1.349618,-75.69657
201243,32273.0,325.373104105477,46.793435,46.807552,23.403776,-1.049453,-0.55881
201245,32275.0,324.404718482929,44.704073,44.71456,22.35728,-0.523248,-0.32265
201247,32277.0,323.077968212238,42.602676,42.62333,21.311665,-0.522808,1.83362
201250,32280.0,320.113780122827,45.201777,45.298864,15.099621,-2.070681,21.46588
201254,32284.0,319.417943889299,85.740988,85.743811,21.435953,1.584083,-82.70689
201256,32286.0,320.083528161181,34.30956,34.316015,17.158008,-2.138972,15.46837
201259,32289.0,321.300134636983,29.248743,29.274034,9.758011,-2.466666,11.63282
201301,32291.0,321.393597778366,1.581716,1.584475,0.792237,-4.482887,1.41213
201303,32293.0,321.292018205353,3.226212,3.227811,1.613905,0.410834,-0.30935
201305,32295.0,321.285277611986,3.736432,3.736439,1.868219,0.127157,-0.31019
201309,32299.0,321.856203702943,24.95303,24.959561,6.23989,1.092918,-13.67921
201313,32303.0,322.285562617173,64.30802,64.309454,16.077363,2.459368,-71.9586
201315,32305.0,324.010116927426,38.216944,38.255835,19.127918,1.525277,-67.91748
201318,32308.0,326.321180089895,40.093253,40.159805,13.386602,-1.913772,10.13953
201322,32312.0,328.742939385195,83.776867,83.811863,20.952966,1.891591,-83.62074
201324,32314.0,328.888563002077,41.383431,41.383687,20.691843,-0.130562,-5.92477
201326,32316.0,328.639103855261,41.420369,41.42112,20.71056,0.009358,-6.47526
201329,32319.0,329.310431709037,40.297976,40.303568,13.434523,-2.425346,16.87542
201333,32323.0,330.880218968293,82.94892,82.963772,20.740943,1.826605,-76.41027
201335,32325.0,331.015164722022,38.232556,38.232794,19.116397,-0.812273,3.12678
201338,32328.0,331.489901639923,38.705748,38.70866,12.902887,-2.07117,14.34225
201342,32332.0,331.845649815682,76.520431,76.521258,19.130314,1.556857,-55.04476
201344,32334.0,331.355079380367,35.246197,35.249611,17.624805,-0.752755,5.23678
201346,32336.0,331.853906414109,34.624015,34.627608,17.313804,-0.155501,-2.91141
201349,32339.0,333.420145024134,35.74299,35.77729,11.925763,-1.796014,9.86049
201353,32343.0,333.283137108662,74.759618,74.759744,18.689936,1.691043,-73.86361
201355,32345.0,332.567254898788,40.113631,40.120018,20.060009,0.685037,-38.37199
201358,32348.0,330.134185571089,42.648604,42.71795,14.239317,-1.940231,19.17459
201400,32350.0,326.685259959776,40.080704,40.22882,20.11441,2.937547,-97.45353
201402,32352.0,328.598497603953,31.555409,31.613356,15.806678,-2.153866,11.92164
201404,32354.0,328.864660807774,23.874042,23.875525,11.937763,-1.934457,12.87662
201406,32356.0,326.327401406155,22.022362,22.168042,11.084021,-0.426871,10.21632
201409,32359.0,325.811047576496,31.130499,31.134781,10.37826,-0.235254,2.9537
201416,32366.0,328.394366256734,141.892984,141.916498,20.273785,1.413646,-58.68336
201423,32373.0,331.381723679081,166.229705,166.256546,23.750935,0.496736,-30.86416
201429,32379.0,332.772065682587,177.714571,177.720009,29.620002,0.978178,-63.49634
201432,32382.0,337.141834816934,56.722482,56.890551,18.963517,-3.552162,24.28089
201438,32388.0,341.137957975544,164.985955,165.034343,27.505724,1.423701,-88.49579
201441,32391.0,342.724111942387,51.971773,51.995972,17.331991,-3.391244,26.35418
201445,32395.0,345.5917272394,92.724837,92.769169,23.192292,1.465075,-76.67155
201447,32397.0,345.755819496661,46.69137,46.691658,23.345829,0.076769,-12.28758
201449,32399.0,345.118592405937,45.718165,45.722606,22.861303,-0.242263,-5.35722
201451,32401.0,345.120545822831,44.821568,44.821568,22.410784,-0.225259,-6.67047
201454,32404.0,345.208664060105,43.218595,43.218685,14.406228,-2.668185,20.46009
201456,32406.0,345.609471278631,38.267384,38.269483,19.134741,2.364256,-85.59357
201458,32408.0,345.856182364892,21.228604,21.230037,10.615019,-4.259861,24.87873
201500,32410.0,346.094481427437,7.919449,7.923034,3.961517,-3.326751,6.57436
201502,32412.0,346.193719786431,3.459709,3.461132,1.730566,-1.115476,0.58325
201510,32420.0,346.405428529648,4.206351,4.211675,0.526459,-0.150513,-0.5398
201512,32422.0,347.429356936918,20.380937,20.406642,10.203321,4.838431,-97.31631
201516,32426.0,351.007678237618,49.166603,49.296645,12.324161,0.53021,-24.26968
201519,32429.0,350.947592477187,50.956753,50.956788,16.985596,1.553812,-60.81777
201525,32435.0,353.948603092028,149.612038,149.642133,24.940355,1.325793,-72.31636
201527,32437.0,356.097314959094,45.72605,45.776507,22.888254,-1.026051,-3.05084
201530,32440.0,356.377720692231,42.304482,42.305412,14.101804,-2.928817,21.90765
201532,32442.0,357.664547790533,38.017821,38.039593,19.019796,2.458996,-96.38107
201534,32444.0,360.575156759431,33.076017,33.203833,16.601917,-1.208939,0.83366
201536,32446.0,364.33271510724,31.994208,32.214105,16.107053,-0.247432,-23.73163
201538,32448.0,367.967577702689,31.258625,31.469252,15.734626,-0.186214,-24.42777
201540,32450.0,370.882483038372,31.399479,31.534489,15.767244,0.016309,-23.80548
201542,32452.0,373.615683774624,33.193118,33.305457,16.652728,0.442742,-35.64402
201544,32454.0,375.342437410017,32.666576,32.712183,16.356091,-0.148319,-8.33046
201547,32457.0,375.02111165931,32.072375,32.073985,10.691328,-1.888254,12.38856
201551,32461.0,378.486732099994,70.314876,70.400229,17.600057,1.727182,-69.50279
201553,32463.0,381.336743421516,36.571694,36.682575,18.341288,0.370615,-36.42644
201556,32466.0,381.708000028424,34.296544,34.298553,11.432851,-2.302812,14.62353
201558,32468.0,379.430172268535,33.215223,33.293236,16.646618,2.606884,-71.25974
201600,32470.0,377.599737406973,33.582896,33.632743,16.816371,0.084877,1.58991
201602,32472.0,376.625662136063,33.383285,33.397493,16.698747,-0.058812,0.72059
201605,32475.0,375.375911717518,33.961115,33.984103,11.328034,-1.790238,14.19792
201607,32477.0,373.958560634612,33.752208,33.781954,16.890977,2.781472,-86.14839
201609,32479.0,372.247520858923,33.741242,33.784598,16.892299,0.000661,1.97223
201611,32481.0,372.185095245239,32.322603,32.322663,16.161331,-0.365484,1.4731
201613,32483.0,373.559911712694,27.575019,27.609271,13.804635,-1.178348,5.17196
201616,32486.0,375.951140352514,16.656737,16.827503,5.609168,-2.731822,4.25373
201618,32488.0,377.856331223936,14.695931,14.818912,7.409456,0.900144,-27.64929
201620,32490.0,380.774810229836,24.188037,24.363469,12.181735,2.38614,-76.05391
201622,32492.0,383.992748799911,28.186973,28.370065,14.185032,1.001648,-51.77825
201624,32494.0,387.269111974437,28.146955,28.337001,14.1685,-0.008266,-25.86791
201627,32497.0,388.993796399675,33.767728,33.811744,11.270581,-0.965973,3.69288
