112727.731,0,329.595238124439,0.0,0.0,0,0,-0.35
112730.729,2.99799999999959,327.137107568631,26.870033,26.982236,9.000079,3.002028,-39.38504
112732.730,4.99900000000343,326.751856872434,17.196402,17.200716,8.59606,-0.201909,2.52527
112734.732,7.00100000000384,327.649308773783,12.67393,12.705665,6.346486,-1.123663,1.76925
112737.733,10.0020000000004,332.234918571214,12.58518,13.394572,4.46337,-0.627496,-22.23866
112740.731,13.0,336.286449107402,15.757141,16.269677,5.426844,0.321372,-27.27839
112743.728,15.997000000003,338.083486236987,16.942351,17.037388,5.684814,0.086076,-10.77493
112746.726,18.9950000000026,337.183097519636,34.315879,34.32769,11.450197,1.923076,-40.6987
112751.726,23.9950000000026,330.055368457024,111.824028,112.05096,22.410192,2.191999,-92.79327
112753.728,25.997000000003,330.488981211054,38.260722,38.263179,19.112477,-1.64721,11.58536
112755.730,27.9990000000034,330.778394123328,37.11795,37.119078,18.540998,-0.285454,-2.1719
112758.729,30.9979999999996,329.945932637401,59.429455,59.435285,19.818368,0.425932,-29.74648
112801.730,33.9990000000034,330.99121776434,60.960288,60.969249,20.316311,0.165926,-12.08022
112804.729,36.9979999999996,330.483451233898,62.159147,62.161221,20.727316,0.137047,-7.74073
112807.729,39.9979999999996,333.536986526954,60.383453,60.46061,20.153537,-0.19126,-10.73257
112810.729,42.9979999999996,334.264619802538,61.588172,61.59247,20.530823,0.125762,-9.62039
112812.730,44.9990000000034,334.052539107339,35.940707,35.941333,17.961686,-1.283927,9.91899
112815.733,48.0020000000004,334.48722880285,53.300878,53.30265,17.7498,-0.070558,-3.58895
112818.725,50.9939999999988,335.067429209936,48.727069,48.730523,16.286939,-0.488924,1.39152
112820.731,53.0,335.258244830973,22.029696,22.030523,10.982314,-2.644379,16.69827
112822.733,55.0020000000004,335.252342800908,12.454118,12.454119,6.220839,-2.378359,8.59913
112824.734,57.002999999997,335.180086956621,8.788048,8.788345,4.391976,-0.913975,2.50256
112827.727,59.9959999999992,335.390155931915,9.013114,9.015562,3.012216,-0.460996,0.30174
112828.735,61.0040000000008,335.390155931915,0.0,0.0,0.0,-2.98831,-0.35
112851.732,84.0010000000038,336.415604771227,19.642976,19.669724,0.855317,0.037193,-1.00291
112854.732,87.0010000000038,336.959073427159,12.903029,12.914469,4.304823,1.149835,-11.89686
112856.732,89.0010000000038,337.315333825098,7.795077,7.803214,3.901607,-0.201608,-1.05181
112858.732,91.0010000000038,337.596175144385,9.886568,9.890556,4.945278,0.521836,-6.42658
112900.733,93.0020000000004,337.255609000096,12.84677,12.851283,6.422431,0.738207,-8.14244
112903.731,96.0,336.26186934318,31.728189,31.743747,10.588308,1.389552,-25.79668
112906.728,98.997000000003,339.448625835775,39.902093,40.029145,13.356405,0.923623,-39.47076
112908.728,100.997000000003,343.914041251971,29.285756,29.624237,14.812119,0.727857,-58.74081
112910.730,102.999000000003,347.205546263761,29.74154,29.923122,14.946614,0.06718,-29.20077
112913.728,105.997000000003,350.889140324071,45.179499,45.329417,15.119885,0.057796,-21.25926
112916.743,109.012000000002,353.297771225007,43.705849,43.772169,14.518132,-0.199586,-5.86863
112919.731,112.0,358.530339597521,43.508215,43.821736,14.665909,0.049457,-30.58068
112922.727,114.995999999999,363.514638862188,44.999946,45.275141,15.111863,0.14885,-31.994
112924.730,116.999000000003,367.204700875752,27.980308,28.222583,14.090156,-0.510088,-17.05808
112927.728,119.997000000003,371.771601903906,45.768881,45.996163,15.342283,0.417654,-37.36842
112929.730,121.999000000003,375.264429650229,32.5943,32.780912,16.374082,0.515384,-45.76368
112932.731,125.0,380.018962727393,48.780087,49.011248,16.331639,-0.014143,-26.26101
112935.730,127.999000000003,383.641161215324,52.21823,52.343709,17.453721,0.374152,-32.59795
112937.733,130.002,383.008150818073,33.741721,33.747658,16.848556,-0.302129,2.05756
112940.731,133.0,380.663452437065,54.323206,54.373784,18.136686,0.429663,-3.98644
112942.732,135.001000000004,379.887360194175,38.188033,38.195918,19.088415,0.475627,-27.10565
112945.727,137.995999999999,379.332328030458,58.028435,58.03109,19.37599,0.096018,-5.37835
112947.728,139.997000000003,380.042128722271,39.376845,39.383242,19.68178,0.152819,-11.15746
112949.736,142.004999999997,383.408271041776,38.684296,38.830474,19.337885,-0.171262,-23.60397
112952.728,144.997000000003,384.575771138224,56.707684,56.719701,18.957119,-0.127261,-5.65476
112955.729,147.998,383.440995213102,57.504037,57.515233,19.165356,0.069389,-3.75397
112958.726,150.995000000003,380.301677863506,60.013027,60.095081,20.051745,0.295759,-3.73811
113000.729,152.998,380.630551007034,40.912875,40.914197,20.426459,0.187076,-9.75737
113003.727,155.995999999999,383.002189634275,50.322347,50.378202,16.803937,-1.208313,4.56501
113006.725,158.993999999999,383.453729885786,16.489798,16.495979,5.502328,-3.769716,11.03964
113008.725,160.993999999999,383.086021975941,15.224536,15.228976,7.614488,1.05608,-14.5996
113013.729,165.998,382.667128044637,10.301911,10.310424,2.060437,-1.109922,1.58219
113025.730,177.999000000003,383.266947348393,18.991097,19.000567,1.583249,-0.039762,-0.71754
113030.724,182.993000000002,388.105187711165,71.577174,71.740507,14.36534,2.55949,-84.46156
113032.768,185.036999999997,386.585086242961,36.465749,36.497418,17.85588,1.707701,-58.42529
113035.729,187.998,381.97560610677,56.803295,56.990013,19.246881,0.469774,-1.67253
113038.725,190.993999999999,376.9864060104,62.238596,62.438249,20.840537,0.531928,-4.26197
113040.726,192.995000000003,376.180281621715,42.301937,42.309617,21.144236,0.151774,-7.22745
113043.726,195.995000000003,376.932130141604,62.753382,62.757885,20.919295,-0.07498,-7.84412
113045.726,197.995000000003,377.839843670862,39.61837,39.628767,19.814384,-0.552456,-2.22064
113048.726,200.995000000003,377.983007670109,55.045479,55.045666,18.348555,-0.48861,0.65575
113051.729,203.998,377.89894129876,37.13311,37.133206,12.36537,-1.992403,14.94469
113054.726,206.995000000003,377.44983306997,17.09329,17.099189,5.705435,-2.222201,8.16431
113056.750,209.019,377.225133777865,6.158436,6.162534,3.04473,-1.314578,2.79005
113057.725,209.993999999999,377.225133777865,0.0,0.0,0.0,-3.1228,-0.35
113114.721,226.989999999998,377.524098433116,27.078338,27.079988,1.593315,0.093746,-0.51411
113118.725,230.993999999999,385.807056732571,48.692172,49.391649,12.335577,2.682883,-97.53104
113121.726,233.995000000003,389.74885980883,26.616481,26.906781,8.965938,-1.122839,-2.79201
113123.726,235.995000000003,391.260329328914,12.293129,12.3857,6.19285,-1.386544,0.8697
113125.728,237.997000000003,392.151228983947,9.712993,9.753765,4.872011,-0.65976,-1.11043
113128.727,240.995999999999,392.856971761818,8.288145,8.318138,2.773637,-0.699691,-0.3236
113129.726,241.995000000003,392.856971761818,0.0,0.0,0.0,-2.776413,-0.35
113204.000,276.269,392.856971761818,0.0,0.0,0.0,0.0,-0.35
113245.726,317.995000000003,394.315505523648,19.939312,19.992586,0.47914,0.011483,-0.31319
113248.720,320.989000000001,395.395244581797,22.13666,22.162977,7.402464,2.312399,-37.34258
113250.725,322.993999999999,395.860407502688,15.314282,15.321345,7.641568,0.119254,-4.02106
113252.727,324.995999999999,395.891646027341,21.409804,21.409826,10.694219,1.524801,-27.97541
113255.716,327.985000000001,395.33565691728,44.018717,44.022228,14.728079,1.349568,-42.76009
113257.725,329.993999999999,392.724237240343,36.245061,36.339014,18.088111,1.67249,-48.08834
113300.725,332.993999999999,387.479727555094,59.49617,59.726871,19.908957,0.606949,-3.14987
113302.726,334.995000000003,386.335286032875,40.988993,41.004966,20.492237,0.291494,-6.97583
113305.726,337.995000000003,386.001606330244,59.699978,59.70091,19.900303,-0.197311,-3.16594
113308.717,340.985999999997,386.648820859353,57.916035,57.919651,19.364644,-0.17909,-4.58023
113310.722,342.991000000002,386.845977467474,38.545486,38.54599,19.224933,-0.069681,-4.9605
113312.726,344.995000000003,386.391166299155,38.839243,38.841906,19.382189,0.078471,-4.96364
113315.726,347.995000000003,385.707884739069,62.556918,62.560649,20.85355,0.490454,-36.71865
113318.726,350.995000000003,386.674337505191,67.177029,67.183981,22.39466,0.513703,-28.45594
113321.726,353.995000000003,385.871803734011,72.657542,72.661974,24.220658,0.608666,-54.63744
113324.726,356.995000000003,384.878497366606,77.686322,77.692672,25.897557,0.558966,-58.77579
113327.717,359.985999999997,380.387388812588,78.912447,79.040144,26.425993,0.176675,-10.4709
113329.725,361.993999999999,382.49535626576,53.192584,53.234336,26.511123,0.042395,-25.40062
113331.725,363.993999999999,383.859856630617,54.814186,54.831167,27.415583,0.45223,-40.73356
113334.725,366.993999999999,383.656430990876,86.537582,86.537821,28.84594,0.476786,-73.94487
113337.725,369.993999999999,377.662489198096,89.728426,89.928404,29.976135,0.376732,-18.53127
113340.725,372.993999999999,371.289008249559,91.356215,91.578269,30.52609,0.183318,-15.78898
113342.725,374.993999999999,370.956118770632,61.552737,61.553637,30.776818,0.125364,-26.22644
113344.727,376.995999999999,368.642511682917,61.450238,61.493777,30.716172,-0.030293,-17.88913
113347.716,379.985000000001,366.032888111097,92.803356,92.84004,31.060569,0.115221,-22.7702
113349.725,381.993999999999,365.441138893726,60.967581,60.970452,30.348657,-0.354361,-16.30607
113352.725,384.993999999999,369.760249009268,89.515931,89.620068,29.873356,-0.158434,-28.3241
113354.725,386.993999999999,371.180860593061,58.176204,58.193546,29.096773,-0.388292,-18.93063
113356.725,388.993999999999,371.638132871499,57.622584,57.624398,28.812199,-0.142287,-19.74618
113358.727,390.995999999999,372.204544302385,56.437625,56.440467,28.192042,-0.309769,-16.17501
113400.732,393.001000000004,371.517981212985,56.663976,56.668135,28.263409,0.035595,-18.35695
113403.747,396.016000000003,368.794680594593,85.430417,85.473812,28.349523,0.028562,-15.30303
113406.737,399.006000000001,365.63857354843,86.023152,86.08103,28.789642,0.147197,-17.2859
113409.726,401.995000000003,370.221959999319,86.982693,87.103365,29.141307,0.117653,-40.98778
113411.727,403.995999999999,370.157471274403,58.450661,58.450696,29.210743,0.034701,-22.01143
113414.716,406.985000000001,371.520942217272,88.457464,88.467972,29.597849,0.12951,-27.12893
113416.725,408.993999999999,371.3301257354,59.101365,59.101673,29.418454,-0.089296,-20.03591
113418.725,410.993999999999,372.305538906443,59.248957,59.256985,29.628493,0.105019,-26.96064
113421.725,413.993999999999,373.677038360402,89.089533,89.100089,29.70003,0.023846,-25.58269
113423.725,415.993999999999,376.411725197441,60.469977,60.531782,30.265891,0.28293,-48.63551
113426.715,418.983999999997,377.414436800205,87.871564,87.877284,29.390396,-0.292808,-18.98584
113428.725,420.993999999999,377.117394748148,58.296425,58.297182,29.003573,-0.192449,-17.21243
113431.725,423.993999999999,374.112026899987,87.727378,87.778842,29.259614,0.085347,-17.57143
113434.725,426.993999999999,373.850286441444,87.761357,87.761748,29.253916,-0.001899,-21.19235
113437.725,429.993999999999,374.187591666957,88.208658,88.209303,29.403101,0.049728,-23.47118
113440.726,432.995000000003,374.036803603154,88.818931,88.819059,29.596488,0.064441,-23.22566
113443.726,435.995000000003,368.39311895734,87.898112,88.079108,29.359703,-0.078928,-10.16935
113446.715,438.983999999997,365.441987169833,85.892812,85.943495,28.75326,-0.202892,-11.89023
113448.725,440.993999999999,364.780220114605,55.053417,55.057394,27.391739,-0.677374,-5.64818
113451.725,443.993999999999,359.306151669732,84.605494,84.782398,28.260799,0.289687,-14.18048
113453.727,445.995999999999,358.644168833654,57.511851,57.51566,28.729101,0.233917,-22.58893
113456.718,448.987000000001,359.359269434983,86.052745,86.055716,28.771553,0.014193,-22.26671
113458.726,450.995000000003,359.350950720326,58.6007,58.6007,29.183616,0.205211,-24.92147
113500.728,452.997000000003,359.826733823071,58.959377,58.961296,29.451197,0.133657,-25.65999
113503.726,455.995000000003,352.630812799966,91.369606,91.65253,30.571224,0.373591,-17.64265
113506.718,458.987000000001,345.505634761587,91.175829,91.453813,30.566114,-0.001708,-11.23835
113509.726,461.995000000003,344.139903014454,92.089106,92.099233,30.618096,0.017281,-22.38132
113511.727,463.995999999999,339.773406214438,61.319552,61.474822,30.72205,0.051951,-13.61569
113514.725,466.993999999999,338.42108034793,91.370146,91.380153,30.480371,-0.080613,-20.40373
113516.725,468.993999999999,336.805350097823,60.761003,60.782481,30.391241,-0.044565,-18.85228
113519.725,471.993999999999,340.990521829155,94.980181,95.072344,31.690781,0.43318,-60.14399
113522.722,474.991000000002,339.211263378707,96.161851,96.17831,32.091528,0.133716,-27.0433
113525.717,477.985999999997,337.312902691891,94.964719,94.983691,31.714087,-0.126024,-21.2637
113528.725,480.993999999999,331.780113031481,94.475779,94.637648,31.461984,-0.083811,-14.76544
113530.725,482.993999999999,328.533577859893,63.911044,63.99345,31.996725,0.267371,-23.51473
113533.725,485.993999999999,327.245676839742,95.315663,95.324364,31.774788,-0.073979,-23.46272
113536.726,488.995000000003,325.310142450215,94.000275,94.0202,31.329624,-0.148339,-19.95716
113539.725,491.993999999999,322.277639852769,90.672967,90.723663,30.251305,-0.35956,-12.02293
113542.713,494.982000000004,319.77968294321,88.390495,88.425784,29.593636,-0.220103,-14.0626
113544.728,496.997000000003,321.956587185747,57.201699,57.243107,28.40849,-0.588162,-16.49789
113547.713,499.982000000004,322.302274909319,83.610466,83.611181,28.010446,-0.133348,-17.6935
113549.717,501.985999999997,324.126178490535,55.058922,55.089124,27.489583,-0.259912,-19.15831
113551.725,503.993999999999,324.068962836876,54.46442,54.46445,27.12373,-0.182198,-14.49339
113554.717,506.985999999997,324.207873443475,79.957368,79.957489,26.72376,-0.13368,-14.93177
113557.725,509.993999999999,326.746625918586,77.591717,77.633239,25.808923,-0.304135,-15.26967
113600.715,512.983999999997,330.864296827872,78.664712,78.772407,26.345287,0.179386,-38.16429
113603.716,515.985000000001,333.214316352168,80.718083,80.752285,26.908459,0.187661,-28.15017
113606.718,518.987000000001,331.945546087657,82.887783,82.897494,27.614088,0.235053,-19.72013
113609.725,521.993999999999,332.88443178012,83.069868,83.075174,27.627261,0.004381,-20.22117
113612.716,524.985000000001,327.474505259595,83.42083,83.596066,27.949203,0.107637,-10.70635
113615.716,527.985000000001,329.89403025287,84.827485,84.861984,28.287328,0.112708,-26.17797
113618.715,530.983999999997,331.85086949692,86.503362,86.525492,28.851448,0.188103,-28.03966
113621.715,533.983999999997,334.076687210029,88.59578,88.623735,29.541245,0.229932,-32.89527
113624.715,536.983999999997,331.704867405139,89.877995,89.909285,29.969762,0.142839,-21.2275
113627.716,539.985000000001,328.757572386429,91.361382,91.408909,30.459483,0.163186,-21.60823
113630.717,542.985999999997,327.772084657112,91.266123,91.271444,30.413677,-0.015264,-22.06176
113632.718,544.987000000001,328.359199349448,60.978244,60.98107,30.475297,0.030795,-26.44223
113635.714,547.983,324.882813888313,91.677738,91.743626,30.622038,0.048979,-19.00659
113637.716,549.985000000001,323.42953389518,61.087727,61.105011,30.521984,-0.049977,-19.48712
113640.717,552.985999999997,321.585024430299,90.95832,90.977021,30.315568,-0.068782,-19.339
113642.727,554.995999999999,322.395788938152,60.143781,60.149245,29.924998,-0.194313,-22.04223
113645.715,557.983999999997,327.618333243687,91.555092,91.703925,30.690738,0.256272,-54.6819
113648.715,560.983999999997,321.437285457445,92.341162,92.547801,30.849267,0.052843,-14.58046
113651.716,563.985000000001,317.656184193027,90.661578,90.740391,30.236718,-0.204115,-13.27074
113654.713,566.982000000004,311.144007120976,92.962797,93.190612,31.094632,0.286258,-18.608
113656.748,569.017,309.483322652902,62.541408,62.563452,30.743711,-0.172443,-17.32639
113659.713,571.982000000004,305.498239657087,92.252105,92.338138,31.142711,0.13457,-20.6477
113701.717,573.985999999997,304.663567481513,62.291581,62.297173,31.086414,-0.028092,-22.80556
113704.725,576.993999999999,299.617870919431,93.978919,94.114272,31.287989,0.067013,-17.93235
113707.725,579.993999999999,294.435294412012,94.464459,94.606517,31.535506,0.082506,-18.49355
113710.716,582.985000000001,293.140773048795,95.813909,95.822653,32.036995,0.167666,-28.39156
113713.715,585.983999999997,287.344880833189,98.009899,98.181122,32.737953,0.233731,-22.98155
113716.714,588.983,283.699831494884,96.286044,96.355014,32.129048,-0.203036,-17.51977
113718.754,591.023000000001,282.947930454646,62.966321,62.970811,30.868044,-0.618139,-12.2701
113721.735,594.004000000001,286.307790038897,91.871445,91.932862,30.839605,-0.00954,-31.14625
113724.714,596.983,286.368220143665,88.520642,88.520662,29.714892,-0.377547,-16.39171
113727.711,599.980000000003,286.414726586939,92.685226,92.685238,30.926005,0.404108,-32.40499
113729.716,601.985000000001,286.762410669025,62.422129,62.423097,31.133714,0.103596,-28.49481
113731.725,603.993999999999,289.672564779846,62.448846,62.516617,31.118276,-0.007684,-33.96928
113734.715,606.983999999997,291.465507154667,93.35714,93.374355,31.228881,0.036992,-29.90489
113737.717,609.985999999997,286.792927576064,94.068027,94.184004,31.373752,0.048258,-18.45834
113740.716,612.985000000001,285.940829261284,94.648488,94.652324,31.561295,0.062535,-26.20485
113743.714,615.983,286.042661805038,94.631411,94.631465,31.564865,0.001191,-26.88333
113746.718,618.987000000001,285.690784642742,92.916404,92.91707,30.931115,-0.210969,-20.91291
113749.725,621.993999999999,284.882596715929,91.15681,91.160393,30.31606,-0.204541,-18.91018
113752.714,624.983,280.455660770431,91.103591,91.211085,30.515586,0.066753,-17.27177
113755.714,627.983,281.015385987776,90.501926,90.503657,30.167886,-0.1159,-22.64754
113758.715,630.983999999997,289.447179719963,91.052167,91.441743,30.470424,0.100812,-65.11606
113801.712,633.981,292.255910935068,91.117387,91.160667,30.417306,-0.017724,-29.03358
113803.753,636.021999999997,291.361093195402,60.528999,60.535613,29.659781,-0.371154,-13.85039
113806.714,638.983,292.51604940586,90.93434,90.941674,30.713162,0.355752,-35.11526
113809.713,641.982000000004,295.904512635463,91.988528,92.050915,30.69387,-0.006433,-30.90189
113812.725,644.993999999999,295.922873329239,91.196985,91.196987,30.277884,-0.13811,-21.5029
113815.716,647.985000000001,295.62716645272,88.901722,88.902214,29.723241,-0.185437,-18.98273
113818.711,650.980000000003,294.215234933947,87.819084,87.830433,29.325687,-0.132739,-16.99629
113821.714,653.983,292.279609263261,84.82008,84.842163,28.252469,-0.357382,-10.33741
113824.710,656.978999999999,290.812972334225,80.844788,80.858091,26.988682,-0.421825,-8.01835
113827.715,659.983999999997,286.210234786923,76.751941,76.889828,25.587297,-0.466351,0.63937
113830.713,662.982000000004,285.319658313328,74.436819,74.442147,24.830603,-0.2524,-8.10957
113833.712,665.981,277.715390561517,68.195637,68.61829,22.88039,-0.650288,12.3472
113835.713,667.982000000004,274.616434316604,42.224546,42.338113,21.158477,-0.860526,11.25548
113837.716,669.985000000001,274.337774647174,39.50528,39.506263,19.723546,-0.716391,3.00316
113840.713,672.982000000004,274.266492877717,43.50518,43.505239,14.516262,-1.737499,13.86042
113843.713,675.982000000004,273.486254164108,25.833652,25.845432,8.615144,-1.967039,11.51213
113845.745,678.014000000003,273.135032909811,10.59269,10.598511,5.215802,-1.672905,6.00675
113848.730,680.999000000003,273.167471385845,14.2632,14.263237,4.778304,-0.146565,0.40267
113851.711,683.980000000003,272.810814946106,14.006695,14.011235,4.70018,-0.026207,0.79322
113853.713,685.982000000004,272.731051095976,4.700747,4.701424,2.348363,-1.174734,1.63035
113855.714,687.983,272.695405397498,3.987503,3.987662,1.992835,-0.177675,0.11663
113858.714,690.983,272.833961698473,6.78657,6.787984,2.262661,0.089942,-0.95902
113901.715,693.983999999997,272.800059782995,8.002275,8.002347,2.66656,0.134588,-0.26507
113904.711,696.980000000003,272.511068797992,16.983776,16.986235,5.669638,1.002362,-11.05343
113907.712,699.981,272.821669451987,22.555657,22.557796,7.51676,0.615502,-8.73448
113910.714,702.983,272.975412303074,21.05306,21.053621,7.013198,-0.167742,0.67463
113912.717,704.985999999997,273.39453545147,8.484975,8.495321,4.241298,-1.383874,2.17643
113915.712,707.981,273.546919022798,24.904348,24.904814,8.315464,1.360323,-20.1603
113918.713,710.982000000004,273.954689518545,40.043832,40.045908,13.344188,1.675683,-41.21932
113921.708,713.976999999999,273.657526979972,51.589755,51.590611,17.22558,1.295957,-53.63495
113923.751,716.019999999997,272.330768881506,37.461491,37.484978,18.348007,0.549401,-6.23906
113926.712,718.981,268.790876358671,58.722785,58.829383,19.868079,0.513364,-5.08143
113929.707,721.976000000002,270.493923168357,59.855113,59.879336,19.993101,0.041744,-11.13947
113931.718,723.987000000001,270.272934852835,40.489863,40.490466,20.134493,0.070309,-6.47642
113934.757,727.025999999998,269.533283423372,60.743542,60.748045,19.989485,-0.047716,-4.20892
113937.710,729.978999999999,270.112429975996,58.003782,58.006674,19.643303,-0.117231,-5.45154
113940.712,732.981,268.312378193909,56.579509,56.608136,18.856807,-0.261991,1.40506
113943.713,735.982000000004,267.732715075134,57.409924,57.41285,19.13124,0.091447,-4.96126
113946.714,738.983,263.22825699905,57.41037,57.58681,19.189207,0.019316,3.01185
113949.711,741.980000000003,262.335615343088,51.292935,51.300702,17.117351,-0.69131,5.5184
113951.713,743.982000000004,262.307660072345,25.457151,25.457167,12.715868,-2.198543,16.55361
113954.713,746.982000000004,262.114608526531,32.239398,32.239976,10.746659,-0.656403,5.1076
113957.736,750.004999999997,261.845906331621,37.422865,37.42383,12.379699,0.540205,-16.13736
114000.725,752.993999999999,259.195077899588,40.089828,40.177372,13.441744,0.355318,2.42931
114003.710,755.978999999999,256.609665633255,31.487342,31.593307,10.584023,-0.95736,11.27869
114006.711,758.980000000003,255.05734402032,32.369662,32.406863,10.798688,0.071531,3.20028
114009.708,761.976999999999,253.559202235562,41.952805,41.979546,14.007189,1.070571,-26.51857
114011.711,763.980000000003,252.658200235129,31.993497,32.006182,15.979122,0.98449,-32.1434
114013.713,765.982000000004,250.481406417927,33.59752,33.667964,16.817165,0.418603,-0.48196
114015.715,767.983999999997,248.665578600531,34.250708,34.298808,17.132272,0.157396,0.66348
114018.713,770.982000000004,247.08861691792,52.144568,52.168408,17.40107,0.089659,-1.08192
114021.711,773.980000000003,247.204767971008,52.739596,52.739724,17.591636,0.063564,-4.16527
114024.707,776.976000000002,248.53699239036,52.111739,52.128765,17.399454,-0.064146,-4.95506
114026.710,778.978999999999,250.922586028479,32.94344,33.029703,16.490116,-0.453988,-5.14499
114029.713,781.982000000004,255.952466620576,48.164948,48.426872,16.126164,-0.121196,-24.55434
114032.708,784.976999999999,257.45388671835,45.999177,46.023674,15.366836,-0.253532,-1.8002
114034.713,786.982000000004,253.234014236588,27.551826,27.873114,13.901802,-0.73069,17.3343
114037.713,789.982000000004,248.73384938039,40.475523,40.724924,13.574975,-0.108942,9.28717
114040.709,792.978000000003,246.537990849327,39.844022,39.904485,13.319254,-0.085354,5.0006
114043.712,795.981,243.9396940872,36.439196,36.531715,12.165073,-0.384343,8.4076
114046.710,798.978999999999,242.815647925877,42.119737,42.134733,14.054281,0.630156,-17.24418
114048.711,800.980000000003,240.713301147853,35.703369,35.765212,17.873669,1.90874,-59.68541
114051.725,803.993999999999,237.643842252249,56.208568,56.292315,18.676946,0.266515,-1.6708
114054.713,806.982000000004,238.600544098092,57.406488,57.414459,19.215013,0.180076,-11.03739
114057.711,809.980000000003,239.265001950734,59.482074,59.485785,19.841823,0.209076,-10.86261
114100.705,812.974000000002,240.284479925284,62.24453,62.252879,20.792545,0.317542,-18.3204
114103.714,815.983,241.65403891321,58.587474,58.60348,19.476065,-0.437514,-3.16027
114106.717,818.985999999997,242.165871205203,55.960604,55.962945,18.635679,-0.279849,-2.45587
114109.711,821.980000000003,241.891304941272,56.215914,56.216585,18.776414,0.047006,-4.61355
114112.707,824.976000000002,239.423444266326,55.673671,55.728341,18.600915,-0.058578,0.76902
114115.705,827.974000000002,239.559667427346,55.532423,55.53259,18.523212,-0.025918,-4.31325
114117.708,829.976999999999,239.706081119176,36.84956,36.849851,18.397329,-0.062847,-3.94212
114119.710,831.978999999999,239.618721183089,36.435608,36.435712,18.199657,-0.098737,-2.71124
114122.705,834.974000000002,240.139253471179,52.453132,52.455715,17.514429,-0.228791,-1.93298
114124.706,836.974999999999,240.403227193646,37.617446,37.618372,18.799786,0.642357,-23.69087
114126.725,838.993999999999,241.225245012277,36.836338,36.845509,18.249385,-0.272611,-3.4706
114129.703,841.972000000002,240.220079481899,50.474475,50.484483,16.952479,-0.435496,3.3861
114131.712,843.981,238.640886720414,30.494698,30.535561,15.199383,-0.872621,10.78913
114134.702,846.970999999998,238.781521600967,39.536245,39.536495,13.222908,-0.661028,5.03495
114136.707,848.976000000002,239.485224611711,27.257951,27.267033,13.599518,0.187835,-7.60812
114139.709,851.978000000003,240.514682182999,43.978457,43.990505,14.653732,0.351171,-12.67918
114142.713,854.982000000004,241.711305737085,45.934329,45.949913,15.296243,0.213885,-10.35896
114145.745,858.014000000003,242.594465342399,47.290444,47.29869,15.599832,0.100128,-5.21682
114148.710,860.978999999999,243.212941609471,52.622677,52.626311,17.749178,0.724906,-26.09312
114151.709,863.978000000003,245.490704654663,54.675237,54.722662,18.24697,0.165986,-17.90619
114154.709,866.978000000003,250.442082785296,54.428623,54.653373,18.217791,-0.009726,-28.42207
114157.708,869.976999999999,244.551519250516,53.380557,53.704586,17.907498,-0.103465,8.30154
114200.706,872.974999999999,237.362296309046,53.423859,53.905414,17.980458,0.024336,9.33598
114202.707,874.976000000002,235.835145041303,37.07818,37.109617,18.545536,0.282398,-3.08428
114204.710,876.978999999999,233.925670814176,36.612918,36.662677,18.303882,-0.120646,2.45731
114207.707,879.976000000002,229.160713944138,54.408693,54.616945,18.223872,-0.026697,5.10677
114210.708,882.976999999999,229.135649204505,55.021671,55.021677,18.334448,0.036846,-4.45488
114213.709,885.978000000003,228.281123703348,52.7589,52.765819,17.582746,-0.250484,0.76772
114216.706,888.974999999999,227.82728714926,48.913619,48.915724,16.321563,-0.420815,2.66677
114218.706,890.974999999999,227.886169971678,31.024667,31.024723,15.512361,-0.404601,2.04643
114221.707,893.976000000002,228.672463890964,44.894016,44.900901,14.96198,-0.183399,-0.79092
114224.705,896.974000000002,229.651083356427,42.526967,42.538225,14.188868,-0.257876,-0.04368
114226.707,898.976000000002,232.008755361438,27.068641,27.171123,13.57199,-0.308131,-10.21288
114228.707,900.976000000002,234.50818149256,25.720236,25.841394,12.920697,-0.325646,-11.3666
114231.707,903.976000000002,233.967695403873,37.903863,37.907717,12.635906,-0.09493,2.37985
114234.711,906.980000000003,231.559441507071,41.085314,41.155835,13.700344,0.35434,1.74226
114237.705,909.974000000002,232.300522742312,41.072527,41.079212,13.720512,0.006736,-1.40152
114239.708,911.976999999999,231.938570837539,26.689987,26.692441,13.326231,-0.196845,2.77205
114242.703,914.972000000002,231.942495728818,39.148082,39.148082,13.071146,-0.08517,1.06632
114244.705,916.974000000002,231.222358307593,25.846248,25.856278,12.915224,-0.077883,3.10431
114246.741,919.010000000002,232.283449350721,26.448098,26.469375,13.000675,0.04197,-6.82817
114249.705,921.974000000002,234.715021867774,37.421743,37.500659,12.652044,-0.117622,-8.47673
114252.708,924.976999999999,244.104900978658,36.814024,37.992659,12.651568,-0.000159,-54.35017
114254.716,926.985000000001,244.620677354138,23.830264,23.835845,11.870441,-0.389007,2.11342
114257.704,929.972999999998,244.296719460354,35.272377,35.273865,11.805176,-0.021842,1.66384
114259.777,932.046000000002,243.58645663938,22.549218,22.560401,10.882972,-0.444864,5.42035
114302.703,934.972000000002,235.251638073396,34.411023,35.40604,12.100492,0.416104,13.95718
114304.707,936.976000000002,231.325435438944,23.960803,24.280345,12.115941,0.007709,11.80832
114306.709,938.978000000003,228.71909936197,24.938607,25.074431,12.524691,0.204171,6.54449
114309.708,941.976999999999,227.457707013992,39.21617,39.236451,13.083178,0.186224,1.39269
114311.713,943.982000000004,224.613568098954,25.479242,25.63749,12.786778,-0.14783,9.55972
114314.708,946.976999999999,223.271307728608,37.9024,37.92616,12.663159,-0.041275,3.46966
114316.716,948.985000000001,223.589840996359,28.26654,28.268334,14.077856,0.70453,-18.14782
114319.709,951.978000000003,227.141065303265,42.331612,42.480308,14.19322,0.038545,-19.53544
114322.704,954.972999999998,240.623466437597,41.182669,43.333444,14.468596,0.091945,-82.97706
114324.707,956.976000000002,242.232080996062,25.806754,25.856841,12.909057,-0.778602,1.77066
114327.703,959.972000000002,238.856142043441,34.765827,34.929353,11.658663,-0.417354,9.90367
114330.705,962.974000000002,234.932824763915,28.869087,29.134457,9.705016,-0.650782,11.44626
114333.706,965.974999999999,232.063427637363,13.339982,13.645093,4.546849,-1.718816,9.7767
114336.702,968.970999999998,230.097999671802,8.661713,8.881901,2.964587,-0.528125,4.42982
114337.709,969.978000000003,230.097999671802,0.0,0.0,0.0,-2.943979,-0.35
114351.708,983.976999999999,228.779632169554,19.978177,20.02163,1.430219,0.102166,0.2098
114354.710,986.978999999999,227.735890404188,10.870219,10.920213,3.637646,0.735319,0.37776
114357.701,989.970000000001,226.859248159075,20.48182,20.500572,6.854086,1.075373,-11.0074
114359.709,991.978000000003,226.406093208969,14.921453,14.928332,7.434428,0.289015,0.37684
114401.730,993.999000000003,225.916198998024,17.977742,17.984415,8.898771,0.724564,-10.99155
114404.711,996.980000000003,225.482031745071,19.807792,19.81255,6.646276,-0.755617,3.90506
114406.702,998.970999999998,225.179687461738,4.80003,4.809542,2.415642,-2.124879,3.60183
114436.000,1028.269,225.179687461738,0.0,0.0,0.0,-0.082451,-0.35
114545.701,1097.97,224.402503240792,15.406286,15.425877,0.221315,0.003175,-0.33196
114548.704,1100.973,224.060993614976,7.451978,7.4598,2.484116,0.753513,-2.49288
114551.698,1103.967,223.768021286171,9.808498,9.812873,3.277513,0.264996,-0.01924
114554.698,1106.967,223.563045019408,12.399254,12.400948,4.133649,0.285379,-0.28187
114556.713,1108.982,223.100468003435,12.7449,12.753291,6.329177,1.089592,-11.10381
114559.734,1112.003,222.34227495776,19.481959,19.496707,6.453726,0.041228,1.47666
114602.733,1115.002,221.612279674382,21.125658,21.138267,7.048438,0.198303,0.85776
114605.702,1117.971,220.79694804864,21.078796,21.094559,7.104937,0.01903,1.75172
114608.703,1120.972,219.772279562542,23.657604,23.679785,7.890631,0.261811,1.11837
114610.704,1122.973,219.063772795482,15.379704,15.396015,7.694161,-0.098186,2.76277
114613.700,1125.969,219.084556926448,22.065061,22.065071,7.364844,-0.109919,0.75189
114615.703,1127.972,219.261780403841,16.183981,16.184951,8.080355,0.35722,-4.92479
114618.699,1130.968,219.360177708252,35.725282,35.725418,11.924372,1.28305,-25.74851
114620.701,1132.97,219.244205653101,32.08461,32.084819,16.026383,2.048957,-72.09646
114622.702,1134.971,219.111794402344,38.656154,38.65638,19.318531,1.645251,-76.93013
114625.702,1137.971,219.203049014876,63.637689,63.637754,21.212585,0.631351,-25.70056
114628.704,1140.973,219.449920827144,67.04722,67.047674,22.334335,0.373668,-17.80039
114631.703,1143.972,217.749415611156,66.556096,66.577816,22.200005,-0.044792,-5.40668
114633.704,1145.973,217.017293794556,46.792472,46.798199,23.387406,0.593404,-48.61256
114636.700,1148.969,219.235518552921,75.781254,75.813713,25.304978,0.640044,-47.15815
114638.711,1150.98,219.949646198018,51.148585,51.15357,25.436882,0.065591,-17.24725
114641.696,1153.965,223.261995951181,75.366665,75.439418,25.272837,-0.054956,-20.57534
114643.699,1155.968,227.524340652412,46.96627,47.159284,23.544326,-0.862961,-11.48966
114645.715,1157.984,230.811666582799,44.955831,45.075861,22.359058,-0.587931,-10.96878
114648.696,1160.965,238.980631414817,66.637054,67.135899,22.521268,0.054415,-54.0045
114650.698,1162.967,244.515570966565,44.178492,44.523867,22.239694,-0.140646,-45.99041
114652.698,1164.967,247.176834567252,43.003878,43.086144,21.543072,-0.348311,-11.31949
114655.699,1167.968,245.956959212262,61.956447,61.968455,20.649269,-0.297835,-1.21604
114658.702,1170.971,246.269021990931,60.468588,60.469393,20.136328,-0.17081,-4.91401
114701.701,1173.97,246.458637303469,62.117448,62.117738,20.712817,0.192227,-9.64295
114703.707,1175.976,245.785663733648,43.27207,43.277303,21.57393,0.429269,-11.60056
114706.703,1178.972,242.074284871324,70.390267,70.488042,23.527384,0.652021,-12.95532
114709.701,1181.97,244.707411017672,69.506411,69.556268,23.20089,-0.108904,-14.0849
114711.701,1183.97,248.790843024403,43.416141,43.607749,21.803874,-0.698508,-11.26579
114714.701,1186.97,249.356309159649,59.633853,59.636534,19.878845,-0.641676,0.21599
114717.726,1189.995,243.505452989146,55.014958,55.325204,18.289323,-0.525462,12.10756
114720.699,1192.968,238.995664502458,52.710252,52.902824,17.794425,-0.166464,6.56794
114723.694,1195.963,224.185789473554,49.768842,51.92562,17.337436,-0.152584,25.90032
114725.702,1197.971,222.475389959531,30.747745,30.795281,15.336295,-0.996584,12.18574
114728.709,1200.978,224.244712531763,43.590593,43.626486,14.508309,-0.275353,-1.54331
114731.705,1203.974,237.383691041213,41.409888,43.444351,14.500785,-0.002511,-78.2186
114734.699,1206.968,245.5078000383,37.499291,38.369232,12.815375,-0.562929,-32.94559
114737.697,1209.966,247.703004237234,34.145231,34.215724,11.41285,-0.46782,-0.18772
114739.699,1211.968,248.482909220945,22.072359,22.086133,11.032034,-0.190218,-0.1758
114742.698,1214.967,246.232835625274,35.092907,35.164968,11.725565,0.231254,3.53454
114745.695,1217.964,246.225130613702,34.671108,34.671109,11.568605,-0.052372,1.23669
114748.701,1220.97,246.44818802902,28.447181,28.448055,9.463758,-0.700215,3.92231
114751.696,1223.965,246.621514261724,17.661661,17.662511,5.897333,-1.190793,3.8296
114754.695,1226.964,246.584165610515,12.81745,12.817504,4.273926,-0.541316,1.3979
114756.700,1228.969,246.726272764443,3.721917,3.724629,1.85767,-1.205115,0.67934
114758.701,1230.97,246.743635054724,4.374146,4.37418,2.185997,0.164081,-0.57631
114828.000,1260.269,246.743635054724,0.0,0.0,0.0,-0.07461,-0.35
114843.695,1275.964,246.693045620401,26.390283,26.390331,1.681448,0.107133,-0.2932
114846.700,1278.969,249.200751406586,37.371914,37.455955,12.464544,3.588385,-96.63192
114849.697,1281.966,247.17179809589,39.673122,39.724971,13.254912,0.26372,2.10898
114852.698,1284.967,245.478276004339,40.052443,40.08823,13.358291,0.034448,3.1357
114855.697,1287.966,247.187412868763,38.192988,38.231211,12.747986,-0.203503,-1.71738
114858.700,1290.969,249.732513028737,37.804757,37.890331,12.617493,-0.043454,-10.7674
114901.696,1293.965,250.156083221757,38.350227,38.352566,12.801257,0.061336,-0.6249
114903.697,1295.966,249.92261203655,25.643247,25.64431,12.815747,0.007241,1.19124
114906.693,1298.962,250.700686023017,39.140971,39.148704,13.066991,0.08386,-3.01166
114909.699,1301.968,251.779221104809,38.703556,38.71858,12.880433,-0.062062,-1.21806
114912.694,1304.963,250.894179572306,37.655658,37.666057,12.576313,-0.101543,3.0972
114915.696,1307.965,248.542777833981,34.756612,34.836061,11.604284,-0.323794,7.36035
114918.696,1310.965,248.484093328093,32.154285,32.154339,10.718113,-0.29539,2.65464
114921.693,1313.962,251.42594899179,30.361429,30.503621,10.178052,-0.180201,-11.72223
114923.694,1315.963,251.677516483266,19.995418,19.997001,9.993504,-0.092228,0.4773
114926.691,1318.96,252.055169140392,20.85331,20.85673,6.959202,-1.012446,3.57555
114928.779,1321.048,252.066348343391,9.621171,9.621177,4.607843,-1.12613,2.95766
114931.699,1323.968,252.031870950279,9.428258,9.428321,3.228877,-0.472249,0.85326
114934.697,1326.966,252.018421708038,6.425846,6.42586,2.143382,-0.362073,0.29433
114935.689,1327.958,252.018421708038,0.0,0.0,0.0,-2.160667,-0.35
114950.694,1342.963,251.985169679127,19.337845,19.337873,1.288762,0.085889,-0.29264
114952.705,1344.974,251.595272417825,8.452313,8.461301,4.207509,1.451391,-9.57006
114955.695,1347.964,251.026934107128,14.218589,14.229943,4.759178,0.184505,0.62325
114958.688,1350.957,250.537962758096,16.227316,16.234681,5.424217,0.222198,0.35408
115000.692,1352.961,250.387597329824,9.882525,9.883669,4.931971,-0.245632,1.18359
115002.693,1354.962,250.269136305185,7.860143,7.861035,3.928553,-0.501458,1.43125
115004.693,1356.962,250.327245728,6.856495,6.856741,3.42837,-0.250091,0.26639
115006.695,1358.964,250.493436268761,6.969291,6.971272,3.482154,0.026865,-1.07803
115009.691,1361.96,250.754784160493,15.138153,15.140409,5.053541,0.524495,-5.53127
115011.692,1363.961,250.936724444132,10.985041,10.986548,5.490529,0.218385,-2.69542
115013.699,1365.968,250.922569791297,11.92926,11.929268,5.943831,0.22586,-4.55747
115016.693,1368.962,250.557805968052,17.923579,17.927291,5.987739,0.014665,0.81228
115018.694,1370.963,250.812590446037,11.191122,11.194022,5.594214,-0.196664,0.06169
115021.690,1373.959,251.240310827508,17.022419,17.027791,5.683508,0.029804,-1.63959
115023.696,1375.965,251.284153799058,11.768872,11.768954,5.866876,0.09141,-0.25158
115025.699,1377.968,251.433142091241,11.629268,11.630222,5.806402,-0.030192,-0.14658
115028.697,1380.966,250.604466602476,14.35172,14.375624,4.795072,-0.337335,2.51843
115031.694,1383.963,251.128553520787,14.187206,14.196883,4.737031,-0.019366,-2.05159
115034.699,1386.968,251.361638742961,16.408337,16.409993,5.460896,0.240887,-2.67741
115037.692,1389.961,251.254504444011,18.079724,18.080041,6.040776,0.193745,-0.27271
115040.697,1392.966,251.25129491476,16.225416,16.225416,5.399473,-0.213412,0.78482
115043.692,1395.961,251.574782226271,14.619249,14.622827,4.882413,-0.172641,-0.04602
115045.695,1397.964,251.730338918515,8.955137,8.956488,4.471537,-0.20513,0.1257
115048.696,1400.965,251.126609443124,13.396827,13.410424,4.468652,-0.000961,1.15688
115051.691,1403.96,251.012111830735,13.336071,13.336562,4.452942,-0.005245,0.26149
115053.694,1405.963,251.148981137778,9.107875,9.108904,4.54763,0.047273,-0.70689
115055.694,1407.963,251.425834105358,9.497636,9.50167,4.750835,0.101603,-2.45986
115057.695,1409.964,251.787518222888,9.706512,9.713249,4.854197,0.051655,-2.77543
115100.690,1412.959,251.947156072235,13.544375,13.545315,4.522643,-0.110703,0.02997
115102.695,1414.964,251.979515288762,6.336098,6.336181,3.16019,-0.679528,1.04439
115104.696,1416.965,251.962481660218,5.387725,5.387751,2.692529,-0.233714,0.28101
115106.697,1418.966,251.927836840673,4.64439,4.644519,2.321099,-0.185622,0.18543
115109.688,1421.957,251.809542784102,8.278841,8.279686,2.7682,0.149482,-0.13042
115111.693,1423.962,251.718639105171,5.925618,5.926315,2.955768,0.09355,-0.00417
115114.689,1426.958,251.478338303191,9.69998,9.702956,3.238637,0.094416,0.19782
115116.692,1428.961,251.226134254396,7.471741,7.475996,3.732399,0.246511,0.14813
115119.696,1431.965,250.689532341054,11.442383,11.454959,3.813235,0.026909,0.9108
115122.695,1434.964,250.473386723572,10.569466,10.571676,3.525067,-0.096088,0.54296
115124.695,1436.964,250.277555014887,6.396406,6.399403,3.199702,-0.162683,0.76036
115127.683,1439.952,250.166026641544,8.7521,8.752811,2.929321,-0.090489,0.25554
115129.691,1441.96,250.127538914072,5.662373,5.662503,2.819972,-0.054457,0.08204
115131.702,1443.971,250.143515571719,6.129388,6.129409,3.047941,0.113361,-0.33096
115134.692,1446.961,250.547750094127,11.307896,11.315119,3.784321,0.246281,-3.55551
115137.692,1449.961,251.14024099235,13.405438,13.418525,4.472842,0.229507,-4.68497
115139.692,1451.961,251.411058062856,9.029648,9.033708,4.516854,0.022006,-1.74854
115142.695,1454.964,251.713515069164,13.400482,13.403894,4.463501,-0.017767,-0.77796
115144.782,1457.051,251.880023382525,8.688509,8.690104,4.163921,-0.143546,-0.0955
115147.695,1459.964,252.001998548361,11.584684,11.585326,3.977112,-0.064129,-0.09611
115149.697,1461.966,252.095353407487,7.810564,7.811122,3.901659,-0.037689,-0.19054
115152.690,1464.959,252.259917800997,13.40051,13.401521,4.477621,0.192436,-1.71008
115155.695,1467.964,252.504671295987,16.510196,16.51201,5.494845,0.33851,-3.77468
115158.690,1470.959,252.891275914019,18.781582,18.78556,6.272307,0.259587,-3.95829
115200.694,1472.963,253.193900875901,14.068835,14.07209,7.022001,0.374099,-6.0002
115203.690,1475.959,253.927710792246,23.628052,23.639445,7.890335,0.289831,-6.77933
115205.692,1477.961,254.246253838956,16.355952,16.359054,8.171355,0.14037,-2.89922
115207.693,1479.962,254.253218788272,16.571819,16.57182,8.281769,0.055179,0.15928
115210.695,1482.964,254.395286836889,25.750027,25.750419,8.577754,0.098596,-0.26869
115213.691,1485.96,255.340538300962,29.086382,29.101738,9.713531,0.379098,-9.99559
115215.692,1487.961,255.800600716654,23.305109,23.30965,11.649,0.967251,-21.90333
115218.695,1490.964,251.827628284836,41.019682,41.211635,13.723488,0.690805,2.00201
115221.728,1493.997,239.636437399336,47.483545,49.023588,16.163399,0.804455,13.04101
115227.692,1499.961,259.381102179346,100.122041,102.050355,17.111059,0.158897,-64.38938
115230.693,1502.962,259.321821204867,45.638873,45.638911,15.207901,-0.634175,4.47786
115233.689,1505.958,258.738534763581,38.558933,38.563344,12.87161,-0.779803,7.32436
115236.725,1508.994,258.331827027245,20.256389,20.260472,6.67341,-2.041568,8.71145
115239.691,1511.96,258.159090896479,11.614197,11.615481,3.916211,-0.929602,2.37023
115241.691,1513.96,258.116150601982,3.344963,3.345239,1.672619,-1.121796,0.97126
115242.694,1514.963,258.116150601982,0.0,0.0,0.0,-1.667616,-0.35
115259.688,1531.957,258.147208422366,16.522144,16.522173,0.972236,0.057211,-0.3105
115301.692,1533.961,257.842063045995,18.311034,18.313577,9.138511,4.074988,-71.35154
115303.694,1535.963,258.094052563759,23.646692,23.648035,11.812205,1.335511,-28.45299
115306.687,1538.956,258.225071068527,42.339374,42.339577,14.1462,0.779818,-18.14754
115309.690,1541.959,258.915859250784,48.849383,48.854267,16.268487,0.706722,-23.23683
115312.686,1544.955,262.800736085112,53.343838,53.485113,17.852174,0.5286,-39.93255
115314.689,1546.958,262.254789744635,35.829449,35.833609,17.889969,0.018869,-2.31345
115316.692,1548.961,262.29303907941,37.866138,37.866157,18.904721,0.506616,-16.89792
115319.689,1551.958,253.396549996153,59.753054,60.411712,20.157395,0.417976,5.401
115322.691,1554.96,238.695622419751,60.677739,62.433207,20.797204,0.213128,17.53051
115327.691,1559.96,263.316204026153,103.07751,105.977101,21.19542,0.079643,-94.78147
115330.690,1562.959,262.968552404899,56.577912,56.57898,18.865949,-0.776749,4.20729
115332.691,1564.96,263.218253698842,36.912689,36.913534,18.447543,-0.209098,-2.75986
115334.694,1566.963,263.175603338858,36.566946,36.566971,18.256101,-0.095578,-2.93018
115337.690,1569.959,268.305854622724,55.156653,55.394728,18.489562,0.077924,-32.80244
115340.687,1572.956,271.192382020875,54.983298,55.059014,18.371376,-0.039435,-14.64068
115342.687,1574.956,274.022549571183,35.506248,35.618864,17.809432,-0.280972,-14.65356
115345.689,1577.958,274.565202922857,52.286797,52.289612,17.418259,-0.130304,-2.85912
115348.688,1580.957,276.212718204006,51.317018,51.343458,17.120193,-0.099388,-4.92399
115350.689,1582.958,276.123768531093,34.667025,34.667139,17.324907,0.102306,-3.80066
115352.691,1584.96,275.891024910362,35.343358,35.344124,17.654408,0.164586,-4.38551
115355.688,1587.957,275.735152200177,53.38353,53.383757,17.812398,0.052716,-3.7968
115358.690,1590.959,274.932247658342,52.04,52.046193,17.337173,-0.158303,-0.01847
115401.690,1593.959,274.441427306904,51.60698,51.609314,17.203105,-0.044689,-1.57677
115404.692,1596.961,265.772990042192,53.636775,54.332729,18.098844,0.298381,9.11286
115407.688,1599.957,236.558856767319,55.512507,62.730407,20.938053,0.947667,35.56958
115409.688,1601.957,220.313615762415,36.862886,40.283747,20.141873,-0.39809,43.34977
115412.692,1604.961,231.223925581144,53.947429,55.039622,18.322111,-0.60578,-44.66837
115423.686,1615.955,274.733588434451,43.636928,43.643587,21.78911,0.592731,-41.6417
115425.693,1617.962,279.242463108764,42.949951,43.185973,21.517675,-0.135244,-36.28166
115428.690,1620.959,280.38965036074,58.903973,58.915143,19.658039,-0.620499,-0.90748
115431.686,1623.955,281.49086831356,49.084456,49.096807,16.387452,-1.091651,5.95669
115433.687,1625.956,281.790191932699,27.870105,27.871713,13.928892,-1.228666,8.73476
115435.688,1627.957,282.064390546065,21.274252,21.276019,10.632693,-1.647276,9.89334
115437.689,1629.958,281.978908882461,18.175514,18.175715,9.083316,-0.774301,4.75249
115440.687,1632.956,281.379932896444,19.730281,19.739371,6.58418,-0.833601,4.46284
115443.691,1635.96,281.827831956257,16.841958,16.847912,5.608493,-0.324796,0.35042
115446.686,1638.955,281.637700398803,9.761476,9.763328,3.259876,-0.784179,1.72669
115503.688,1655.957,281.673148182766,17.944021,17.944056,1.055409,-0.129659,-0.19603
115506.685,1658.954,280.829980647887,9.411708,9.449401,3.152953,0.699881,0.23106
115507.692,1659.961,280.829980647887,0.0,0.0,0.0,-3.131036,-0.35
115536.000,1688.269,280.829980647887,0.0,0.0,0.0,0.0,-0.35
115638.684,1750.953,278.213281691056,18.448154,18.632807,0.29725,0.004742,-0.32604
115640.685,1752.954,276.816473384438,11.569872,11.653884,5.82403,2.762009,-19.66883
115642.686,1754.955,276.038992253867,11.523778,11.549976,5.772102,-0.025951,2.4057
115645.684,1757.953,275.001474540168,17.034929,17.066495,5.692627,-0.026509,2.16253
115647.686,1759.955,274.919794347847,11.351167,11.351461,5.67006,-0.011272,0.41613
115650.685,1762.954,273.271832969295,23.368216,23.426252,7.811354,0.714003,0.27652
115652.688,1764.957,267.387729189044,19.599834,20.464021,10.216686,1.200865,10.05015
115654.692,1766.961,258.503740750296,22.135398,23.851647,11.90202,0.840985,19.87896
115657.692,1769.961,239.44533689834,39.627181,43.971993,14.657331,0.918437,27.00115
115700.690,1772.959,249.429474543133,45.441709,46.525605,15.518881,0.287375,-67.41775
115703.689,1775.958,262.105802256876,47.93143,49.579343,16.531958,0.337805,-86.68935
115706.685,1778.954,262.94285688473,47.870687,47.878004,15.980642,-0.184017,-1.64055
115708.703,1780.972,263.210609331592,31.128301,31.129452,15.425893,-0.2749,0.39153
115711.684,1783.953,263.3337039385,47.622336,47.622495,15.975342,0.184317,-3.64474
115713.689,1785.958,263.131929578579,35.320561,35.321137,17.616527,0.818546,-39.3877
115716.685,1788.954,262.266350917503,59.077065,59.083406,19.720763,0.702348,-39.61925
115718.685,1790.954,257.590913608132,42.798303,43.052926,21.526463,0.90285,-6.1775
115721.682,1793.951,257.00476265044,66.312707,66.315298,22.127226,0.200455,-10.44425
115723.685,1795.954,255.936915669588,43.152801,43.166012,21.55068,-0.287841,-1.72019
115726.683,1798.952,256.520489952097,64.082853,64.08551,21.376087,-0.058236,-8.32229
115728.696,1800.965,255.358259074035,42.201181,42.217182,20.972271,-0.200604,-1.80295
115731.688,1803.957,251.046386100387,64.763261,64.906643,21.693397,0.241018,-3.35005
115734.686,1806.955,250.226763759301,67.467625,67.472603,22.505872,0.271006,-11.51257
115736.689,1808.958,249.518387566303,46.607524,46.612907,23.271546,0.382264,-13.82124
115739.681,1811.95,250.891545744306,71.58139,71.59456,23.928663,0.219625,-20.09785
115741.681,1813.95,249.507512448141,48.005023,48.02497,24.012485,0.041911,-8.66035
115743.691,1815.96,248.878110542026,47.653247,47.657403,23.710151,-0.150415,-7.68725
115746.686,1818.955,241.380407549471,70.251189,70.65016,23.589369,-0.040328,3.18839
115749.717,1821.986,224.485454478728,69.130425,71.164985,23.479045,-0.036399,20.36194
115752.682,1824.951,227.357763666659,67.706188,67.767086,22.855678,-0.210242,-12.76076
115757.681,1829.95,240.999219943764,109.578141,110.423993,22.089217,-0.153323,-44.72497
115800.683,1832.952,239.564239106508,64.272304,64.288321,21.415163,-0.224535,-2.62186
115803.681,1835.95,233.643396410716,63.527385,63.802704,21.281756,-0.044499,3.69079
115806.682,1838.951,234.156450994719,63.772421,63.774485,21.251078,-0.010223,-8.59419
115809.684,1841.953,231.211269852926,67.927382,67.9912,22.648634,0.465542,-10.30895
115812.689,1844.958,231.180218909498,72.147771,72.147778,24.009244,0.452782,-51.52251
115815.680,1847.949,230.981232797472,74.389221,74.389487,24.871109,0.288153,-17.04462
115818.680,1850.949,233.157538010758,73.688414,73.720544,24.573515,-0.099198,-15.50371
115820.691,1852.96,236.018671851143,48.599528,48.683675,24.20869,-0.181415,-19.92264
115823.694,1855.963,234.542572799052,73.57275,73.587556,24.504681,0.098565,-11.37865
115826.675,1858.944,236.522832502356,73.312918,73.339657,24.602367,0.03277,-17.04962
115828.678,1860.947,236.475500017423,48.817517,48.817539,24.372211,-0.114906,-10.80452
115830.690,1862.959,236.442365155892,48.88409,48.884102,24.296273,-0.037743,-11.78448
115833.693,1865.962,236.221670457359,73.422903,73.423235,24.449962,0.051178,-12.95013
115835.699,1867.968,237.450581764878,49.132477,49.147844,24.500421,0.025154,-16.48469
115838.679,1870.948,231.668894528893,73.200321,73.428297,24.640368,0.046962,-2.85028
115840.683,1872.952,230.142635875421,47.566129,47.590609,23.747809,-0.445389,-1.28473
115843.682,1875.951,229.838362068015,74.526291,74.526912,24.850588,0.367716,-17.93108
115845.690,1877.959,231.450517708497,52.34455,52.36937,26.080364,0.612438,-48.51044
115848.686,1880.955,231.523336612128,79.175823,79.175856,26.427188,0.115762,-17.97803
115851.684,1883.953,231.554493847066,80.906618,80.906624,26.986866,0.186684,-20.06146
115854.680,1886.949,231.220128412115,82.553707,82.554384,27.554868,0.189587,-20.57242
115857.678,1889.947,231.487035594555,82.923954,82.924383,27.659901,0.035034,-19.48153
115859.679,1891.948,231.338524233921,55.494731,55.494929,27.733598,0.03683,-18.74791
115902.677,1894.946,231.297365996025,83.335773,83.335783,27.797126,0.02119,-18.96278
115904.680,1896.949,229.939697515465,55.137098,55.153811,27.535602,-0.130566,-12.39955
115907.675,1899.944,231.431518052508,80.838585,80.852349,26.995776,-0.180242,-17.1808
115909.681,1901.95,231.03363889751,52.573825,52.575331,26.209038,-0.392192,-8.79414
115912.683,1904.952,229.468300928322,78.72386,78.739421,26.228988,0.006646,-12.95225
115915.696,1907.965,228.104814357401,79.500919,79.51261,26.389847,0.053388,-14.3267
115918.685,1910.954,225.865541980914,80.960553,80.991515,27.096526,0.236427,-16.82336
115921.682,1913.951,225.700669739069,82.273235,82.273401,27.451919,0.118583,-19.57173
115924.682,1916.951,225.68034165933,81.604596,81.604599,27.201533,-0.083462,-16.23361
115927.680,1919.949,225.573392002839,79.352808,79.35288,26.468606,-0.244472,-12.32512
115930.675,1922.944,225.372812627634,77.088037,77.088298,25.738998,-0.243609,-10.94554
115932.678,1924.947,225.429243151048,49.577432,49.577464,24.751605,-0.492957,-6.40402
115934.715,1926.984,225.221465954918,47.560009,47.560463,23.348288,-0.688914,-1.19403
115937.679,1929.948,223.548202047083,66.665912,66.686907,22.498956,-0.286549,-2.77873
115939.681,1931.95,222.890693267349,44.533129,44.537982,22.246744,-0.12598,-5.77788
115942.683,1934.952,222.721291701805,68.979847,68.980055,22.978033,0.243601,-13.14277
115945.674,1937.943,223.152361742516,72.091608,72.092897,24.103276,0.37621,-21.57643
115947.675,1939.944,223.826112102506,49.356509,49.361108,24.66822,0.282331,-21.58683
115949.678,1941.947,224.889919255156,48.952613,48.96417,24.445417,-0.111235,-14.04882
115952.678,1944.947,225.47348497604,73.220011,73.222337,24.407446,-0.012657,-13.48116
115954.678,1946.947,225.477817178111,48.941498,48.941499,24.470749,0.031652,-13.1318
115956.685,1948.954,224.91833719815,49.167539,49.170722,24.499612,0.014381,-11.38107
115959.677,1951.946,225.525977124958,74.558432,74.560908,24.920089,0.140534,-16.54932
120001.682,1953.951,226.174111413663,49.926567,49.930773,24.903129,-0.008459,-15.08647
120003.686,1955.955,228.305034218747,49.948857,49.994291,24.947251,0.022017,-23.15687
120006.708,1958.977,228.531420214765,75.314829,75.315169,24.922293,-0.008259,-13.74379
120009.676,1961.945,231.164222813622,73.251661,73.29896,24.696415,-0.076104,-16.92315
120011.677,1963.946,231.813190819171,47.394452,47.398895,23.687604,-0.504153,-6.44531
120013.682,1965.951,232.062400129854,46.287274,46.287945,23.086257,-0.299924,-7.22858
120016.676,1968.945,231.894344419066,67.07062,67.070831,22.401747,-0.228627,-6.2086
120018.678,1970.947,231.385414134909,45.4629,45.465749,22.710164,0.154054,-10.4502
120021.679,1973.948,232.023178872627,68.644864,68.647826,22.874984,0.054922,-12.02339
120024.680,1976.949,226.19221432048,66.799162,67.053174,22.34361,-0.177066,3.69567
120027.677,1979.946,225.427626403672,62.453862,62.458542,20.840354,-0.501587,0.12707
120030.674,1982.943,225.028156571842,52.744348,52.745861,17.599553,-1.081348,8.18804
120032.674,1984.943,224.737056784517,33.011588,33.012872,16.506436,-0.546558,3.68013
120034.678,1986.947,224.191397358037,33.457988,33.462437,16.697823,0.095502,-1.80725
120037.680,1989.949,223.103389636075,52.389329,52.400626,17.455238,0.252303,-3.65295
120040.678,1992.947,222.194648136924,57.347525,57.354725,19.130996,0.558959,-31.93459
120042.682,1994.951,221.855112249137,23.093285,23.095781,11.524841,-3.795487,26.5712
120045.674,1997.943,221.545496574034,24.089898,24.091887,8.052101,-1.160675,6.2746
120047.678,1999.947,221.288841473945,21.333691,21.335235,10.646325,1.294523,-27.85824
120050.675,2002.944,221.014157179496,19.131655,19.133627,6.38426,-1.42211,5.87393
120052.681,2004.95,220.94948356106,11.041046,11.041235,5.504105,-0.438761,1.68295
120055.672,2007.941,220.819147312493,13.892181,13.892792,4.644865,-0.287275,1.05125
120057.674,2009.943,220.708633294553,11.151645,11.152193,5.570526,0.462368,-5.87929
120100.674,2012.943,220.393014410749,28.628445,28.630184,9.543395,1.32429,-25.60495
120103.676,2015.945,219.707359818225,49.803161,49.807881,16.591566,2.347825,-81.61905
120105.677,2017.946,219.303838140129,32.89545,32.897925,16.440742,-0.075374,-0.35066
120108.673,2020.942,216.640088743063,21.716733,21.879489,7.3029,-3.050014,17.86819
120110.677,2022.946,216.251007080078,4.339903,4.35731,2.174306,-2.559179,4.06013
120113.675,2025.944,216.251007080078,12.654603,12.654603,4.221015,0.682691,-7.05734
120115.677,2027.946,216.251007080078,3.914755,3.914755,1.955422,-1.131665,1.06657
120122.681,2034.95,216.251007080078,17.327445,17.327445,2.473936,0.074031,-0.24501
120124.705,2036.974,216.251007080078,17.209365,17.209365,8.502651,2.978614,-51.26747
120127.672,2039.941,216.251007080078,32.305992,32.305992,10.888437,0.804107,-13.21014
120130.695,2042.964,216.251007080078,31.299503,31.299503,10.353789,-0.17686,1.74009
120133.673,2045.942,216.251007080078,15.549648,15.549648,5.221507,-1.723399,5.20243
120136.671,2048.94,216.251007080078,29.99074,29.99074,10.003582,1.595088,-34.08685
120142.674,2054.943,223.463324381271,120.047769,120.264227,20.034021,1.670904,-85.04341
120145.673,2057.942,225.071633195286,53.850126,53.874138,17.964034,-0.690226,0.32883
120147.674,2059.943,224.823078333261,34.680148,34.681038,17.331853,-0.315933,0.74278
120149.675,2061.944,224.301560806201,34.892071,34.895968,17.439264,0.053679,-2.23906
120152.678,2064.947,225.500702045334,54.447963,54.461166,18.135586,0.231875,-13.35776
120155.678,2067.947,225.277829772949,53.682902,53.683364,17.894455,-0.080377,-2.40971
120157.679,2069.948,222.289680364336,35.555509,35.680853,17.831511,-0.031456,5.0403
120200.675,2072.944,219.104285980119,52.720942,52.817085,17.629201,-0.067527,3.22335
120203.672,2075.941,217.655479329386,50.710467,50.731159,16.927314,-0.234197,2.28844
120205.682,2077.951,218.753291918515,34.269826,34.287405,17.058411,0.065222,-9.70351
120207.683,2079.952,219.068826181176,34.417116,34.418563,17.200681,0.071099,-4.4797
120210.675,2082.944,219.660398989071,57.709593,57.712625,19.288979,0.697961,-27.81298
120213.681,2085.95,220.097788882767,53.914029,53.915803,17.936062,-0.450072,0.0805
120216.684,2088.953,220.325021186922,47.939972,47.94051,15.964206,-0.656629,3.77726
120219.695,2091.964,220.47874224286,31.165732,31.166111,10.350751,-1.864316,11.34129
120221.674,2093.943,220.495356042037,5.552765,5.552789,2.805856,-3.812479,5.89521
120252.000,2124.269,220.495356042037,0.0,0.0,0.0,-0.092523,-0.35
120307.702,2139.971,220.286528457443,23.018424,23.019372,1.466015,0.093365,-0.23099
120310.672,2142.941,220.453062466817,34.382228,34.382631,11.576644,3.404252,-72.23077
120312.672,2144.941,220.956118203039,31.936114,31.940076,15.970038,2.196697,-68.37596
120315.671,2147.94,220.776238989754,53.708059,53.70836,17.908756,0.646455,-35.37902
120318.666,2150.935,218.776309438013,52.118313,52.156671,17.414581,-0.165,2.20352
120320.677,2152.946,218.283716186845,28.145668,28.149978,13.998,-1.698946,14.65427
120322.712,2154.981,218.374445545619,16.985391,16.985633,8.346748,-2.777028,13.31656
120325.664,2157.933,218.436518442352,16.578825,16.578942,5.616173,-0.924992,2.97169
120327.672,2159.941,218.557413831974,14.393262,14.39377,7.168212,0.772928,-9.79388
120330.673,2162.942,218.586838764893,28.611935,28.61195,9.534139,0.78838,-11.66134
120333.666,2165.935,218.699102000751,31.067486,31.067689,10.380116,0.282652,-3.07768
120335.672,2167.941,218.672923910556,21.09896,21.098976,10.517934,0.068703,0.39004
120337.673,2169.942,218.579905467222,20.352695,20.352908,10.171368,-0.173196,1.93365
120340.673,2172.942,218.55367048596,27.841129,27.841141,9.28038,-0.296996,2.16919
120343.670,2175.939,218.566630744376,16.041615,16.04162,5.352559,-1.310584,4.06847
120345.688,2177.957,218.520237550217,5.460194,5.460391,2.705843,-1.311554,2.01495
120346.672,2178.941,218.520237550217,0.0,0.0,0.0,-2.74984,-0.35
120415.000,2207.269,218.520237550217,0.0,0.0,0.0,0.0,-0.35
120459.667,2251.936,218.941755767376,15.997694,16.003246,0.358279,0.008021,-0.32178
120501.671,2253.94,219.294335001504,16.103843,16.107702,8.037776,3.832084,-59.67972
120504.672,2256.941,219.1288560717,29.236864,29.237332,9.74253,0.568062,-13.11279
120507.670,2259.939,219.316119517183,28.207699,28.208321,9.409046,-0.111235,0.82276
120510.670,2262.939,219.375013010986,22.946342,22.946418,7.648806,-0.586747,2.79518
120512.681,2264.95,219.599491434839,7.476011,7.47938,3.719234,-1.954039,3.46206
120514.671,2266.94,219.599491434839,0.0,0.0,0.0,-1.868962,-0.35
120543.000,2295.269,219.599491434839,0.0,0.0,0.0,0.0,-0.35
120605.667,2317.936,220.698718577952,19.4615,19.492518,0.859951,0.037938,-1.076
120607.668,2319.937,221.81178157648,13.174449,13.221385,6.607389,2.872283,-44.8191
120609.676,2321.945,223.028804148028,13.519713,13.57438,6.760149,0.076076,-10.56824
120612.665,2324.934,224.75030481882,17.262895,17.348519,5.804121,-0.319849,-5.82894
120614.667,2326.936,225.251743062487,6.444202,6.463681,3.228612,-1.286468,0.8848
120615.666,2327.935,225.251743062487,0.0,0.0,0.0,-3.231844,-0.35
120645.000,2357.269,225.251743062487,0.0,0.0,0.0,0.0,-0.35
120724.665,2396.934,225.687417442067,19.402817,19.407708,0.489291,0.012336,-0.31265
120727.666,2399.935,226.088808547755,19.935522,19.939563,6.644306,2.050988,-26.74136
120730.666,2402.935,226.959136060201,23.072276,23.088686,7.696229,0.350641,-8.47972
120733.667,2405.936,227.368756883499,18.430015,18.434566,6.142808,-0.517634,1.2433
120736.666,2408.935,227.19506773299,15.844271,15.845222,5.283502,-0.286531,1.2938
120738.667,2410.936,227.56739337031,10.240092,10.246859,5.120869,-0.081276,-1.5195
120741.665,2413.934,227.88410904077,14.652171,14.655594,4.888457,-0.077522,-0.29482
120743.686,2415.955,228.05727214048,9.227709,9.229334,4.566716,-0.159199,-0.01752
120746.664,2418.933,227.963303823029,16.68596,16.686225,5.603165,0.348035,-5.1414
120749.668,2421.937,226.970516238919,17.002825,17.031784,5.669702,0.022149,1.91743
120751.669,2423.938,226.054632400438,10.912181,10.950549,5.472538,-0.098533,2.98048
120754.676,2426.945,225.784870082181,10.199347,10.202914,3.393054,-0.691548,1.76543
120755.668,2427.937,225.784870082181,0.0,0.0,0.0,-3.420417,-0.35
120801.674,2433.943,225.578074423117,21.660781,21.661768,3.606688,0.600514,-4.86463
120804.669,2436.938,225.46846499987,15.118614,15.119011,5.048084,0.481267,-5.77653
120807.668,2439.937,225.431813926039,11.824697,11.824754,3.942899,-0.368518,0.87916
120810.665,2442.934,225.395462911661,6.838396,6.838493,2.281779,-0.554261,0.6252
120811.655,2443.924,225.395462911661,0.0,0.0,0.0,-2.304827,-0.35
120821.679,2453.948,225.4546239147,20.370878,20.370963,2.032219,0.202735,-0.67019
120824.664,2456.933,225.466175670812,20.98459,20.984593,7.030014,1.674303,-20.64525
120827.664,2459.933,225.327549135755,16.69075,16.691326,5.563775,-0.488746,1.93862
120830.666,2462.935,225.740773573779,14.843316,14.849067,4.946391,-0.205658,-0.10572
120833.663,2465.932,225.87714874145,8.302933,8.304053,2.770789,-0.725927,0.77016
120835.671,2467.94,225.907416763198,6.011098,6.011174,2.993612,0.110968,-0.40972
120837.666,2469.935,225.907416763198,0.0,0.0,0.0,-1.500557,-0.35
120909.659,2501.928,225.50777713353,35.697466,35.699703,1.11586,0.034878,-0.2095
120914.657,2506.926,225.092925651879,37.379861,37.382163,7.479424,1.273222,-19.2537
120919.661,2511.93,224.95602165478,50.041513,50.0417,10.00034,0.50378,-12.80239
120924.663,2516.932,228.422887172627,83.409717,83.481735,16.689671,1.337331,-52.63284
120927.662,2519.931,229.664070564056,28.753107,28.779883,9.596493,-2.365181,11.1496
120930.671,2522.94,229.348451084987,33.260813,33.26231,11.054274,0.484474,-12.45721
120933.664,2525.933,228.804034737255,27.195783,27.201231,9.088283,-0.656863,4.92478
120936.682,2528.951,228.163806947972,20.345284,20.355355,6.744651,-0.776551,4.40667
120939.664,2531.933,228.389549591138,21.410913,21.412103,7.18045,0.146143,-1.53475
120941.669,2533.938,228.152851843919,18.525469,18.526981,9.24039,1.027401,-19.25106
120944.660,2536.929,227.666116773694,34.766748,34.770155,11.624927,0.797237,-19.10796
120947.670,2539.939,227.360603820702,31.954109,31.955569,10.616468,-0.335036,3.31689
120950.662,2542.931,227.621882422716,31.683359,31.684437,10.589718,-0.008941,0.3052
120953.659,2545.928,227.641823803044,30.41094,30.410947,10.147129,-0.147677,1.48617
120955.665,2547.934,227.671576227005,18.245541,18.245566,9.095496,-0.524244,3.15343
120958.664,2550.933,227.865975845816,19.335678,19.336655,6.447701,-0.882893,3.0951
121001.666,2553.935,227.992529503234,9.146748,9.147623,3.047176,-1.132753,1.62815
121002.658,2554.927,227.992529503234,0.0,0.0,0.0,-3.07175,-0.35
121030.000,2582.269,227.992529503234,0.0,0.0,0.0,0.0,-0.35
121105.660,2617.929,228.387643179827,19.43542,19.439436,0.545133,0.015287,-0.41994
121107.661,2619.93,228.422831807602,6.719428,6.71952,3.358081,1.405771,-8.69695
121110.658,2622.927,228.481558960629,6.456301,6.456568,2.154344,-0.401647,0.21207
121113.662,2625.931,228.482329718473,4.688052,4.688052,1.560603,-0.19765,-0.04622
121146.000,2658.269,228.482329718473,0.0,0.0,0.0,-0.048259,-0.35
121238.657,2710.926,227.827894763109,16.989236,17.001836,0.322879,0.006132,-0.32422
121241.655,2713.924,229.125128404418,20.760079,20.80057,6.938149,2.206561,-35.41478
121243.657,2715.926,230.030276197558,12.922235,12.953897,6.470478,-0.233602,-3.94416
121245.658,2717.927,230.472933937099,13.697945,13.705096,6.849123,0.189228,-4.84088
121248.660,2720.929,229.504580490501,29.292543,29.308545,9.763006,0.970647,-15.62977
121251.658,2723.927,229.616601951695,47.727301,47.727432,15.919757,2.053619,-59.81881
121253.665,2725.934,229.818933358795,34.439704,34.440299,17.160089,0.618003,-19.4997
121256.658,2728.927,228.102833060647,60.020539,60.045068,20.061833,0.96951,-45.83845
121301.660,2733.929,225.101682754257,122.332921,122.369729,24.46416,0.880113,-62.32112
121304.657,2736.926,227.347107004172,80.178096,80.209532,26.763274,0.767138,-56.71384
121307.662,2739.931,227.951910242572,64.486002,64.488838,21.460512,-1.764646,12.25749
121310.659,2742.928,228.019376127527,59.257464,59.257502,19.772273,-0.56331,0.35895
121312.660,2744.929,226.768431734533,37.93965,37.960268,18.970649,-0.400612,2.92458
121315.657,2747.926,226.926426915582,56.228679,56.228901,18.761729,-0.06971,-4.15664
121318.654,2750.923,227.083810996969,57.159636,57.159852,19.072356,0.103646,-6.37814
121320.657,2752.926,226.123550192467,38.920767,38.932611,19.43715,0.182124,-4.74775
121322.664,2754.933,226.081453329152,38.172993,38.173016,19.019938,-0.207878,-2.55146
121325.661,2757.93,226.155378234548,63.730021,63.730064,21.264619,0.748976,-30.45177
121328.661,2760.93,226.151722752537,61.54723,61.54723,20.515743,-0.249625,-3.86823
121331.655,2763.924,226.108981487979,62.897584,62.897598,21.007882,0.164375,-9.3077
121333.657,2765.926,226.109682571357,42.737592,42.737592,21.347449,0.169614,-9.95133
121336.657,2768.926,225.965400066891,65.545429,65.545588,21.848529,0.167027,-10.40728
121339.657,2771.926,227.743733813928,67.009839,67.033432,22.344477,0.165316,-18.49218
121342.655,2774.924,228.6410806706,67.869723,67.875655,22.640312,0.098677,-12.70161
121344.656,2776.925,227.834289967415,46.120241,46.127297,23.052122,0.205802,-10.84996
121346.660,2778.929,225.304522326666,46.448982,46.517821,23.212485,0.080021,-4.69404
121349.657,2781.926,225.327186828745,69.457868,69.457871,23.1758,-0.012241,-10.47592
121351.664,2783.933,225.298766902748,45.407981,45.40799,22.624808,-0.274535,-6.15716
121354.656,2786.925,225.047534401014,66.362403,66.362879,22.180106,-0.14863,-6.75812
121356.688,2788.957,225.061979894184,42.200678,42.200681,20.768051,-0.694909,1.02012
121359.654,2791.923,224.397989644164,62.160656,62.164202,20.958935,0.064357,-6.88618
121401.669,2793.938,224.345061362685,39.593855,39.59389,19.649573,-0.649807,1.70576
121404.654,2796.923,224.625658400868,57.472031,57.472716,19.253841,-0.132574,-4.26122
121406.668,2798.937,224.788210188138,37.169557,37.169913,18.455766,-0.396264,-0.56347
121409.659,2801.928,225.060877026359,54.101721,54.102408,18.088401,-0.122823,-3.09527
121412.659,2804.928,225.068081666019,53.868975,53.868975,17.956325,-0.044025,-3.26883
121414.660,2806.929,225.028147789765,32.965956,32.96598,16.474753,-0.740416,4.81044
121417.654,2809.923,224.779216179877,42.217484,42.218218,14.100941,-0.792856,6.55037
121419.658,2811.927,224.113402512995,31.472278,31.47932,15.708243,0.802047,-27.896
121421.659,2813.928,224.049029197902,35.106353,35.106412,17.544434,0.917637,-43.7234
121423.659,2815.928,224.345841011727,39.10281,39.103937,19.551968,1.003767,-38.76621
121425.660,2817.929,225.409806327117,36.782537,36.797922,18.389766,-0.580811,-1.08741
