134905,0,307.156,0.0,0.0,0,0,-0.35
134907,2.0,307.109,18.01419,18.014251,9.007126,4.503563,-75.43077
134908,3.0,306.874,9.890533,9.893324,9.893324,0.886198,-15.05737
134909,4.0,307.349,9.967141,9.978453,9.978453,0.085129,-7.07174
134910,5.0,306.882,10.127597,10.138359,10.138359,0.159906,2.18818
134911,6.0,307.569,10.235542,10.258572,10.258572,0.120213,-11.36958
134912,7.0,306.422,10.850898,10.911351,10.911351,0.652779,2.91289
134913,8.0,307.101,10.975802,10.996784,10.996784,0.085433,-10.37551
134914,9.0,306.929,11.056355,11.057693,11.057693,0.060909,1.27075
134915,10.0,306.797,10.992195,10.992987,10.992987,-0.064706,1.79136
134916,11.0,305.954,10.322673,10.357037,10.357037,-0.63595,8.56195
134917,12.0,306.572,9.69096,9.710646,9.710646,-0.646391,0.67012
134918,13.0,306.321,9.853831,9.857027,9.857027,0.146381,1.11768
134919,14.0,305.122,10.082778,10.153818,10.153818,0.296791,5.27793
134920,15.0,304.691,9.815557,9.825015,9.825015,-0.328803,4.54856
134921,16.0,304.038,9.815553,9.83725,9.83725,0.012235,3.92436
134922,17.0,302.9,9.708079,9.774551,9.774551,-0.062699,6.84569
134923,18.0,302.091,9.931411,9.964307,9.964307,0.189756,3.81217
134924,19.0,300.508,10.236263,10.357942,10.357942,0.393635,6.74618
134925,20.0,298.321,10.962207,11.178235,11.178235,0.820293,7.2998
134926,21.0,297.081,10.99267,11.062386,11.062386,-0.115849,7.90326
134927,22.0,295.937,11.271973,11.329877,11.329877,0.267491,5.13749
134928,23.0,294.637,11.603151,11.675749,11.675749,0.345872,5.46504
134929,24.0,293.321,11.970043,12.042167,12.042167,0.366418,5.47017
134930,25.0,292.806,12.400422,12.411112,12.411112,0.368945,0.9904
134931,26.0,292.558,12.459573,12.462041,12.462041,0.050929,1.66864
134932,27.0,292.729,11.731566,11.732812,11.732812,-0.729229,4.49374
134933,28.0,292.645,11.15359,11.153906,11.153906,-0.578906,4.62739
134934,29.0,293.361,10.49057,10.514976,10.514976,-0.63893,0.49492
134935,30.0,294.933,9.96797,10.091165,10.091165,-0.423811,-17.12761
134936,31.0,295.837,9.746145,9.78798,9.78798,-0.303185,-7.85264
134937,32.0,296.45,9.049528,9.070266,9.070266,-0.717714,0.74386
134938,33.0,296.74,7.906501,7.911817,7.911817,-1.158449,3.72031
134939,34.0,297.813,6.367633,6.457405,6.457405,-1.454412,-0.53819
134940,35.0,298.225,4.045467,4.066392,4.066392,-2.391013,3.01017
134941,36.0,298.545,1.697803,1.727697,1.727697,-2.338695,0.26723
134942,37.0,298.733,0.905545,0.924854,0.924854,-0.802843,-2.08106
134943,38.0,298.952,1.634214,1.648823,1.648823,0.723969,-5.90505
134944,39.0,298.812,3.459972,3.462803,3.462803,1.81398,-10.08581
134945,40.0,299.029,5.368454,5.372837,5.372837,1.910034,-21.06807
134946,41.0,298.92,6.616528,6.617426,6.617426,1.244589,-15.09888
134947,42.0,299.076,7.27743,7.279102,7.279102,0.661676,-9.60589
134948,43.0,297.892,7.143254,7.240713,7.240713,-0.038389,6.62196
134949,44.0,297.813,6.364516,6.365007,6.365007,-0.875706,3.57673
134950,45.0,297.993,5.926643,5.929376,5.929376,-0.435631,0.58406
134951,46.0,298.273,6.116307,6.122713,6.122713,0.193337,-5.66103
134952,47.0,300.44,7.620159,7.922292,7.922292,1.799579,-61.67683
134953,48.0,301.18,9.208626,9.238311,9.238311,1.316019,-32.31217
134954,49.0,302.62,10.261418,10.361964,10.361964,1.123653,-43.23496
134955,50.0,303.159,10.36667,10.380673,10.380673,0.018709,-6.85028
134956,51.0,304.171,9.768715,9.820994,9.820994,-0.559679,-5.20446
134957,52.0,305.346,8.715693,8.79454,8.79454,-1.026454,-2.1528
134958,53.0,305.481,7.253957,7.255213,7.255213,-1.539327,5.5303
134959,54.0,305.933,5.438864,5.457613,5.457613,-1.7976,2.97183
135000,55.0,305.878,3.320288,3.320743,3.320743,-2.13687,3.98939
135001,56.0,306.469,1.441234,1.557702,1.557702,-1.763041,-5.40828
135002,57.0,306.158,0.748261,0.810318,0.810318,-0.747384,1.66417
135003,58.0,306.882,1.869658,2.004943,2.004943,1.194625,-16.84618
135004,59.0,307.616,3.739315,3.810674,3.810674,1.805731,-24.56405
135005,60.0,307.817,5.578376,5.581996,5.581996,1.771322,-20.04961
135006,61.0,308.248,6.722254,6.736057,6.736057,1.154061,-19.93141
135007,62.0,308.097,7.508666,7.510185,7.510185,0.774128,-10.32309
135008,63.0,309.307,8.181324,8.270318,8.270318,0.760133,-30.42516
135009,64.0,308.464,8.775138,8.815537,8.815537,0.545219,2.29685
135010,65.0,308.293,9.329749,9.331316,9.331316,0.515779,-8.86201
135011,66.0,308.036,9.548453,9.551911,9.551911,0.220595,0.75727
135012,67.0,307.257,9.43204,9.464155,9.464155,-0.087756,5.04525
135013,68.0,305.558,9.374438,9.527155,9.527155,0.063,9.10396
135014,69.0,304.755,9.235277,9.270121,9.270121,-0.257034,5.97562
135015,70.0,304.755,9.235273,9.235273,9.235273,-0.034848,0.67012
135016,71.0,303.283,9.153912,9.27151,9.27151,0.036237,8.02638
135017,72.0,303.04,9.317239,9.320407,9.320407,0.048897,1.5371
135018,73.0,302.707,9.260472,9.266458,9.266458,-0.053949,2.51141
135019,74.0,301.452,9.371868,9.455524,9.455524,0.189066,6.13851
135020,75.0,300.648,9.008771,9.044576,9.044576,-0.410948,6.66595
135021,76.0,300.284,8.925346,8.932765,8.932765,-0.111811,2.90057
135022,77.0,299.7,8.64661,8.66631,8.66631,-0.266455,4.72018
135023,78.0,298.188,8.507261,8.640581,8.640581,-0.025729,8.46021
135024,79.0,298.5,8.507258,8.512978,8.512978,-0.127603,-1.31862
135025,80.0,298.046,8.78596,8.797682,8.797682,0.284704,1.48709
135026,81.0,297.393,9.343519,9.366309,9.366309,0.568627,1.09028
135027,82.0,296.421,9.622363,9.671332,9.671332,0.305023,4.06394
135028,83.0,294.793,9.622359,9.759108,9.759108,0.087776,8.62419
135029,84.0,294.497,9.427162,9.431808,9.431808,-0.3273,3.71773
135030,85.0,294.053,8.703959,8.715276,8.715276,-0.716532,6.09257
135031,86.0,292.978,7.532561,7.608883,7.608883,-1.106393,10.43239
135032,87.0,292.777,5.942265,5.945664,5.945664,-1.663219,6.47653
135033,88.0,292.201,4.044642,4.08545,4.08545,-1.860214,7.04947
135034,89.0,290.645,1.96305,2.504936,2.504936,-1.580514,10.10335
135035,90.0,291.757,1.013136,1.504324,1.504324,-1.000612,-16.81196
135036,91.0,291.865,1.96305,1.966019,1.966019,0.461695,-3.35447
135037,92.0,291.26,3.942016,3.988172,3.988172,2.022153,-5.25425
135038,93.0,291.273,6.200066,6.200079,6.200079,2.211907,-23.40649
135039,94.0,290.808,8.342854,8.355803,8.355803,2.155724,-26.98095
135040,95.0,292.029,10.013601,10.087767,10.087767,1.731964,-49.95032
135041,96.0,291.897,11.072631,11.073418,11.073418,0.985651,-21.23679
135042,97.0,293.274,11.407356,11.490165,11.490165,0.416747,-29.32425
135043,98.0,293.329,11.351563,11.351696,11.351696,-0.138469,1.32144
135044,99.0,293.718,11.128512,11.135308,11.135308,-0.216388,-0.00939
135045,100.0,294.785,10.962838,11.014641,11.014641,-0.120667,-13.12345
135046,101.0,295.718,11.045418,11.084753,11.084753,0.070112,-14.51108
135047,102.0,295.385,11.045412,11.050431,11.050431,-0.034322,2.67413
135048,103.0,295.829,10.82357,10.832673,10.832673,-0.217758,-0.40118
135049,104.0,296.545,10.266701,10.291638,10.291638,-0.541035,-0.14761
135050,105.0,296.178,9.431899,9.439037,9.439037,-0.852601,6.73627
135051,106.0,297.121,8.08923,8.14401,8.14401,-1.295027,1.0653
135052,107.0,298.149,6.834398,6.911279,6.911279,-1.232731,-1.15828
135053,108.0,298.009,5.17173,5.173624,5.173624,-1.737655,5.60591
135054,109.0,297.589,3.443752,3.469269,3.469269,-1.704355,5.28075
135055,110.0,298.265,1.719744,1.847835,1.847835,-1.621434,-6.37752
135056,111.0,298.077,1.089438,1.10554,1.10554,-0.742295,1.15852
135057,112.0,299.021,2.15632,2.353901,2.353901,1.248361,-21.59544
135058,113.0,298.936,3.909055,3.909979,3.909979,1.556078,-10.82722
135059,114.0,298.788,5.804247,5.806133,5.806133,1.896154,-19.1219
135100,115.0,299.309,7.314905,7.333436,7.333436,1.527303,-27.45377
135101,116.0,300.625,8.359401,8.462354,8.462354,1.128918,-38.07479
135102,117.0,300.329,9.095985,9.1008,9.1008,0.638446,-8.36041
135103,118.0,300.197,10.152847,10.153705,10.153705,1.052905,-20.42838
135104,119.0,300.704,10.849647,10.861486,10.861486,0.707781,-19.51028
135105,120.0,300.876,10.933082,10.934434,10.934434,0.072948,-1.23106
135106,121.0,301.888,10.766698,10.814154,10.814154,-0.12028,-12.29819
135107,122.0,302.152,10.431516,10.434856,10.434856,-0.379298,1.3771
135108,123.0,302.371,10.040575,10.042963,10.042963,-0.391893,1.55066
135109,124.0,302.908,9.399642,9.414968,9.414968,-0.627995,0.86377
135110,125.0,303.283,8.339795,8.348221,8.348221,-1.066747,3.1846
135111,126.0,303.772,6.91976,6.937017,6.937017,-1.411204,2.90997
135112,127.0,303.951,5.27606,5.279096,5.279096,-1.657921,3.81947
135113,128.0,304.778,3.599552,3.693333,3.693333,-1.585763,-3.39426
135114,129.0,304.554,1.901772,1.914918,1.914918,-1.778415,2.79017
135115,130.0,304.559,0.405246,0.405277,0.405277,-1.509641,0.00818
135116,131.0,304.974,0.796582,0.898203,0.898203,0.492926,-8.20616
135117,132.0,304.91,1.086661,1.088544,1.088544,0.190341,-0.03997
135118,133.0,305.154,1.05654,1.084349,1.084349,-0.004195,-4.34693
135119,134.0,305.082,0.475942,0.481357,0.481357,-0.602992,-0.15737
135120,135.0,305.13,0.237971,0.242764,0.242764,-0.238593,-0.30005
135121,136.0,304.031,0.139776,1.107853,1.107853,0.865089,4.97689
135122,137.0,304.194,0.084693,0.18369,0.18369,-0.924163,-0.24503
135123,138.0,304.77,0.111195,0.586635,0.586635,0.402945,-10.75055
135124,139.0,304.77,0.0,0.0,0.0,-0.586635,-0.35
135125,140.0,304.926,0.0,0.156,0.0,0.0,-0.35
135126,141.0,304.839,0.0,0.087,0.0,0.0,-0.35
135127,142.0,304.546,0.0,0.293,0.0,0.0,-0.35
135128,143.0,304.871,0.0,0.325,0.0,0.0,-0.35
135129,144.0,304.903,0.0,0.032,0.0,0.0,-0.35
135130,145.0,305.043,0.0,0.14,0.0,0.0,-0.35
135131,146.0,304.794,0.0,0.249,0.0,0.0,-0.35
135132,147.0,304.334,0.084693,0.467732,0.467732,0.467732,-0.86573
135133,148.0,304.794,0.0,0.46,0.0,-0.467732,-0.35
135134,149.0,304.031,0.0,0.763,0.0,0.0,-0.35
135135,150.0,304.599,0.0,0.568,0.0,0.0,-0.35
135136,151.0,304.342,0.0,0.257,0.0,0.0,-0.35
135137,152.0,304.91,0.0,0.568,0.0,0.0,-0.35
135138,153.0,305.222,0.0,0.312,0.0,0.0,-0.35
135139,154.0,304.881,0.0,0.341,0.0,0.0,-0.35
135140,155.0,305.014,0.0,0.133,0.0,0.0,-0.35
135141,156.0,305.13,0.0,0.116,0.0,0.0,-0.35
135142,157.0,305.138,0.0,0.008,0.0,0.0,-0.35
135143,158.0,305.066,0.111195,0.13247,0.13247,0.13247,-0.34896
135144,159.0,305.354,0.0,0.288,0.0,-0.13247,-0.35
135145,160.0,305.154,0.084693,0.217193,0.217193,0.217193,-0.49189
135146,161.0,304.903,0.337659,0.420731,0.420731,0.203538,-0.61459
135147,162.0,305.526,1.171463,1.326821,1.326821,0.90609,-13.1126
135148,163.0,305.698,2.14901,2.155882,2.155882,0.829061,-6.00608
135149,164.0,306.485,3.095849,3.194315,3.194315,1.038433,-19.28061
135150,165.0,306.258,4.212301,4.218413,4.218413,1.024098,-5.25572
135151,166.0,306.797,4.717158,4.747852,4.747852,0.529439,-13.02879
135152,167.0,306.681,4.752373,4.753788,4.753788,0.005936,0.63195
135153,168.0,306.734,4.696443,4.696742,4.696742,-0.057046,-0.09951
135154,169.0,307.513,4.366496,4.43544,4.43544,-0.261302,-10.75792
135155,170.0,307.109,4.279385,4.298412,4.298412,-0.137028,2.42813
135156,171.0,307.109,4.568701,4.568701,4.568701,0.270289,-3.81983
135157,172.0,307.085,5.189808,5.189864,5.189864,0.621163,-7.1511
135158,173.0,307.085,6.042411,6.042411,6.042411,0.852547,-11.29718
135200,175.0,306.329,17.191897,17.208511,8.604255,1.280922,-16.06869
135201,176.0,307.001,11.702768,11.722046,11.722046,3.117791,-73.75791
135202,177.0,306.641,15.268061,15.272304,15.272304,3.550258,-99.82016
135203,178.0,306.657,13.192179,13.192189,13.192189,-2.080115,14.82443
135204,179.0,307.273,14.185412,14.198781,14.198781,1.006592,-33.19152
135205,180.0,306.969,14.691514,14.694659,14.694659,0.495878,-15.7175
135206,181.0,306.609,14.203335,14.207896,14.207896,-0.486763,5.14488
135207,182.0,306.15,14.203325,14.210739,14.210739,0.002843,1.95021
135208,183.0,306.15,14.140809,14.140809,14.140809,-0.06993,0.14872
135209,184.0,306.242,13.579732,13.580044,13.580044,-0.560765,3.59644
135210,185.0,306.533,13.031639,13.034888,13.034888,-0.545156,2.63708
135211,186.0,306.905,12.621203,12.626684,12.626684,-0.408204,1.41744
135212,187.0,307.973,12.429644,12.475443,12.475443,-0.151241,-11.67011
135213,188.0,308.348,11.828259,11.834202,11.834202,-0.641241,2.92434
135214,189.0,308.348,11.502666,11.502666,11.502666,-0.331536,2.82573
135215,190.0,308.097,10.752505,10.755434,10.755434,-0.747232,6.28978
135216,191.0,308.7,9.47745,9.496614,9.496614,-1.25882,3.75109
135217,192.0,308.005,7.364881,7.3976,7.3976,-2.099014,12.21384
135218,193.0,307.732,4.663767,4.67175,4.67175,-2.72585,8.25416
135219,194.0,308.612,1.825448,2.02649,2.02649,-2.64526,-5.67809
135220,195.0,308.449,0.478301,0.505312,0.505312,-1.521178,0.95267
135221,196.0,308.832,1.551558,1.598131,1.598131,1.092819,-9.79446
135222,197.0,308.972,1.617201,1.623249,1.623249,0.025118,-2.45511
135223,198.0,308.248,1.012963,1.245098,1.245098,-0.378151,3.7878
135224,199.0,308.084,0.405239,0.437166,0.437166,-0.807932,-0.12727
135225,200.0,308.433,0.111195,0.366286,0.366286,-0.07088,-0.30739
135226,201.0,308.427,0.139774,0.139903,0.139903,-0.226383,-0.32212
135227,202.0,308.224,0.084691,0.219958,0.219958,0.080055,-0.34213
135228,203.0,309.447,0.0,1.223,0.0,-0.219958,-0.35
135229,204.0,308.607,0.0,0.84,0.0,0.0,-0.35
135230,205.0,308.628,0.0,0.021,0.0,0.0,-0.35
135231,206.0,308.676,0.0,0.048,0.0,0.0,-0.35
135232,207.0,308.607,0.0,0.069,0.0,0.0,-0.35
135233,208.0,309.424,0.084691,0.821378,0.821378,0.821378,-15.71335
135234,209.0,308.248,0.0,1.176,0.0,-0.821378,-0.35
135235,210.0,308.404,0.0,0.156,0.0,0.0,-0.35
135236,211.0,308.776,0.0,0.372,0.0,0.0,-0.35
135237,212.0,307.857,0.0,0.919,0.0,0.0,-0.35
135238,213.0,307.949,0.0,0.092,0.0,0.0,-0.35
135239,214.0,308.932,0.0,0.983,0.0,0.0,-0.35
135240,215.0,308.417,0.0,0.515,0.0,0.0,-0.35
135241,216.0,308.005,0.111195,0.426742,0.426742,0.426742,-0.78916
135242,217.0,308.052,0.0,0.047,0.0,-0.426742,-0.35
135243,218.0,308.76,0.0,0.708,0.0,0.0,-0.35
135244,219.0,308.24,0.0,0.52,0.0,0.0,-0.35
135245,220.0,308.433,0.0,0.193,0.0,0.0,-0.35
135246,221.0,308.7,0.0,0.267,0.0,0.0,-0.35
135247,222.0,308.24,0.0,0.46,0.0,0.0,-0.35
135248,223.0,308.232,0.0,0.008,0.0,0.0,-0.35
135249,224.0,308.924,0.139774,0.705975,0.705975,0.705975,-13.22917
135250,225.0,308.692,1.078134,1.102813,1.102813,0.396838,0.71736
135251,226.0,308.995,2.438252,2.457007,2.457007,1.354194,-10.98942
135252,227.0,309.167,3.650895,3.654945,3.654945,1.197938,-10.23592
135253,228.0,309.043,4.526553,4.528251,4.528251,0.873306,-6.50317
135254,229.0,309.339,5.076236,5.084859,5.084859,0.556608,-9.22038
135255,230.0,309.136,5.001394,5.005512,5.005512,-0.079347,1.3367
135256,231.0,309.299,5.014393,5.017042,5.017042,0.01153,-1.93056
135257,232.0,309.867,5.539494,5.568539,5.568539,0.551497,-14.28711
135258,233.0,310.031,5.877142,5.87943,5.87943,0.310891,-4.85376
135259,234.0,310.166,5.689245,5.690846,5.690846,-0.188584,-0.00839
135300,235.0,308.855,5.076228,5.242787,5.242787,-0.448059,8.1975
135301,236.0,309.635,3.914977,3.991923,3.991923,-1.250864,-4.0299
135302,237.0,309.236,2.714322,2.743491,2.743491,-1.248432,3.78352
135303,238.0,309.667,2.100824,2.144579,2.144579,-0.598912,-5.05708
135304,239.0,310.679,1.763489,2.033233,2.033233,-0.111346,-17.20383
135305,240.0,310.618,1.625497,1.626641,1.626641,-0.406592,0.45036
135306,241.0,309.986,1.625497,1.744037,1.744037,0.117396,2.9857
135307,242.0,309.651,1.48227,1.519654,1.519654,-0.224383,1.70474
135308,243.0,310.203,1.41833,1.52196,1.52196,0.002306,-9.66231
135309,244.0,310.079,1.21397,1.220286,1.220286,-0.301674,0.59132
135310,245.0,309.931,0.94344,0.954978,0.954978,-0.265308,0.63471
135311,246.0,309.556,0.753205,0.841393,0.841393,-0.113585,1.72945
135312,247.0,309.096,0.478298,0.663603,0.663603,-0.17779,2.1722
135313,248.0,310.47,0.607856,1.502453,1.502453,0.83885,-26.37967
135314,249.0,309.635,0.607855,1.032818,1.032818,-0.469635,4.35945
135315,250.0,310.842,0.675306,1.383072,1.383072,0.350254,-22.08289
135316,251.0,309.963,0.475435,0.99934,0.99934,-0.383732,4.53287
135317,252.0,309.268,0.139774,0.708916,0.708916,-0.290424,3.45239
135318,253.0,309.712,0.0,0.444,0.0,-0.708916,-0.35
135319,254.0,309.994,0.202618,0.347244,0.347244,0.347244,-0.65784
135320,255.0,310.43,0.139774,0.457857,0.457857,0.110613,-0.34106
135321,256.0,309.867,0.0,0.563,0.0,-0.457857,-0.35
135322,257.0,310.647,0.0,0.78,0.0,0.0,-0.35
135323,258.0,309.587,0.0,1.06,0.0,0.0,-0.35
135324,259.0,310.087,0.0,0.5,0.0,0.0,-0.35
135325,260.0,310.155,0.111195,0.130339,0.130339,0.130339,-0.34883
135326,261.0,309.455,0.0,0.7,0.0,-0.130339,-0.35
135327,262.0,309.846,0.0,0.391,0.0,0.0,-0.35
135328,263.0,310.383,0.0,0.537,0.0,0.0,-0.35
135329,264.0,310.274,0.0,0.109,0.0,0.0,-0.35
135330,265.0,310.039,0.0,0.235,0.0,0.0,-0.35
135331,266.0,310.663,0.0,0.624,0.0,0.0,-0.35
135332,267.0,310.031,0.0,0.632,0.0,0.0,-0.35
135333,268.0,310.063,0.0,0.032,0.0,0.0,-0.35
135334,269.0,309.923,0.0,0.14,0.0,0.0,-0.35
135335,270.0,309.355,0.0,0.568,0.0,0.0,-0.35
135336,271.0,309.307,0.0,0.048,0.0,0.0,-0.35
135337,272.0,309.112,0.87644,0.897871,0.897871,0.897871,0.31097
135338,273.0,309.698,2.163061,2.241033,2.241033,1.343162,-15.4574
135339,274.0,310.203,3.168295,3.208289,3.208289,0.967256,-13.93302
135340,275.0,310.235,4.590263,4.590374,4.590374,1.382085,-11.02622
135341,276.0,310.174,5.732285,5.732609,5.732609,1.142235,-12.6295
135342,277.0,310.75,6.278501,6.304868,6.304868,0.572259,-15.15532
135343,278.0,311.81,7.090706,7.169498,7.169498,0.86463,-28.02408
135344,279.0,311.226,8.240671,8.261338,8.261338,1.09184,-8.72761
135345,280.0,310.914,8.915969,8.921426,8.921426,0.660088,-8.14898
135346,281.0,312.301,9.317341,9.420011,9.420011,0.498585,-30.24227
135347,282.0,312.277,9.518147,9.518178,9.518178,0.098167,0.15941
135348,283.0,312.076,9.654983,9.657075,9.657075,0.138897,0.88546
135349,284.0,312.021,9.654978,9.655135,9.655135,-0.00194,0.84671
135350,285.0,312.668,9.877165,9.898333,9.898333,0.243198,-12.92429
135351,286.0,311.717,10.381809,10.425275,10.425275,0.526942,2.69199
135352,287.0,311.226,10.498535,10.51001,10.51001,0.084735,2.75122
135353,288.0,310.578,10.684034,10.703667,10.703667,0.193657,2.96759
135354,289.0,309.807,10.73776,10.765404,10.765404,0.061737,4.37062
135355,290.0,309.347,10.767242,10.777064,10.777064,0.01166,3.03225
135356,291.0,308.356,10.682502,10.72837,10.72837,-0.048694,6.15016
135357,292.0,308.139,10.737745,10.739937,10.739937,0.011567,1.75651
135358,293.0,307.685,10.932817,10.942239,10.942239,0.202302,1.90924
135359,294.0,307.148,11.184411,11.197295,11.197295,0.255056,2.03568
135400,295.0,304.942,11.463114,11.673449,11.673449,0.476154,9.39458
135401,296.0,305.122,11.685832,11.687219,11.687219,0.01377,-0.21003
135402,297.0,303.803,11.881239,11.954229,11.954229,0.26701,6.05585
135403,298.0,304.387,11.964712,11.978956,11.978956,0.024727,-7.08657
135404,299.0,303.603,11.964706,11.990365,11.990365,0.011409,4.8912
135405,300.0,302.683,11.82525,11.860984,11.860984,-0.129381,6.47564
135406,301.0,302.752,11.658871,11.659075,11.659075,-0.201909,1.70845
135407,302.0,302.979,11.494387,11.496628,11.496628,-0.162447,0.59914
135408,303.0,301.972,11.412878,11.457217,11.457217,-0.039411,6.29567
135409,304.0,302.62,11.609852,11.627922,11.627922,0.170705,-11.41005
135410,305.0,302.799,12.327625,12.328925,12.328925,0.701003,-14.88227
135411,306.0,303.455,13.249558,13.265787,13.265787,0.936862,-30.27598
135412,307.0,303.735,15.235907,15.23848,15.23848,1.972693,-55.9302
135413,308.0,303.914,13.334655,13.335856,13.335856,-1.902624,12.77582
135414,309.0,304.403,12.467119,12.476705,12.476705,-0.859151,3.85981
135415,310.0,304.279,11.937461,11.938105,11.938105,-0.5386,4.93266
135416,311.0,304.895,12.020544,12.036318,12.036318,0.098213,-9.13794
135417,312.0,305.674,11.6588,11.684796,11.684796,-0.351522,-2.76353
135418,313.0,306.469,11.658794,11.685867,11.685867,0.001071,-10.43175
135419,314.0,306.401,10.766312,10.766527,10.766527,-0.91934,6.32654
135420,315.0,307.045,10.348438,10.368457,10.368457,-0.39807,-0.95406
135421,316.0,307.389,9.964626,9.970563,9.970563,-0.397894,0.90414
135422,317.0,306.781,9.725373,9.74436,9.74436,-0.226203,4.91733
135423,318.0,306.75,9.629897,9.629947,9.629947,-0.114413,1.29587
135424,319.0,306.29,9.752737,9.763579,9.763579,0.133632,2.27349
135425,320.0,305.23,9.553188,9.611815,9.611815,-0.151764,6.86873
135426,321.0,304.271,8.852375,8.904169,8.904169,-0.707646,8.83911
135427,322.0,303.196,7.238931,7.318316,7.318316,-1.585853,12.10209
135428,323.0,302.628,5.213818,5.244666,5.244666,-2.07365,8.8579
135429,324.0,302.651,3.450689,3.450766,3.450766,-1.7939,3.10903
135430,325.0,302.799,2.291794,2.296567,2.296567,-1.154199,0.47164
135431,326.0,302.783,2.427867,2.42792,2.42792,0.131353,-0.24357
135432,327.0,301.927,3.168199,3.281802,3.281802,0.853882,2.8977
135433,328.0,301.84,4.11582,4.11674,4.11674,0.834938,-6.1057
135434,329.0,300.844,4.938466,5.037903,5.037903,0.921163,2.80199
135435,330.0,300.781,5.6136,5.613953,5.613953,0.57605,-6.61488
135436,331.0,299.864,6.342532,6.408479,6.408479,0.794526,2.27685
135437,332.0,300.096,6.946041,6.949914,6.949914,0.541435,-9.16703
135438,333.0,299.301,7.414356,7.456856,7.456856,0.506942,2.44409
135439,334.0,299.005,7.621143,7.626889,7.626889,0.170033,1.17547
135440,335.0,299.293,7.428138,7.433719,7.433719,-0.19317,-0.66301
135441,336.0,298.033,7.090493,7.201575,7.201575,-0.232144,7.75913
135442,337.0,297.332,6.763803,6.800032,6.800032,-0.401543,5.3579
135443,338.0,297.229,6.941275,6.942039,6.942039,0.142007,0.26055
135444,339.0,296.466,7.47834,7.517163,7.517163,0.575124,1.99328
135445,340.0,296.045,8.288282,8.298967,8.298967,0.781804,-7.06951
135446,341.0,295.673,9.095505,9.103109,9.103109,0.804142,-9.73188
135447,342.0,295.393,9.919681,9.923632,9.923632,0.820523,-13.15882
135448,343.0,295.353,10.814649,10.814723,10.814723,0.891091,-20.44661
135449,344.0,294.325,11.519378,11.565157,11.565157,0.750434,1.55059
135450,345.0,294.489,12.004183,12.005304,12.005304,0.440147,-8.53587
135451,346.0,293.913,12.620341,12.633479,12.633479,0.628175,-0.60792
135452,347.0,293.937,13.178244,13.178266,13.178266,0.544787,-9.72387
135453,348.0,293.414,13.360189,13.370421,13.370421,0.192155,1.52209
135454,349.0,293.541,13.36018,13.360783,13.360783,-0.009638,-0.43383
135455,350.0,293.977,13.277423,13.284579,13.284579,-0.076204,-2.31061
135456,351.0,294.986,13.474478,13.512203,13.512203,0.227624,-19.78157
135457,352.0,294.405,13.812192,13.824406,13.824406,0.312203,0.58627
135458,353.0,294.497,13.74623,13.746537,13.746537,-0.077869,-0.00802
135459,354.0,294.41,13.609901,13.610179,13.610179,-0.136358,1.44109
135500,355.0,294.777,13.340721,13.345768,13.345768,-0.264411,0.13367
135501,356.0,294.341,13.207811,13.215005,13.215005,-0.130763,3.45959
135502,357.0,293.834,13.072331,13.082159,13.082159,-0.132846,3.92047
135503,358.0,293.321,12.935404,12.945573,12.945573,-0.136586,4.05262
135504,359.0,292.365,12.875183,12.910626,12.910626,-0.034947,5.68966
135505,360.0,291.025,12.685899,12.756474,12.756474,-0.154152,8.6001
135506,361.0,289.553,12.540175,12.626273,12.626273,-0.130201,9.1953
135507,362.0,289.268,12.741906,12.745093,12.745093,0.11882,1.22946
135508,363.0,288.309,12.881125,12.916774,12.916774,0.171681,4.27819
135509,364.0,287.852,12.928919,12.936993,12.936993,0.020219,2.68233
135510,365.0,286.739,12.915144,12.963013,12.963013,0.02602,6.05882
135511,366.0,285.603,12.869765,12.919805,12.919805,-0.043208,6.68336
135512,367.0,285.719,12.703488,12.704018,12.704018,-0.215787,1.42556
135513,368.0,284.794,12.623918,12.657762,12.657762,-0.046256,5.75016
135514,369.0,284.435,12.583288,12.588408,12.588408,-0.069354,2.98198
135515,370.0,283.51,12.663598,12.697336,12.697336,0.108928,4.67694
135516,371.0,282.118,12.825521,12.900839,12.900839,0.203503,6.33646
135517,372.0,280.625,12.834274,12.920822,12.920822,0.019983,8.11558
135518,373.0,279.864,12.84743,12.869949,12.869949,-0.050873,4.803
135519,374.0,279.996,12.864975,12.865652,12.865652,-0.004297,-0.18714
135520,375.0,279.312,13.218569,13.236254,13.236254,0.370602,1.20597
135521,376.0,278.611,13.49575,13.513943,13.513943,0.277689,1.72794
135522,377.0,278.347,14.002974,14.005462,14.005462,0.491519,-14.65846
135523,378.0,277.103,14.280217,14.334299,14.334299,0.328837,3.47486
135524,379.0,276.506,14.327318,14.339751,14.339751,0.005452,2.55779
135525,380.0,275.393,14.280198,14.323506,14.323506,-0.016245,5.43603
135526,381.0,274.508,14.250765,14.278218,14.278218,-0.045288,4.4976
135527,382.0,274.616,14.280179,14.280587,14.280587,0.002369,-1.06341
135528,383.0,273.382,14.203382,14.256886,14.256886,-0.023701,6.17511
135529,384.0,272.783,14.079771,14.092507,14.092507,-0.164379,4.02838
135530,385.0,271.609,14.0029,14.052027,14.052027,-0.04048,6.1344
135531,386.0,271.401,13.80249,13.804057,13.804057,-0.24797,2.77793
135532,387.0,270.452,13.572218,13.605356,13.605356,-0.198701,6.40835
135533,388.0,270.531,13.047594,13.047833,13.047833,-0.557523,3.82973
135534,389.0,269.155,12.386926,12.463118,12.463118,-0.584715,11.7974
135535,390.0,268.573,11.431152,11.445958,11.445958,-1.01716,10.04051
135536,391.0,267.984,10.198297,10.215292,10.215292,-1.230666,10.40794
135537,392.0,267.487,8.812287,8.826291,8.826291,-1.389001,9.59152
135538,393.0,267.3,7.980776,7.982966,7.982966,-0.843325,4.92645
135539,394.0,266.771,7.856628,7.874417,7.874417,-0.108549,3.56917
135540,395.0,266.383,8.010287,8.019679,8.019679,0.145262,1.76971
135541,396.0,265.096,8.210627,8.310882,8.310882,0.291203,5.83658
135542,397.0,264.908,8.287557,8.289689,8.289689,-0.021193,1.46796
135543,398.0,264.235,8.287554,8.314835,8.314835,0.025146,3.80347
135544,399.0,264.319,8.688303,8.688709,8.688709,0.373874,-5.01218
135545,400.0,264.272,9.643841,9.643956,9.643956,0.955247,-19.06093
135546,401.0,263.714,10.800313,10.814718,10.814718,1.170762,-16.76084
135547,402.0,262.993,11.784903,11.806938,11.806938,0.99222,-12.6606
135548,403.0,262.277,12.56994,12.590315,12.590315,0.783377,-10.13528
135549,404.0,261.656,13.201576,13.216174,13.216174,0.625859,-0.90563
135550,405.0,260.99,13.448272,13.464753,13.464753,0.248579,1.79474
135551,406.0,260.369,13.368658,13.383073,13.383073,-0.08168,3.98168
135552,407.0,260.918,13.495128,13.50629,13.50629,0.123217,-9.15257
135553,408.0,260.401,13.578773,13.588612,13.588612,0.082322,2.12078
135554,409.0,260.036,13.765994,13.770832,13.770832,0.18222,0.45873
135555,410.0,259.383,14.083865,14.098995,14.098995,0.328163,0.60323
135556,411.0,259.135,14.310139,14.312287,14.312287,0.213292,-0.83364
135557,412.0,258.089,15.317166,15.35284,15.35284,1.040553,-19.32473
135558,413.0,257.869,14.894496,14.896121,14.896121,-0.456719,3.82416
135559,414.0,256.907,14.973553,15.004424,15.004424,0.108303,3.12339
135600,415.0,256.551,15.112207,15.116399,15.116399,0.111975,-0.17573
135601,416.0,255.985,15.231301,15.241813,15.241813,0.125414,0.70205
135602,417.0,256.271,15.273417,15.276095,15.276095,0.034282,-3.0792
135603,418.0,255.216,15.212957,15.249495,15.249495,-0.0266,4.49058
135604,419.0,255.66,15.074602,15.08114,15.08114,-0.168355,-2.07564
135605,420.0,255.016,14.797984,14.81199,14.81199,-0.26915,4.60796
135606,421.0,252.923,14.677308,14.825789,14.825789,0.013799,9.94384
135607,422.0,251.853,14.400478,14.440175,14.440175,-0.385614,7.97047
135608,423.0,251.649,14.400468,14.401913,14.401913,-0.038262,0.79146
135609,424.0,251.541,14.498108,14.498511,14.498511,0.096598,-0.82543
135610,425.0,250.843,14.460076,14.476913,14.476913,-0.021598,3.1924
135611,426.0,249.781,14.530305,14.569063,14.569063,0.09215,4.14352
135612,427.0,249.504,14.324217,14.326895,14.326895,-0.242168,2.78682
135613,428.0,249.023,14.103767,14.111967,14.111967,-0.214928,3.78022
135614,429.0,248.899,13.905098,13.905651,13.905651,-0.206316,1.97259
135615,430.0,247.992,13.947438,13.976898,13.976898,0.071247,3.95778
135616,431.0,247.271,14.226705,14.244963,14.244963,0.268065,1.28373
135617,432.0,247.078,15.435078,15.436284,15.436284,1.191321,-38.80037
135618,433.0,246.148,15.672002,15.699571,15.699571,0.263287,1.02819
135619,434.0,246.085,16.099687,16.09981,16.09981,0.400239,-20.82661
135620,435.0,245.72,16.37915,16.383216,16.383216,0.283406,-2.82655
135621,436.0,244.853,16.429188,16.452049,16.452049,0.068833,1.60754
135622,437.0,244.264,16.352643,16.363247,16.363247,-0.088802,1.61654
135623,438.0,243.45,16.246174,16.266554,16.266554,-0.096693,2.94904
135624,439.0,242.901,16.147287,16.156617,16.156617,-0.109937,1.77337
135625,440.0,242.62,15.816152,15.818648,15.818648,-0.337969,2.58317
135626,441.0,241.962,15.293522,15.307671,15.307671,-0.510977,6.32102
135627,442.0,241.484,15.015575,15.023182,15.023182,-0.284489,3.72298
135628,443.0,241.918,14.85496,14.861299,14.861299,-0.161883,-1.91496
135629,444.0,241.281,14.85495,14.868601,14.868601,0.007302,2.34243
135630,445.0,240.662,14.775238,14.788198,14.788198,-0.080403,3.00461
135631,446.0,240.005,14.65732,14.672037,14.672037,-0.116161,3.56995
135632,447.0,239.563,14.796159,14.802759,14.802759,0.130722,0.40043
135633,448.0,239.928,14.73764,14.742159,14.742159,-0.0606,-2.26576
135634,449.0,239.392,14.796138,14.805844,14.805844,0.063685,1.4191
135635,450.0,238.958,14.796128,14.802492,14.802492,-0.003352,1.41748
135636,451.0,238.913,14.679357,14.679426,14.679426,-0.123066,0.41623
135637,452.0,238.541,14.679347,14.68406,14.68406,0.004634,1.12382
135638,453.0,238.316,14.65725,14.658977,14.658977,-0.025083,0.60667
135639,454.0,237.735,15.111774,15.122939,15.122939,0.463962,-1.84236
135640,455.0,237.859,14.993636,14.994149,14.994149,-0.12879,-0.65303
135641,456.0,236.844,14.775125,14.809947,14.809947,-0.184202,5.88072
135642,457.0,236.836,14.438533,14.438535,14.438535,-0.371412,2.30551
135643,458.0,236.699,14.181989,14.182651,14.182651,-0.255884,2.24704
135644,459.0,235.978,13.90431,13.922991,13.922991,-0.25966,5.48309
135645,460.0,236.009,13.648324,13.64836,13.64836,-0.274631,1.80987
135646,461.0,235.063,13.509386,13.542468,13.542468,-0.105892,5.75963
135647,462.0,234.73,12.246657,12.251183,12.251183,-1.291285,11.00935
135648,463.0,234.686,11.130934,11.131021,11.131021,-1.120162,7.62311
135649,464.0,233.539,9.503967,9.572931,9.572931,-1.55809,14.4986
135650,465.0,233.763,7.901633,7.904807,7.904807,-1.668124,6.21028
135651,466.0,232.96,6.260907,6.312192,6.312192,-1.592615,9.74973
135652,467.0,232.936,4.617813,4.617875,4.617875,-1.694317,4.32723
135653,468.0,233.293,3.362558,3.381457,3.381457,-1.236418,0.28359
135654,469.0,233.058,2.276068,2.288167,2.288167,-1.09329,2.39566
135655,470.0,233.076,1.637533,1.637632,1.637632,-0.650535,0.25332
135656,471.0,232.619,1.189821,1.274567,1.274567,-0.363065,2.38865
135657,472.0,232.595,0.713892,0.714296,0.714296,-0.560271,0.04519
135658,473.0,233.153,0.084674,0.564388,0.564388,-0.149908,-9.86427
135659,474.0,232.92,0.475388,0.529417,0.529417,-0.034971,0.92072
135700,475.0,232.503,0.614061,0.742267,0.742267,0.21285,1.80617
135701,476.0,233.293,0.419292,0.894375,0.894375,0.152108,-14.25333
135702,477.0,233.407,0.111195,0.159249,0.159249,-0.735126,-0.27505
135703,478.0,233.121,1.222514,1.255522,1.255522,1.096273,0.51127
135704,479.0,233.208,2.481411,2.482935,2.482935,1.227413,-6.68144
135705,480.0,233.161,3.83837,3.838658,3.838658,1.355723,-9.89735
135706,481.0,232.757,4.822138,4.839032,4.839032,1.000374,-3.26056
135707,482.0,232.656,5.473173,5.474105,5.474105,0.635073,-6.33836
135708,483.0,232.632,5.786143,5.786193,5.786193,0.312088,-4.79536
135709,484.0,233.185,6.101297,6.126307,6.126307,0.340114,-12.07441
135710,485.0,232.656,6.393132,6.414981,6.414981,0.288674,1.97568
135711,486.0,232.58,7.378139,7.378531,7.378531,0.96355,-13.92124
135712,487.0,232.363,8.152188,8.155076,8.155076,0.776545,-10.32797
135713,488.0,231.866,8.691717,8.705914,8.705914,0.550838,0.48044
135714,489.0,231.713,9.143991,9.145271,9.145271,0.439357,-7.68293
135715,490.0,231.565,9.488116,9.48927,9.48927,0.343999,-6.55782
135716,491.0,232.046,9.812902,9.824683,9.824683,0.335413,-11.62269
135717,492.0,230.986,10.265354,10.319937,10.319937,0.495254,3.45449
135718,493.0,231.211,10.972786,10.975092,10.975092,0.655155,-13.60139
135719,494.0,231.047,11.444852,11.446027,11.446027,0.470935,-10.94782
135720,495.0,230.91,11.897055,11.897844,11.897844,0.451817,-11.61385
135721,496.0,230.91,12.477296,12.477296,12.477296,0.579452,-17.87243
135722,497.0,229.911,12.713466,12.752655,12.752655,0.275359,3.89823
135723,498.0,229.911,13.145704,13.145704,13.145704,0.393049,-15.02943
135724,499.0,228.952,13.037564,13.072786,13.072786,-0.072918,5.87576
135725,500.0,229.168,12.78224,12.784065,12.784065,-0.288721,1.36366
135726,501.0,229.221,12.41941,12.419523,12.419523,-0.364542,2.87331
135727,502.0,228.563,12.113329,12.131187,12.131187,-0.288336,6.2018
135728,503.0,228.587,12.005159,12.005183,12.005183,-0.126004,1.64006
135729,504.0,228.719,11.877444,11.878178,11.878178,-0.127005,0.96158
135730,505.0,227.821,11.587017,11.621762,11.621762,-0.256416,7.09944
135731,506.0,227.884,11.428433,11.428607,11.428607,-0.193155,1.63121
135732,507.0,226.893,11.041216,11.0856,11.0856,-0.343007,7.94992
135733,508.0,226.568,10.808198,10.813084,10.813084,-0.272516,3.97146
135734,509.0,226.877,10.588612,10.59312,10.59312,-0.219964,0.29564
135735,510.0,226.243,10.369145,10.38851,10.38851,-0.20461,5.09443
135736,511.0,225.995,10.369145,10.37211,10.37211,-0.0164,2.0293
135737,512.0,225.633,10.492878,10.499121,10.499121,0.127011,1.84034
135738,513.0,224.814,11.055165,11.08546,11.08546,0.586339,1.55441
135739,514.0,224.951,11.384118,11.384943,11.384943,0.299483,-5.084
135740,515.0,224.103,11.836762,11.867099,11.867099,0.482156,2.23149
135741,516.0,223.073,11.960549,12.004817,12.004817,0.137718,5.46709
135742,517.0,222.88,12.240825,12.242346,12.242346,0.237529,0.29213
135743,518.0,223.136,12.836247,12.8388,12.8388,0.596454,-14.56978
135744,519.0,222.518,15.03893,15.051622,15.051622,2.212822,-57.4376
135745,520.0,222.626,15.582953,15.583327,15.583327,0.531705,-13.98232
135746,521.0,221.294,16.098972,16.153981,16.153981,0.570654,0.01012
135747,522.0,220.576,16.384638,16.400362,16.400362,0.246381,-0.67222
135748,523.0,220.546,16.999225,16.999251,16.999251,0.598889,-29.80064
135749,524.0,219.78,17.383262,17.400131,17.400131,0.40088,-2.98468
135750,525.0,218.544,17.207943,17.252275,17.252275,-0.147856,4.71009
135751,526.0,218.219,16.786605,16.789751,16.789751,-0.462524,3.19187
135752,527.0,217.872,16.707536,16.711139,16.711139,-0.078612,-0.05725
135753,528.0,217.267,17.430189,17.440685,17.440685,0.729546,-25.1244
135754,529.0,217.114,18.546491,18.547122,18.547122,1.106437,-49.39803
135755,530.0,217.006,19.159603,19.159907,19.159907,0.612785,-35.83337
135756,531.0,216.541,19.02005,19.025733,19.025733,-0.134174,-1.30333
135757,532.0,215.785,18.576729,18.592106,18.592106,-0.433627,3.66995
135758,533.0,215.198,18.243168,18.25261,18.25261,-0.339496,2.17882
135759,534.0,214.564,17.684682,17.696043,17.696043,-0.556567,4.98585
135800,535.0,214.789,17.405446,17.4069,17.4069,-0.289143,-1.77147
135801,536.0,213.484,17.07193,17.121735,17.121735,-0.285165,6.44934
135802,537.0,212.363,16.648412,16.68611,16.68611,-0.435625,7.19465
135803,538.0,212.688,16.202453,16.205712,16.205712,-0.480398,0.36193
135804,539.0,212.379,15.60689,15.609949,15.609949,-0.595763,5.0254
135805,540.0,211.351,14.918356,14.953733,14.953733,-0.656216,9.6141
135806,541.0,209.821,14.685529,14.765015,14.765015,-0.188718,8.64412
135807,542.0,210.191,14.594617,14.599306,14.599306,-0.165709,-1.36446
135808,543.0,209.583,14.81766,14.830128,14.830128,0.230822,0.45534
135809,544.0,210.07,15.327379,15.335114,15.335114,0.504986,-19.57384
135810,545.0,209.877,16.263464,16.264609,16.264609,0.929495,-34.40153
135811,546.0,209.404,17.721285,17.727597,17.727597,1.462988,-51.72493
135812,547.0,209.174,19.503265,19.504621,19.504621,1.777024,-75.59478
135813,548.0,208.587,20.977033,20.985244,20.985244,1.480623,-66.59284
135814,549.0,207.985,21.4801,21.488534,21.488534,0.50329,-10.95393
135815,550.0,209.126,21.36609,21.396535,21.396535,-0.091999,-17.10924
135816,551.0,207.197,20.896012,20.98486,20.98486,-0.411675,7.07528
135817,552.0,206.532,20.475714,20.486509,20.486509,-0.498351,1.97614
135818,553.0,205.969,19.875856,19.883828,19.883828,-0.602681,3.17729
135819,554.0,206.503,19.519536,19.526839,19.526839,-0.356989,-4.78608
135820,555.0,205.282,19.264105,19.302761,19.302761,-0.224078,3.26369
135821,556.0,205.02,19.050602,19.052403,19.052403,-0.250358,-1.21346
135822,557.0,204.642,18.709471,18.71329,18.71329,-0.339113,0.63667
135823,558.0,204.772,18.322435,18.322896,18.322896,-0.390394,-1.14123
135824,559.0,204.04,18.001658,18.016535,18.016535,-0.306361,2.84113
135825,560.0,203.638,17.173326,17.17803,17.17803,-0.838505,6.74635
135826,561.0,203.794,16.312614,16.31336,16.31336,-0.86467,4.51768
135827,562.0,202.666,15.093932,15.136022,15.136022,-1.177338,14.26
135828,563.0,202.613,13.725276,13.725378,13.725378,-1.410644,10.52681
135829,564.0,201.532,12.437314,12.484204,12.484204,-1.241174,14.62245
135830,565.0,202.441,12.054197,12.088422,12.088422,-0.395782,-3.59139
135831,566.0,201.918,12.298713,12.309828,12.309828,0.221406,2.08028
135832,567.0,200.922,13.258219,13.295578,13.295578,0.98575,-11.95109
135833,568.0,201.131,13.139338,13.141,13.141,-0.154578,0.29717
135834,569.0,200.42,15.745484,15.761529,15.761529,2.620529,-71.34476
135835,570.0,200.042,14.58458,14.589478,14.589478,-1.172051,10.38883
135836,571.0,198.478,14.086263,14.172823,14.172823,-0.416655,10.93775
135837,572.0,198.383,13.316976,13.317315,13.317315,-0.855508,6.76908
135838,573.0,197.59,12.563623,12.588625,12.588625,-0.72869,9.68369
135839,574.0,196.541,12.135974,12.181226,12.181226,-0.407399,9.00363
135840,575.0,196.018,12.670138,12.680928,12.680928,0.499702,-0.05607
135841,576.0,195.339,11.44532,11.465443,11.465443,-1.215485,11.77644
135842,577.0,195.082,10.497361,10.500506,10.500506,-0.964937,7.40789
135843,578.0,194.699,9.228201,9.236145,9.236145,-1.264361,8.73362
135844,579.0,194.715,7.722177,7.722194,7.722194,-1.513951,6.48187
135845,580.0,194.414,6.819777,6.826416,6.826416,-0.895778,5.07335
135846,581.0,193.711,6.560392,6.59795,6.59795,-0.228466,4.69636
135847,582.0,192.755,6.582751,6.651808,6.651808,0.053858,5.03045
135848,583.0,191.97,6.345796,6.394165,6.394165,-0.257643,5.18005
135849,584.0,192.377,5.635439,5.650117,5.650117,-0.744048,0.23487
135850,585.0,191.729,4.818248,4.861627,4.861627,-0.78849,5.48559
135851,586.0,191.83,3.570629,3.572057,3.572057,-1.28957,1.86628
135852,587.0,191.383,2.263828,2.307537,2.307537,-1.26452,3.72868
135853,588.0,191.769,1.249236,1.307512,1.307512,-1.000025,-4.44894
135854,589.0,191.552,0.44478,0.494892,0.494892,-0.81262,-0.09661
135855,590.0,191.544,0.202571,0.202729,0.202729,-0.292163,-0.30249
135856,591.0,191.151,0.47592,0.61721,0.61721,0.414481,1.61855
135857,592.0,191.145,0.47592,0.475958,0.475958,-0.141252,-0.27676
135858,593.0,191.283,0.111195,0.177224,0.177224,-0.298734,-0.30785
135859,594.0,191.283,0.0,0.0,0.0,-0.177224,-0.35
135900,595.0,191.106,0.111195,0.209029,0.209029,0.209029,-0.4835
135901,596.0,191.452,0.139757,0.373159,0.373159,0.16413,-0.5583
135902,597.0,191.174,0.0,0.278,0.0,-0.373159,-0.35
135903,598.0,191.645,0.0,0.471,0.0,0.0,-0.35
135904,599.0,191.415,0.0,0.23,0.0,0.0,-0.35
135905,600.0,190.419,0.139757,1.005757,1.005757,1.005757,4.40148
135906,601.0,190.466,0.111195,0.12072,0.12072,-0.885037,-0.28353
135907,602.0,190.997,0.0,0.531,0.0,-0.12072,-0.35
135908,603.0,190.974,0.0,0.023,0.0,0.0,-0.35
135909,604.0,191.753,0.111195,0.786896,0.786896,0.786896,-14.95464
135910,605.0,191.507,0.0,0.246,0.0,-0.786896,-0.35
135911,606.0,191.307,0.0,0.2,0.0,0.0,-0.35
135912,607.0,191.444,0.0,0.137,0.0,0.0,-0.35
135913,608.0,191.069,0.0,0.375,0.0,0.0,-0.35
135914,609.0,191.653,0.084662,0.590105,0.590105,0.590105,-11.09088
135915,610.0,191.869,0.0,0.216,0.0,-0.590105,-0.35
135916,611.0,191.793,0.0,0.076,0.0,0.0,-0.35
135917,612.0,191.182,0.0,0.611,0.0,0.0,-0.35
135918,613.0,191.629,0.22239,0.499266,0.499266,0.499266,-0.92874
135919,614.0,191.814,0.23796,0.301413,0.301413,-0.197853,-0.29453
135920,615.0,191.436,0.22239,0.438567,0.438567,0.137154,-0.34765
135921,616.0,191.069,0.333585,0.495951,0.495951,0.057384,-0.32623
135922,617.0,192.007,0.22239,0.964003,0.964003,0.468052,-17.40321
135923,618.0,191.637,0.139757,0.395515,0.395515,-0.568488,-0.19901
135924,619.0,191.83,0.23796,0.306388,0.306388,-0.089127,-0.31138
135925,620.0,191.83,0.139757,0.139757,0.139757,-0.166631,-0.32661
135926,621.0,191.23,0.23796,0.645465,0.645465,0.505708,2.66633
135927,622.0,191.536,0.23796,0.387635,0.387635,-0.25783,-0.26625
135928,623.0,191.507,0.22239,0.224273,0.224273,-0.163362,-0.31285
135929,624.0,191.135,0.344161,0.506784,0.506784,0.282511,1.56006
135930,625.0,191.367,0.22239,0.321374,0.321374,-0.18541,-0.29298
135931,626.0,190.812,0.23796,0.603862,0.603862,0.282488,2.5107
135932,627.0,191.608,0.111195,0.803729,0.803729,0.199867,-14.42699
135933,628.0,191.621,0.111195,0.111952,0.111952,-0.691777,-0.2999
135934,629.0,191.399,0.111195,0.248291,0.248291,0.136339,-0.34857
135935,630.0,191.629,0.084662,0.245087,0.245087,-0.003204,-0.33034
135936,631.0,191.206,0.169324,0.455631,0.455631,0.210544,-0.64227
135937,632.0,191.352,0.084662,0.168771,0.168771,-0.28686,-0.31093
135938,633.0,190.99,0.169324,0.399643,0.399643,0.230872,-0.62091
135939,634.0,191.452,0.139757,0.482676,0.482676,0.083033,-0.33347
135940,635.0,191.251,0.084662,0.218102,0.218102,-0.264574,-0.3021
135941,636.0,191.069,0.111195,0.21328,0.21328,-0.004822,-0.33271
135942,637.0,191.507,0.111195,0.451894,0.451894,0.238614,-0.66262
135943,638.0,191.507,0.139757,0.139757,0.139757,-0.312137,-0.31576
135944,639.0,190.997,0.22239,0.556379,0.556379,0.416622,2.23883
135945,640.0,190.672,0.344161,0.473362,0.473362,-0.083017,-0.29187
135946,641.0,191.151,0.344161,0.58982,0.58982,0.116458,-8.74283
135947,642.0,191.962,0.344161,0.881004,0.881004,0.291184,-14.8423
135948,643.0,191.005,0.555975,1.106778,1.106778,0.225774,4.61168
135949,644.0,191.005,0.782955,0.782955,0.782955,-0.323823,-0.15322
135950,645.0,191.861,1.249236,1.514373,1.514373,0.731418,-16.99128
135951,646.0,191.922,2.087403,2.088294,2.088294,0.573921,-3.01608
135952,647.0,191.159,3.143385,3.234662,3.234662,1.146368,1.92398
135953,648.0,191.476,3.962071,3.974732,3.974732,0.74007,-10.11795
135954,649.0,190.342,4.649496,4.785788,4.785788,0.811056,3.90667
135955,650.0,190.797,5.443811,5.462792,5.462792,0.677004,-13.45601
135956,651.0,190.667,6.180654,6.182021,6.182021,0.719229,-7.79301
135957,652.0,191.069,7.640055,7.650624,7.650624,1.468603,-25.30907
135958,653.0,190.567,9.258787,9.272386,9.272386,1.621762,-21.35533
135959,654.0,190.683,11.319136,11.319731,11.319731,2.047345,-40.18264
140000,655.0,190.966,12.204921,12.208201,12.208201,0.88847,-20.62737
140001,656.0,191.005,12.53075,12.530811,12.530811,0.32261,-4.199
140002,657.0,191.307,12.654895,12.658498,12.658498,0.127687,-4.50191
140003,658.0,192.099,12.598572,12.623442,12.623442,-0.035056,-9.42177
140004,659.0,191.568,12.176141,12.187713,12.187713,-0.435729,6.47528
140005,660.0,192.578,12.209422,12.251126,12.251126,0.063413,-15.36788
140006,661.0,192.702,12.955945,12.956538,12.956538,0.705412,-14.92859
140007,662.0,193.056,13.368426,13.373112,13.373112,0.416574,-12.6806
140008,663.0,192.231,13.46748,13.492726,13.492726,0.119614,3.53584
140009,664.0,191.621,13.467476,13.481284,13.481284,-0.011442,3.3616
140010,665.0,192.585,13.368413,13.403125,13.403125,-0.078159,-11.55115
140011,666.0,192.94,13.467467,13.472145,13.472145,0.06902,-4.40348
140012,667.0,192.995,13.368404,13.368517,13.368517,-0.103628,0.61269
140013,668.0,192.971,13.467458,13.46748,13.46748,0.098963,-0.489
140014,669.0,192.176,13.467454,13.490898,13.490898,0.023418,4.07245
140015,670.0,192.091,13.368391,13.368661,13.368661,-0.122237,1.47795
140016,671.0,192.176,13.467445,13.467713,13.467713,0.099052,-1.06015
140017,672.0,191.761,13.368382,13.374822,13.374822,-0.092891,2.99183
140018,673.0,191.922,13.467436,13.468399,13.468399,0.093577,-1.58249
140019,674.0,192.276,13.368373,13.373059,13.373059,-0.09534,-1.01376
140020,675.0,191.576,13.467427,13.485607,13.485607,0.112548,2.93778
140021,676.0,191.798,13.467423,13.469253,13.469253,-0.016354,-0.94897
140022,677.0,191.444,13.368359,13.373046,13.373046,-0.096207,2.69736
140023,678.0,191.753,13.467414,13.470959,13.470959,0.097913,-4.29158
140430,925.0,187.568,1703.618856,1703.623996,6.897263,-0.026614,0.43016
140434,929.0,186.342,69.796793,69.80756,17.45189,2.638657,-90.1619
140435,930.0,185.287,17.461796,17.493637,17.493637,0.041747,1.76411
140436,931.0,185.89,16.989422,17.000119,17.000119,-0.493518,-1.53825
140437,932.0,185.227,17.087742,17.100599,17.100599,0.10048,-0.407
140438,933.0,185.62,17.305232,17.309694,17.309694,0.209095,-11.42034
140439,934.0,185.203,17.639231,17.644159,17.644159,0.334465,-4.49267
140440,935.0,184.788,17.915148,17.919954,17.919954,0.275795,-4.28993
140441,936.0,184.664,17.875308,17.875738,17.875738,-0.044216,-2.70643
140442,937.0,184.764,17.501286,17.501572,17.501572,-0.374166,-0.40551
140443,938.0,184.318,17.28482,17.290573,17.290573,-0.210999,1.12524
140444,939.0,183.747,17.36338,17.372766,17.372766,0.082193,-1.01379
140445,940.0,183.469,17.560217,17.562418,17.562418,0.189652,-3.76157
140446,941.0,183.361,17.56021,17.560542,17.560542,-0.001876,-2.85489
140447,942.0,183.324,17.639166,17.639205,17.639205,0.078663,-4.06791
140448,943.0,182.114,17.52433,17.566053,17.566053,-0.073152,3.57392
140449,944.0,182.73,17.305143,17.316103,17.316103,-0.24995,-4.09574
140450,945.0,182.46,17.679099,17.681161,17.681161,0.365058,-5.59638
140451,946.0,182.254,18.446018,18.447168,18.447168,0.766007,-36.80111
140452,947.0,182.191,18.663019,18.663125,18.663125,0.215957,-6.48533
140453,948.0,181.361,18.467206,18.485849,18.485849,-0.177276,1.63155
140454,949.0,181.06,18.191062,18.193552,18.193552,-0.292297,0.28375
140455,950.0,180.605,17.737311,17.743146,17.743146,-0.450406,3.01123
140456,951.0,180.151,17.40305,17.408971,17.408971,-0.334175,2.20145
140457,952.0,180.275,17.581206,17.581643,17.581643,0.172672,-5.78255
140458,953.0,179.873,17.95672,17.961219,17.961219,0.379576,-5.40309
140459,954.0,179.752,18.123326,18.12373,18.12373,0.162511,-4.98778
140500,955.0,178.679,18.123315,18.155051,18.155051,0.031321,1.22688
140501,956.0,178.365,18.126204,18.128923,18.128923,-0.026128,-2.1597
140502,957.0,177.318,18.298887,18.328815,18.328815,0.199892,-0.75565
140503,958.0,176.924,18.231303,18.23556,18.23556,-0.093255,-1.20589
140504,959.0,175.801,17.857381,17.892657,17.892657,-0.342903,5.3549
140505,960.0,175.77,16.615183,16.615212,16.615212,-1.277445,9.0076
140506,961.0,175.717,14.70551,14.705606,14.705606,-1.909606,14.45727
140507,962.0,176.071,12.933753,12.938596,12.938596,-1.76701,10.77705
140508,963.0,176.525,11.398402,11.40744,11.40744,-1.531156,7.72318
140509,964.0,176.079,9.70543,9.715672,9.715672,-1.691768,11.66027
140510,965.0,176.541,8.526533,8.53904,8.53904,-1.176632,3.3613
140511,966.0,177.234,9.509812,9.535029,9.535029,0.995989,-26.58775
140512,967.0,176.787,5.854968,5.872006,5.872006,-3.663023,13.95585
140513,968.0,176.679,4.992543,4.993711,4.993711,-0.878295,2.96653
140514,969.0,177.271,4.324,4.364338,4.364338,-0.629373,-4.64195
140515,970.0,176.755,3.919639,3.953457,3.953457,-0.410881,3.53683
140516,971.0,177.049,3.392667,3.405382,3.405382,-0.548075,-1.2552
140517,972.0,177.033,2.26964,2.269697,2.269697,-1.135685,1.28873
140518,973.0,176.94,1.350104,1.353304,1.353304,-0.916393,0.90481
140519,974.0,177.432,1.25766,1.350471,1.350471,-0.002833,-8.63957
140520,975.0,177.641,2.443959,2.452879,2.452879,1.102408,-8.21961
140521,976.0,178.365,4.945755,4.998467,4.998467,2.545588,-34.5137
140522,977.0,178.61,7.475722,7.479736,7.479736,2.481269,-35.73917
140523,978.0,179.12,9.254808,9.26885,9.26885,1.789114,-36.18278
140524,979.0,179.234,10.801116,10.801718,10.801718,1.532868,-28.51899
140525,980.0,180.042,12.041257,12.068336,12.068336,1.266618,-37.79544
140526,981.0,179.519,12.841323,12.851969,12.851969,0.783633,-14.24583
140527,982.0,180.69,14.981553,15.027247,15.027247,2.175278,-76.20533
140528,983.0,180.943,14.05895,14.061226,14.061226,-0.966021,5.60748
140529,984.0,182.331,15.157341,15.22076,15.22076,1.159534,-53.13064
140530,985.0,182.46,16.265999,16.266511,16.266511,1.045751,-30.28178
140531,986.0,183.247,17.253483,17.271423,17.271423,1.004912,-42.96078
140532,987.0,184.18,17.843302,17.867678,17.867678,0.596255,-33.82649
140533,988.0,184.688,17.801343,17.80859,17.80859,-0.059088,-5.80088
140534,989.0,185.549,18.115666,18.136115,18.136115,0.327525,-24.25713
140535,990.0,187.121,18.74683,18.812624,18.812624,0.676509,-49.32384
140536,991.0,187.414,19.44947,19.451676,19.451676,0.639052,-26.68666
140537,992.0,188.146,19.771239,19.784785,19.784785,0.333109,-24.14922
140538,993.0,189.164,20.474709,20.500001,20.500001,0.715216,-44.1257
140539,994.0,190.112,21.011424,21.032799,21.032799,0.532798,-37.06671
140540,995.0,190.952,21.60035,21.616677,21.616677,0.583878,-38.12288
140541,996.0,192.171,22.092358,22.125963,22.125963,0.509286,-42.74036
140542,997.0,192.625,22.344022,22.348634,22.348634,0.222671,-18.17078
140543,998.0,193.843,22.090119,22.123673,22.123673,-0.224961,-13.5938
140544,999.0,195.138,22.08984,22.127766,22.127766,0.004093,-24.03836
140545,1000.0,195.532,22.343746,22.347219,22.347219,0.219453,-16.98688
140546,1001.0,195.648,22.766923,22.767218,22.767218,0.419999,-20.77129
140547,1002.0,196.842,22.769366,22.800651,22.800651,0.033433,-23.98124
140548,1003.0,197.22,22.615152,22.618311,22.618311,-0.18234,-9.7829
140549,1004.0,198.208,22.21458,22.23654,22.23654,-0.381771,-10.06888
140550,1005.0,198.84,22.18032,22.189322,22.189322,-0.047218,-12.10504
140551,1006.0,199.551,21.927456,21.93898,21.93898,-0.250342,-9.77708
140552,1007.0,200.367,21.758891,21.774187,21.774187,-0.164793,-11.10144
140553,1008.0,201.593,21.095612,21.131207,21.131207,-0.64298,-6.99738
140554,1009.0,202.264,20.758794,20.769636,20.769636,-0.361571,-6.83643
140555,1010.0,202.373,20.109949,20.110244,20.110244,-0.659392,0.05023
140556,1011.0,202.063,19.648177,19.650623,19.650623,-0.459621,0.57542
140557,1012.0,201.918,19.145189,19.145738,19.145738,-0.504885,0.67396
140558,1013.0,201.485,18.860224,18.865194,18.865194,-0.280544,0.18406
140559,1014.0,201.532,18.359059,18.35912,18.35912,-0.506074,0.39277
140600,1015.0,200.32,17.64731,17.688881,17.688881,-0.670239,9.09009
140601,1016.0,199.825,16.96131,16.968531,16.968531,-0.72035,6.2828
140602,1017.0,199.419,16.942821,16.947685,16.947685,-0.020846,-0.49371
140603,1018.0,198.779,17.072101,17.084093,17.084093,0.136408,-0.83838
140604,1019.0,198.253,17.939513,17.947223,17.947223,0.86313,-32.52873
140605,1020.0,198.338,18.676831,18.677024,18.677024,0.729801,-24.7127
140606,1021.0,197.984,19.169669,19.172937,19.172937,0.495913,-27.54159
140607,1022.0,197.434,19.612899,19.620609,19.620609,0.447672,-7.63349
140608,1023.0,197.104,19.836604,19.839349,19.839349,0.21874,-6.69104
140609,1024.0,195.677,20.122073,20.172609,20.172609,0.33326,-2.6519
140610,1025.0,194.961,20.370954,20.383533,20.383533,0.210924,-5.35741
140611,1026.0,193.981,20.432464,20.455952,20.455952,0.072419,-2.56889
140612,1027.0,193.719,20.328402,20.330091,20.330091,-0.125861,-4.00389
140613,1028.0,193.365,20.391254,20.394326,20.394326,0.064235,-5.67119
140614,1029.0,192.453,20.268994,20.289501,20.289501,-0.104825,-0.77915
140615,1030.0,192.271,20.250371,20.251189,20.251189,-0.038312,-5.26937
140616,1031.0,191.584,20.4358,20.447344,20.447344,0.196155,-5.43954
140617,1032.0,191.978,20.602653,20.60642,20.60642,0.159076,-12.81214
140618,1033.0,190.966,20.602644,20.627484,20.627484,0.021064,-2.07251
140619,1034.0,189.172,20.788281,20.865547,20.865547,0.238063,-0.72172
140620,1035.0,188.878,20.769527,20.771608,20.771608,-0.093939,-4.75212
140621,1036.0,188.456,20.936458,20.94071,20.94071,0.169102,-7.24365
140622,1037.0,188.123,20.834882,20.837543,20.837543,-0.103167,-4.53204
140623,1038.0,188.384,20.918419,20.920048,20.920048,0.082505,-9.82104
140624,1039.0,188.046,20.91841,20.921141,20.921141,0.001093,-5.77948
140625,1040.0,188.154,20.751317,20.751598,20.751598,-0.169543,-5.99249
140626,1041.0,188.271,20.650123,20.650455,20.650455,-0.101143,-6.66511
140627,1042.0,188.553,20.399366,20.401315,20.401315,-0.24914,-5.59774
140628,1043.0,187.729,20.131192,20.148048,20.148048,-0.253267,0.53401
140629,1044.0,187.237,19.963969,19.970031,19.970031,-0.178017,-1.79816
140630,1045.0,187.451,19.796782,19.797939,19.797939,-0.172092,-5.35127
140631,1046.0,187.877,19.779591,19.784178,19.784178,-0.013761,-8.1154
140632,1047.0,187.198,20.014216,20.025731,20.025731,0.241553,-5.36812
140633,1048.0,187.06,20.166087,20.166559,20.166559,0.140828,-7.31673
140634,1049.0,187.346,20.249909,20.251928,20.251928,0.085369,-9.05466
140635,1050.0,187.43,20.417579,20.417752,20.417752,0.165824,-9.10061
140636,1051.0,187.198,20.417572,20.41889,20.41889,0.001138,-5.65484
140637,1052.0,186.643,20.501413,20.508924,20.508924,0.090034,-5.05717
140638,1053.0,186.003,20.600571,20.610511,20.610511,0.101587,-4.88054
140639,1054.0,185.01,20.417549,20.441682,20.441682,-0.168829,0.15075
140640,1055.0,184.941,20.249864,20.249982,20.249982,-0.1917,-4.2011
140641,1056.0,184.455,20.151001,20.156861,20.156861,-0.093121,-2.96643
140642,1057.0,183.639,19.830774,19.847555,19.847555,-0.309306,1.43322
140643,1058.0,183.702,19.480089,19.480191,19.480191,-0.367364,-2.16121
140644,1059.0,183.078,19.480082,19.490074,19.490074,0.009883,-2.49851
140645,1060.0,182.999,19.579392,19.579551,19.579551,0.089477,-6.2938
140646,1061.0,182.246,19.38125,19.395873,19.395873,-0.183678,0.29645
140647,1062.0,181.498,19.563901,19.578195,19.578195,0.182322,-3.76064
140648,1063.0,181.028,19.830732,19.836301,19.836301,0.258106,-6.36836
140649,1064.0,180.951,19.983181,19.983329,19.983329,0.147028,-7.44958
140650,1065.0,180.428,20.097836,20.104639,20.104639,0.12131,-5.00638
140651,1066.0,179.99,19.968621,19.973424,19.973424,-0.131215,-2.58233
140652,1067.0,179.435,20.000693,20.008391,20.008391,0.034967,-3.7863
140653,1068.0,178.719,19.83535,19.848269,19.848269,-0.160122,-0.66963
140654,1069.0,177.463,19.889101,19.92872,19.92872,0.080451,-0.4972
140655,1070.0,178.103,19.933502,19.943773,19.943773,0.015053,-11.35034
140656,1071.0,178.465,19.820845,19.82415,19.82415,-0.119623,-6.71022
140657,1072.0,178.401,19.353126,19.353232,19.353232,-0.470918,-0.2948
140658,1073.0,177.995,18.842426,18.846799,18.846799,-0.506433,2.33571
140659,1074.0,178.65,19.144763,19.155964,19.155964,0.309165,-21.19718
140700,1075.0,179.374,19.52855,19.541967,19.541967,0.386003,-25.55767
140701,1076.0,179.95,19.595476,19.60394,19.60394,0.061973,-11.64706
140702,1077.0,181.083,19.51178,19.544647,19.544647,-0.059293,-17.15119
140703,1078.0,180.814,19.344405,19.346275,19.346275,-0.198372,-2.02819
140704,1079.0,182.5,19.260734,19.334385,19.334385,-0.01189,-28.41275
140705,1080.0,183.67,19.34442,19.37977,19.37977,0.045385,-21.35459
140706,1081.0,184.318,19.428114,19.438918,19.438918,0.059148,-12.69465
140707,1082.0,184.801,19.344434,19.350463,19.350463,-0.088455,-7.10315
140708,1083.0,185.626,19.361372,19.378941,19.378941,0.028478,-14.69905
140709,1084.0,185.705,19.344449,19.344611,19.344611,-0.03433,-5.54077
140710,1085.0,186.566,19.277782,19.297,19.297,-0.047611,-12.64486
140711,1086.0,189.549,19.177115,19.407731,19.407731,0.110731,-55.54089
140712,1087.0,189.325,19.09346,19.094774,19.094774,-0.312957,-0.81801
140713,1088.0,189.719,19.093467,19.097532,19.097532,0.002758,-7.27108
140714,1089.0,190.149,19.076954,19.081799,19.081799,-0.015733,-7.25231
140715,1090.0,190.789,19.045825,19.056575,19.056575,-0.025224,-9.39725
140716,1091.0,191.906,19.075332,19.108008,19.108008,0.051433,-20.44335
140717,1092.0,192.062,18.990559,18.9912,18.9912,-0.116808,-4.68679
140718,1093.0,193.333,19.132418,19.174589,19.174589,0.183389,-27.73642
140719,1094.0,193.811,19.042939,19.048937,19.048937,-0.125652,-6.34779
140720,1095.0,194.057,19.043913,19.045501,19.045501,-0.003436,-6.37153
140721,1096.0,195.415,18.874656,18.923446,18.923446,-0.122055,-18.66855
140722,1097.0,194.953,18.537811,18.543568,18.543568,-0.379878,1.64726
140723,1098.0,196.256,18.28226,18.328635,18.328635,-0.214933,-14.43056
140724,1099.0,196.496,17.859123,17.860735,17.860735,-0.4679,-0.55988
140725,1100.0,196.972,17.774495,17.780867,17.780867,-0.079868,-5.40848
140726,1101.0,197.638,17.096033,17.109,17.109,-0.671867,-0.32297
140727,1102.0,198.044,16.935894,16.94076,16.94076,-0.16824,-3.40389
140728,1103.0,199.133,16.408345,16.444443,16.444443,-0.496317,-3.6592
140729,1104.0,199.35,16.318948,16.320391,16.320391,-0.124052,-2.25215
140730,1105.0,199.918,16.246356,16.256282,16.256282,-0.064109,-5.63446
140731,1106.0,200.652,16.246739,16.263311,16.263311,0.007029,-10.63133
140732,1107.0,201.239,16.063896,16.074617,16.074617,-0.188694,-3.42173
140733,1108.0,202.328,15.901669,15.938915,15.938915,-0.135702,-12.64874
140734,1109.0,202.558,15.595306,15.597002,15.597002,-0.341913,0.10078
140735,1110.0,203.361,15.157917,15.179172,15.179172,-0.41783,-2.00317
140736,1111.0,203.546,14.771295,14.772454,14.772454,-0.406718,1.38279
140737,1112.0,203.984,14.328847,14.33554,14.33554,-0.436914,0.53167
140738,1113.0,204.056,14.137427,14.13761,14.13761,-0.19793,0.74488
140739,1114.0,204.024,14.095075,14.095111,14.095111,-0.042499,0.14691
140740,1115.0,204.896,14.158551,14.185378,14.185378,0.090267,-14.34095
140741,1116.0,205.623,14.030461,14.049284,14.049284,-0.136094,-6.02305
140742,1117.0,206.13,13.91607,13.925303,13.925303,-0.123981,-2.44775
140743,1118.0,206.78,13.54196,13.557551,13.557551,-0.367752,-0.70628
140744,1119.0,207.644,12.966238,12.994992,12.994992,-0.562559,-0.22355
140745,1120.0,207.314,12.454294,12.458666,12.458666,-0.536326,6.00558
140746,1121.0,207.977,12.202366,12.220365,12.220365,-0.238301,-2.64587
140747,1122.0,208.046,11.97253,11.972729,11.972729,-0.247636,2.08255
140748,1123.0,208.516,11.640051,11.649536,11.649536,-0.323193,0.36415
140749,1124.0,208.965,11.09977,11.108848,11.108848,-0.540688,1.59386
140750,1125.0,209.56,10.310765,10.327918,10.327918,-0.78093,1.82413
140751,1126.0,209.391,9.124962,9.126527,9.126527,-1.201391,7.22007
140752,1127.0,209.768,7.798236,7.807344,7.807344,-1.319183,3.85942
140753,1128.0,210.062,6.277563,6.284443,6.284443,-1.522901,3.74937
140754,1129.0,209.504,4.870065,4.901928,4.901928,-1.382515,6.58842
140755,1130.0,209.628,3.570255,3.572407,3.572407,-1.329521,1.82231
140756,1131.0,209.737,2.476957,2.479354,2.479354,-1.093053,0.72226
140757,1132.0,209.589,1.696332,1.702776,1.702776,-0.776578,1.26428
140758,1133.0,210.387,0.846342,1.163228,1.163228,-0.539548,-12.95339
140759,1134.0,209.938,0.253903,0.515817,0.515817,-0.647411,2.21821
140800,1135.0,210.093,0.338537,0.372333,0.372333,-0.143484,-0.29227
140801,1136.0,210.307,0.602784,0.639644,0.639644,0.267311,-4.25184
140802,1137.0,210.463,0.592439,0.612634,0.612634,-0.02701,-2.90254
140803,1138.0,210.68,0.423171,0.475566,0.475566,-0.137068,-0.27788
140804,1139.0,210.633,0.169268,0.175672,0.175672,-0.299894,-0.30811
140805,1140.0,210.455,0.0,0.178,0.0,-0.175672,-0.35
140806,1141.0,210.191,0.0,0.264,0.0,0.0,-0.35
140807,1142.0,210.609,0.084634,0.426482,0.426482,0.426482,-0.78869
140808,1143.0,210.323,0.0,0.286,0.0,-0.426482,-0.35
140809,1144.0,210.083,0.084634,0.254486,0.254486,0.254486,-0.53328
140810,1145.0,210.524,0.507805,0.672568,0.672568,0.418082,-8.43357
140811,1146.0,210.894,2.211698,2.242434,2.242434,1.569866,-12.5725
140812,1147.0,210.881,3.907438,3.90746,3.90746,1.665026,-12.84955
140813,1148.0,211.034,5.192536,5.194789,5.194789,1.287329,-13.58653
140814,1149.0,211.119,6.356323,6.356891,6.356891,1.162102,-13.27665
140815,1150.0,211.412,7.637339,7.642957,7.642957,1.286066,-20.87344
140816,1151.0,211.504,9.157383,9.157845,9.157845,1.514888,-24.01739
140817,1152.0,211.467,10.588616,10.588681,10.588681,1.430836,-30.29134
140818,1153.0,211.946,11.599677,11.609563,11.609563,1.020882,-26.12908
140819,1154.0,212.054,12.110854,12.111336,12.111336,0.501773,-8.98226
140820,1155.0,212.408,12.530295,12.535295,12.535295,0.423959,-12.02384
140821,1156.0,212.363,13.295003,13.295079,13.295079,0.759784,-23.28883
140822,1157.0,212.818,15.417855,15.424567,15.424567,2.129488,-64.05665
140823,1158.0,212.657,14.149637,14.150553,14.150553,-1.274014,10.07816
140824,1159.0,212.765,14.225488,14.225898,14.225898,0.075345,-1.5732
140825,1160.0,212.022,14.398538,14.417696,14.417696,0.191798,1.83326
140826,1161.0,211.676,14.567681,14.571789,14.571789,0.154093,-0.08474
140827,1162.0,212.007,15.075127,15.07876,15.07876,0.506971,-16.55201
140828,1163.0,210.886,15.586959,15.627218,15.627218,0.548458,-0.27316
140829,1164.0,210.17,16.005503,16.02151,16.02151,0.394292,-1.543
140830,1165.0,208.733,16.00975,16.074111,16.074111,0.052601,5.10054
140831,1166.0,208.339,15.925188,15.930061,15.930061,-0.14405,1.44909
140832,1167.0,207.359,15.576242,15.60704,15.60704,-0.323021,6.26803
140833,1168.0,206.54,15.489632,15.511269,15.511269,-0.095771,3.61201
140834,1169.0,205.969,15.367523,15.378127,15.378127,-0.133142,2.72825
140835,1170.0,204.571,15.495723,15.558658,15.558658,0.180531,4.31022
140836,1171.0,203.879,15.232399,15.24811,15.24811,-0.310548,4.90516
140837,1172.0,203.538,15.110587,15.114434,15.114434,-0.133676,1.73151
140838,1173.0,202.288,14.874755,14.927184,14.927184,-0.18725,7.05439
140839,1174.0,201.279,14.57384,14.608726,14.608726,-0.318458,7.03607
140840,1175.0,201.308,13.377351,13.377383,13.377383,-1.231343,8.79024
140841,1176.0,200.629,12.478124,12.496584,12.496584,-0.880799,10.11779
140842,1177.0,200.367,11.669048,11.671989,11.671989,-0.824595,7.32375
140843,1178.0,199.596,12.293173,12.317327,12.317327,0.645338,0.58773
140844,1179.0,198.768,9.904937,9.939485,9.939485,-2.377842,17.52623
140845,1180.0,198.47,9.281929,9.286712,9.286712,-0.652773,5.29925
140846,1181.0,198.137,8.472544,8.479086,8.479086,-0.807626,5.8078
140847,1182.0,197.429,8.140825,8.171554,8.171554,-0.307532,5.42349
140848,1183.0,197.505,8.140828,8.141183,8.141183,-0.030371,0.10894
140849,1184.0,197.003,8.545373,8.560105,8.560105,0.418922,1.13561
140850,1185.0,196.449,9.445002,9.461235,9.461235,0.90113,-8.84093
140851,1186.0,196.657,10.569347,10.571394,10.571394,1.110159,-21.63133
140852,1187.0,196.811,11.900005,11.901002,11.901002,1.329608,-27.39086
140853,1188.0,197.143,13.059786,13.064005,13.064005,1.163003,-29.46843
140854,1189.0,198.222,15.82099,15.857741,15.857741,2.793736,-95.7501
140855,1190.0,199.371,14.638542,14.683566,14.683566,-1.174175,2.40043
140856,1191.0,200.026,14.675234,14.689844,14.689844,0.006278,-8.56375
140857,1192.0,200.721,14.555551,14.572134,14.572134,-0.11771,-5.98513
140858,1193.0,201.516,14.357365,14.379359,14.379359,-0.192775,-5.78365
140859,1194.0,202.032,14.398222,14.407465,14.407465,0.028106,-6.58201
140900,1195.0,202.951,14.47687,14.50601,14.50601,0.098545,-15.54141
140901,1196.0,203.984,14.555586,14.592196,14.592196,0.086186,-17.26858
140902,1197.0,204.325,14.516029,14.520034,14.520034,-0.072162,-1.88279
140903,1198.0,206.141,14.494905,14.608221,14.608221,0.088187,-31.10213
140904,1199.0,205.953,14.631068,14.632276,14.632276,0.024055,0.0519
140905,1200.0,206.648,14.488015,14.504675,14.504675,-0.127601,-5.71994
140906,1201.0,207.507,14.325781,14.351511,14.351511,-0.153164,-7.93011
140907,1202.0,208.556,14.008413,14.047635,14.047635,-0.303876,-7.46124
140908,1203.0,209.343,13.658117,13.680772,13.680772,-0.366863,-1.48923
140909,1204.0,210.278,13.406416,13.438981,13.438981,-0.241791,-7.10551
140910,1205.0,210.81,13.086546,13.097355,13.097355,-0.341626,-0.06282
140911,1206.0,211.668,13.186722,13.214606,13.214606,0.117251,-14.29638
140912,1207.0,212.585,13.556148,13.587128,13.587128,0.372522,-21.73207
140913,1208.0,212.44,14.010885,14.011635,14.011635,0.424507,-15.094
140914,1209.0,211.882,15.300701,15.310873,15.310873,1.299238,-34.87195
140915,1210.0,211.467,14.903595,14.909372,14.909372,-0.401501,4.40087
140916,1211.0,211.782,14.986759,14.990069,14.990069,0.080697,-4.69913
140917,1212.0,211.697,14.903606,14.903848,14.903848,-0.086221,0.17077
140918,1213.0,211.251,14.877469,14.884153,14.884153,-0.019695,1.54661
140919,1214.0,212.107,14.922509,14.94704,14.94704,0.062887,-13.71551
140920,1215.0,211.822,14.845107,14.847843,14.847843,-0.099197,1.36247
140921,1216.0,211.483,15.56213,15.565822,15.565822,0.717979,-23.52712
140922,1217.0,211.861,15.296476,15.301146,15.301146,-0.264676,-1.10481
140923,1218.0,211.782,15.449341,15.449543,15.449543,0.148397,-2.22292
140924,1219.0,212.255,15.785089,15.792174,15.792174,0.342631,-15.333
140925,1220.0,213.103,15.883449,15.90607,15.90607,0.113896,-15.52468
140926,1221.0,212.664,16.051228,16.057231,16.057231,0.151161,-0.95043
140927,1222.0,212.332,16.16575,16.169159,16.169159,0.111928,-1.28423
140928,1223.0,212.894,16.265849,16.275555,16.275555,0.106396,-10.51476
140929,1224.0,212.934,16.098517,16.098567,16.098567,-0.176988,-0.6804
140930,1225.0,213.082,16.081991,16.082672,16.082672,-0.015895,-2.61443
140931,1226.0,212.987,16.014859,16.015141,16.015141,-0.067531,-0.8404
140932,1227.0,212.363,15.747102,15.75946,15.75946,-0.255681,3.73064
140933,1228.0,211.697,15.647211,15.661379,15.661379,-0.098081,2.70715
140934,1229.0,211.629,15.579712,15.579861,15.579861,-0.081518,-0.49271
140935,1230.0,211.991,15.579708,15.583913,15.583913,0.004052,-3.70447
140936,1231.0,211.504,15.479663,15.487322,15.487322,-0.096591,1.90056
140937,1232.0,211.15,15.596752,15.600768,15.600768,0.113446,-0.63585
140938,1233.0,212.287,15.98622,16.026603,16.026603,0.425835,-29.64902
140939,1234.0,212.881,15.921049,15.932126,15.932126,-0.094477,-5.12098
140940,1235.0,213.753,15.582897,15.607276,15.607276,-0.32485,-3.48134
140941,1236.0,213.737,15.547825,15.547833,15.547833,-0.059443,-0.9216
140942,1237.0,214.564,15.485543,15.50761,15.50761,-0.040223,-10.62123
140943,1238.0,214.889,15.634872,15.63825,15.63825,0.13064,-6.62679
140944,1239.0,215.204,15.557336,15.560525,15.560525,-0.077725,-2.51267
140945,1240.0,216.062,15.493176,15.516915,15.516915,-0.04361,-11.07576
140946,1241.0,216.929,15.312665,15.33719,15.33719,-0.179725,-7.43263
140947,1242.0,217.006,15.012763,15.01296,15.01296,-0.32423,1.14534
140948,1243.0,218.287,14.690844,14.746588,14.746588,-0.266372,-12.39033
140949,1244.0,218.219,14.368649,14.36881,14.36881,-0.377778,2.70824
140950,1245.0,218.929,13.977378,13.995399,13.995399,-0.373411,-1.19666
140951,1246.0,218.969,13.505243,13.505303,13.505303,-0.490096,3.39135
140952,1247.0,220.422,13.65818,13.73525,13.73525,0.229947,-27.79165
140953,1248.0,220.066,12.707381,12.712366,12.712366,-1.022884,9.36707
140954,1249.0,219.918,11.683051,11.683988,11.683988,-1.028378,8.00369
140955,1250.0,219.941,10.578143,10.578168,10.578168,-1.10582,6.78726
140956,1251.0,220.43,9.72241,9.734699,9.734699,-0.843469,2.38128
140957,1252.0,220.306,10.011055,10.011823,10.011823,0.277124,-0.23626
140959,1254.0,219.965,26.62891,26.631093,13.315547,1.651862,-42.43431
141000,1255.0,218.382,11.186793,11.29824,11.29824,-2.017307,21.20688
141001,1256.0,217.949,10.915772,10.924356,10.924356,-0.373884,5.15868
141002,1257.0,216.821,11.531336,11.586376,11.586376,0.66202,2.6171
141003,1258.0,216.247,12.228835,12.242299,12.242299,0.655923,-8.92737
141004,1259.0,215.629,10.310885,10.329389,10.329389,-1.91291,14.40946
141006,1261.0,214.688,31.615941,31.629942,15.814971,2.742791,-79.38311
141007,1262.0,213.877,13.741817,13.765728,13.765728,-2.049243,19.18449
141008,1263.0,214.379,14.164552,14.173445,14.173445,0.407717,-15.89621
141009,1264.0,215.267,16.225598,16.249879,16.249879,2.076434,-73.63289
141010,1265.0,215.706,14.035013,14.041877,14.041877,-2.208002,13.93911
141011,1266.0,216.604,15.21012,15.236606,15.236606,1.194729,-45.52007
141012,1267.0,216.689,14.4467,14.44695,14.44695,-0.789656,5.0384
141013,1268.0,217.347,13.729793,13.745552,13.745552,-0.701398,1.60642
141014,1269.0,217.484,13.499497,13.500192,13.500192,-0.24536,1.12347
141015,1270.0,217.532,13.597688,13.597773,13.597773,0.097581,-0.95106
141016,1271.0,217.339,14.139291,14.140608,14.140608,0.542835,-17.53765
141017,1272.0,217.267,13.973633,13.973818,13.973818,-0.16679,1.36653
141018,1273.0,217.368,16.871705,16.872008,16.872008,2.89819,-87.26044
141019,1274.0,217.339,15.423946,15.423973,15.423973,-1.448035,10.67368
141020,1275.0,217.973,15.372776,15.385844,15.385844,-0.038129,-7.2445
141021,1276.0,217.399,15.192567,15.203406,15.203406,-0.182438,3.27782
141022,1277.0,217.175,14.897809,14.899492,14.899492,-0.303914,2.63127
141023,1278.0,217.362,14.611409,14.612606,14.612606,-0.286886,0.52813
141024,1279.0,217.717,14.24366,14.248083,14.248083,-0.364523,0.45983
141025,1280.0,216.726,13.94807,13.983231,13.983231,-0.264852,6.90115
141026,1281.0,216.797,13.686367,13.686551,13.686551,-0.29668,1.74194
141027,1282.0,217.447,13.769355,13.784688,13.784688,0.098137,-10.44383
141028,1283.0,216.937,12.673616,12.683873,12.683873,-1.100815,10.70151
141029,1284.0,216.179,12.075963,12.099729,12.099729,-0.584144,8.64653
141030,1285.0,216.905,11.653426,11.676019,11.676019,-0.42371,-0.34132
141031,1286.0,216.01,11.784147,11.818086,11.818086,0.142067,4.62712
141032,1287.0,216.982,12.409407,12.447416,12.447416,0.62933,-27.39345
141033,1288.0,216.512,13.03107,13.039544,13.039544,0.592128,-11.20338
141034,1289.0,216.982,12.910494,12.919046,12.919046,-0.120498,-1.83009
141035,1290.0,216.171,12.342772,12.369387,12.369387,-0.549659,8.63459
141036,1291.0,217.014,11.285864,11.317304,11.317304,-1.052083,2.70809
141037,1292.0,217.331,10.236892,10.241799,10.241799,-1.075505,4.84108
141038,1293.0,217.199,9.440845,9.441768,9.441768,-0.800031,5.24459
141039,1294.0,217.431,9.60797,9.610771,9.610771,0.169003,-4.33446
141040,1295.0,217.64,10.482024,10.484108,10.484108,0.873337,-17.06339
141041,1296.0,217.13,11.784126,11.795157,11.795157,1.311049,-23.093
141042,1297.0,217.624,12.405788,12.415619,12.415619,0.620462,-18.74601
141043,1298.0,216.897,12.532563,12.553631,12.553631,0.138012,3.54029
141044,1299.0,216.588,12.394903,12.398754,12.398754,-0.154877,3.38894
141045,1300.0,216.834,12.017314,12.019832,12.019832,-0.378922,2.09376
141046,1301.0,216.62,11.701186,11.703142,11.703142,-0.31669,3.91953
141047,1302.0,215.716,11.318986,11.355028,11.355028,-0.348114,7.61246
141048,1303.0,215.191,11.260622,11.272854,11.272854,-0.082174,4.00334
141049,1304.0,214.416,11.164635,11.191501,11.191501,-0.081353,5.29185
141050,1305.0,214.556,11.27856,11.279429,11.279429,0.087928,-0.85009
141051,1306.0,213.994,11.198606,11.212699,11.212699,-0.06673,4.09364
141052,1307.0,213.753,11.340373,11.342933,11.342933,0.130234,1.24487
141053,1308.0,214.131,11.245443,11.251794,11.251794,-0.091139,-1.43228
141054,1309.0,213.838,11.51592,11.519647,11.519647,0.267853,0.68391
141055,1310.0,213.211,11.791549,11.808207,11.808207,0.28856,2.30138
141056,1311.0,213.954,12.232692,12.255236,12.255236,0.447029,-19.10475
141057,1312.0,212.942,12.587253,12.627869,12.627869,0.372633,3.40316
141058,1313.0,211.991,12.884166,12.919216,12.919216,0.291347,3.41304
141059,1314.0,211.914,12.863193,12.863423,12.863423,-0.055793,1.26395
141100,1315.0,211.652,13.084286,13.086909,13.086909,0.223486,0.15172
141101,1316.0,211.211,13.126969,13.134374,13.134374,0.047465,2.2862
141102,1317.0,210.773,13.199052,13.206317,13.206317,0.071943,2.05064
141103,1318.0,210.532,13.257461,13.259652,13.259652,0.053335,1.11519
141104,1319.0,210.231,13.459906,13.463271,13.463271,0.203619,0.21113
141105,1320.0,210.022,13.650069,13.651669,13.651669,0.188398,-0.3066
141106,1321.0,209.821,13.84171,13.84317,13.84317,0.191501,-0.52299
141107,1322.0,209.945,14.02671,14.027258,14.027258,0.184088,-3.46875
141108,1323.0,209.412,14.020029,14.030157,14.030157,0.002899,2.47399
141109,1324.0,209.705,13.956821,13.959896,13.959896,-0.070261,-1.25321
141110,1325.0,208.688,13.945828,13.982862,13.982862,0.022966,4.89106
141111,1326.0,208.431,13.812344,13.814734,13.814734,-0.168128,2.44306
141112,1327.0,208.262,13.678984,13.680028,13.680028,-0.134706,1.81972
141113,1328.0,207.475,13.472443,13.49541,13.49541,-0.184618,5.52443
141114,1329.0,207.752,13.270128,13.273019,13.273019,-0.222391,0.34787
141115,1330.0,207.005,13.133414,13.154641,13.154641,-0.118378,5.03805
141116,1331.0,206.849,13.065339,13.06627,13.06627,-0.088371,1.7862
141117,1332.0,206.579,13.064352,13.067142,13.067142,0.000872,1.7602
141118,1333.0,207.274,12.863143,12.881905,12.881905,-0.185237,-4.29041
141119,1334.0,206.656,12.663209,12.67828,12.67828,-0.203625,5.19943
141120,1335.0,205.924,12.406741,12.428316,12.428316,-0.249964,6.21916
141121,1336.0,206.109,12.129403,12.130814,12.130814,-0.297502,1.85068
141122,1337.0,205.985,11.875499,11.876146,11.876146,-0.254668,3.11024
141123,1338.0,205.036,11.441195,11.480486,11.480486,-0.39566,8.18033
141124,1339.0,205.551,10.638728,10.651186,10.651186,-0.8293,2.69464
141125,1340.0,204.819,9.585971,9.613879,9.613879,-1.037307,9.69574
141126,1341.0,204.959,8.128232,8.129438,8.129438,-1.484441,6.07797
141127,1342.0,204.843,6.78485,6.785842,6.785842,-1.343596,5.70272
141128,1343.0,204.558,5.300439,5.308095,5.308095,-1.477747,5.76596
141129,1344.0,204.526,4.604447,4.604558,4.604558,-0.703537,1.92239
141130,1345.0,204.257,4.483254,4.491317,4.491317,-0.113241,1.69587
141131,1346.0,204.164,4.630975,4.631909,4.631909,0.140592,0.16864
141132,1347.0,204.317,4.881427,4.883824,4.883824,0.251915,-3.89646
141133,1348.0,204.024,5.379159,5.387133,5.387133,0.503309,0.18459
141134,1349.0,204.087,5.742961,5.743307,5.743307,0.356174,-3.50957
141135,1350.0,203.979,6.269697,6.270627,6.270627,0.52732,-6.16521
141136,1351.0,204.056,6.971663,6.972088,6.972088,0.701461,-8.45307
141137,1352.0,204.389,8.092024,8.098872,8.098872,1.126784,-20.14962
141138,1353.0,203.955,9.059847,9.070236,9.070236,0.971364,-11.30484
141139,1354.0,203.585,9.464828,9.472057,9.472057,0.401821,0.43432
141140,1355.0,203.437,9.120771,9.121971,9.121971,-0.350086,2.96446
141141,1356.0,203.807,8.480106,8.488174,8.488174,-0.633797,1.34688
141142,1357.0,203.871,7.923833,7.924092,7.924092,-0.564082,2.40039
141143,1358.0,203.786,7.448848,7.449333,7.449333,-0.474759,2.63167
141144,1359.0,203.538,7.105173,7.1095,7.1095,-0.339833,2.85163
141145,1360.0,203.578,6.73661,6.736729,6.736729,-0.372771,1.35757
141146,1361.0,204.101,6.216075,6.238038,6.238038,-0.498691,-2.19612
141147,1362.0,204.663,5.870633,5.897472,5.897472,-0.340566,-4.96864
141148,1363.0,204.164,5.370129,5.393263,5.393263,-0.504209,4.16001
141149,1364.0,204.687,5.149154,5.175647,5.175647,-0.217616,-6.09032
141150,1365.0,204.156,4.888031,4.916788,4.916788,-0.258859,3.51239
141151,1366.0,204.378,4.411957,4.417539,4.417539,-0.499249,0.02517
141152,1367.0,203.691,3.093305,3.168676,3.168676,-1.248863,5.60966
141153,1368.0,203.871,1.665626,1.675324,1.675324,-1.493352,0.17487
141154,1369.0,204.587,0.22239,0.749742,0.749742,-0.925582,-11.50182
141155,1370.0,204.449,0.698671,0.712169,0.712169,-0.037573,0.44237
141156,1371.0,204.093,0.558937,0.662681,0.662681,-0.049488,1.58247
141157,1372.0,205.089,0.796553,1.275348,1.275348,0.612667,-18.93261
141158,1373.0,204.571,2.702013,2.751218,2.751218,1.47587,0.41396
141159,1374.0,204.743,4.184114,4.187648,4.187648,1.43643,-13.01685
141200,1375.0,204.566,5.391098,5.394003,5.394003,1.206355,-10.41091
141201,1376.0,204.767,6.877013,6.87995,6.87995,1.485947,-20.22705
141202,1377.0,205.345,8.542289,8.561821,8.561821,1.681871,-33.74229
141203,1378.0,204.965,10.172707,10.179802,10.179802,1.617981,-26.44705
141205,1380.0,205.615,29.037947,29.045221,14.52261,2.171404,-59.07836
141206,1381.0,205.985,14.607995,14.61268,14.61268,0.09007,-5.7192
141207,1382.0,206.286,15.286234,15.289197,15.289197,0.676517,-20.9439
141208,1383.0,206.648,16.148441,16.152498,16.152498,0.863301,-28.83746
141209,1384.0,206.294,15.747668,15.751646,15.751646,-0.400852,3.54385
141210,1385.0,206.51,14.955149,14.956709,14.956709,-0.794937,4.21006
141211,1386.0,207.158,14.359267,14.373881,14.373881,-0.582828,0.5315
141212,1387.0,206.495,13.734669,13.750661,13.750661,-0.62322,7.94455
141213,1388.0,206.294,13.229125,13.230652,13.230652,-0.520009,4.9719
141214,1389.0,206.788,12.516575,12.526319,12.526319,-0.704333,2.79733
141215,1390.0,206.756,12.861605,12.861645,12.861645,0.335326,-12.56618
141216,1391.0,207.026,11.24063,11.243873,11.243873,-1.617772,9.04826
141217,1392.0,207.25,10.367665,10.370085,10.370085,-0.873788,4.30226
141218,1393.0,207.499,9.335346,9.338666,9.338666,-1.031419,4.34725
141219,1394.0,207.676,8.346525,8.348402,8.348402,-0.990264,3.88128
141220,1395.0,207.319,7.401743,7.410347,7.410347,-0.938055,5.87238
141221,1396.0,207.684,6.217948,6.228652,6.228652,-1.181695,2.19344
141222,1397.0,207.234,4.873604,4.894335,4.894335,-1.334317,5.89116
141223,1398.0,207.824,3.482602,3.532226,3.532226,-1.362109,-1.14565
141224,1399.0,207.435,2.137739,2.172844,2.172844,-1.359382,3.43337
141225,1400.0,207.065,1.068869,1.131098,1.131098,-1.041746,2.30373
141226,1401.0,207.29,0.277154,0.356987,0.356987,-0.774111,-0.17456
141227,1402.0,207.25,0.277154,0.280026,0.280026,-0.076961,-0.31652
141228,1403.0,207.705,0.607519,0.759016,0.759016,0.47899,-8.80464
141229,1404.0,207.422,0.632734,0.693139,0.693139,-0.065877,1.20973
141230,1405.0,207.02,0.405013,0.570648,0.570648,-0.122491,1.83573
141231,1406.0,207.528,0.169247,0.535452,0.535452,-0.035196,-9.11036
141232,1407.0,207.507,0.0,0.021,0.0,-0.535452,-0.35
141233,1408.0,207.676,0.0,0.169,0.0,0.0,-0.35
141234,1409.0,207.644,0.084623,0.090472,0.090472,0.090472,-0.34726
141235,1410.0,207.306,0.0,0.338,0.0,-0.090472,-0.35
141236,1411.0,207.507,0.0,0.201,0.0,0.0,-0.35
141237,1412.0,207.242,0.0,0.265,0.0,0.0,-0.35
141238,1413.0,207.877,0.0,0.635,0.0,0.0,-0.35
141239,1414.0,207.182,0.0,0.695,0.0,0.0,-0.35
141240,1415.0,207.29,0.0,0.108,0.0,0.0,-0.35
141241,1416.0,207.467,0.0,0.177,0.0,0.0,-0.35
141242,1417.0,207.752,0.0,0.285,0.0,0.0,-0.35
141243,1418.0,207.375,0.0,0.377,0.0,0.0,-0.35
141244,1419.0,207.475,0.0,0.1,0.0,0.0,-0.35
141245,1420.0,207.02,0.0,0.455,0.0,0.0,-0.35
141246,1421.0,207.39,0.084623,0.379554,0.379554,0.379554,-0.70848
141247,1422.0,207.034,0.0,0.356,0.0,-0.379554,-0.35
141248,1423.0,207.62,0.0,0.586,0.0,0.0,-0.35
141249,1424.0,207.977,0.0,0.357,0.0,0.0,-0.35
141250,1425.0,207.837,0.0,0.14,0.0,0.0,-0.35
141251,1426.0,207.013,0.0,0.824,0.0,0.0,-0.35
141252,1427.0,207.359,0.0,0.346,0.0,0.0,-0.35
141253,1428.0,207.158,0.0,0.201,0.0,0.0,-0.35
141254,1429.0,206.872,0.0,0.286,0.0,0.0,-0.35
141255,1430.0,207.459,0.0,0.587,0.0,0.0,-0.35
141256,1431.0,207.676,0.0,0.217,0.0,0.0,-0.35
141257,1432.0,206.973,0.35629,0.788132,0.788132,0.788132,3.05933
141258,1433.0,207.76,0.554309,0.962615,0.962615,0.174483,-14.23969
141259,1434.0,207.25,2.024191,2.08745,2.08745,1.124835,1.23157
141300,1435.0,208.27,4.035065,4.161989,4.161989,2.074539,-32.63614
141301,1436.0,208.146,5.932951,5.934247,5.934247,1.772258,-18.70332
141302,1437.0,208.331,7.437561,7.439861,7.439861,1.505614,-21.50616
141303,1438.0,208.093,8.66641,8.669677,8.669677,1.229816,-17.91606
141304,1439.0,208.416,9.022682,9.028462,9.028462,0.358785,-9.06496
141305,1440.0,208.106,9.246185,9.25138,9.25138,0.222918,1.02392
141306,1441.0,208.106,9.56019,9.56019,9.56019,0.30881,-8.6319
141307,1442.0,208.556,10.228193,10.238088,10.238088,0.677898,-17.43603
141308,1443.0,207.25,10.952587,11.030177,11.030177,0.792089,2.90243
141309,1444.0,207.921,11.788359,11.807441,11.807441,0.777264,-24.61484
141310,1445.0,207.837,12.717331,12.717609,12.717609,0.910168,-24.48881
141311,1446.0,206.772,13.146734,13.189801,13.189801,0.472192,2.52694
141312,1447.0,206.857,13.47759,13.477858,13.477858,0.288057,-4.95201
141313,1448.0,206.64,13.809712,13.811417,13.811417,0.333559,-1.46026
141314,1449.0,205.559,13.804786,13.847046,13.847046,0.035629,5.23038
141315,1450.0,205.784,13.885334,13.887157,13.887157,0.040111,-1.66596
141316,1451.0,206.804,13.716174,13.754048,13.754048,-0.133109,-11.23294
141317,1452.0,206.162,13.631595,13.646705,13.646705,-0.107343,4.11615
141318,1453.0,206.278,13.466571,13.467071,13.467071,-0.179634,0.77942
141319,1454.0,206.302,13.3871,13.387122,13.387122,-0.079949,0.59406
141320,1455.0,206.78,13.128372,13.137071,13.137071,-0.250051,-0.43953
141321,1456.0,206.209,12.959279,12.971852,12.971852,-0.165219,4.54361
141322,1457.0,206.54,12.959278,12.963504,12.963504,-0.008348,-1.99147
141323,1458.0,206.656,13.128369,13.128882,13.128882,0.165378,-2.33735
141324,1459.0,208.13,13.29328,13.374751,13.374751,0.245869,-28.29114
141325,1460.0,208.479,13.466564,13.471086,13.471086,0.096335,-4.9597
141326,1461.0,208.849,13.393095,13.398205,13.398205,-0.072881,-1.27395
141327,1462.0,208.162,13.218059,13.2359,13.2359,-0.162305,4.98758
141328,1463.0,209.589,13.055187,13.132945,13.132945,-0.102955,-19.08129
141329,1464.0,210.099,12.964517,12.974544,12.974544,-0.158401,-1.65219
141330,1465.0,211.327,13.055185,13.112812,13.112812,0.138268,-21.25142
141331,1466.0,211.095,13.055183,13.057245,13.057245,-0.055567,1.96044
141332,1467.0,212.3,12.801773,12.85836,12.85836,-0.198885,-12.94945
141333,1468.0,212.733,12.041662,12.049445,12.049445,-0.808915,3.86968
141334,1469.0,212.657,10.598905,10.599177,10.599177,-1.450268,9.2681
141335,1470.0,212.548,8.413766,8.414472,8.414472,-2.184705,10.78136
141336,1471.0,212.392,5.876984,5.879054,5.879054,-2.535418,8.91117
141337,1472.0,212.802,3.180032,3.206353,3.206353,-2.672701,2.33267
141338,1473.0,213.011,1.230791,1.24841,1.24841,-1.957943,-0.04152
141339,1474.0,213.235,0.5388,0.583508,0.583508,-0.664902,-3.44035
141340,1475.0,213.444,0.950486,0.973193,0.973193,0.389685,-4.44894
141341,1476.0,213.328,1.998046,2.001411,2.001411,1.028218,-2.53178
141342,1477.0,213.568,2.959542,2.969257,2.969257,0.967846,-8.92689
141343,1478.0,213.906,3.669433,3.684967,3.684967,0.71571,-10.02521
141344,1479.0,214.472,4.583894,4.618706,4.618706,0.933739,-16.76729
141345,1480.0,214.897,5.049993,5.067845,5.067845,0.449139,-10.50031
141346,1481.0,215.986,5.054889,5.170863,5.170863,0.103018,-19.0222
141347,1482.0,215.73,4.48021,4.487518,4.487518,-0.683345,2.99195
141348,1483.0,216.327,3.638419,3.687072,3.687072,-0.800446,-4.5597
141349,1484.0,215.476,2.886934,3.009749,3.009749,-0.677323,5.43119
141350,1485.0,215.83,2.451876,2.477299,2.477299,-0.53245,-3.54992
141351,1486.0,215.227,2.333816,2.410457,2.410457,-0.066842,3.08281
141352,1487.0,215.616,2.017865,2.055019,2.055019,-0.355438,-5.33583
141353,1488.0,214.889,1.186608,1.391607,1.391607,-0.663412,4.05644
141354,1489.0,215.043,0.437481,0.463795,0.463795,-0.927812,-0.08404
141355,1490.0,216.332,0.237946,1.310778,1.310778,0.846983,-24.66653
141356,1491.0,215.677,0.169246,0.676512,0.676512,-0.634266,3.35958
141357,1492.0,216.179,1.683665,1.75691,1.75691,1.080398,-12.11697
