142849,0,74.014,0.0,0.0,0,0,-0.35
142853,4.0,72.492,18.4032,18.405166,18.405166,0.551805,-22.05084
142854,5.0,72.865,18.378652,18.382437,18.382437,-0.022729,-5.96854
142855,6.0,71.485,18.592678,18.643821,18.643821,0.261384,0.39953
142856,7.0,70.288,18.863682,18.901622,18.901622,0.257801,-0.90178
142857,8.0,70.373,18.853271,18.853462,18.853462,-0.04816,-4.64878
142858,9.0,69.71,18.486778,18.498663,18.498663,-0.354799,3.02817
142859,10.0,69.123,18.609737,18.618993,18.618993,0.12033,-2.45198
142900,11.0,68.994,18.480832,18.481283,18.481283,-0.13771,-2.13244
142901,12.0,68.658,18.373975,18.377047,18.377047,-0.104236,-1.23149
142902,13.0,67.768,17.733248,17.755567,17.755567,-0.62148,7.58872
142903,14.0,67.538,17.943967,17.945441,17.945441,0.189874,-4.31921
142904,15.0,66.967,17.676477,17.685697,17.685697,-0.259744,2.30674
142905,16.0,66.579,18.062797,18.066963,18.066963,0.381266,-5.53109
142906,17.0,66.275,15.680889,15.683836,15.683836,-2.383127,21.10376
142907,18.0,65.902,14.619553,14.62431,14.62431,-1.059526,10.09772
142908,19.0,66.518,14.397576,14.410748,14.410748,-0.213562,-2.12033
142909,20.0,65.574,13.743522,13.775904,13.775904,-0.634844,10.06658
142910,21.0,65.53,12.557456,12.557533,12.557533,-1.218371,9.54855
142911,22.0,64.66,14.611619,14.637497,14.637497,2.079964,-49.53895
142912,23.0,65.458,13.603579,13.626964,13.626964,-1.010533,3.41537
142913,24.0,65.543,14.118713,14.118969,14.118969,0.492005,-10.95589
142914,25.0,64.88,15.484289,15.498477,15.498477,1.379508,-37.76331
142915,26.0,64.676,15.654322,15.655651,15.655651,0.157174,-1.71451
142916,27.0,64.745,16.132861,16.133008,16.133008,0.477357,-12.73648
142917,28.0,63.693,16.099225,16.13356,16.13356,0.000552,3.89108
142918,29.0,63.503,16.683966,16.685048,16.685048,0.551488,-25.79513
142919,30.0,62.84,16.169489,16.183076,16.183076,-0.501972,6.26167
142920,31.0,62.771,15.680271,15.680423,15.680423,-0.502653,3.31102
142921,32.0,61.973,15.969742,15.989667,15.989667,0.309244,-0.13604
142922,33.0,61.812,16.250373,16.251171,16.251171,0.261504,-3.48064
142923,34.0,61.289,15.858272,15.866894,15.866894,-0.384277,4.6424
142924,35.0,60.578,16.70961,16.72473,16.72473,0.857836,-25.93905
142925,36.0,59.545,15.918071,15.951554,15.951554,-0.773176,10.85735
142926,37.0,58.958,16.61256,16.622927,16.622927,0.671373,-22.03311
142927,38.0,59.439,15.973448,15.980688,15.980688,-0.642239,1.3614
142928,39.0,58.327,16.443462,16.481019,16.481019,0.500331,-0.70901
142929,40.0,56.881,15.789075,15.855151,15.855151,-0.625868,11.86133
142930,41.0,56.271,15.561869,15.57382,15.57382,-0.281331,4.41407
142931,42.0,56.469,15.535959,15.53722,15.53722,-0.0366,-2.12432
142932,43.0,55.602,15.535949,15.560122,15.560122,0.022902,3.18534
142933,44.0,55.634,15.730951,15.730984,15.730984,0.170862,-3.20158
142934,45.0,53.695,15.504285,15.625062,15.625062,-0.105922,10.14079
142935,46.0,53.124,16.71835,16.728098,16.728098,1.103036,-36.25273
142936,47.0,53.351,16.530006,16.531564,16.531564,-0.196534,-1.6742
142937,48.0,52.979,15.122525,15.127099,15.127099,-1.404465,12.91638
142938,49.0,52.371,14.497687,14.510431,14.510431,-0.616668,7.81112
142939,50.0,51.882,15.369452,15.37723,15.37723,0.866799,-25.61981
142940,51.0,51.274,15.204445,15.216596,15.216596,-0.160634,3.61778
142941,52.0,50.355,14.86156,14.889947,14.889947,-0.326649,6.94128
142942,53.0,49.747,13.750936,13.764371,13.764371,-1.125576,12.0066
142943,54.0,48.994,12.550767,12.573336,12.573336,-1.191035,13.25113
142944,55.0,50.096,11.872985,11.924017,11.924017,-0.649319,-1.80456
142945,56.0,49.266,12.66474,12.691908,12.691908,0.767891,-0.22792
142946,57.0,50.006,12.976597,12.997679,12.997679,0.305771,-17.18964
142947,58.0,50.368,15.251709,15.256005,15.256005,2.258326,-68.14728
142948,59.0,49.768,16.375783,16.386771,16.386771,1.130766,-35.20162
142949,60.0,49.929,18.277323,18.278032,18.278032,1.891261,-65.90695
142950,61.0,49.002,18.402454,18.425787,18.425787,0.147755,-0.63441
142951,62.0,49.298,17.850487,17.852941,17.852941,-0.572846,0.52446
142952,63.0,49.261,19.133461,19.133497,19.133497,1.280556,-62.74199
142953,64.0,50.825,20.259283,20.319564,20.319564,1.186067,-73.19686
142954,65.0,49.192,20.350693,20.416106,20.416106,0.096542,1.25205
142955,66.0,48.529,20.188081,20.198965,20.198965,-0.217141,-0.23506
142956,67.0,49.541,20.95176,20.976186,20.976186,0.777221,-48.72941
142957,68.0,49.245,20.986008,20.988095,20.988095,0.011909,-5.88379
142958,69.0,48.273,21.493475,21.515442,21.515442,0.527347,-9.10779
142959,70.0,47.601,21.838173,21.84851,21.84851,0.333068,-8.94859
143000,71.0,47.966,22.310311,22.313297,22.313297,0.464787,-26.46512
143001,72.0,47.556,22.368489,22.372246,22.372246,0.058949,-7.81326
143002,73.0,47.464,22.841743,22.841928,22.841928,0.469682,-45.98772
143003,74.0,47.282,23.078451,23.079169,23.079169,0.237241,-12.45593
143004,75.0,46.272,23.552026,23.573673,23.573673,0.494504,-12.14052
143005,76.0,45.641,23.511554,23.520019,23.520019,-0.053654,-6.90648
143006,77.0,45.511,23.363841,23.364203,23.364203,-0.155816,-8.0813
143007,78.0,44.409,23.058304,23.084623,23.084623,-0.27958,-0.73701
143008,79.0,44.745,22.930093,22.932554,22.932554,-0.152069,-10.05889
143009,80.0,44.446,22.841721,22.843677,22.843677,-0.088877,-7.25299
143010,81.0,43.072,22.97022,23.011277,23.011277,0.1676,-4.90093
143011,82.0,44.235,22.930084,22.959558,22.959558,-0.051719,-19.86993
143012,83.0,43.247,23.058288,23.079446,23.079446,0.119888,-6.51482
143013,84.0,42.023,23.018984,23.051503,23.051503,-0.027943,-3.26706
143014,85.0,41.553,23.294915,23.299656,23.299656,0.248153,-11.38599
143015,86.0,41.606,23.551989,23.552048,23.552048,0.252392,-14.74374
143016,87.0,41.537,23.464653,23.464755,23.464755,-0.087293,-9.46365
143017,88.0,39.585,23.206998,23.288947,23.288947,-0.175808,2.29414
143018,89.0,39.053,23.423362,23.429403,23.429403,0.140456,-9.85356
143019,90.0,38.787,23.294898,23.296417,23.296417,-0.132986,-7.53073
143020,91.0,37.944,23.573326,23.588395,23.588395,0.291978,-10.40892
143021,92.0,36.229,22.970184,23.034117,23.034117,-0.554278,6.241
143022,93.0,36.403,23.038446,23.039103,23.039103,0.004986,-11.34617
143023,94.0,35.788,23.018954,23.027168,23.027168,-0.011935,-6.77812
143024,95.0,34.247,23.05825,23.109686,23.109686,0.082518,-3.04184
143025,96.0,34.406,22.605014,22.605573,22.605573,-0.504113,-4.16511
143026,97.0,33.547,22.605011,22.621326,22.621326,0.015753,-5.1765
143027,98.0,32.242,22.408848,22.446815,22.446815,-0.174511,-0.07624
143028,99.0,32.075,22.795641,22.796253,22.796253,0.349438,-13.49676
143029,100.0,30.952,22.472894,22.500936,22.500936,-0.295317,0.37107
143030,101.0,30.876,22.078839,22.07897,22.07897,-0.421966,-3.26236
143031,102.0,30.178,21.524368,21.535682,21.535682,-0.543288,2.26056
143032,103.0,29.631,22.149119,22.155873,22.155873,0.620191,-41.19494
143033,104.0,28.476,20.798143,20.830189,20.830189,-1.325684,14.6418
143034,105.0,29.351,21.778008,21.795579,21.795579,0.96539,-55.60376
143035,106.0,28.289,22.107799,22.133292,22.133292,0.337713,-7.32433
143036,107.0,28.083,21.749445,21.75042,21.75042,-0.382872,-2.63018
143037,108.0,27.475,21.763112,21.771604,21.771604,0.021184,-5.37162
143038,109.0,27.34,22.047607,22.04802,22.04802,0.276416,-11.51715
143039,110.0,26.83,21.799959,21.805924,21.805924,-0.242096,-2.74593
143040,111.0,26.352,22.242435,22.24757,22.24757,0.441646,-12.01226
143041,112.0,25.48,21.400552,21.41831,21.41831,-0.82926,6.77259
143042,113.0,25.123,20.883191,20.886242,20.886242,-0.532068,0.95192
143043,114.0,24.661,21.336258,21.341259,21.341259,0.455017,-10.74508
143044,115.0,25.094,21.264696,21.269104,21.269104,-0.072155,-9.26591
143045,116.0,25.139,21.471839,21.471886,21.471886,0.202782,-10.71241
143046,117.0,23.926,21.639811,21.673781,21.673781,0.201895,-4.10152
143047,118.0,23.046,21.783113,21.800881,21.800881,0.1271,-5.21161
143048,119.0,21.96,22.003197,22.029981,22.029981,0.2291,-5.68287
143049,120.0,21.976,22.107742,22.107748,22.107748,0.077767,-9.983
143050,121.0,21.429,22.451515,22.458177,22.458177,0.350429,-10.84816
143051,122.0,20.33,22.938823,22.965135,22.965135,0.506958,-10.69126
143052,123.0,20.24,22.421763,22.421943,22.421943,-0.543192,-2.08305
143053,124.0,19.799,22.305904,22.310263,22.310263,-0.11168,-5.41287
143054,125.0,19.891,22.411245,22.411433,22.411433,0.10117,-11.15129
143055,126.0,18.647,23.362356,23.395453,23.395453,0.98402,-49.62231
143056,127.0,18.914,23.896838,23.89833,23.89833,0.502877,-28.78916
143057,128.0,18.375,22.801907,22.808276,22.808276,-1.090054,6.90199
143058,129.0,18.01,23.836686,23.83948,23.83948,1.031204,-70.22377
143059,130.0,17.815,23.832326,23.833124,23.833124,-0.006356,-10.41117
143100,131.0,17.556,23.743917,23.745329,23.745329,-0.087795,-8.83756
143101,132.0,16.752,22.930671,22.944761,22.944761,-0.800568,4.51609
143102,133.0,16.784,23.242426,23.242448,23.242448,0.297687,-14.68275
143103,134.0,16.322,22.46207,22.466821,22.466821,-0.775627,2.82967
143104,135.0,15.6,20.686972,20.699568,20.699568,-1.767253,17.45928
143105,136.0,15.912,22.239687,22.241876,22.241876,1.542308,-70.43544
143106,137.0,15.191,22.351751,22.363377,22.363377,0.121501,-6.86771
143107,138.0,14.683,22.465717,22.47146,22.47146,0.108083,-8.03533
143108,139.0,14.911,22.354544,22.355707,22.355707,-0.115753,-9.09749
143109,140.0,13.88,22.030945,22.055056,22.055056,-0.300651,0.51598
143110,141.0,13.434,22.394825,22.399266,22.399266,0.34421,-11.22406
143111,142.0,12.918,22.283853,22.289826,22.289826,-0.10944,-4.99873
143112,143.0,12.987,22.051301,22.051409,22.051409,-0.238417,-6.286
143113,144.0,12.501,21.80566,21.811075,21.811075,-0.240334,-2.90269
143114,145.0,12.221,21.80566,21.807457,21.807457,-0.003618,-6.91772
143115,146.0,12.046,21.808701,21.809403,21.809403,0.001946,-7.5648
143116,147.0,12.646,21.919822,21.928033,21.928033,0.11863,-15.91317
143117,148.0,11.069,21.919822,21.976477,21.976477,0.048444,-0.67908
143118,149.0,10.775,21.919822,21.921794,21.921794,-0.054683,-6.37731
143119,150.0,10.017,21.58646,21.599765,21.599765,-0.322029,-0.15072
143120,151.0,10.062,21.034397,21.034445,21.034445,-0.56532,-1.01648
143121,152.0,9.169,20.694325,20.713584,20.713584,-0.320861,1.62835
143122,153.0,9.092,20.355573,20.355718,20.355718,-0.357866,-2.02498
143123,154.0,7.874,20.024636,20.061644,20.061644,-0.294074,3.84093
143124,155.0,8.736,20.024636,20.04318,20.04318,-0.018464,-14.02992
143125,156.0,7.911,20.135778,20.152672,20.152672,0.109492,-2.96877
143126,157.0,7.063,19.908791,19.926843,19.926843,-0.225829,1.19673
143127,158.0,6.693,19.797624,19.801081,19.801081,-0.125762,-2.39487
143128,159.0,6.04,19.799791,19.810557,19.810557,0.009476,-2.35156
143129,160.0,5.906,19.352957,19.353421,19.353421,-0.457136,0.41512
143130,161.0,5.192,18.913247,18.92672,18.92672,-0.426701,3.67317
143131,162.0,5.034,18.690978,18.691646,18.691646,-0.235074,-1.16849
143132,163.0,5.192,18.468711,18.469387,18.469387,-0.222259,-2.81318
143133,164.0,4.043,18.027433,18.064012,18.064012,-0.405375,6.61047
143134,165.0,4.133,17.293062,17.293296,17.293296,-0.770716,3.9782
143135,166.0,4.027,16.824786,16.82512,16.82512,-0.468176,2.46799
143136,167.0,3.612,17.864598,17.869417,17.869417,1.044297,-41.91049
143137,168.0,3.601,17.231699,17.231703,17.231703,-0.637714,3.28586
143138,169.0,3.784,16.348212,16.349236,16.349236,-0.882467,4.9981
143139,170.0,2.428,17.819201,17.870721,17.870721,1.521485,-40.59301
143140,171.0,2.476,19.762283,19.762341,19.762341,1.89162,-69.86522
143141,172.0,2.534,19.110709,19.110797,19.110797,-0.651544,1.66803
143142,173.0,1.202,18.800546,18.847672,18.847672,-0.263125,5.41407
143143,174.0,1.53,18.055358,18.058337,18.058337,-0.789335,2.38734
143144,175.0,1.4,18.244277,18.244741,18.244741,0.186404,-5.18216
143145,176.0,0.999,17.922523,17.927009,17.927009,-0.317732,1.7419
143146,177.0,-0.37,17.560639,17.613921,17.613921,-0.313088,7.28605
143147,178.0,0.235,17.363791,17.374328,17.374328,-0.239593,-4.06026
143148,179.0,-0.835,17.2242,17.257403,17.257403,-0.116925,4.05379
143149,180.0,-0.513,17.142467,17.145491,17.145491,-0.111912,-3.5311
143150,181.0,-1.506,17.062172,17.091043,17.091043,-0.054448,3.18946
143151,182.0,-1.702,17.509549,17.510646,17.510646,0.419603,-23.90316
143152,183.0,-1.659,17.340374,17.340428,17.340428,-0.170218,-1.61795
143153,184.0,-1.49,17.777283,17.778086,17.778086,0.437658,-15.40526
143154,185.0,-2.124,18.234403,18.245422,18.245422,0.467336,-5.28408
143155,186.0,-1.406,18.432672,18.446651,18.446651,0.201229,-18.2023
143156,187.0,-2.695,18.592293,18.636922,18.636922,0.190271,0.66067
143157,188.0,-2.225,18.640321,18.646245,18.646245,0.009323,-7.11953
143158,189.0,-2.822,18.568299,18.577894,18.577894,-0.068351,-0.37623
143159,190.0,-3.403,19.477718,19.486381,19.486381,0.908487,-40.8004
143200,191.0,-4.0,18.469219,18.478865,18.478865,-1.007516,9.44388
143201,192.0,-4.259,17.90783,17.909702,17.909702,-0.569163,3.49844
143202,193.0,-4.719,17.325506,17.331612,17.331612,-0.57809,5.10792
143203,194.0,-4.772,16.065851,16.065938,16.065938,-1.265674,9.85816
143204,195.0,-6.083,14.111481,14.172248,14.172248,-1.89369,21.93365
143205,196.0,-5.681,12.465152,12.471633,12.471633,-1.700615,10.45791
143206,197.0,-5.084,11.353949,11.369634,11.369634,-1.101999,4.58429
143207,198.0,-4.703,11.324803,11.33121,11.33121,-0.038424,-2.54747
143208,199.0,-3.43,11.760396,11.829093,11.829093,0.497883,-30.64692
143209,200.0,-3.187,11.583866,11.586414,11.586414,-0.242679,1.12274
143211,202.0,-2.716,29.827711,29.83143,14.915715,1.66465,-47.58761
143212,203.0,-1.823,15.118339,15.14469,15.14469,0.228975,-19.61074
143213,204.0,-1.496,14.665779,14.669425,14.669425,-0.475265,1.45525
143214,205.0,-0.349,15.841855,15.883324,15.883324,1.213899,-54.29871
143215,206.0,0.642,16.482591,16.512356,16.512356,0.629032,-34.93083
143216,207.0,1.551,17.380994,17.404748,17.404748,0.892392,-43.47303
143217,208.0,2.241,18.112933,18.126071,18.126071,0.721323,-35.14331
143218,209.0,2.391,18.841337,18.841934,18.841934,0.715863,-26.31105
143219,210.0,3.329,18.897136,18.920401,18.920401,0.078467,-18.31331
143220,211.0,3.686,19.495961,19.499229,19.499229,0.578828,-26.33579
143221,212.0,4.957,19.627741,19.66885,19.66885,0.169621,-28.33957
143222,213.0,6.024,20.434626,20.462464,20.462464,0.793614,-49.29377
143223,214.0,7.48,20.271533,20.323754,20.323754,-0.13871,-20.54289
143224,215.0,7.866,21.59075,21.5942,21.5942,1.270446,-58.46466
143225,216.0,8.609,21.683484,21.69621,21.69621,0.10201,-17.67373
143226,217.0,9.737,21.933146,21.962133,21.962133,0.265923,-31.7685
143227,218.0,9.872,22.820966,22.821365,22.821365,0.859232,-39.89844
143228,219.0,11.174,22.826571,22.863673,22.863673,0.042308,-26.39636
143229,220.0,11.6,22.892616,22.89658,22.89658,0.032907,-12.86299
143230,221.0,12.237,23.449431,23.458081,23.458081,0.561501,-37.48039
143231,222.0,13.729,24.18791,24.233882,24.233882,0.775801,-64.3807
143232,223.0,15.003,24.393547,24.426793,24.426793,0.192911,-33.9926
143233,224.0,15.532,24.002815,24.008644,24.008644,-0.418149,-9.1343
143234,225.0,16.116,24.445007,24.451982,24.451982,0.443338,-32.80641
143235,226.0,17.048,24.619755,24.63739,24.63739,0.185408,-27.5607
143236,227.0,17.548,23.935948,23.94117,23.94117,-0.69622,-5.15699
143237,228.0,18.626,25.506508,25.529278,25.529278,1.588108,-98.56801
143238,229.0,18.739,25.252519,25.252772,25.252772,-0.276506,-10.64028
143239,230.0,20.33,25.274631,25.324657,25.324657,0.071885,-35.04796
143240,231.0,21.614,25.431135,25.463528,25.463528,0.138871,-32.71211
143241,232.0,22.365,25.662607,25.673594,25.673594,0.210066,-26.52332
143242,233.0,22.447,25.970953,25.971083,25.971083,0.297489,-19.96258
143243,234.0,24.13,25.93225,25.986806,25.986806,0.015723,-34.57711
143244,235.0,23.704,26.022468,26.025954,26.025954,0.039148,-13.51873
143245,236.0,24.692,25.984142,26.002919,26.002919,-0.023035,-20.33521
143246,237.0,25.512,26.088449,26.101332,26.101332,0.098413,-22.80134
143247,238.0,25.995,26.178129,26.182584,26.182584,0.081252,-19.41149
143248,239.0,27.105,26.282854,26.306283,26.306283,0.123699,-29.59566
143249,240.0,27.256,26.477457,26.477887,26.477887,0.171604,-19.47745
143250,241.0,27.483,26.619421,26.620389,26.620389,0.142502,-19.73613
143251,242.0,27.697,26.867302,26.868154,26.868154,0.247765,-21.72554
143252,243.0,27.937,27.115964,27.117026,27.117026,0.248872,-22.38507
143253,244.0,28.273,27.0814,27.083484,27.083484,-0.033542,-18.56415
143254,245.0,28.484,27.047538,27.048361,27.048361,-0.035123,-17.78884
143255,246.0,29.129,27.156388,27.164047,27.164047,0.115686,-22.67939
143256,247.0,30.344,27.09217,27.119401,27.119401,-0.044646,-23.74758
143257,248.0,30.96,27.061136,27.068146,27.068146,-0.051255,-19.80563
143258,249.0,30.08,27.147608,27.161867,27.161867,0.093721,-13.96963
143259,250.0,30.178,27.23426,27.234436,27.234436,0.072569,-19.15714
143300,251.0,29.282,27.092278,27.10709,27.10709,-0.127346,-10.42198
143301,252.0,30.352,27.092305,27.113426,27.113426,0.006336,-23.66805
143302,253.0,30.495,27.234341,27.234717,27.234717,0.121291,-20.14744
143303,254.0,29.882,27.289751,27.296635,27.296635,0.061918,-15.21126
143304,255.0,31.322,27.431786,27.469556,27.469556,0.172921,-39.37898
143305,256.0,31.391,27.345363,27.34545,27.34545,-0.124106,-16.20358
143306,257.0,31.718,27.487395,27.48934,27.48934,0.14389,-22.00702
143307,258.0,32.651,27.487423,27.503253,27.503253,0.013913,-23.36148
143308,259.0,33.608,27.543176,27.559797,27.559797,0.056544,-24.53417
143309,260.0,34.427,27.685205,27.697317,27.697317,0.13752,-26.32721
143310,261.0,34.004,27.771517,27.774738,27.774738,0.077421,-17.42933
143311,262.0,35.431,27.858005,27.89453,27.89453,0.119792,-36.81993
143312,263.0,35.751,27.771574,27.773418,27.773418,-0.121112,-18.42077
143313,264.0,36.237,27.629597,27.633871,27.633871,-0.139547,-18.78747
143314,265.0,37.96,27.629625,27.683297,27.683297,0.049426,-38.41259
143315,266.0,39.188,27.321499,27.349082,27.349082,-0.334215,-19.36063
143316,267.0,40.232,27.092714,27.112821,27.112821,-0.236261,-19.43476
143317,268.0,40.763,26.895515,26.900756,26.900756,-0.212065,-16.61403
143318,269.0,40.885,26.895541,26.895818,26.895818,-0.004938,-17.47767
143319,270.0,41.659,26.864165,26.875312,26.875312,-0.020506,-20.78512
143320,271.0,42.198,26.808797,26.814215,26.814215,-0.061097,-18.77328
143321,272.0,43.02,26.635775,26.648456,26.648456,-0.165759,-18.46561
143322,273.0,44.037,26.351789,26.371407,26.371407,-0.277049,-17.41269
143323,274.0,43.976,26.296231,26.296302,26.296302,-0.075105,-14.34165
143324,275.0,44.867,26.209834,26.224975,26.224975,-0.071327,-19.49771
143325,276.0,46.042,25.870253,25.896923,25.896923,-0.328052,-16.76163
143326,277.0,45.831,25.870278,25.871138,25.871138,-0.025785,-13.4877
143327,278.0,45.543,25.444273,25.445902,25.445902,-0.425236,-6.63483
143328,279.0,46.103,25.160277,25.166508,25.166508,-0.279394,-12.92779
143329,280.0,46.325,25.104874,25.105856,25.105856,-0.060652,-14.05104
143330,281.0,47.054,25.104897,25.11548,25.11548,0.009624,-17.83854
143331,282.0,46.941,25.160347,25.1606,25.1606,0.04512,-13.79345
143332,283.0,46.706,25.38897,25.390057,25.390057,0.229457,-16.14478
143333,284.0,46.714,25.475774,25.475775,25.475775,0.085718,-15.58972
143334,285.0,46.47,25.586449,25.587613,25.587613,0.111838,-14.7811
143335,286.0,45.868,25.531054,25.538151,25.538151,-0.049462,-10.42057
143336,287.0,45.139,25.642101,25.652462,25.652462,0.114311,-12.27146
143337,288.0,44.888,25.611886,25.613115,25.613115,-0.039347,-12.62141
143338,289.0,44.365,25.866389,25.871676,25.871676,0.258561,-15.89212
143339,290.0,44.417,25.837645,25.837697,25.837697,-0.033979,-14.75365
143340,291.0,44.47,25.935095,25.935149,25.935149,0.097452,-16.83816
143341,292.0,43.474,26.140151,26.159119,26.159119,0.22397,-13.34453
143342,293.0,42.792,25.969289,25.978243,25.978243,-0.180876,-8.8354
143343,294.0,41.857,26.429464,26.445997,26.445997,0.467754,-17.84281
143344,295.0,40.528,26.837844,26.870729,26.870729,0.424732,-15.9262
143345,296.0,39.645,27.071054,27.085451,27.085451,0.214722,-15.64351
143346,297.0,38.771,28.079146,28.092744,28.092744,1.007293,-83.62765
143347,298.0,37.785,28.124034,28.141313,28.141313,0.048569,-14.61663
143348,299.0,37.032,28.70642,28.716294,28.716294,0.574981,-25.51401
143349,300.0,37.016,29.067636,29.06764,29.06764,0.351346,-26.74718
143350,301.0,35.605,28.358182,28.393263,28.393263,-0.674377,-1.29976
143351,302.0,34.427,27.73058,27.75559,27.75559,-0.637673,-2.13955
143352,303.0,32.112,27.669826,27.766499,27.766499,0.010909,-5.99183
143353,304.0,31.734,28.194884,28.197418,28.197418,0.430919,-24.09693
143354,305.0,30.701,28.576426,28.59509,28.59509,0.397672,-20.85408
143355,306.0,30.085,29.23689,29.243378,29.243378,0.648288,-75.76939
143356,307.0,29.213,28.861504,28.874674,28.874674,-0.368704,-9.97853
143357,308.0,27.551,28.709544,28.757611,28.757611,-0.117063,-9.47815
143358,309.0,26.413,29.299603,29.321695,29.321695,0.564084,-24.64367
143359,310.0,25.784,28.857781,28.864635,28.864635,-0.45706,-9.86534
143400,311.0,23.987,28.862203,28.91809,28.91809,0.053455,-11.80859
143401,312.0,23.136,28.136583,28.14945,28.14945,-0.76864,-2.49358
143402,313.0,21.141,28.149769,28.220374,28.220374,0.070924,-9.58026
143403,314.0,19.96,28.313014,28.337634,28.337634,0.11726,-15.01956
143404,315.0,19.421,28.14978,28.15494,28.15494,-0.182694,-13.44529
143405,316.0,18.391,28.068888,28.08778,28.08778,-0.06716,-12.44036
143406,317.0,16.488,27.724135,27.78937,27.78937,-0.29841,-3.48059
143407,318.0,15.032,27.644305,27.682621,27.682621,-0.106749,-8.71477
143408,319.0,13.827,27.266567,27.29318,27.29318,-0.389441,-5.05371
143409,320.0,12.797,27.299402,27.318826,27.318826,0.025646,-12.40293
143410,321.0,11.616,26.893824,26.919742,26.919742,-0.399084,-4.41906
143411,322.0,10.995,27.300891,27.307953,27.307953,0.388211,-20.16748
143412,323.0,9.486,27.071269,27.113293,27.113293,-0.19466,-6.03819
143413,324.0,7.935,27.428619,27.472436,27.472436,0.359143,-14.96226
143414,325.0,7.412,26.937982,26.943059,26.943059,-0.529377,-6.10337
143415,326.0,6.608,25.973475,25.985916,25.985916,-0.957143,3.12353
143416,327.0,4.896,24.359852,24.419937,24.419937,-1.565979,18.28179
143417,328.0,4.547,24.065627,24.068157,24.068157,-0.35178,-5.28733
143418,329.0,4.283,23.518267,23.519749,23.519749,-0.548408,-2.39744
143419,330.0,4.209,22.817765,22.817885,22.817885,-0.701864,-0.61284
143420,331.0,4.505,22.442818,22.444769,22.444769,-0.373116,-6.36146
143421,332.0,5.057,21.409938,21.417053,21.417053,-1.027716,1.33901
143422,333.0,5.261,20.545287,20.5463,20.5463,-0.870753,2.12008
143423,334.0,4.262,19.705241,19.730548,19.730548,-0.815752,8.75983
143424,335.0,4.965,19.152125,19.165023,19.165023,-0.565525,-2.8403
143425,336.0,4.209,19.3111,19.325892,19.325892,0.160869,-2.82768
143426,337.0,3.649,19.64744,19.655419,19.655419,0.329527,-6.18922
143427,338.0,3.654,19.373379,19.37338,19.37338,-0.282039,-2.26492
143428,339.0,3.512,18.348014,18.348563,18.348563,-1.024817,7.19479
143429,340.0,3.853,17.680876,17.684164,17.684164,-0.664399,1.31338
143430,341.0,2.846,15.886446,15.918329,15.918329,-1.765835,19.57735
143431,342.0,3.179,15.116709,15.120377,15.120377,-0.797952,3.91772
143432,343.0,3.126,15.057939,15.058033,15.058033,-0.062344,-0.13963
143433,344.0,3.382,14.992482,14.994668,14.994668,-0.063365,-1.77903
143434,345.0,3.564,14.859268,14.860382,14.860382,-0.134286,-0.68172
143435,346.0,3.784,14.924476,14.926097,14.926097,0.065715,-2.60768
143436,347.0,2.899,13.683704,13.712293,13.712293,-1.213804,14.20925
143437,348.0,2.988,12.899065,12.899372,12.899372,-0.812921,5.93033
143438,349.0,2.703,11.805662,11.809102,11.809102,-1.09027,9.68756
143439,350.0,2.716,7.751866,7.751877,7.751877,-4.057225,17.90118
143440,351.0,3.102,4.24697,4.264475,4.264475,-3.487402,6.21862
143441,352.0,2.201,1.281077,1.566193,1.566193,-2.698282,7.091
143442,353.0,2.944,1.787872,1.936113,1.936113,0.36992,-14.86777
143443,354.0,2.687,2.37651,2.390366,2.390366,0.454253,0.65254
143444,355.0,3.21,2.267347,2.326884,2.326884,-0.063482,-9.07155
143445,356.0,3.126,3.1316,3.132727,3.132727,0.805843,-4.43434
143446,357.0,3.763,5.6662,5.701894,5.701894,2.569167,-37.97084
143447,358.0,3.617,7.469136,7.470563,7.470563,1.768669,-24.82951
143448,359.0,3.369,9.14445,9.147812,9.147812,1.677249,-27.62872
143450,361.0,3.377,29.039973,29.039974,14.519987,2.686087,-69.85796
143451,362.0,4.429,14.442031,14.480296,14.480296,-0.039691,-14.73921
143452,363.0,3.929,15.39299,15.401108,15.401108,0.920812,-27.07471
143453,364.0,3.163,16.697921,16.715481,16.715481,1.314373,-39.26495
143454,365.0,3.601,16.559142,16.564934,16.564934,-0.150547,-3.28193
143455,366.0,3.483,17.480061,17.48046,17.48046,0.915526,-41.55999
143456,367.0,3.446,18.057902,18.05794,18.05794,0.57748,-33.81255
143457,368.0,2.444,18.307767,18.335167,18.335167,0.277227,-1.43649
143458,369.0,2.074,18.702732,18.706392,18.706392,0.371225,-6.36617
143459,370.0,2.703,19.067471,19.077843,19.077843,0.371451,-23.23004
143500,371.0,1.62,18.645676,18.677102,18.677102,-0.400741,5.65638
143501,372.0,1.969,20.028222,20.031263,20.031263,1.354161,-56.27411
143502,373.0,0.476,20.700241,20.754012,20.754012,0.722749,-7.24339
143503,374.0,0.484,21.121923,21.121925,21.121925,0.367913,-14.20785
143504,375.0,-0.069,21.465858,21.47298,21.47298,0.351055,-9.20757
143505,376.0,-0.576,21.809828,21.81572,21.81572,0.34274,-9.90897
143506,377.0,-0.0,21.71642,21.724057,21.724057,-0.091663,-10.42568
143507,378.0,-0.909,21.716418,21.735434,21.735434,0.011377,-3.54191
143508,379.0,-1.496,22.188607,22.19637,22.19637,0.460936,-11.55953
143509,380.0,-2.177,21.575298,21.586043,21.586043,-0.610327,2.9286
143510,381.0,-2.214,21.325696,21.325728,21.325728,-0.260315,-4.51033
143511,382.0,-2.854,21.420531,21.43009,21.43009,0.104362,-5.70271
143512,383.0,-3.292,22.037312,22.041664,22.041664,0.611574,-42.40379
143513,384.0,-3.292,22.450576,22.450576,22.450576,0.408912,-43.6183
143514,385.0,-3.52,22.631526,22.632675,22.632675,0.182099,-10.75548
143515,386.0,-3.8,22.788773,22.790493,22.790493,0.157818,-10.41364
143516,387.0,-4.54,23.401049,23.412746,23.412746,0.622253,-14.98501
143517,388.0,-4.851,23.42572,23.427784,23.427784,0.015038,-9.40788
143518,389.0,-4.629,23.212116,23.213177,23.213177,-0.214607,-9.01494
143519,390.0,-3.958,23.671443,23.680951,23.680951,0.467774,-34.30418
143520,391.0,-3.187,23.388569,23.401273,23.401273,-0.279678,-11.44711
143521,392.0,-1.961,22.860393,22.893244,22.893244,-0.508029,-10.31609
143522,393.0,-0.386,22.417421,22.472681,22.472681,-0.420563,-12.82065
143523,394.0,0.856,21.672792,21.70835,21.70835,-0.764331,-5.88883
143524,395.0,1.474,21.433131,21.442038,21.442038,-0.266312,-8.17932
143525,396.0,3.028,21.977907,22.032778,22.032778,0.59074,-53.16666
143526,397.0,3.662,21.148666,21.158167,21.158167,-0.874611,-0.71583
143527,398.0,4.777,21.216101,21.24538,21.24538,0.087213,-23.58071
143528,399.0,7.486,21.077693,21.251066,21.251066,0.005686,-49.74254
143529,400.0,9.251,20.68259,20.757763,20.757763,-0.493303,-12.53934
143530,401.0,10.273,21.242172,21.266743,21.266743,0.50898,-38.75729
143531,402.0,11.502,20.678985,20.715474,20.715474,-0.551269,-7.35269
143532,403.0,12.424,20.893047,20.913381,20.913381,0.197907,-24.12496
143533,404.0,13.751,22.183638,22.223292,22.223292,1.309911,-79.38302
143534,405.0,14.554,21.515924,21.530903,21.530903,-0.692389,-4.17466
143535,406.0,14.768,21.465468,21.466535,21.466535,-0.064368,-8.42065
143536,407.0,15.426,22.161615,22.171381,22.171381,0.704846,-41.64308
143537,408.0,15.191,22.085679,22.086929,22.086929,-0.084452,-6.56732
143538,409.0,15.495,21.401548,21.403707,21.403707,-0.683222,-1.41713
143539,410.0,15.093,21.216174,21.219982,21.219982,-0.183725,-3.28939
143540,411.0,15.032,21.738282,21.738368,21.738368,0.518386,-44.30346
143541,412.0,13.751,21.742043,21.779748,21.779748,0.04138,-1.93177
143542,413.0,13.048,22.441801,22.452809,22.452809,0.673061,-41.79732
143543,414.0,12.54,23.242067,23.247618,23.247618,0.794809,-54.18983
143544,415.0,11.085,22.930695,22.97681,22.97681,-0.270808,1.2451
143545,416.0,10.046,23.075188,23.098568,23.098568,0.121758,-6.28104
143546,417.0,8.434,23.14759,23.203652,23.203652,0.105084,-3.08765
143547,418.0,6.125,23.283646,23.397855,23.397855,0.194203,-0.74099
143548,419.0,5.805,23.347522,23.349715,23.349715,-0.04814,-8.41316
143549,420.0,4.389,23.447975,23.490692,23.490692,0.140977,-5.09891
143550,421.0,3.11,24.164088,24.197913,24.197913,0.707221,-14.70753
143551,422.0,1.332,24.502671,24.567095,24.567095,0.369182,-8.07485
143552,423.0,-0.872,24.526412,24.625241,24.625241,0.058146,-1.55809
143553,424.0,-1.929,24.396697,24.419583,24.419583,-0.205658,-3.9014
143554,425.0,-3.948,23.788992,23.874515,23.874515,-0.545068,6.73994
143555,426.0,-5.184,24.586013,24.617062,24.617062,0.742547,-16.28544
143556,427.0,-6.822,25.265992,25.319032,25.319032,0.70197,-14.9869
143557,428.0,-8.519,25.309323,25.366151,25.366151,0.047119,-5.46657
143558,429.0,-8.984,25.68618,25.690389,25.690389,0.324238,-16.78861
143559,430.0,-11.003,25.013328,25.09468,25.09468,-0.595709,5.80377
143600,431.0,-11.859,25.120663,25.135243,25.135243,0.040563,-9.58644
143601,432.0,-13.053,25.390876,25.418935,25.418935,0.283692,-11.68456
143602,433.0,-13.259,25.457068,25.457902,25.457902,0.038967,-13.69586
143603,434.0,-13.988,25.69555,25.705889,25.705889,0.247987,-14.27066
143604,435.0,-15.606,25.84307,25.89367,25.89367,0.187781,-8.87528
143605,436.0,-15.569,25.858682,25.858708,25.858708,-0.034962,-14.67198
143606,437.0,-15.711,25.95603,25.956419,25.956419,0.097711,-15.78817
143607,438.0,-16.625,26.054291,26.070318,26.070318,0.113899,-11.99551
143608,439.0,-17.899,26.122505,26.153553,26.153553,0.083235,-9.72454
143609,440.0,-18.311,26.136289,26.139536,26.139536,-0.014017,-13.00819
143610,441.0,-18.29,26.019376,26.019384,26.019384,-0.120152,-13.62554
143611,442.0,-19.189,26.334403,26.349743,26.349743,0.330359,-15.79028
143612,443.0,-19.717,26.017958,26.023315,26.023315,-0.326428,-7.6138
143613,444.0,-20.895,26.395945,26.422218,26.422218,0.398903,-15.41657
143614,445.0,-21.461,25.35629,25.362606,25.362606,-1.059612,4.04339
143615,446.0,-22.322,25.41392,25.4285,25.4285,0.065894,-10.42825
143616,447.0,-23.178,25.005362,25.020009,25.020009,-0.408491,-3.09579
143617,448.0,-23.638,24.606672,24.610972,24.610972,-0.409037,-4.66653
143618,449.0,-22.655,23.764924,23.785245,23.785245,-0.825727,-5.88385
143619,450.0,-23.976,23.815591,23.852199,23.852199,0.066954,-5.22659
143620,451.0,-23.924,23.059017,23.059076,23.059076,-0.793123,-0.39237
143621,452.0,-22.967,22.512589,22.53292,22.53292,-0.526156,-8.16621
143622,453.0,-23.554,21.884807,21.892678,21.892678,-0.640242,2.45374
143623,454.0,-23.289,21.639391,21.641014,21.641014,-0.251664,-6.6625
143624,455.0,-23.126,19.725539,19.726213,19.726213,-1.914801,14.52106
143625,456.0,-22.502,17.169757,17.181093,17.181093,-2.54512,18.1749
143626,457.0,-22.449,15.652073,15.652162,15.652162,-1.528931,11.654
143627,458.0,-23.184,13.507274,13.527257,13.527257,-2.124905,20.28132
143628,459.0,-22.111,11.687937,11.737087,11.737087,-1.79017,6.77509
143629,460.0,-22.513,10.446138,10.45387,10.45387,-1.283217,10.43033
143630,461.0,-22.317,8.708598,8.710804,8.710804,-1.743066,7.90717
143631,462.0,-22.708,6.6815,6.692931,6.692931,-2.017873,9.95955
143632,463.0,-22.396,7.904861,7.911016,7.911016,1.218085,-21.74491
143633,464.0,-22.217,4.436513,4.440123,4.440123,-3.470893,7.6731
143634,465.0,-22.285,3.35395,3.354639,3.354639,-1.085484,2.34415
143635,466.0,-21.9,2.024961,2.061236,2.061236,-1.293403,-1.86373
143636,467.0,-22.555,0.626796,0.906586,0.906586,-1.15465,3.90646
143637,468.0,-21.778,0.568029,0.96249,0.96249,0.055904,-14.52251
143638,469.0,-21.937,1.39482,1.403853,1.403853,0.441363,0.29225
143639,470.0,-22.655,1.253592,1.444651,1.444651,0.040798,3.67825
143640,471.0,-21.831,0.909616,1.227346,1.227346,-0.217305,-14.71301
143641,472.0,-22.074,0.626796,0.672252,0.672252,-0.555094,1.24828
143642,473.0,-22.18,0.377473,0.392074,0.392074,-0.280178,-0.25623
143643,474.0,-22.026,0.239289,0.284561,0.284561,-0.107513,-0.30944
143644,475.0,-22.005,0.22239,0.223379,0.223379,-0.061182,-0.32395
143645,476.0,-22.597,0.142007,0.608794,0.608794,0.385415,2.81887
143646,477.0,-22.021,0.0,0.576,0.0,-0.608794,-0.35
143647,478.0,-22.069,0.088328,0.100527,0.100527,0.100527,-0.34738
143648,479.0,-22.359,0.0,0.29,0.0,-0.100527,-0.35
143649,480.0,-21.815,0.088328,0.551124,0.551124,0.551124,-10.80731
143650,481.0,-22.132,0.111195,0.335936,0.335936,-0.215188,-0.28187
143651,482.0,-21.81,0.0,0.322,0.0,-0.335936,-0.35
143652,483.0,-21.646,0.0,0.164,0.0,0.0,-0.35
143653,484.0,-21.551,0.0,0.095,0.0,0.0,-0.35
143654,485.0,-22.143,0.0,0.592,0.0,0.0,-0.35
143655,486.0,-22.766,0.111195,0.632845,0.632845,0.632845,2.89822
143656,487.0,-22.106,0.0,0.66,0.0,-0.632845,-0.35
143657,488.0,-21.826,0.0,0.28,0.0,0.0,-0.35
143658,489.0,-22.18,0.142007,0.381421,0.381421,0.381421,-0.72927
143659,490.0,-21.974,0.284015,0.350857,0.350857,-0.030564,-0.3151
143700,491.0,-22.005,3.301197,3.301342,3.301342,2.950485,-19.03623
143701,492.0,-21.619,6.550788,6.562151,6.562151,3.260809,-45.73683
143702,493.0,-20.864,8.241524,8.276034,8.276034,1.713883,-38.33026
143703,494.0,-21.287,9.650225,9.659491,9.659491,1.383457,-20.90054
143704,495.0,-20.399,10.77702,10.813543,10.813543,1.154052,-36.45374
143706,497.0,-20.399,22.964424,22.964424,11.482212,0.334334,-11.66455
143708,499.0,-20.319,29.031889,29.032,14.516,1.516894,-38.57021
143709,500.0,-19.558,14.963715,14.983054,14.983054,0.467054,-23.75941
143710,501.0,-19.141,15.668452,15.674,15.674,0.690946,-24.85054
143711,502.0,-18.903,16.374655,16.376384,16.376384,0.702384,-23.07424
143712,503.0,-19.152,16.985907,16.987732,16.987732,0.611348,-27.56485
143713,504.0,-19.099,17.597482,17.597562,17.597562,0.60983,-18.72578
143714,505.0,-18.586,18.11506,18.122322,18.122322,0.52476,-25.16061
143715,506.0,-18.184,18.775199,18.779502,18.779502,0.65718,-28.76263
143716,507.0,-17.709,19.19723,19.203106,19.203106,0.423604,-22.41502
143717,508.0,-18.042,19.857315,19.860107,19.860107,0.657001,-37.56315
143718,509.0,-17.571,20.422694,20.428125,20.428125,0.568018,-29.54119
143719,510.0,-18.19,20.657336,20.666608,20.666608,0.238483,-6.28601
143720,511.0,-17.534,20.705418,20.715808,20.715808,0.0492,-13.21206
143721,512.0,-18.877,20.939998,20.983021,20.983021,0.267213,-3.11357
143722,513.0,-19.062,21.222708,21.223514,21.223514,0.240493,-9.51672
143723,514.0,-20.42,21.315996,21.35921,21.35921,0.135696,-2.0294
143724,515.0,-20.742,21.646827,21.649222,21.649222,0.290012,-10.01349
143725,516.0,-21.847,21.646813,21.674998,21.674998,0.025776,-2.55011
143726,517.0,-22.058,21.602407,21.603437,21.603437,-0.071561,-6.1794
143727,518.0,-22.301,21.460923,21.462299,21.462299,-0.141138,-4.97618
143728,519.0,-23.147,21.457263,21.473934,21.473934,0.011635,-3.51681
143729,520.0,-24.193,21.363985,21.389577,21.389577,-0.084357,-1.15178
143730,521.0,-26.428,21.363972,21.480561,21.480561,0.090984,3.14617
143731,522.0,-27.47,21.505339,21.530569,21.530569,0.050008,-2.98169
143732,523.0,-27.094,21.602322,21.605594,21.605594,0.075025,-11.17618
143733,524.0,-27.713,21.646701,21.655549,21.655549,0.049955,-5.48222
143734,525.0,-27.205,21.695103,21.701049,21.701049,0.0455,-11.68082
143735,526.0,-27.628,21.700278,21.704401,21.704401,0.003352,-6.06255
143736,527.0,-27.892,21.646659,21.648269,21.648269,-0.056132,-6.1354
143737,528.0,-28.458,23.149322,23.15624,23.15624,1.507971,-83.79414
143738,529.0,-28.711,21.412186,21.413681,21.413681,-1.742559,14.33448
143739,530.0,-28.542,21.363847,21.364515,21.364515,-0.049166,-8.20828
143740,531.0,-28.183,21.363833,21.366849,21.366849,0.002334,-9.87039
143741,532.0,-29.066,21.081084,21.099569,21.099569,-0.26728,0.49887
143742,533.0,-28.452,21.033098,21.042058,21.042058,-0.057511,-10.12024
143743,534.0,-28.336,20.891779,20.892101,20.892101,-0.149957,-6.10806
143744,535.0,-28.775,20.93969,20.944292,20.944292,0.052191,-5.49622
143745,536.0,-28.347,20.987863,20.992227,20.992227,0.047935,-10.27207
143746,537.0,-28.574,21.036296,21.037521,21.037521,0.045294,-6.70756
143747,538.0,-28.643,21.177728,21.177841,21.177841,0.14032,-8.8957
143748,539.0,-28.944,21.509459,21.511565,21.511565,0.333724,-10.43773
143749,540.0,-29.652,21.787873,21.799374,21.799374,0.287809,-8.10257
143750,541.0,-30.725,21.977762,22.003939,22.003939,0.204565,-5.39927
143751,542.0,-30.598,22.256984,22.257346,22.257346,0.253407,-13.07641
143752,543.0,-31.914,22.729298,22.767364,22.767364,0.510018,-9.16953
143753,544.0,-32.02,23.060705,23.060948,23.060948,0.293584,-13.54924
143754,545.0,-34.223,23.529332,23.632238,23.632238,0.57129,-6.69298
143755,546.0,-34.773,23.768069,23.774432,23.774432,0.142194,-10.32999
143756,547.0,-35.655,24.002194,24.018394,24.018394,0.243962,-10.28606
143757,548.0,-36.776,24.002177,24.02834,24.02834,0.009946,-5.84433
143758,549.0,-38.102,24.329328,24.365436,24.365436,0.337096,-9.73107
143759,550.0,-38.937,24.377832,24.392128,24.392128,0.026692,-8.23822
143800,551.0,-40.137,24.519268,24.548615,24.548615,0.156487,-8.27841
143801,552.0,-41.823,24.377796,24.436029,24.436029,-0.112586,-1.73392
143802,553.0,-42.954,24.377778,24.404,24.404,-0.032029,-5.82977
143803,554.0,-44.576,24.28502,24.339127,24.339127,-0.064873,-2.58078
143804,555.0,-45.992,24.660655,24.701274,24.701274,0.362147,-10.20159
143805,556.0,-47.287,24.753467,24.787318,24.787318,0.086044,-7.19728
143806,557.0,-48.117,24.802083,24.815967,24.815967,0.028649,-9.00231
143807,558.0,-48.756,24.802064,24.810294,24.810294,-0.005673,-9.56448
143808,559.0,-50.532,24.802045,24.865551,24.865551,0.055257,-4.26274
143809,560.0,-51.372,24.519103,24.533487,24.533487,-0.332064,-3.51726
143810,561.0,-51.768,24.192307,24.195548,24.195548,-0.337939,-5.38196
143811,562.0,-51.8,23.860461,23.860483,23.860483,-0.335065,-6.94048
143812,563.0,-52.297,24.581726,24.586749,24.586749,0.726266,-57.72501
143813,564.0,-52.334,23.197161,23.197191,23.197191,-1.389558,7.69517
143814,565.0,-53.713,22.733577,22.775363,22.775363,-0.421828,3.04436
143815,566.0,-52.783,22.384969,22.404279,22.404279,-0.371084,-9.80238
143816,567.0,-53.629,21.798617,21.815028,21.815028,-0.589251,3.34279
143817,568.0,-54.231,21.509007,21.517429,21.517429,-0.297599,-1.18707
143818,569.0,-54.691,20.943041,20.948092,20.948092,-0.569337,1.90507
143819,570.0,-54.485,20.704598,20.705622,20.705622,-0.24247,-5.2922
143820,571.0,-54.39,20.377177,20.377398,20.377398,-0.328224,-3.31959
143821,572.0,-54.458,20.32869,20.328803,20.328803,-0.048595,-5.552
143822,573.0,-54.057,20.660055,20.663946,20.663946,0.335143,-19.563
143823,574.0,-54.316,20.567371,20.569002,20.569002,-0.094944,-4.27601
143824,575.0,-55.098,20.660029,20.674823,20.674823,0.105821,-3.86126
143825,576.0,-55.119,20.660016,20.660027,20.660027,-0.014796,-6.62408
143826,577.0,-55.468,20.611438,20.614392,20.614392,-0.045635,-4.40779
143827,578.0,-54.828,20.470016,20.480018,20.480018,-0.134374,-8.64772
143828,579.0,-55.372,20.42175,20.428995,20.428995,-0.051023,-3.03793
143829,580.0,-55.098,20.001372,20.003248,20.003248,-0.425747,-2.80096
143830,581.0,-55.277,19.669934,19.670748,19.670748,-0.3325,-1.00534
143831,582.0,-54.902,19.250174,19.253826,19.253826,-0.416922,-2.70933
143832,583.0,-55.864,18.776922,18.801549,18.801549,-0.452277,5.42759
143833,584.0,-55.869,18.542688,18.542689,18.542689,-0.25886,-1.60368
143834,585.0,-56.398,18.308585,18.316226,18.316226,-0.226463,1.16133
143835,586.0,-56.408,18.259737,18.25974,18.25974,-0.056486,-3.36958
143836,587.0,-56.292,18.216149,18.216518,18.216518,-0.043222,-4.15035
143837,588.0,-56.292,18.81276,18.81276,18.81276,0.596242,-37.7258
143838,589.0,-56.377,19.114705,19.114894,19.114894,0.302134,-7.74307
143839,590.0,-56.889,18.033519,18.040786,18.040786,-1.074108,9.89246
143840,591.0,-56.889,17.291926,17.291926,17.291926,-0.74886,4.2683
143841,592.0,-56.725,17.039524,17.040313,17.040313,-0.251613,-1.22753
143842,593.0,-57.285,16.952579,16.961826,16.961826,-0.078487,1.17012
143843,594.0,-57.756,17.356053,17.362443,17.362443,0.400617,-4.35668
143844,595.0,-57.375,17.524372,17.528513,17.528513,0.16607,-10.02152
143845,596.0,-57.227,17.807863,17.808478,17.808478,0.279965,-9.75175
143846,597.0,-58.348,16.382254,16.420563,16.420563,-1.387915,16.77645
143847,598.0,-57.883,16.290287,16.296922,16.296922,-0.123641,-3.44248
143848,599.0,-57.951,15.448961,15.449111,15.449111,-0.847811,6.43098
143849,600.0,-58.776,13.326411,13.351923,13.351923,-2.097188,20.47478
143850,601.0,-58.792,10.966663,10.966674,10.966674,-2.385249,15.51784
143851,602.0,-58.913,8.858952,8.859779,8.859779,-2.106895,11.6157
143852,603.0,-59.928,6.437699,6.517223,6.517223,-2.342556,14.3526
143853,604.0,-60.197,3.072765,3.084517,3.084517,-3.432706,7.31147
143854,605.0,-59.236,5.499437,5.58277,5.58277,2.498253,-42.66835
143855,606.0,-59.838,1.57216,1.683475,1.683475,-3.899295,6.76794
143856,607.0,-60.282,1.778788,1.833364,1.833364,0.149889,2.0858
143857,608.0,-59.056,2.315542,2.620079,2.620079,0.786715,-26.11501
143858,609.0,-59.003,5.267995,5.268262,5.268262,2.648183,-26.02446
143859,610.0,-59.5,7.922875,7.938448,7.938448,2.670186,-33.55322
143900,611.0,-58.665,10.264158,10.298067,10.298067,2.359619,-57.95411
143902,613.0,-58.041,27.869446,27.876431,13.938215,1.820074,-49.72684
143903,614.0,-58.046,13.775711,13.775712,13.775712,-0.162503,1.27716
143904,615.0,-57.92,14.438557,14.439107,14.439107,0.663395,-16.72589
143905,616.0,-58.2,14.758714,14.76137,14.76137,0.322263,-1.84297
143906,617.0,-57.37,15.133353,15.156097,15.156097,0.394727,-23.16851
143907,618.0,-57.317,15.287817,15.287909,15.287909,0.131812,-2.55696
143908,619.0,-57.217,15.220664,15.220992,15.220992,-0.066917,-1.06241
143909,620.0,-56.979,15.612198,15.614012,15.614012,0.39302,-12.6876
143910,621.0,-57.677,16.029471,16.044661,16.044661,0.430649,-1.82334
143911,622.0,-56.852,16.176705,16.197729,16.197729,0.153068,-16.85254
143912,623.0,-56.255,16.041874,16.052979,16.052979,-0.14475,-3.77316
143913,624.0,-56.916,15.894395,15.908134,15.908134,-0.144845,3.25105
143914,625.0,-56.641,15.550757,15.553188,15.553188,-0.354946,0.2196
143915,626.0,-56.308,15.18412,15.187771,15.187771,-0.365417,0.22129
143916,627.0,-56.857,15.048558,15.058569,15.058569,-0.129202,3.15071
143917,628.0,-57.074,14.569165,14.570781,14.570781,-0.487788,4.59625
143918,629.0,-57.322,13.771616,13.773849,13.773849,-0.796932,7.5025
143919,630.0,-58.327,13.201848,13.240045,13.240045,-0.533804,9.81851
143920,631.0,-57.47,12.750882,12.779649,12.779649,-0.460396,-0.78856
143921,632.0,-58.157,9.351036,9.376238,9.376238,-3.403411,22.20067
143922,633.0,-58.004,9.996781,9.997952,9.997952,0.621714,-11.49167
143923,634.0,-58.755,5.194383,5.248391,5.248391,-4.749561,18.18115
143924,635.0,-59.13,1.834949,1.872876,1.872876,-3.375515,5.40199
143925,636.0,-58.85,1.684002,1.707121,1.707121,-0.165755,-4.50911
143926,637.0,-58.829,2.238519,2.238617,2.238617,0.531496,-2.34919
143927,638.0,-58.971,2.295782,2.30017,2.30017,0.061553,0.54194
143928,639.0,-59.162,1.939893,1.949273,1.949273,-0.350897,1.2432
143929,640.0,-58.755,0.969946,1.051877,1.051877,-0.897396,-5.79301
143930,641.0,-58.543,0.494391,0.537928,0.537928,-0.513949,-3.59306
143931,642.0,-58.792,0.494391,0.553556,0.553556,0.015628,1.05775
143932,643.0,-58.522,0.141996,0.305062,0.305062,-0.248494,-0.28245
143933,644.0,-58.971,2.903602,2.938112,2.938112,2.63305,-7.44548
143934,645.0,-58.512,6.289089,6.305817,6.305817,3.367705,-46.86913
143935,646.0,-58.083,9.540053,9.549693,9.549693,3.243876,-63.36632
