034913,0,46.9392,0.0,0.0,0,0,-0.35,-6.71524,-20.3,330.8
034915,2.0,46.6344,12.707017,12.710672,6.355336,3.177668,-39.09725,-2.9916,-9.0,332.4
034917,4.0,46.0248,13.156507,13.170622,6.585311,0.114988,1.58276,-2.88753,-8.7,331.9
034919,6.0,45.72,13.403592,13.407057,6.703529,0.059109,0.93378,-2.9943,-9.0,332.7
034921,8.0,44.8056,14.392109,14.421128,7.210564,0.253518,1.90382,-2.9348,-8.8,333.5
034923,10.0,43.8912,14.062754,14.092451,7.046226,-0.082169,3.29048,-0.43394,-1.3,333.8
034925,12.0,42.9768,14.149406,14.178921,7.089461,0.021618,2.86782,-0.4008,-1.2,334.0
034927,14.0,42.672,13.350712,13.354191,6.677095,-0.206183,1.96656,-0.40056,-1.2,333.8
034929,16.0,41.7576,11.247728,11.284835,5.642418,-0.517338,4.49989,-0.46676,-1.4,333.4
034931,18.0,41.4528,9.367129,9.372086,4.686043,-0.478188,2.25784,-2.92424,-8.8,332.3
034933,20.0,41.148,10.024634,10.029267,5.014633,0.164295,0.50066,-7.32109,-22.3,328.3
034935,22.0,40.8432,13.587162,13.590581,6.79529,0.890328,-11.48828,-8.7344,-26.5,329.6
034937,24.0,41.148,15.682403,15.685365,7.842683,0.523697,-8.73233,-8.49852,-25.8,329.4
034939,26.0,41.4528,16.931753,16.934497,8.467248,0.312282,-5.58759,-7.80216,-23.6,330.6
034941,28.0,42.0624,17.463428,17.474064,8.737032,0.134892,-5.52364,-4.17438,-12.6,331.3
034943,30.0,42.9768,17.653697,17.677363,8.838681,0.050825,-6.98079,-2.6307,-7.9,333.0
034945,32.0,42.9768,16.896254,16.896254,8.448127,-0.195277,1.47131,-0.43329,-1.3,333.3
034947,34.0,43.2816,15.953349,15.95626,7.97813,-0.234999,0.66828,-0.43342,-1.3,333.4
034949,36.0,42.9768,15.227145,15.230196,7.615098,-0.181516,2.08177,-0.40044,-1.2,333.7
034951,38.0,42.9768,13.706002,13.706002,6.853001,-0.381048,1.83479,3.7576,11.2,335.5
034953,40.0,42.672,10.646928,10.65129,5.325645,-0.763678,3.39026,4.45417,13.3,334.9
034955,42.0,42.3672,5.799392,5.807396,2.903698,-1.210974,2.83272,-0.6686,-2.0,334.3
034957,44.0,42.3672,5.333904,5.333904,2.666952,-0.118373,0.06784,-10.77146,-32.9,327.4
034959,46.0,42.3672,8.647959,8.647959,4.323979,0.828513,-8.69387,-9.60972,-29.2,329.1
035001,48.0,42.3672,11.131191,11.131191,5.565596,0.620808,-8.86964,-0.4329,-1.3,333.0
035003,50.0,42.3672,12.558889,12.558889,6.279444,0.356924,-6.74713,0.5043,1.5,336.2
035005,52.0,42.3672,10.811415,10.811415,5.405708,-0.436868,1.5288,5.98436,17.8,336.2
035007,54.0,42.3672,5.960099,5.960099,2.98005,-1.212829,2.02352,1.43448,4.3,333.6
035009,56.0,42.3672,1.675245,1.675245,0.837622,-1.071214,0.24635,-0.69993,-2.1,333.3
035011,58.0,42.0624,0.345103,0.460433,0.230217,-0.303703,-0.28936,-1.85584,-5.6,331.4
035013,60.0,41.7576,2.880899,2.896978,1.448489,0.609136,0.13315,-4.79225,-14.5,330.5
035015,62.0,41.7576,6.58016,6.58016,3.29008,0.920795,-7.27607,-12.856,-40.0,321.4
035017,64.0,41.7576,11.226836,11.226836,5.613418,1.161669,-14.90726,-24.0768,-76.0,316.8
035019,66.0,41.4528,17.209592,17.212291,8.606145,1.496364,-25.65687,-29.16131,-92.9,313.9
035021,68.0,41.148,23.095634,23.097645,11.548823,1.471339,-35.24752,-33.22215,-105.3,315.5
035023,70.0,40.2336,27.603037,27.618178,13.809089,1.130133,-29.39512,-22.28434,-69.4,321.1
035025,72.0,39.9288,30.304116,30.305649,15.152825,0.671868,-26.88571,-14.4714,-44.5,325.2
035027,74.0,39.9288,30.802376,30.802376,15.401188,0.124181,-2.15822,-7.5164,-23.0,326.8
035029,76.0,39.9288,31.311563,31.311563,15.655781,0.127296,-2.41286,-8.65755,-26.5,326.7
035031,78.0,40.2336,33.700988,33.702367,16.851183,0.597701,-19.13716,-8.07372,-24.6,328.2
035033,80.0,40.8432,32.346011,32.351755,16.175877,-0.337653,-0.24726,-4.97696,-15.1,329.6
035035,82.0,40.5384,31.604839,31.606308,15.803154,-0.186362,1.22252,-3.06714,-9.3,329.8
035037,84.0,40.8432,31.52946,31.530933,15.765467,-0.018844,-2.03982,-3.23204,-9.8,329.8
035039,86.0,41.4528,31.295575,31.301511,15.650756,-0.057355,-2.467,-2.87448,-8.7,330.4
035041,88.0,41.4528,30.611683,30.611683,15.305842,-0.172457,0.57737,-2.05034,-6.2,330.7
035043,90.0,41.148,30.416478,30.418006,15.209003,-0.04842,0.41553,-2.04972,-6.2,330.6
035045,92.0,40.5384,29.708163,29.714417,14.857208,-0.175897,2.65651,-3.85398,-11.7,329.4
035047,94.0,40.5384,29.177689,29.177689,14.588845,-0.134182,0.72547,-4.66328,-14.2,328.4
035049,96.0,40.5384,29.19802,29.19802,14.59901,0.005083,-0.46895,-6.27053,-19.1,328.3
035051,98.0,40.8432,29.109666,29.111262,14.555631,-0.021689,-1.08305,-6.2472,-19.0,328.8
035053,100.0,40.8432,28.830894,28.830894,14.415447,-0.070092,0.2971,-0.79488,-2.4,331.2
035055,102.0,40.5384,28.474942,28.476573,14.238286,-0.08858,1.44193,0.3344,1.0,334.4
035057,104.0,39.9288,27.408537,27.415315,13.707658,-0.265314,4.05962,4.90686,14.7,333.8
035059,106.0,39.9288,26.097484,26.097484,13.048742,-0.329458,3.10514,4.84735,14.5,334.3
035101,108.0,39.624,24.781062,24.782936,12.391468,-0.328637,4.2096,4.5117,13.5,334.2
035103,110.0,40.2336,22.761713,22.769875,11.384937,-0.503266,2.55053,4.21092,12.6,334.2
035105,112.0,42.3672,20.873269,20.98203,10.491015,-0.446961,-7.81697,3.7464,11.2,334.5
035107,114.0,43.2816,19.90107,19.922066,9.961033,-0.264991,-0.37283,3.10713,9.3,334.1
035109,116.0,43.2816,18.76501,18.76501,9.382505,-0.289264,2.22195,2.4048,7.2,334.0
035111,118.0,42.9768,17.453153,17.455814,8.727907,-0.327299,3.08739,2.1344,6.4,333.5
035113,120.0,42.9768,16.508545,16.508545,8.254273,-0.236817,1.62402,1.6665,5.0,333.3
035115,122.0,42.9768,15.474315,15.474315,7.737158,-0.258557,1.5847,1.50075,4.5,333.5
035117,124.0,43.2816,14.582183,14.585368,7.292684,-0.222237,0.43476,0.8335,2.5,333.4
035119,126.0,43.5864,13.377408,13.38088,6.69044,-0.301122,0.5939,2.65124,7.9,335.6
035121,128.0,43.5864,11.026375,11.026375,5.513187,-0.588627,2.05637,3.64387,10.9,334.3
035123,130.0,43.5864,7.009283,7.009283,3.504641,-1.004273,2.01691,2.3338,7.0,333.4
035125,132.0,43.5864,3.019729,3.019729,1.509865,-0.997388,0.66035,-8.95167,-27.3,327.9
035127,134.0,43.2816,4.988435,4.997738,2.498869,0.494502,0.01974,-12.70368,-39.6,320.8
035129,136.0,43.2816,10.263001,10.263001,5.1315,1.316316,-15.19645,-20.19719,-62.9,321.1
035131,138.0,42.672,15.706732,15.718557,7.859278,1.363889,-18.15455,-24.81327,-78.3,316.9
035133,140.0,42.3672,21.054087,21.056293,10.528147,1.334434,-28.8996,-24.2744,-76.0,319.4
035135,142.0,42.0624,24.48382,24.485717,12.242858,0.857356,-22.97586,-16.24187,-50.3,322.9
035137,144.0,41.7576,26.805895,26.807628,13.403814,0.580478,-19.27524,-11.91282,-36.7,324.6
035139,146.0,41.7576,28.012705,28.012705,14.006352,0.301269,-16.15597,-10.79,-33.2,325.0
035141,148.0,41.7576,28.92134,28.92134,14.46067,0.227159,-15.06885,-7.8456,-24.0,326.9
035143,150.0,41.4528,29.81748,29.819038,14.909519,0.224425,-1.73822,-6.56,-20.0,328.0
035145,152.0,41.148,29.855965,29.85752,14.92876,0.00962,0.11815,-5.27919,-16.1,327.9
035147,154.0,41.148,30.030474,30.030474,15.015237,0.043239,-1.11681,-5.256,-16.0,328.5
035149,156.0,41.148,29.88855,29.88855,14.944275,-0.035481,-0.37342,-2.80755,-8.5,330.3
035151,158.0,41.4528,29.595129,29.596698,14.798349,-0.072963,-0.81566,-0.62814,-1.9,330.6
035153,160.0,41.148,28.922441,28.924047,14.462023,-0.168163,1.96774,-0.59526,-1.8,330.7
035155,162.0,40.5384,28.471842,28.478368,14.239184,-0.111419,2.5048,-0.53088,-1.6,331.8
035157,164.0,40.8432,27.976766,27.978426,13.989213,-0.124986,0.15021,2.97082,8.9,333.8
035159,166.0,41.148,26.168095,26.16987,13.084935,-0.452139,3.15522,7.1444,21.2,337.0
035201,168.0,41.148,22.968713,22.968713,11.484356,-0.800289,6.33652,12.36056,36.7,336.8
035203,170.0,41.148,18.797789,18.797789,9.398895,-1.042731,6.36448,-1.58688,-4.8,330.6
035205,172.0,41.148,16.753992,16.753992,8.376996,-0.510949,2.99874,-8.08431,-24.7,327.3
035207,174.0,41.148,17.909701,17.909701,8.954851,0.288927,-8.54401,-21.90573,-69.3,316.1
035209,176.0,41.148,21.540792,21.540792,10.770396,0.907773,-23.5766,-33.53778,-107.7,311.4
035211,178.0,41.148,26.374547,26.374547,13.187274,1.208439,-37.90499,-35.83524,-115.3,310.8
035213,180.0,41.4528,30.359434,30.360964,15.180482,0.996604,-28.63197,-32.16774,-103.4,311.1
035215,182.0,41.7576,33.359533,33.360925,16.680462,0.74999,-23.8761,-32.28125,-103.3,312.5
035217,184.0,41.7576,36.143651,36.143651,18.071825,0.695682,-40.57989,-30.74642,-98.2,313.1
035219,186.0,41.7576,38.146418,38.146418,19.073209,0.500692,-37.09422,-27.36804,-86.8,315.3
035221,188.0,41.7576,39.479051,39.479051,19.739525,0.333158,-32.99359,-22.13672,-69.7,317.6
035223,190.0,42.0624,40.8094,40.810538,20.405269,0.332872,-13.95363,-18.78321,-58.9,318.9
035225,192.0,42.3672,41.369143,41.370266,20.685133,0.139932,-9.10501,-15.53156,-48.4,320.9
035227,194.0,42.3672,41.485131,41.485131,20.742566,0.028716,-6.96166,-11.5455,-35.8,322.5
035229,196.0,42.0624,41.702691,41.703805,20.851902,0.054668,-6.54618,-10.707,-33.2,322.5
035231,198.0,41.7576,41.936244,41.937351,20.968676,0.058387,-6.74609,-11.25176,-34.9,322.4
035233,200.0,41.7576,41.404655,41.404655,20.702328,-0.133174,-4.95152,-12.42534,-38.6,321.9
035235,202.0,42.0624,41.855123,41.856233,20.928117,0.112895,-9.10566,-12.94436,-40.3,321.2
035237,204.0,42.0624,41.329368,41.329368,20.664684,-0.131717,-4.92426,-15.104,-47.2,320.0
035239,206.0,42.9768,41.349521,41.35963,20.679815,0.007566,-9.24563,-16.54218,-52.2,316.9
035241,208.0,43.8912,40.838936,40.849171,20.424586,-0.127614,-7.31005,-20.58528,-65.6,313.8
035243,210.0,44.5008,41.147477,41.151993,20.575996,0.075705,-9.05968,-28.21875,-90.3,312.5
035245,212.0,45.72,41.813874,41.831645,20.915822,0.169913,-16.61305,-31.48764,-102.1,308.4
035247,214.0,47.5488,42.422565,42.461965,21.230983,0.15758,-22.20883,-31.1875,-99.8,312.5
035249,216.0,49.0728,42.339056,42.366475,21.183238,-0.023872,-11.69103,-5.47176,-16.8,325.7
035251,218.0,50.292,41.434572,41.452506,20.726253,-0.228492,-7.32169,0.0981,0.3,327.0
035253,220.0,50.9016,39.923956,39.92861,19.964305,-0.380974,-2.9513,0.13076,0.4,326.9
035255,222.0,51.2064,38.697294,38.698494,19.349247,-0.307529,-2.31711,0.13096,0.4,327.4
035257,224.0,51.2064,37.92035,37.92035,18.960175,-0.194536,-2.32164,0.09828,0.3,327.6
035259,226.0,50.292,37.860941,37.871981,18.935991,-0.012092,-1.69512,0.09834,0.3,327.8
035301,228.0,49.6824,37.821164,37.826076,18.913038,-0.011476,-2.54972,0.1312,0.4,328.0
035303,230.0,49.0728,37.816615,37.821528,18.910764,-0.001137,-2.66131,-0.06516,-0.2,325.8
035305,232.0,48.768,37.038468,37.039722,18.519861,-0.195452,-1.00189,-9.25632,-28.8,321.4
035307,234.0,45.4152,36.173387,36.328435,18.164218,-0.177822,7.8855,-11.78437,-36.7,321.1
035309,236.0,44.8056,38.031235,38.03612,19.01806,0.426921,-7.53712,-11.78437,-36.7,321.1
035311,238.0,44.8056,37.038468,37.038468,18.519234,-0.249413,-1.29025,-13.1077,-41.0,319.7
035313,240.0,44.8056,37.144264,37.144264,18.572132,0.026449,-4.33322,-14.80857,-46.7,317.1
035315,242.0,44.8056,37.368192,37.368192,18.684096,0.055982,-4.7798,-19.8762,-62.8,316.5
035317,244.0,44.5008,38.594772,38.595975,19.297988,0.306946,-7.44684,-19.57032,-61.6,317.7
035319,246.0,44.8056,39.476675,39.477852,19.738926,0.220469,-8.89975,-18.15275,-57.5,315.7
035321,248.0,44.8056,40.031053,40.031053,20.015526,0.1383,-7.32603,-21.39075,-67.5,316.9
035323,250.0,45.1104,40.586148,40.587293,20.293646,0.13906,-8.57205,-15.48173,-48.7,317.9
035325,252.0,45.72,40.920115,40.924656,20.462328,0.084341,-9.01525,-14.6832,-46.0,319.2
035327,254.0,46.6344,41.031023,41.041211,20.520605,0.029139,-9.30311,-12.34814,-38.6,319.9
035329,256.0,47.244,40.919733,40.924273,20.462137,-0.029234,-7.6576,-10.81096,-33.7,320.8
035331,258.0,47.244,40.586245,40.586245,20.293122,-0.084507,-5.04781,-10.71472,-33.4,320.8
035333,260.0,47.244,40.385549,40.385549,20.192775,-0.050174,-5.33398,-10.2656,-32.0,320.8
035335,262.0,47.244,40.091179,40.091179,20.04559,-0.073592,-4.884,-10.1757,-31.7,321.0
035337,264.0,47.5488,39.990325,39.991487,19.995743,-0.024924,-6.26764,-10.432,-32.6,320.0
035339,266.0,48.1584,39.674199,39.678882,19.839441,-0.078151,-6.33806,-12.4605,-39.0,319.5
035341,268.0,49.0728,39.773743,39.784253,19.892126,0.026342,-8.48695,-13.06346,-40.9,319.4
035343,270.0,49.9872,39.557423,39.56799,19.783995,-0.054066,-7.42642,-12.98737,-40.7,319.1
035345,272.0,50.9016,39.551789,39.562357,19.781179,-0.001408,-8.03188,-12.6005,-39.5,319.0
035347,274.0,51.5112,39.502818,39.507522,19.753761,-0.013709,-6.98391,-12.59224,-39.4,319.6
035349,276.0,51.816,39.475091,39.476267,19.738134,-0.007814,-6.16001,-12.58042,-39.4,319.3
035351,278.0,52.4256,39.696589,39.701269,19.850635,0.056251,-7.91053,-12.04892,-37.7,319.6
035353,280.0,53.0352,39.2543,39.259033,19.629516,-0.11056,-5.72707,-10.79748,-33.7,320.4
035355,282.0,53.34,38.920736,38.92193,19.460965,-0.084276,-4.96554,-8.82376,-27.1,325.6
035357,284.0,53.9496,38.591126,38.59594,19.29797,-0.081497,-5.68944,0.0978,0.3,326.0
035359,286.0,53.9496,37.0296,37.0296,18.5148,-0.391585,0.25027,0.06522,0.2,326.1
035401,288.0,54.5592,35.807497,35.812686,17.906343,-0.304228,-1.90643,0.92372,2.8,329.9
035403,290.0,54.864,33.970218,33.971586,16.985793,-0.460275,1.26279,9.01952,27.2,331.6
035405,292.0,55.1688,30.828259,30.829766,15.414883,-0.785455,5.14688,3.53484,10.8,327.3
035407,294.0,55.4736,29.061197,29.062796,14.531398,-0.441743,2.49915,0.55522,1.7,326.6
035409,296.0,56.0832,27.502956,27.509711,13.754856,-0.388271,1.52953,-12.10905,-37.9,319.5
035411,298.0,55.4736,26.699927,26.706885,13.353443,-0.200707,3.72284,-20.00817,-63.7,314.1
035413,300.0,55.7784,28.65923,28.660851,14.330425,0.488491,-12.49791,-23.96875,-76.7,312.5
035415,302.0,56.0832,30.74665,30.748161,15.374081,0.521828,-14.72579,-24.74328,-78.6,314.8
035417,304.0,56.388,32.579315,32.580741,16.29037,0.458145,-13.86112,-22.02876,-70.2,313.8
035419,306.0,56.0832,34.355057,34.356409,17.178205,0.443917,-25.89968,-21.19277,-67.3,314.9
035421,308.0,56.6928,35.751497,35.756694,17.878347,0.350071,-14.91504,-16.82739,-53.1,316.9
035423,310.0,56.9976,36.40151,36.402786,18.201393,0.161523,-6.2415,-15.2208,-48.0,317.1
035425,312.0,56.9976,36.909532,36.909532,18.454766,0.126686,-5.28691,-15.08444,-47.6,316.9
035427,314.0,57.3024,37.181206,37.182455,18.591228,0.068231,-5.68366,-15.08444,-47.6,316.9
035429,316.0,58.2168,37.586487,37.597608,18.798804,0.103788,-9.71292,-15.0575,-47.5,317.0
035431,318.0,58.5216,37.711151,37.712383,18.856191,0.028693,-5.55101,-14.89544,-46.9,317.6
035433,320.0,58.5216,38.15271,38.15271,19.076355,0.110082,-5.83576,-14.83092,-46.8,316.9
035435,322.0,58.8264,38.487594,38.488801,19.2444,0.084022,-6.61877,-16.1262,-51.0,316.2
035437,324.0,59.1312,39.010576,39.011767,19.505884,0.130742,-7.46724,-15.8316,-50.1,316.0
035439,326.0,59.436,39.160437,39.161623,19.580812,0.037464,-6.49392,-15.93001,-50.3,316.7
035441,328.0,60.0456,39.627255,39.631943,19.815972,0.11758,-8.57937,-15.7368,-49.8,316.0
035443,330.0,60.6552,40.183712,40.188336,20.094168,0.139098,-9.18771,-15.50578,-49.1,315.8
035445,332.0,61.5696,40.503448,40.513768,20.256884,0.081358,-9.6778,-15.56196,-49.2,316.3
035447,334.0,62.1792,40.593954,40.598531,20.299265,0.02119,-8.05872,-14.5873,-45.8,318.5
035449,336.0,62.484,40.613991,40.615135,20.307568,0.004152,-6.99359,-0.0,-0.0,324.5
035451,338.0,62.7888,39.546316,39.547491,19.773745,-0.266912,-3.21129,-0.85779,-2.7,317.7
035453,340.0,63.3984,38.625061,38.629871,19.314936,-0.229404,-4.04092,-14.6454,-46.2,317.0
035455,342.0,63.3984,38.65358,38.65358,19.32679,0.005927,-4.96331,-14.77008,-46.8,315.6
035457,344.0,64.008,39.053873,39.058631,19.529315,0.101263,-8.03453,-15.97948,-50.6,315.8
035459,346.0,64.3128,39.454299,39.455476,19.727738,0.099211,-7.38367,-15.90486,-50.3,316.2
035501,348.0,64.6176,39.848047,39.849213,19.924606,0.098434,-7.62206,-15.69696,-49.8,315.2
035503,350.0,64.9224,40.118882,40.12004,20.06002,0.067707,-7.43404,-15.38433,-48.7,315.9
035505,352.0,65.2272,39.93243,39.933593,19.966797,-0.046611,-5.98364,-13.37318,-42.2,316.9
035507,354.0,66.1416,40.129042,40.139459,20.069729,0.051466,-9.00297,-13.2762,-42.0,316.1
035509,356.0,67.056,40.099817,40.110241,20.055121,-0.007304,-8.29632,-13.3014,-42.0,316.7
035511,358.0,67.6656,40.008178,40.012822,20.006411,-0.024355,-7.16467,-13.3098,-42.0,316.9
035513,360.0,67.9704,40.042521,40.043681,20.02184,0.007714,-6.68493,-13.27392,-41.9,316.8
035515,362.0,68.2752,39.98076,39.981922,19.990961,-0.015439,-6.37695,-13.2972,-42.0,316.6
035517,364.0,68.8848,39.81761,39.822276,19.911138,-0.039912,-6.87002,-13.29939,-42.1,315.9
035519,366.0,69.1896,40.303943,40.305096,20.152548,0.120705,-8.17571,-12.8154,-40.3,318.0
035521,368.0,69.7992,40.186236,40.19086,20.09543,-0.028559,-7.22292,-9.46242,-29.7,318.6
035523,370.0,70.104,40.371446,40.372597,20.186298,0.045434,-7.33204,-9.67328,-30.4,318.2
035525,372.0,70.4088,40.163745,40.164901,20.082451,-0.051924,-6.05983,-11.27125,-35.5,317.5
035527,374.0,70.4088,39.759348,39.759348,19.879674,-0.101389,-4.37226,-11.40543,-35.9,317.7
035529,376.0,70.4088,40.045792,40.045792,20.022896,0.071611,-6.56074,-11.34144,-35.8,316.8
035531,378.0,71.0184,39.531245,39.535945,19.767973,-0.127462,-5.69089,-11.38798,-35.8,318.1
035533,380.0,71.3232,39.251909,39.253092,19.626546,-0.070714,-5.31076,-8.7291,-27.0,323.3
035535,382.0,71.9328,38.607447,38.61226,19.30613,-0.160208,-4.81399,3.54132,10.8,327.9
035537,384.0,72.5424,36.568353,36.573434,18.286717,-0.509707,-0.04477,8.24033,25.1,328.3
035539,386.0,72.8472,34.098533,34.099895,17.049947,-0.618385,2.79166,7.34175,22.5,326.3
035541,388.0,73.152,31.730159,31.731623,15.865811,-0.592068,3.18682,0.45178,1.4,322.7
035543,390.0,73.4568,30.749773,30.751283,15.375642,-0.245084,0.30462,-5.64725,-17.5,322.7
035545,392.0,74.0664,29.821432,29.827662,14.913831,-0.230905,-0.39786,-0.74566,-2.3,324.2
035547,394.0,74.3712,28.965431,28.967034,14.483517,-0.215157,0.60258,-0.61617,-1.9,324.3
035549,396.0,74.9808,27.617315,27.624042,13.812021,-0.335748,1.08,-0.55063,-1.7,323.9
035551,398.0,75.2856,26.360472,26.362234,13.181117,-0.315452,2.06905,-6.7368,-21.0,320.8
035553,400.0,75.5904,25.923515,25.925307,12.962654,-0.109231,0.59526,-7.85715,-24.5,320.7
035555,402.0,76.2,25.908418,25.915589,12.957794,-0.00243,-1.42167,-7.808,-24.4,320.0
035557,404.0,76.5048,26.092293,26.094073,13.047036,0.044621,-0.62112,-11.04501,-34.7,318.3
035559,406.0,77.1144,26.788998,26.795933,13.397967,0.175466,-6.15638,-14.31885,-45.5,314.7
035601,408.0,77.1144,27.997674,27.997674,13.998837,0.300435,-16.10813,-17.6715,-56.1,315.0
035603,410.0,77.1144,29.767702,29.767702,14.883851,0.442507,-22.27179,-14.9292,-46.8,319.0
035605,412.0,77.4192,30.817463,30.81897,15.409485,0.262817,-6.93925,-9.03053,-28.3,319.1
035607,414.0,77.724,31.312857,31.31434,15.65717,0.123842,-3.2597,-8.82924,-27.6,319.9
035609,416.0,77.724,31.341035,31.341035,15.670518,0.006674,-1.32559,-6.82452,-21.3,320.4
035611,418.0,78.0288,31.665674,31.667141,15.83357,0.081526,-3.02858,-0.77664,-2.4,323.6
035613,420.0,78.0288,31.289352,31.289352,15.644676,-0.094447,-0.37987,-0.67956,-2.1,323.6
035615,422.0,78.0288,30.744752,30.744752,15.372376,-0.13615,0.20146,-0.6478,-2.0,323.9
035617,424.0,78.0288,30.314365,30.314365,15.157183,-0.107596,0.10196,-0.648,-2.0,324.0
035619,426.0,78.3336,29.416697,29.418276,14.709138,-0.224023,0.54205,10.52262,31.8,330.9
035621,428.0,78.6384,26.499415,26.501168,13.250584,-0.729277,5.2435,14.26179,43.1,330.9
035623,430.0,78.3336,22.191252,22.193345,11.096672,-1.076956,8.75542,12.49875,37.5,333.3
035625,432.0,78.3336,17.213762,17.213762,8.606881,-1.244896,6.7879,11.27441,34.3,328.7
035627,434.0,78.0288,12.046881,12.050737,6.025368,-1.290757,5.63255,5.03426,15.4,326.9
035629,436.0,78.3336,7.246725,7.253133,3.626566,-1.199401,1.63988,1.82,5.6,325.0
035631,438.0,78.6384,3.677142,3.689752,1.844876,-0.890845,-0.10331,-0.45542,-1.4,325.3
035633,440.0,78.9432,1.318065,1.352849,0.676424,-0.584226,-2.3142,-0.52064,-1.6,325.4
035635,442.0,79.248,0.0,0.3048,0.0,-0.338212,-0.35,-0.93902,-2.9,323.8
035637,444.0,79.5528,0.284185,0.416731,0.208365,0.104183,-0.34477,-0.975,-3.0,325.0
035639,446.0,80.1624,0.142093,0.625941,0.312971,0.052303,-0.33265,-0.94221,-2.9,324.9
035641,448.0,80.4672,0.284185,0.416731,0.208365,-0.052303,-0.32572,-0.94308,-2.9,325.2
035643,450.0,80.4672,0.377602,0.377602,0.188801,-0.009782,-0.33269,-0.94337,-2.9,325.3
035645,452.0,80.772,0.486308,0.573932,0.286966,0.049083,-0.33355,-7.48163,-23.3,321.1
035647,454.0,80.4672,3.719353,3.731821,1.865911,0.789472,-0.17535,-10.9572,-34.5,317.6
035649,456.0,80.772,9.179264,9.184323,4.592161,1.363125,-14.18113,-19.77554,-63.1,313.4
035651,458.0,80.772,14.745566,14.745566,7.372783,1.390311,-22.90212,-25.6719,-83.0,309.3
035653,460.0,81.0768,21.147302,21.149498,10.574749,1.600983,-32.61592,-26.15832,-84.6,309.2
035655,462.0,81.0768,23.790992,23.790992,11.895496,0.660374,-20.43975,-24.6875,-79.0,312.5
035657,464.0,81.0768,26.775441,26.775441,13.387721,0.746112,-26.51512,-20.34748,-65.3,311.6
035659,466.0,81.0768,28.838727,28.838727,14.419363,0.515821,-23.14459,-21.25,-68.0,312.5
035701,468.0,81.0768,30.584875,30.584875,15.292437,0.436537,-23.18035,-15.5526,-49.0,317.4
035703,470.0,81.0768,31.468289,31.468289,15.734144,0.220853,-3.34793,-9.82212,-30.8,318.9
035705,472.0,81.0768,31.690678,31.690678,15.845339,0.055598,-1.92592,-6.2556,-19.5,320.8
035707,474.0,81.0768,31.468289,31.468289,15.734144,-0.055598,-0.80671,-5.14878,-16.1,319.8
035709,476.0,81.0768,31.13659,31.13659,15.568295,-0.082924,-0.42627,-7.16352,-22.4,319.8
035711,478.0,81.3816,31.358092,31.359574,15.679787,0.055746,-2.65665,-7.25265,-22.7,319.5
035713,480.0,81.6864,31.135082,31.136574,15.568287,-0.05575,-1.54693,-6.60024,-20.6,320.4
035715,482.0,81.6864,30.913329,30.913329,15.456664,-0.055811,-0.58559,-5.93665,-18.5,320.9
035717,484.0,81.9912,31.023385,31.024882,15.512441,0.027888,-2.26111,-5.8422,-18.2,321.0
035719,486.0,82.296,30.356731,30.358261,15.17913,-0.166656,-0.26393,-4.1795,-13.0,321.5
035721,488.0,82.6008,30.025889,30.027436,15.013718,-0.082706,-0.88794,-4.704,-14.7,320.0
035723,490.0,82.6008,29.702224,29.702224,14.851112,-0.081303,0.08931,-7.8597,-24.6,319.5
035725,492.0,82.296,29.806675,29.808233,14.904116,0.026502,-0.0135,-7.54256,-23.6,319.6
035727,494.0,82.296,30.030972,30.030972,15.015486,0.055685,-1.22977,-7.29828,-22.8,320.1
035729,496.0,82.296,30.58897,30.58897,15.294485,0.1395,-2.20599,-7.28232,-22.8,319.4
035731,498.0,82.296,30.359438,30.359438,15.179719,-0.057383,-0.35997,-7.28688,-22.8,319.6
035733,500.0,82.6008,30.805569,30.807076,15.403538,0.11191,-2.92731,-7.22974,-22.6,319.9
035735,502.0,82.296,30.804171,30.805679,15.402839,-0.000349,-0.16959,-7.27535,-22.7,320.5
035737,504.0,82.296,30.922443,30.922443,15.461221,0.029191,-1.35701,-7.28232,-22.8,319.4
035739,506.0,82.296,31.155816,31.155816,15.577908,0.058343,-1.71949,-7.296,-22.8,320.0
035741,508.0,81.9912,31.480599,31.482074,15.741037,0.081564,-1.20028,-7.1137,-22.3,319.0
035743,510.0,81.9912,31.711419,31.711419,15.855709,0.057336,-1.95123,-7.46928,-23.4,319.2
035745,512.0,81.6864,31.702902,31.704367,15.852183,-0.001763,-0.52732,-8.01443,-25.1,319.3
035747,514.0,81.6864,31.922876,31.922876,15.961438,0.054627,-2.01948,-8.01945,-25.1,319.5
035749,516.0,81.6864,32.036358,32.036358,16.018179,0.028371,-1.82431,-8.04132,-25.2,319.1
035751,518.0,81.9912,32.258664,32.260104,16.130052,0.055936,-3.05633,-8.07576,-25.3,319.2
035753,520.0,81.6864,32.483501,32.484931,16.242465,0.056207,-1.4142,-7.78086,-24.3,320.2
035755,522.0,81.6864,32.270309,32.270309,16.135155,-0.053655,-1.1544,-5.19372,-16.2,320.6
035757,524.0,81.3816,32.044787,32.046237,16.023118,-0.056019,-0.16518,-6.81387,-21.3,319.9
035759,526.0,81.3816,32.264002,32.264002,16.132001,0.054441,-2.17049,-6.8843,-21.5,320.2
035801,528.0,81.3816,32.483501,32.483501,16.241751,0.054875,-2.27432,-6.30203,-19.7,319.9
035803,530.0,81.3816,32.264003,32.264003,16.132001,-0.054875,-1.14022,-6.29809,-19.7,319.7
035805,532.0,81.3816,32.030127,32.030127,16.015064,-0.058469,-1.00903,-6.272,-19.6,320.0
035807,534.0,81.6864,32.246529,32.247969,16.123985,0.05446,-3.03691,-6.272,-19.6,320.0
035809,536.0,81.6864,31.702903,31.702903,15.851451,-0.136267,-0.15452,-5.78838,-18.1,319.8
035811,538.0,81.6864,31.597202,31.597202,15.798601,-0.026425,-1.12798,-6.74145,-21.1,319.5
035813,540.0,81.6864,31.468662,31.468662,15.734331,-0.032135,-1.0226,-7.6608,-24.0,319.2
035815,542.0,81.6864,31.698458,31.698458,15.849229,0.057449,-1.94654,-8.07323,-25.3,319.1
035817,544.0,81.3816,31.696606,31.698071,15.849036,-9.6e-05,-0.54006,-8.00439,-25.1,318.9
035819,546.0,81.3816,31.91601,31.91601,15.958005,0.054485,-2.01508,-8.74225,-27.5,317.9
035821,548.0,81.3816,32.254297,32.254297,16.127148,0.084571,-2.44999,-10.1664,-32.0,317.7
035823,550.0,81.3816,32.592126,32.592126,16.296063,0.084458,-2.60572,-10.2074,-32.2,317.0
035825,552.0,81.6864,32.80835,32.809766,16.404883,0.05441,-3.29361,-10.1824,-32.0,318.2
035827,554.0,81.9912,33.150379,33.15178,16.57589,0.085503,-3.75481,-10.19817,-32.1,317.7
035829,556.0,82.296,33.391199,33.392591,16.696295,0.060203,-3.62454,-10.16,-32.0,317.5
035831,558.0,83.2104,33.094098,33.106728,16.553364,-0.071466,-3.96216,-12.12578,-38.3,316.6
035833,560.0,83.82,33.098893,33.104506,16.552253,-0.000555,-3.77355,-12.2292,-38.7,316.0
035835,562.0,84.4296,33.055224,33.060844,16.530422,-0.010916,-3.65373,-12.28408,-38.8,316.6
035837,564.0,85.0392,33.178708,33.184307,16.592154,0.030866,-4.11464,-10.56942,-33.3,317.4
035839,566.0,85.344,33.396477,33.397868,16.698934,0.05339,-3.56096,-7.91368,-24.8,319.1
035841,568.0,85.6488,33.614541,33.615922,16.807961,0.054514,-3.67662,-6.13056,-19.2,319.3
035843,570.0,85.6488,33.027799,33.027799,16.513899,-0.147031,-0.57888,-5.59825,-17.5,319.9
035845,572.0,86.2584,32.734168,32.739844,16.369922,-0.071988,-2.92633,-5.1232,-16.0,320.2
035847,574.0,86.5632,31.741779,31.743243,15.871621,-0.24915,0.00278,-5.1997,-16.3,319.0
035849,576.0,86.868,31.536729,31.538202,15.769101,-0.05126,-1.74883,-7.10255,-22.3,318.5
035851,578.0,87.1728,31.595297,31.596767,15.798384,0.014641,-2.38083,-7.9575,-25.0,318.3
035853,580.0,88.0872,31.144416,31.157836,15.578918,-0.109733,-2.81149,-8.48793,-26.7,317.9
035855,582.0,88.6968,30.769422,30.77546,15.38773,-0.095594,-1.92213,-9.017,-28.4,317.5
035857,584.0,89.6112,30.353682,30.367452,15.183726,-0.102002,-2.58817,-9.89352,-31.2,317.1
035859,586.0,90.2208,30.147682,30.153845,15.076922,-0.053402,-2.06592,-9.27979,-28.9,321.1
035901,588.0,90.2208,30.472063,30.472063,15.236032,0.079555,-1.62204,-0.67683,-2.1,322.3
035903,590.0,89.916,30.172996,30.174535,15.087268,-0.074382,0.73167,-0.6448,-2.0,322.4
035905,592.0,89.3064,30.624414,30.630481,15.31524,0.113986,-0.24967,-0.6442,-2.0,322.1
035907,594.0,88.6968,31.066947,31.072928,15.536464,0.110612,-0.41229,-0.67746,-2.1,322.6
035909,596.0,88.0872,31.492641,31.498541,15.74927,0.106403,-0.56327,-0.645,-2.0,322.5
035911,598.0,87.7824,31.373818,31.375299,15.687649,-0.030811,-0.12388,-0.6458,-2.0,322.9
035913,600.0,87.1728,31.234803,31.240751,15.620376,-0.033637,0.82992,-0.67704,-2.1,322.4
035915,602.0,86.5632,30.582876,30.588951,15.294476,-0.16295,2.24304,-0.6456,-2.0,322.8
035917,604.0,85.6488,31.411131,31.424438,15.712219,0.208871,-0.59694,-0.6454,-2.0,322.7
035919,606.0,85.0392,30.616274,30.622342,15.311171,-0.200524,2.56759,-0.646,-2.0,323.0
035921,608.0,85.0392,30.313421,30.313421,15.156711,-0.07723,-0.16722,-5.41899,-17.1,316.9
035923,610.0,85.344,30.282408,30.283942,15.141971,-0.00737,-1.64784,-14.14799,-44.9,315.1
035925,612.0,85.9536,29.918252,29.924462,14.962231,-0.08987,-1.66207,-14.37265,-45.7,314.5
035927,614.0,87.4776,29.261938,29.301597,14.650798,-0.155716,-6.08524,-14.3412,-45.6,314.5
035929,616.0,88.0872,28.257296,28.263871,14.131935,-0.259432,0.29677,-14.57682,-46.1,316.2
035931,618.0,88.0872,28.219167,28.219167,14.109584,-0.011175,0.00917,-12.13727,-38.3,316.9
035933,620.0,88.6968,28.6626,28.669082,14.334541,0.112478,-4.86219,-10.21062,-32.2,317.1
035935,622.0,89.3064,28.495756,28.502275,14.251138,-0.041702,-1.58063,-10.0172,-31.6,317.0
035937,624.0,89.916,28.504686,28.511204,14.255602,0.002232,-1.94958,-9.95694,-31.4,317.1
035939,626.0,90.2208,28.191773,28.193421,14.096711,-0.079446,-0.29344,-10.4927,-33.1,317.0
035941,628.0,90.5256,28.563967,28.565594,14.282797,0.093043,-1.85302,-10.47615,-33.1,316.5
035943,630.0,90.8304,28.044422,28.046078,14.023039,-0.129879,0.1664,-10.1632,-32.0,317.6
035945,632.0,91.1352,28.956227,28.957831,14.478916,0.227939,-5.26938,-9.29103,-29.3,317.1
035947,634.0,91.7448,28.819156,28.825602,14.412801,-0.033057,-1.76378,-9.28224,-29.3,316.8
035949,636.0,92.0496,28.874537,28.876146,14.438073,0.012636,-1.29335,-5.8788,-18.4,319.5
035951,638.0,92.3544,28.344398,28.346037,14.173018,-0.132528,0.09702,-4.31325,-13.5,319.5
035953,640.0,92.964,27.450549,27.457317,13.728658,-0.22218,0.206,-4.32,-13.5,320.0
035955,642.0,93.5736,26.771163,26.778103,13.389052,-0.169803,-0.03275,-4.10752,-12.8,320.9
035957,644.0,93.5736,26.130958,26.130958,13.065479,-0.161786,1.81561,-0.70906,-2.2,322.3
035959,646.0,93.2688,26.019613,26.021398,13.010699,-0.02739,1.69432,-0.61066,-1.9,321.4
040001,648.0,92.6592,26.497663,26.504674,13.252337,0.120819,1.28092,-1.95993,-6.1,321.3
040003,650.0,92.3544,26.944371,26.946095,13.473048,0.110355,0.3386,-2.66513,-8.3,321.1
040005,652.0,91.7448,27.543015,27.54976,13.77488,0.150916,0.6732,-3.17295,-9.9,320.5
040007,654.0,91.1352,27.674982,27.681695,13.840848,0.032984,1.57772,-6.00848,-18.8,319.6
040009,656.0,91.44,27.999676,28.001335,14.000667,0.07991,-1.5362,-6.00284,-18.8,319.3
040011,658.0,91.7448,27.801736,27.803407,13.901703,-0.049482,-0.41439,-5.9972,-18.8,319.0
040013,660.0,91.7448,27.615135,27.615135,13.807567,-0.047068,0.4991,-5.9334,-18.6,319.0
040015,662.0,92.0496,27.396353,27.398049,13.699024,-0.054271,-0.24897,-5.90335,-18.5,319.1
040017,664.0,92.3544,27.408419,27.410114,13.705057,0.003017,-0.7114,-5.86408,-18.4,318.7
040019,666.0,92.6592,27.096925,27.098639,13.549319,-0.077869,0.02877,-5.83587,-18.3,318.9
040021,668.0,92.964,26.979515,26.981236,13.490618,-0.02935,-0.31937,-5.7474,-18.0,319.3
040023,670.0,93.5736,26.418648,26.42568,13.21284,-0.138889,-0.18157,-4.93262,-15.4,320.3
040025,672.0,93.5736,25.703285,25.703285,12.851642,-0.180599,2.05991,-3.43256,-10.7,320.8
040027,674.0,94.1832,25.101523,25.108924,12.554462,-0.14859,0.21091,-2.95044,-9.2,320.7
040029,676.0,94.488,23.750565,23.75252,11.87626,-0.339101,2.51271,-0.4508,-1.4,322.0
040031,678.0,94.7928,22.628711,22.630763,11.315382,-0.280439,1.91661,-0.35464,-1.1,322.4
040033,680.0,95.4024,22.178878,22.187254,11.093627,-0.110877,-0.12928,0.12912,0.4,322.8
040035,682.0,96.3168,20.632649,20.652902,10.326451,-0.383588,0.46974,0.45192,1.4,322.8
040037,684.0,95.4024,17.286262,17.31043,8.655215,-0.835618,7.38004,3.32214,10.2,325.7
040039,686.0,96.012,16.258564,16.269988,8.134994,-0.260111,-0.04488,0.03217,0.1,321.7
040041,688.0,96.3168,14.099075,14.102369,7.051185,-0.541904,1.69092,-8.4164,-26.5,317.6
040043,690.0,96.6216,15.783257,15.7862,7.8931,0.420958,-7.17263,-9.03404,-28.4,318.1
040045,692.0,97.2312,16.040393,16.051972,8.025986,0.066443,-4.57407,-9.47342,-29.8,317.9
040047,694.0,97.536,17.81314,17.815747,8.907874,0.440944,-7.9116,-9.47133,-29.7,318.9
040049,696.0,97.536,17.354998,17.354998,8.677499,-0.115188,1.12124,-10.06776,-31.6,318.6
040051,698.0,96.9264,16.399473,16.410799,8.2054,-0.23605,3.35335,-8.7406,-27.4,319.0
040053,700.0,97.536,16.791367,16.802429,8.401214,0.097907,-4.97851,-4.77396,-14.9,320.4
040055,702.0,96.9264,16.136502,16.148013,8.074006,-0.163604,2.97655,-2.38206,-7.4,321.9
040057,704.0,96.3168,16.198797,16.210264,8.105132,0.015563,2.13513,-0.41873,-1.3,322.1
040059,706.0,96.9264,15.540379,15.552331,7.776165,-0.164483,-1.12125,-0.44996,-1.4,321.4
040101,708.0,98.1456,14.184189,14.23649,7.118245,-0.32896,-5.17626,-4.84424,-15.2,318.7
040103,710.0,97.8408,12.617574,12.621255,6.310627,-0.403809,2.60908,-12.4267,-39.5,314.6
040105,712.0,100.8888,15.701049,15.994163,7.997082,0.843228,-40.26953,-20.44406,-65.8,310.7
040107,714.0,101.8032,15.759646,15.786151,7.893075,-0.052004,-5.71367,-23.1384,-74.4,311.0
040109,716.0,104.8512,16.030599,16.317794,8.158897,0.132911,-29.08695,-19.17464,-61.3,312.8
040111,718.0,107.5944,15.948368,16.182571,8.091285,-0.033806,-23.51368,-12.80205,-40.5,316.1
040113,720.0,109.1184,15.369044,15.44442,7.72221,-0.184537,-9.66555,-5.9052,-18.5,319.2
040115,722.0,110.3376,15.42694,15.475042,7.737521,0.007656,-9.63803,-3.32384,-10.4,319.6
040117,724.0,110.6424,15.315801,15.318834,7.659417,-0.039052,-0.29321,-5.2536,-16.5,318.4
040119,726.0,110.6424,15.370401,15.370401,7.685201,0.012892,0.3508,-5.4196,-17.0,318.8
040121,728.0,109.728,16.136525,16.162412,8.081206,0.198003,2.14419,-5.38772,-16.9,318.8
040123,730.0,108.8136,16.71597,16.740961,8.37048,0.144637,2.40927,-5.51697,-17.3,318.9
040125,732.0,109.1184,17.418378,17.421044,8.710522,0.170021,-3.19748,-5.63922,-17.7,318.6
040127,734.0,108.8136,17.666722,17.669351,8.834675,0.062076,1.11145,-5.5825,-17.5,319.0
040129,736.0,108.8136,17.798672,17.798672,8.899336,0.032331,0.39917,-5.67464,-17.8,318.8
040131,738.0,108.8136,18.207354,18.207354,9.103677,0.10217,0.05215,-4.86096,-15.2,319.8
040133,740.0,109.1184,18.311181,18.313717,9.156859,0.026591,-0.56077,-2.2498,-7.0,321.4
040135,742.0,109.1184,18.013979,18.013979,9.00699,-0.074934,0.97641,-0.45038,-1.4,321.7
040137,744.0,109.728,17.123469,17.134317,8.567158,-0.219916,-0.1239,-0.41834,-1.3,321.8
040139,746.0,110.0328,16.784973,16.787741,8.39387,-0.086644,0.05075,-0.41821,-1.3,321.7
040141,748.0,110.0328,15.65814,15.65814,7.82907,-0.2824,1.71835,-0.38616,-1.2,321.8
040143,750.0,110.0328,14.803526,14.803526,7.401763,-0.213653,1.29778,-0.38664,-1.2,322.2
040145,752.0,110.0328,13.99486,13.99486,6.99743,-0.202167,1.15201,-0.19482,-0.6,324.7
040147,754.0,110.0328,12.150215,12.150215,6.075107,-0.461161,1.85745,4.49052,13.8,325.4
040149,756.0,110.3376,7.77169,7.777665,3.888833,-1.093137,1.60714,3.13698,9.7,323.4
040151,758.0,110.6424,2.601471,2.619266,1.309633,-1.2896,-0.12367,-0.73439,-2.3,319.3
040153,760.0,110.6424,2.415883,2.415883,1.207942,-0.050846,-0.20989,-9.49655,-30.1,315.5
040155,762.0,110.3376,7.441272,7.447511,3.723756,1.257907,-7.72624,-17.77556,-56.9,312.4
040157,764.0,110.3376,12.73373,12.73373,6.366865,1.321555,-18.90078,-18.68543,-59.3,315.1
040159,766.0,110.0328,16.201289,16.204156,8.102078,0.867606,-13.94558,-10.62898,-33.7,315.4
040201,768.0,110.0328,17.740234,17.740234,8.870117,0.38402,-10.10895,-10.85508,-34.2,317.4
040203,770.0,110.0328,19.334094,19.334094,9.667047,0.398465,-11.36361,-1.51058,-4.7,321.4
040205,772.0,110.0328,18.7061,18.7061,9.35305,-0.156999,1.48862,-0.41808,-1.3,321.6
040207,774.0,110.3376,18.239404,18.241951,9.120975,-0.116038,0.34283,-1.0192,-3.2,318.5
040209,776.0,110.9472,17.640882,17.651412,8.825706,-0.147634,-0.6139,-7.14269,-22.3,320.3
040211,778.0,110.0328,19.00882,19.0308,9.5154,0.344847,1.35732,-0.83408,-2.6,320.8
040213,780.0,110.0328,21.139729,21.139729,10.569865,0.527233,-15.20516,-5.34901,-16.7,320.3
040215,782.0,110.3376,21.756292,21.758427,10.879214,0.154674,-2.51225,-0.45038,-1.4,321.7
040217,784.0,110.3376,21.176115,21.176115,10.588058,-0.145578,1.71704,-0.41847,-1.3,321.9
040219,786.0,110.0328,19.96669,19.969017,9.984508,-0.301775,3.35703,-1.02624,-3.2,320.7
040221,788.0,109.728,18.9811,18.983548,9.491774,-0.246367,2.89027,-5.55582,-17.4,319.3
040223,790.0,109.4232,18.908317,18.910774,9.455387,-0.018193,1.61935,-5.5187,-17.3,319.0
040225,792.0,109.4232,18.838782,18.838782,9.419391,-0.017998,0.73927,-5.83038,-18.3,318.6
040227,794.0,109.4232,18.494185,18.494185,9.247093,-0.086149,1.08111,-6.42562,-20.2,318.1
040229,796.0,109.4232,18.949702,18.949702,9.474851,0.113879,0.01783,-6.82452,-21.3,320.4
040231,798.0,109.4232,18.838782,18.838782,9.419391,-0.02773,0.79283,-1.24605,-3.9,319.5
040233,800.0,109.4232,18.146371,18.146371,9.073186,-0.173102,1.50887,-5.7101,-17.9,319.0
040235,802.0,109.728,17.657753,17.660384,8.830192,-0.121497,0.31112,-4.66908,-14.6,319.8
040237,804.0,110.0328,17.730328,17.732947,8.866474,0.018141,-0.5338,-3.71316,-11.6,320.1
040239,806.0,110.3376,17.179847,17.182551,8.591275,-0.1376,0.34269,-2.5672,-8.0,320.9
040241,808.0,110.0328,16.662344,16.665131,8.332566,-0.129354,1.99441,-0.48255,-1.5,321.7
040243,810.0,110.0328,15.734597,15.734597,7.867299,-0.232633,1.50073,-0.38616,-1.2,321.8
040245,812.0,110.0328,14.432351,14.432351,7.216175,-0.325562,1.72403,-0.38604,-1.2,321.7
040247,814.0,110.3376,12.358876,12.362634,6.181317,-0.517429,1.22753,0.03231,0.1,323.1
040249,816.0,110.9472,9.290095,9.310074,4.655037,-0.76314,0.40051,1.8763,5.8,323.5
040251,818.0,111.5568,4.27059,4.313879,2.156939,-1.249049,-0.33531,-0.0,-0.0,322.2
040253,820.0,111.8616,1.115466,1.15636,0.57818,-0.789379,-2.22245,-6.1893,-19.5,317.4
040255,822.0,112.1664,4.46976,4.48014,2.24007,0.830945,-6.28582,-11.88536,-37.6,316.1
040257,824.0,112.1664,8.968957,8.968957,4.484479,1.122204,-11.59408,-13.77714,-44.2,311.7
040259,826.0,112.776,12.418058,12.433011,6.216506,0.866014,-14.82343,-17.8007,-56.6,314.5
040301,828.0,113.3856,16.283144,16.294551,8.147275,0.965385,-18.92095,-7.63605,-23.9,319.5
040303,830.0,114.9096,16.635368,16.70503,8.352515,0.10262,-13.87669,-0.54621,-1.7,321.3
040305,832.0,115.2144,15.087888,15.090966,7.545483,-0.403516,1.29674,-0.3217,-1.0,321.7
040307,834.0,115.5192,13.720997,13.724382,6.862191,-0.341646,0.8059,0.41808,1.3,321.6
040309,836.0,115.824,12.684046,12.687707,6.343854,-0.259168,0.33756,-0.41847,-1.3,321.9
040311,838.0,116.1288,12.816877,12.8205,6.41025,0.033198,-1.66045,-0.12916,-0.4,322.9
040313,840.0,115.5192,11.953367,11.968901,5.98445,-0.2129,2.70197,6.63368,20.2,328.4
040315,842.0,114.6048,8.362603,8.412446,4.206223,-0.889114,4.8329,2.48633,7.7,322.9
040317,844.0,113.6904,5.26858,5.347341,2.673671,-0.766276,3.70126,0.67641,2.1,322.1
040319,846.0,113.6904,3.200247,3.200247,1.600123,-0.536774,0.29024,-1.85948,-5.8,320.6
040321,848.0,114.3,3.83375,3.881913,1.940957,0.170417,-6.30528,-3.16503,-9.9,319.7
040323,850.0,114.6048,4.200537,4.211581,2.10579,0.082417,-3.01148,-1.41548,-4.4,321.7
040325,852.0,114.6048,1.801365,1.801365,0.900683,-0.602554,0.04465,-0.70884,-2.2,322.2
040327,854.0,115.2144,0.265531,0.66492,0.33246,-0.284112,-0.26623,-0.45108,-1.4,322.2
040329,856.0,115.5192,0.456308,0.548744,0.274372,-0.029044,-0.32175,-0.45108,-1.4,322.2
040331,858.0,115.824,0.346358,0.461375,0.230688,-0.021842,-0.32722,-0.45108,-1.4,322.2
040333,860.0,116.1288,0.354042,0.467171,0.233585,0.001449,-0.33011,-0.45108,-1.4,322.2
040335,862.0,116.4336,0.08851,0.317391,0.158696,-0.037444,-0.33288,-0.45108,-1.4,322.2
040337,864.0,116.7384,0.284242,0.416769,0.208385,0.024844,-0.33511,-0.4833,-1.5,322.2
040339,866.0,117.0432,0.209047,0.369599,0.1848,-0.011792,-0.33284,-0.41886,-1.3,322.2
040341,868.0,117.6528,0.907002,1.092824,0.546412,0.180806,-6.25789,-0.38688,-1.2,322.4
040343,870.0,117.6528,0.377644,0.377644,0.188822,-0.178795,-0.31404,-0.19356,-0.6,322.6
040345,872.0,117.6528,0.44478,0.44478,0.22239,0.016784,-0.33306,-0.19356,-0.6,322.6
040347,874.0,117.9576,0.08851,0.317391,0.158696,-0.031847,-0.3334,-0.19362,-0.6,322.7
040349,876.0,118.2624,0.111195,0.324449,0.162225,0.001764,-0.33622,-0.19362,-0.6,322.7
040351,878.0,118.2624,0.22239,0.22239,0.111195,-0.025515,-0.33878,-0.19362,-0.6,322.7
040353,880.0,118.2624,0.345127,0.345127,0.172564,0.030685,-0.33826,-0.19362,-0.6,322.7
040355,882.0,118.2624,0.08851,0.08851,0.044255,-0.064155,-0.34454,-0.19362,-0.6,322.7
040357,884.0,118.2624,0.22239,0.22239,0.111195,0.03347,-0.34261,-0.19362,-0.6,322.7
040359,886.0,118.2624,0.0,0.0,0.0,-0.055597,-0.35,-0.19362,-0.6,322.7
040401,888.0,118.2624,0.0,0.0,0.0,0.0,-0.35,-0.19362,-0.6,322.7
040403,890.0,118.2624,0.08851,0.08851,0.044255,0.022127,-0.34677,-0.19362,-0.6,322.7
040405,892.0,118.2624,0.22239,0.22239,0.111195,0.03347,-0.34261,-0.19362,-0.6,322.7
040407,894.0,117.9576,0.111195,0.324449,0.162225,0.025515,-0.33847,-0.19362,-0.6,322.7
040409,896.0,117.9576,0.0,0.0,0.0,-0.081112,-0.35,-0.19362,-0.6,322.7
040411,898.0,117.9576,0.177021,0.177021,0.08851,0.044255,-0.34468,-0.19362,-0.6,322.7
040413,900.0,118.2624,0.177021,0.352476,0.176238,0.043864,-0.33936,-0.19362,-0.6,322.7
040415,902.0,118.2624,0.08851,0.08851,0.044255,-0.065992,-0.34449,-0.19362,-0.6,322.7
040417,904.0,118.5672,0.284242,0.416769,0.208385,0.082065,-0.34207,-0.19362,-0.6,322.7
040419,906.0,118.5672,0.284242,0.284242,0.142121,-0.033132,-0.33503,-0.19362,-0.6,322.7
040421,908.0,118.5672,0.111195,0.111195,0.055597,-0.043262,-0.34382,-0.19362,-0.6,322.7
040423,910.0,118.872,0.08851,0.317391,0.158696,0.05155,-0.34114,-0.19362,-0.6,322.7
040425,912.0,119.1768,0.111195,0.324449,0.162225,0.001764,-0.33622,-0.19362,-0.6,322.7
040427,914.0,119.1768,0.0,0.0,0.0,-0.081112,-0.35,-0.19368,-0.6,322.8
040429,916.0,119.1768,0.177021,0.177021,0.08851,0.044255,-0.34468,-0.19374,-0.6,322.9
040431,918.0,119.1768,0.0,0.0,0.0,-0.044255,-0.35,-0.19368,-0.6,322.8
040433,920.0,118.872,0.111195,0.324449,0.162225,0.081112,-0.34374,-0.19374,-0.6,322.9
040435,922.0,118.872,0.377644,0.377644,0.188822,0.013299,-0.33523,-0.1938,-0.6,323.0
040437,924.0,119.1768,0.377644,0.485302,0.242651,0.026914,-0.33295,-0.19374,-0.6,322.9
040439,926.0,119.1768,0.284242,0.284242,0.142121,-0.050265,-0.33361,-0.19374,-0.6,322.9
040441,928.0,118.5672,0.239356,0.654907,0.327454,0.092666,-0.33957,-0.1938,-0.6,323.0
040443,930.0,117.9576,0.354042,0.704952,0.352476,0.012511,-0.32226,-0.19374,-0.6,322.9
040445,932.0,117.348,0.0,0.6096,0.0,-0.176238,-0.35,-0.19386,-0.6,323.1
040447,934.0,117.0432,0.111195,0.324449,0.162225,0.081112,-0.34374,-0.1938,-0.6,323.0
040449,936.0,116.7384,0.08851,0.317391,0.158696,-0.001764,-0.33619,-0.1938,-0.6,323.0
040451,938.0,116.4336,0.0,0.3048,0.0,-0.079348,-0.35,-0.19386,-0.6,323.1
040453,940.0,116.4336,0.22239,0.22239,0.111195,0.055597,-0.34405,-0.19392,-0.6,323.2
040455,942.0,116.1288,0.284242,0.416769,0.208385,0.048595,-0.338,-0.19386,-0.6,323.1
040457,944.0,116.1288,0.111195,0.111195,0.055597,-0.076394,-0.34274,-0.19386,-0.6,323.1
040459,946.0,116.1288,0.22239,0.22239,0.111195,0.027799,-0.34225,-0.19392,-0.6,323.2
040501,948.0,116.1288,0.177021,0.177021,0.08851,-0.011342,-0.3418,-0.19392,-0.6,323.2
040503,950.0,115.824,0.0,0.3048,0.0,-0.044255,-0.35,-0.19392,-0.6,323.2
040505,952.0,115.5192,0.239356,0.387549,0.193775,0.096888,-0.34431,-0.19386,-0.6,323.1
040507,954.0,115.5192,0.0,0.0,0.0,-0.096888,-0.35,-0.19392,-0.6,323.2
040509,956.0,115.2144,0.111195,0.324449,0.162225,0.081112,-0.34374,-0.19392,-0.6,323.2
040511,958.0,115.2144,0.22239,0.22239,0.111195,-0.025515,-0.33878,-0.19392,-0.6,323.2
040513,960.0,115.2144,0.284242,0.284242,0.142121,0.015463,-0.33907,-0.19392,-0.6,323.2
040515,962.0,115.2144,0.0,0.0,0.0,-0.071061,-0.35,-0.19392,-0.6,323.2
040517,964.0,115.2144,0.0,0.0,0.0,0.0,-0.35,-0.19386,-0.6,323.1
040519,966.0,114.9096,0.111195,0.324449,0.162225,0.081112,-0.34374,-0.19386,-0.6,323.1
040521,968.0,114.9096,0.0,0.0,0.0,-0.081112,-0.35,-0.19392,-0.6,323.2
040523,970.0,115.2144,0.346358,0.461375,0.230688,0.115344,-0.34571,-0.19386,-0.6,323.1
040525,972.0,115.5192,0.177021,0.352476,0.176238,-0.027225,-0.33204,-0.19392,-0.6,323.2
040527,974.0,115.824,0.284242,0.416769,0.208385,0.016073,-0.33404,-0.19392,-0.6,323.2
040529,976.0,115.824,0.08851,0.08851,0.044255,-0.082065,-0.34407,-0.19392,-0.6,323.2
040531,978.0,115.824,0.456308,0.456308,0.228154,0.09195,-0.34264,-0.19392,-0.6,323.2
040533,980.0,115.5192,0.284242,0.416769,0.208385,-0.009885,-0.33088,-0.19392,-0.6,323.2
040535,982.0,115.824,0.426363,0.524108,0.262054,0.026835,-0.33158,-0.19392,-0.6,323.2
040537,984.0,115.824,0.142121,0.142121,0.071061,-0.095497,-0.33993,-0.19392,-0.6,323.2
040539,986.0,115.824,0.418094,0.418094,0.209047,0.068993,-0.34045,-0.19392,-0.6,323.2
040541,988.0,115.824,0.0,0.0,0.0,-0.104523,-0.35,-0.19392,-0.6,323.2
040543,990.0,116.1288,0.354042,0.467171,0.233585,0.116793,-0.34585,-0.19392,-0.6,323.2
040545,992.0,116.1288,0.346358,0.346358,0.173179,-0.030203,-0.33206,-0.19392,-0.6,323.2
040547,994.0,116.4336,0.426363,0.524108,0.262054,0.044438,-0.33427,-0.19392,-0.6,323.2
040549,996.0,116.7384,0.486441,0.574045,0.287022,0.012484,-0.32741,-0.19392,-0.6,323.2
040551,998.0,117.0432,0.346358,0.461375,0.230688,-0.028167,-0.32637,-0.19392,-0.6,323.2
040553,1000.0,117.0432,0.284242,0.284242,0.142121,-0.044283,-0.3341,-0.19392,-0.6,323.2
040555,1002.0,117.0432,0.287874,0.287874,0.143937,0.000908,-0.3377,-0.19392,-0.6,323.2
040557,1004.0,117.0432,0.346358,0.346358,0.173179,0.014621,-0.33659,-0.19392,-0.6,323.2
040559,1006.0,117.348,0.284242,0.416769,0.208385,0.017603,-0.33423,-0.19392,-0.6,323.2
040601,1008.0,117.348,0.111195,0.111195,0.055597,-0.076394,-0.34274,-0.19392,-0.6,323.2
040603,1010.0,117.6528,0.284242,0.416769,0.208385,0.076394,-0.34138,-0.19392,-0.6,323.2
040605,1012.0,117.6528,0.239356,0.239356,0.119678,-0.044354,-0.33661,-0.19398,-0.6,323.3
040607,1014.0,117.9576,0.209047,0.369599,0.1848,0.032561,-0.33763,-0.19398,-0.6,323.3
040609,1016.0,117.9576,0.0,0.0,0.0,-0.0924,-0.35,-0.19398,-0.6,323.3
040611,1018.0,118.2624,0.284242,0.416769,0.208385,0.104193,-0.34477,-0.19398,-0.6,323.3
040613,1020.0,118.2624,0.22239,0.22239,0.111195,-0.048595,-0.33728,-0.19404,-0.6,323.4
040615,1022.0,118.5672,0.111195,0.324449,0.162225,0.025515,-0.33847,-0.19398,-0.6,323.3
040617,1024.0,118.5672,0.08851,0.08851,0.044255,-0.058985,-0.34467,-0.19404,-0.6,323.4
040619,1026.0,118.872,0.177021,0.352476,0.176238,0.065992,-0.34164,-0.19404,-0.6,323.4
040621,1028.0,118.872,0.22239,0.22239,0.111195,-0.032522,-0.33833,-0.1941,-0.6,323.5
040623,1030.0,119.1768,0.177021,0.352476,0.176238,0.032522,-0.3382,-0.19404,-0.6,323.4
040625,1032.0,119.1768,0.177021,0.177021,0.08851,-0.043864,-0.34012,-0.19404,-0.6,323.4
040627,1034.0,119.4816,0.0,0.3048,0.0,-0.044255,-0.35,-0.1941,-0.6,323.5
040629,1036.0,119.4816,0.177021,0.177021,0.08851,0.044255,-0.34468,-0.19404,-0.6,323.4
040631,1038.0,119.4816,0.0,0.0,0.0,-0.044255,-0.35,-0.19416,-0.6,323.6
040633,1040.0,119.4816,0.08851,0.08851,0.044255,0.022127,-0.34677,-0.1941,-0.6,323.5
040635,1042.0,119.7864,0.22239,0.377307,0.188653,0.072199,-0.34174,-0.19416,-0.6,323.6
040637,1044.0,119.7864,0.0,0.0,0.0,-0.094327,-0.35,-0.19416,-0.6,323.6
040639,1046.0,120.0912,0.0,0.3048,0.0,0.0,-0.35,-0.19422,-0.6,323.7
040641,1048.0,120.0912,0.0,0.0,0.0,0.0,-0.35,-0.19422,-0.6,323.7
040643,1050.0,120.0912,0.177021,0.177021,0.08851,0.044255,-0.34468,-0.19422,-0.6,323.7
040645,1052.0,120.0912,0.177021,0.177021,0.08851,0.0,-0.37558,-0.19416,-0.6,323.6
040647,1054.0,120.0912,0.111195,0.111195,0.055597,-0.016456,-0.34469,-0.19422,-0.6,323.7
040649,1056.0,120.0912,0.0,0.0,0.0,-0.027799,-0.35,-0.19422,-0.6,323.7
040651,1058.0,119.1768,0.333585,0.973348,0.486674,0.243337,-0.72328,-0.19422,-0.6,323.7
040653,1060.0,117.9576,0.555975,1.339984,0.669992,0.091659,3.16557,-0.19416,-0.6,323.6
040655,1062.0,117.0432,0.345127,0.977364,0.488682,-0.090655,-0.28208,-0.19416,-0.6,323.6
040657,1064.0,116.4336,0.22239,0.648899,0.324449,-0.082117,-0.30653,-0.19422,-0.6,323.7
040659,1066.0,116.1288,0.177021,0.352476,0.176238,-0.074105,-0.32722,-0.19416,-0.6,323.6
040701,1068.0,115.824,0.22239,0.377307,0.188653,0.006207,-0.33446,-0.19422,-0.6,323.7
040703,1070.0,115.2144,0.0,0.6096,0.0,-0.094327,-0.35,-0.19422,-0.6,323.7
040705,1072.0,115.2144,0.0,0.0,0.0,0.0,-0.35,-0.19422,-0.6,323.7
040707,1074.0,114.9096,0.22239,0.377307,0.188653,0.094327,-0.34418,-0.19422,-0.6,323.7
040709,1076.0,114.9096,0.0,0.0,0.0,-0.094327,-0.35,-0.19422,-0.6,323.7
040711,1078.0,114.3,0.22239,0.648899,0.324449,0.162225,-0.54714,-0.19416,-0.6,323.6
040713,1080.0,114.3,0.710606,0.710606,0.355303,0.015427,-0.32265,-0.19422,-0.6,323.7
040715,1082.0,113.6904,0.287874,0.674154,0.337077,-0.009113,-0.31922,-0.22659,-0.7,323.7
040717,1084.0,113.6904,0.0,0.0,0.0,-0.168538,-0.35,-0.29115,-0.9,323.5
040719,1086.0,113.6904,0.442552,0.442552,0.221276,0.110638,-0.34528,-1.13015,-3.5,322.9
040721,1088.0,113.9952,0.990575,1.036408,0.518204,0.148464,-3.28719,-0.51744,-1.6,323.4
040723,1090.0,114.6048,1.196781,1.343092,0.671546,0.076671,-6.12873,-0.54808,-1.7,322.4
040725,1092.0,114.9096,0.555975,0.634043,0.317022,-0.177262,-0.28991,-2.18892,-6.8,321.9
040727,1094.0,115.2144,0.782727,0.839979,0.419989,0.051484,-0.32651,-1.32553,-4.1,323.3
040729,1096.0,115.2144,0.832453,0.832453,0.416227,-0.001881,-0.31374,-1.22816,-3.8,323.2
040731,1098.0,114.6048,0.495287,0.785444,0.392722,-0.011752,-0.31353,-1.32594,-4.1,323.4
040733,1100.0,114.3,0.782727,0.839979,0.419989,0.013634,-0.31722,-1.2904,-4.0,322.6
040735,1102.0,115.2144,0.377644,0.989314,0.494657,0.037334,-0.31824,-1.42076,-4.4,322.9
040737,1104.0,115.824,0.554194,0.823859,0.411929,-0.041364,-0.30462,-1.2928,-4.0,323.2
040739,1106.0,116.1288,0.265531,0.40424,0.20212,-0.104905,-0.32023,-1.09786,-3.4,322.9
040741,1108.0,116.1288,0.495287,0.495287,0.247644,0.022762,-0.332,-0.9717,-3.0,323.9
040743,1110.0,116.7384,0.209047,0.644448,0.322224,0.03729,-0.32931,-0.84032,-2.6,323.2
040745,1112.0,116.7384,0.346358,0.346358,0.173179,-0.074523,-0.32757,-0.8721,-2.7,323.0
040747,1114.0,117.0432,0.265531,0.40424,0.20212,0.01447,-0.33433,-0.51776,-1.6,323.6
040749,1116.0,117.0432,0.177021,0.177021,0.08851,-0.056805,-0.33945,-0.25896,-0.8,323.7
040751,1118.0,117.0432,0.0,0.0,0.0,-0.044255,-0.35,-0.25896,-0.8,323.7
040753,1120.0,117.348,0.346358,0.461375,0.230688,0.115344,-0.34571,-0.25888,-0.8,323.6
040755,1122.0,117.348,0.177021,0.177021,0.08851,-0.071089,-0.33871,-0.25888,-0.8,323.6
194406,57293.0,124.3584,3.955713,8.049433,0.000143,-2.0e-06,-0.34999,-0.22729,-0.7,324.7
194408,57295.0,123.7488,3.500253,3.55294,1.77647,0.888164,0.62903,-0.22722,-0.7,324.6
194410,57297.0,125.2728,0.993563,1.81927,0.909635,-0.433418,-13.99212,-0.22722,-0.7,324.6
194412,57299.0,128.6256,0.885104,3.467662,1.733831,0.412098,-33.54379,-0.25976,-0.8,324.7
194414,57301.0,132.8928,1.085157,4.403017,2.201509,0.233839,-41.82036,-0.52192,-1.6,326.2
194416,57303.0,130.4544,0.22239,2.44852,1.22426,-0.488624,7.09269,-1.16604,-3.6,323.9
194418,57305.0,130.1496,0.209047,0.369599,0.1848,-0.51973,-0.278,-1.2312,-3.8,324.0
194420,57307.0,128.016,0.895379,2.313861,1.15693,0.486065,5.53537,-0.90664,-2.8,323.8
194422,57309.0,126.7968,1.389177,1.848313,0.924157,-0.116387,3.28624,-1.03744,-3.2,324.2
194424,57311.0,124.6632,1.870958,2.837734,1.418867,0.247355,5.68167,-1.19917,-3.7,324.1
194426,57313.0,124.0536,2.65764,2.726658,1.363329,-0.027769,1.53676,-1.10194,-3.4,324.1
194428,57315.0,126.1872,2.481163,3.272372,1.636186,0.136428,-20.86402,-1.00409,-3.1,323.9
194430,57317.0,123.1392,2.219895,3.770708,1.885354,0.124584,8.41075,-0.8748,-2.7,324.0
194432,57319.0,120.7008,1.688928,2.966188,1.483094,-0.20113,6.94004,-0.84396,-2.6,324.6
194434,57321.0,119.1768,1.277917,1.988881,0.99444,-0.244327,4.24487,-1.36122,-4.2,324.1
194436,57323.0,117.9576,2.124251,2.449264,1.224632,0.115096,3.16711,-1.2944,-4.0,323.6
194438,57325.0,117.0432,2.221611,2.402433,1.201216,-0.011708,2.38219,-1.26438,-3.9,324.2
194440,57327.0,116.7384,2.631769,2.649361,1.32468,0.061732,0.59005,-1.26243,-3.9,323.7
194442,57329.0,116.4336,2.788159,2.80477,1.402385,0.038853,0.61277,-1.16532,-3.6,323.7
194444,57331.0,117.348,2.393561,2.562277,1.281138,-0.060624,-8.63359,-1.06953,-3.3,324.1
194446,57333.0,118.2624,2.546705,2.705889,1.352945,0.035903,-8.86049,-0.9717,-3.0,323.9
194448,57335.0,117.6528,2.415891,2.491615,1.245807,-0.053569,1.5434,-0.93873,-2.9,323.7
194450,57337.0,115.824,1.908872,2.64354,1.32177,0.037982,4.97547,-0.87507,-2.7,324.1
194452,57339.0,114.9096,1.360503,1.639236,0.819618,-0.251076,2.46114,-0.67956,-2.1,323.6
194454,57341.0,113.9952,0.583476,1.084699,0.542349,-0.138635,2.36092,-0.4536,-1.4,324.0
194456,57343.0,113.0808,0.265531,0.952173,0.476087,-0.033131,-0.29983,-1.38976,-4.3,323.2
194458,57345.0,112.4712,1.111949,1.268086,0.634043,0.078978,1.4222,-3.32484,-10.3,322.8
194500,57347.0,112.1664,3.235567,3.249892,1.624946,0.495452,0.19372,-4.37989,-13.7,319.7
194502,57349.0,112.4712,4.788749,4.79844,2.39922,0.387137,-4.40664,-4.80078,-14.9,322.2
194504,57351.0,112.4712,6.147025,6.147025,3.073512,0.337146,-3.29414,-5.2866,-16.5,320.4
194506,57353.0,112.776,7.032626,7.039228,3.519614,0.223051,-3.77893,-5.87613,-18.3,321.1
194508,57355.0,111.8616,7.705055,7.759124,3.879562,0.179974,2.20854,-2.81532,-8.7,323.6
194510,57357.0,111.8616,7.586597,7.586597,3.793298,-0.043132,0.08347,-0.22659,-0.7,323.7
194512,57359.0,112.4712,6.377541,6.40661,3.203305,-0.294996,-3.41668,-1.2255,-3.8,322.5
194514,57361.0,113.0808,5.763127,5.795277,2.897639,-0.152833,-4.49724,-3.7878,-11.8,321.0
194516,57363.0,114.6048,7.221265,7.380328,3.690164,0.396262,-16.79854,-12.8061,-40.5,316.2
194518,57365.0,114.9096,10.179355,10.183918,5.091959,0.700898,-8.72741,-14.62833,-45.9,318.7
194520,57367.0,114.3,13.267101,13.281099,6.640549,0.774295,-6.70673,-9.0104,-28.0,321.8
194522,57369.0,114.6048,15.226978,15.230028,7.615014,0.487232,-8.05133,-0.22624,-0.7,323.2
194524,57371.0,113.6904,16.261751,16.287439,8.14372,0.264353,1.82927,5.1012,15.6,327.0
194526,57373.0,113.0808,14.629394,14.64209,7.321045,-0.411338,3.87032,3.8856,12.0,323.8
194528,57375.0,112.776,12.867946,12.871556,6.435778,-0.442633,2.79854,-1.11965,-3.5,319.9
194530,57377.0,112.4712,14.184222,14.187496,7.093748,0.328985,-0.1531,-8.80306,-27.7,317.8
194532,57379.0,114.9096,17.543588,17.712235,8.856117,0.881184,-36.09978,-6.402,-20.0,320.1
194534,57381.0,114.9096,19.836921,19.836921,9.91846,0.531172,-14.26991,-4.59316,-14.3,321.2
194536,57383.0,114.3,20.078394,20.087646,10.043823,0.062682,2.11118,-3.69955,-11.5,321.7
194538,57385.0,114.9096,20.830105,20.839024,10.419512,0.187844,-6.23408,-2.80053,-8.7,321.9
194540,57387.0,116.4336,20.253402,20.310659,10.155329,-0.132091,-8.70136,-2.79792,-8.7,321.6
194542,57389.0,116.1288,21.242595,21.244782,10.622391,0.233531,0.24597,-2.82832,-8.8,321.4
194544,57391.0,115.824,21.501648,21.503808,10.751904,0.064756,1.30919,-2.79879,-8.7,321.7
194546,57393.0,115.5192,21.65952,21.661665,10.830832,0.039464,1.47898,-2.37984,-7.4,321.6
194548,57395.0,114.9096,22.110508,22.11891,11.059455,0.114312,1.90095,-1.80544,-5.6,322.4
194550,57397.0,114.9096,21.976808,21.976808,10.988404,-0.035526,1.10903,-1.80488,-5.6,322.3
194552,57399.0,114.6048,21.683011,21.685153,10.842576,-0.072914,2.19251,-1.83768,-5.7,322.4
194554,57401.0,113.9952,22.155148,22.163533,11.081766,0.119595,1.86898,-1.806,-5.6,322.5
194556,57403.0,113.6904,21.884697,21.886819,10.94341,-0.069178,2.18936,-1.80544,-5.6,322.4
194558,57405.0,114.6048,22.297341,22.316083,11.158041,0.107315,-7.27734,-1.7415,-5.4,322.5
194600,57407.0,116.7384,22.168902,22.271337,11.135669,-0.011186,-16.4378,-1.67232,-5.2,321.6
194602,57409.0,118.5672,20.467415,20.548955,10.274478,-0.430595,-5.52224,-3.30012,-10.3,320.4
194604,57411.0,118.2624,17.712257,17.714879,8.85744,-0.708519,5.10121,-3.79606,-11.8,321.7
194606,57413.0,117.6528,16.75515,16.766236,8.383118,-0.237161,3.40619,-0.58158,-1.8,323.1
194608,57415.0,116.7384,16.456849,16.482233,8.241117,-0.071001,3.44141,-0.22624,-0.7,323.2
194610,57417.0,116.1288,15.805547,15.817298,7.908649,-0.166234,2.95159,-0.22624,-0.7,323.2
194612,57419.0,115.5192,15.436768,15.4488,7.7244,-0.092125,2.57613,-0.19404,-0.6,323.4
194614,57421.0,115.2144,14.745884,14.749034,7.374517,-0.174941,1.99768,5.8206,17.8,327.0
194616,57423.0,114.9096,11.795947,11.799884,5.899942,-0.737288,3.61633,6.91332,21.2,326.1
194618,57425.0,114.9096,6.223011,6.223011,3.111506,-1.394218,2.45844,1.96969,6.1,322.9
194620,57427.0,114.6048,3.236812,3.251131,1.625565,-0.742971,1.36972,-3.89912,-12.2,319.6
194622,57429.0,114.3,5.78349,5.791517,2.895758,0.635097,-0.29681,-9.10938,-28.7,317.4
194624,57431.0,113.9952,9.496714,9.501604,4.750802,0.927522,-7.51806,-10.40416,-32.8,317.2
194626,57433.0,112.1664,12.604072,12.736057,6.368029,0.808613,2.48552,-12.68363,-40.1,316.3
194628,57435.0,111.252,16.611014,16.636162,8.318081,0.975026,-10.29046,-9.78516,-30.8,317.7
194630,57437.0,107.8992,17.642055,17.957822,8.978911,0.330415,8.45287,-7.0268,-22.0,319.4
194632,57439.0,106.68,19.248091,19.286665,9.643332,0.33221,2.29487,-5.18562,-16.2,320.1
194634,57441.0,108.204,24.946299,24.992807,12.496404,1.426536,-45.25712,-4.21608,-13.2,319.4
194636,57443.0,108.204,20.056237,20.056237,10.028119,-1.234143,7.96036,-4.20379,-13.1,320.9
194638,57445.0,109.1184,20.58784,20.608136,10.304068,0.137974,-8.17811,-1.25697,-3.9,322.3
194640,57447.0,109.1184,19.988958,19.988958,9.994479,-0.154794,1.62864,-1.19103,-3.7,321.9
194642,57449.0,110.0328,19.965897,19.986825,9.993412,-0.000534,-5.53525,-0.87129,-2.7,322.7
194644,57451.0,110.6424,19.539393,19.5489,9.77445,-0.109481,-0.6182,-0.25824,-0.8,322.8
194646,57453.0,112.776,20.136694,20.249412,10.124706,0.175128,-20.70495,-0.22617,-0.7,323.1
194648,57455.0,110.9472,17.336821,17.433011,8.716506,-0.7041,9.36856,-0.22589,-0.7,322.7
194650,57457.0,108.8136,16.867825,17.002228,8.501114,-0.107696,7.16249,-0.25824,-0.8,322.8
194652,57459.0,108.5088,17.104657,17.107373,8.553686,0.026286,1.26258,-0.25816,-0.8,322.7
194654,57461.0,107.8992,16.952937,16.963894,8.481947,-0.035869,2.4356,-0.22596,-0.7,322.8
194656,57463.0,107.8992,16.280072,16.280072,8.140036,-0.170955,1.27927,-0.22596,-0.7,322.8
194658,57465.0,108.8136,17.833115,17.856543,8.928271,0.394117,-12.97139,-0.22834,-0.7,326.2
194700,57467.0,108.204,19.191571,19.20125,9.600625,0.336177,0.52775,8.8046,26.6,331.0
194702,57469.0,106.0704,19.97789,20.0915,10.04575,0.222563,5.5405,17.1342,51.3,334.0
194704,57471.0,103.9368,19.783576,19.898295,9.949147,-0.048302,7.11297,11.86938,36.6,324.3
194706,57473.0,102.4128,19.864361,19.922736,9.961368,0.006111,5.05164,-0.25896,-0.8,323.7
194708,57475.0,100.584,16.725197,16.824884,8.412442,-0.774463,9.54887,-0.2584,-0.8,323.0
194710,57477.0,98.1456,16.870439,17.045747,8.522874,0.055216,7.22918,-3.2793,-10.2,321.5
194712,57479.0,97.2312,17.407167,17.431167,8.715584,0.096355,2.67214,-4.21165,-13.1,321.5
194714,57481.0,94.7928,16.01963,16.204146,8.102073,-0.306756,8.90114,-3.4561,-10.7,323.0
194716,57483.0,94.7928,17.799111,17.799111,8.899555,0.398741,-10.40292,-0.22876,-0.7,326.8
194718,57485.0,95.7072,18.9437,18.965756,9.482878,0.291662,-11.22908,6.8997,21.1,327.0
194720,57487.0,96.6216,18.202607,18.22556,9.11278,-0.185049,-2.66288,1.26399,3.9,324.1
194722,57489.0,95.4024,16.311066,16.356568,8.178284,-0.467248,6.19766,2.37456,7.2,329.8
194724,57491.0,95.7072,15.734987,15.737939,7.868969,-0.154657,0.26942,9.71784,29.7,327.2
194726,57493.0,95.7072,10.114225,10.114225,5.057112,-1.405929,4.26655,6.59328,20.4,323.2
194728,57495.0,97.536,7.604288,7.821107,3.910553,-0.57328,-12.38969,0.29169,0.9,324.1
194730,57497.0,97.536,2.754727,2.754727,1.377363,-1.266595,0.7882,-0.25904,-0.8,323.8
194732,57499.0,98.7552,0.742111,1.427297,0.713648,-0.331858,-11.42222,-0.25872,-0.8,323.4
194734,57501.0,99.3648,0.554155,0.823832,0.411916,-0.150866,-0.27827,-3.07392,-9.6,320.2
194736,57503.0,99.9744,3.019481,3.080403,1.540201,0.564143,-7.48049,-11.67863,-37.3,313.1
194738,57505.0,100.584,7.163747,7.189637,3.594819,1.027309,-12.4016,-27.41086,-91.4,299.9
194740,57507.0,101.4984,12.209672,12.243865,6.121932,1.263557,-22.41281,-31.62716,-103.9,304.4
194742,57509.0,100.2792,22.692223,22.724952,11.362476,2.620272,-51.42292,-18.93439,-59.9,316.1
194744,57511.0,100.8888,30.69031,30.696364,15.348182,1.992853,-61.98066,-5.14717,-16.1,319.7
194746,57513.0,102.4128,29.489107,29.528461,14.76423,-0.291976,-2.40133,-3.203,-10.0,320.3
194748,57515.0,103.632,28.838757,28.864517,14.432258,-0.165986,-2.88595,-3.07872,-9.6,320.7
194750,57517.0,103.3272,28.723215,28.724832,14.362416,-0.034921,0.90617,-2.43732,-7.6,320.7
194752,57519.0,102.4128,27.855023,27.870027,13.935014,-0.213701,4.39433,-1.76715,-5.5,321.3
194754,57521.0,101.1936,28.061481,28.087954,14.043977,0.054482,3.00763,-1.31815,-4.1,321.5
194756,57523.0,100.2792,27.400296,27.41555,13.707775,-0.168101,4.15048,-1.31856,-4.1,321.6
194758,57525.0,99.3648,27.294599,27.309911,13.654956,-0.02641,3.04907,-1.35366,-4.2,322.3
194800,57527.0,98.4504,26.707873,26.723522,13.361761,-0.146597,4.16712,-0.3218,-1.0,321.8
194802,57529.0,97.536,25.958249,25.974349,12.987175,-0.187293,4.6675,-5.86265,-18.5,316.9
194804,57531.0,96.6216,26.223654,26.239591,13.119795,0.06631,2.66056,-8.72848,-27.2,320.9
194806,57533.0,96.012,26.056674,26.063804,13.031902,-0.043947,2.68165,30.12352,89.6,336.2
194808,57535.0,93.8784,18.68855,18.809948,9.404974,-1.813464,16.71694,18.22106,55.4,328.9
194810,57537.0,93.5736,8.628094,8.633477,4.316738,-2.544118,7.3281,2.20048,6.8,323.6
194812,57539.0,96.012,1.566758,2.898366,1.449183,-1.433778,-19.33624,-0.35541,-1.1,323.1
194814,57541.0,98.7552,0.800566,2.85763,1.428815,-0.010184,-26.32996,-0.35541,-1.1,323.1
194816,57543.0,100.8888,0.562974,2.206624,1.103312,-0.162752,-20.22922,-0.35519,-1.1,322.9
194818,57545.0,103.0224,0.568449,2.208027,1.104014,0.000351,-20.58241,-0.25832,-0.8,322.9
194820,57547.0,104.5464,0.345124,1.56259,0.781295,-0.16136,-14.55606,-0.25832,-0.8,322.9
194822,57549.0,106.0704,0.418047,1.580297,0.790149,0.004427,-14.80794,-0.25832,-0.8,322.9
194824,57551.0,107.5944,0.345124,1.56259,0.781295,-0.004427,-14.79684,-0.25832,-0.8,322.9
194826,57553.0,109.1184,0.377631,1.57009,0.785045,0.001875,-14.80544,-0.2584,-0.8,323.0
194828,57555.0,110.6424,0.478702,1.597414,0.798707,0.006831,-14.80929,-0.25816,-0.8,322.7
194830,57557.0,111.5568,0.142112,0.925377,0.462689,-0.168009,-0.26479,-0.25832,-0.8,322.9
194832,57559.0,112.4712,0.0,0.9144,0.0,-0.231344,-0.35,-0.25832,-0.8,322.9
194834,57561.0,112.776,0.0,0.3048,0.0,0.0,-0.35,-0.2584,-0.8,323.0
194836,57563.0,112.776,0.111195,0.111195,0.055597,0.027799,-0.34612,-0.80275,-2.5,321.1
194838,57565.0,113.0808,2.188423,2.209547,1.104774,0.524589,-4.10384,-9.006,-28.5,316.0
194840,57567.0,113.3856,8.168543,8.174228,4.087114,1.49117,-14.02383,-18.71595,-59.7,313.5
194842,57569.0,113.3856,13.554912,13.554912,6.777456,1.345171,-20.43787,-17.01219,-54.3,313.3
194844,57571.0,113.6904,17.088136,17.090854,8.545427,0.883986,-15.19841,-15.28416,-48.8,313.2
194846,57573.0,113.9952,19.572573,19.574946,9.787473,0.621023,-11.71391,-16.23436,-52.1,311.6
194848,57575.0,113.0808,19.778458,19.799584,9.899792,0.056159,3.00601,-16.89939,-53.7,314.7
194850,57577.0,112.776,21.723605,21.725743,10.862872,0.48154,-11.75548,-11.76128,-37.6,312.8
194852,57579.0,112.1664,22.046632,22.055058,11.027529,0.082329,2.10397,-11.27978,-35.9,314.2
194854,57581.0,111.252,22.545593,22.564128,11.282064,0.127268,2.71139,-11.4756,-36.5,314.4
194856,57583.0,110.3376,23.621969,23.63966,11.81983,0.268883,1.78623,-10.9305,-34.7,315.0
194858,57585.0,108.5088,25.354085,25.419955,12.709978,0.445074,2.71816,-10.47285,-33.3,314.5
194900,57587.0,106.3752,26.313729,26.400087,13.200044,0.245033,4.72458,-9.3338,-29.5,316.4
194902,57589.0,104.5464,28.130462,28.189846,14.094923,0.447439,1.48208,-7.3048,-23.0,317.6
194904,57591.0,102.108,28.302303,28.407149,14.203575,0.054326,6.38798,-1.41064,-4.4,320.6
194906,57593.0,101.4984,29.210383,29.216744,14.608372,0.202399,-0.41783,-0.38484,-1.2,320.7
194908,57595.0,100.2792,28.447902,28.474016,14.237008,-0.185682,4.86632,-0.35541,-1.1,323.1
194910,57597.0,99.3648,28.233597,28.2484,14.1242,-0.056404,2.99198,9.31665,28.5,326.9
194912,57599.0,99.06,26.512286,26.514038,13.257019,-0.433591,4.6979,10.99728,33.6,327.3
194914,57601.0,98.1456,23.123423,23.141495,11.570748,-0.843135,9.29954,13.36958,40.6,329.3
194916,57603.0,96.9264,19.003124,19.042195,9.521097,-1.024826,9.84951,13.8054,42.0,328.7
194918,57605.0,96.012,14.201658,14.231065,7.115532,-1.202782,7.96003,9.825,30.0,327.5
194920,57607.0,95.0976,8.727657,8.775427,4.387714,-1.363909,6.16209,5.06796,15.7,322.8
194922,57609.0,94.1832,3.72135,3.832045,1.916023,-1.235846,3.81997,-5.18076,-16.4,315.9
194924,57611.0,94.1832,6.755675,6.755675,3.377838,0.730907,-6.20249,-16.87101,-54.3,310.7
194926,57613.0,93.5736,13.129636,13.14378,6.57189,1.597026,-17.19448,-23.48554,-76.7,306.2
194928,57615.0,92.6592,19.285359,19.307024,9.653512,1.540811,-24.19582,-22.80057,-74.1,307.7
194930,57617.0,91.7448,23.611843,23.629542,11.814771,1.080629,-21.22821,-21.5333,-69.8,308.5
194932,57619.0,91.1352,27.576684,27.583421,13.79171,0.98847,-28.41682,-18.94752,-61.2,309.6
194934,57621.0,89.3064,31.500978,31.55402,15.77701,0.99265,-24.11628,-17.01882,-54.6,311.7
194936,57623.0,88.0872,34.704697,34.726106,17.363053,0.793022,-29.54814,-13.8346,-44.2,313.0
194938,57625.0,87.7824,36.22319,36.224472,18.112236,0.374591,-26.34986,-9.93195,-31.5,315.3
194940,57627.0,87.1728,36.270823,36.275946,18.137973,0.012868,-1.97772,-6.98139,-22.1,315.9
194942,57629.0,86.5632,36.066353,36.071504,18.035752,-0.051111,-1.19566,-6.1181,-19.3,317.0
194944,57631.0,86.5632,35.262127,35.262127,17.631063,-0.202345,-0.98212,-4.1301,-13.0,317.7
194946,57633.0,86.868,33.785901,33.787276,16.893638,-0.368712,0.41735,-2.42592,-7.6,319.2
194948,57635.0,87.1728,32.726987,32.728406,16.364203,-0.264717,-0.20555,-0.448,-1.4,320.0
194950,57637.0,87.4776,30.693617,30.69513,15.347565,-0.508319,2.68207,-0.41652,-1.3,320.4
194952,57639.0,88.0872,28.795082,28.801534,14.400767,-0.473399,1.94959,-0.35211,-1.1,320.1
194954,57641.0,88.6968,26.836583,26.843506,13.421753,-0.489507,2.45747,-0.29331,-0.9,325.9
194956,57643.0,89.3064,24.05384,24.061563,12.030782,-0.695485,4.27814,9.68814,29.7,326.2
194958,57645.0,89.916,20.109534,20.118771,10.059386,-0.985698,4.78112,11.2161,34.3,327.0
195000,57647.0,89.916,14.944458,14.944458,7.472229,-1.293579,6.02976,10.7091,32.6,328.5
195002,57649.0,89.6112,7.796209,7.802165,3.901082,-1.785574,4.9412,4.09984,12.8,320.3
195004,57651.0,89.3064,1.677286,1.704756,0.852378,-1.524352,1.35596,-0.41626,-1.3,320.2
195006,57653.0,89.3064,1.115464,1.115464,0.557732,-0.147323,-0.25401,-5.91636,-18.8,314.7
195008,57655.0,89.0016,5.681976,5.690145,2.845073,1.14367,-4.64277,-15.1146,-48.6,311.0
195010,57657.0,89.3064,12.13187,12.135698,6.067849,1.611388,-20.57123,-22.32094,-73.4,304.1
195012,57659.0,89.3064,17.913095,17.913095,8.956548,1.44435,-28.86524,-23.39887,-75.7,309.1
195014,57661.0,89.3064,22.250249,22.250249,11.125124,1.084288,-28.25546,-14.0883,-45.3,311.0
195016,57663.0,89.3064,25.508031,25.508031,12.754015,0.814445,-26.38013,-13.52692,-43.3,312.4
195018,57665.0,89.6112,27.855005,27.856673,13.928336,0.587161,-14.74816,-13.4203,-43.0,312.1
195020,57667.0,89.6112,29.942957,29.942957,14.971479,0.521571,-24.82379,-13.2797,-42.7,311.0
195022,57669.0,89.916,31.156401,31.157892,15.578946,0.303734,-8.32354,-13.27416,-42.6,311.6
195024,57671.0,90.2208,32.230425,32.231867,16.115933,0.268493,-7.66707,-13.1124,-42.0,312.2
195026,57673.0,89.916,33.215331,33.21673,16.608365,0.246216,-3.59955,-12.26553,-39.3,312.1
195028,57675.0,90.2208,33.88272,33.884091,16.942045,0.16684,-4.95679,-11.10085,-35.5,312.7
195030,57677.0,90.8304,34.565803,34.571178,17.285589,0.171772,-8.279,-9.5465,-30.5,313.0
195032,57679.0,90.8304,34.607082,34.607082,17.303541,0.008976,-2.83272,-9.63732,-30.8,312.9
195034,57681.0,89.6112,34.721691,34.743089,17.371545,0.034002,0.34018,-9.7626,-30.7,318.0
195036,57683.0,90.2208,35.603933,35.609151,17.804575,0.216515,-10.18649,0.09555,0.3,318.5
195038,57685.0,89.916,35.259895,35.261213,17.630606,-0.086984,-1.29699,-2.59776,-8.2,316.8
195040,57687.0,89.3064,35.033554,35.038857,17.519428,-0.055589,-0.63906,-3.9525,-12.5,316.2
195042,57689.0,88.392,34.600747,34.612827,17.306414,-0.106507,0.95274,-6.23898,-19.8,315.1
195044,57691.0,88.0872,34.931347,34.932677,17.466339,0.079962,-2.84447,-7.4222,-23.6,314.5
195046,57693.0,87.1728,34.597918,34.609999,17.305,-0.080669,0.69298,-7.40485,-23.5,315.1
195048,57695.0,86.868,34.934148,34.935478,17.467739,0.081369,-2.86011,-7.39075,-23.5,314.5
195050,57697.0,86.2584,35.045283,35.050584,17.525292,0.028777,-1.5081,-8.84916,-28.2,313.8
195052,57699.0,85.9536,34.829308,34.830641,17.415321,-0.054986,-1.41826,-9.16004,-29.2,313.7
195054,57701.0,85.6488,35.375923,35.377236,17.688618,0.136648,-3.66304,-9.1089,-29.0,314.1
195056,57703.0,85.6488,35.815697,35.815697,17.907848,0.109615,-4.49514,-9.02615,-28.7,314.5
195058,57705.0,85.6488,35.600962,35.600962,17.800481,-0.053683,-2.67982,-5.6159,-17.8,315.5
195100,57707.0,85.6488,35.381676,35.381676,17.690838,-0.054821,-2.55999,-4.39935,-13.9,316.5
195102,57709.0,85.9536,34.928769,34.930099,17.465049,-0.112894,-2.62191,-4.17252,-13.2,316.1
195104,57711.0,86.5632,34.809522,34.81486,17.40743,-0.02881,-4.29735,-4.33331,-13.7,316.3
195106,57713.0,86.5632,34.250894,34.250894,17.125447,-0.140992,-1.1581,-4.61798,-14.6,316.3
195108,57715.0,85.6488,33.588327,33.600771,16.800385,-0.162531,1.95481,-4.64814,-14.7,316.2
195110,57717.0,85.0392,33.139041,33.144647,16.572324,-0.114031,0.80048,-4.59505,-14.5,316.9
195112,57719.0,85.0392,32.806799,32.806799,16.403399,-0.084462,-1.08831,-0.57312,-1.8,318.4
195114,57721.0,84.7344,31.700556,31.702022,15.851011,-0.276194,2.01475,-0.41418,-1.3,318.6
195116,57723.0,85.344,31.58729,31.593172,15.796586,-0.027213,-2.8663,-0.44604,-1.4,318.6
195118,57725.0,86.5632,31.258298,31.282066,15.641033,-0.077777,-5.46432,-0.41496,-1.3,319.2
195120,57727.0,86.5632,29.919808,29.919808,14.959904,-0.340564,2.27749,-0.4147,-1.3,319.0
195122,57729.0,86.2584,28.699339,28.700958,14.350479,-0.304712,3.17759,-0.384,-1.2,320.0
195124,57731.0,86.5632,28.026149,28.027807,14.013903,-0.168288,0.48666,11.6768,35.6,328.0
195126,57733.0,86.2584,24.475839,24.477737,12.238869,-0.887517,8.25273,16.77663,50.7,330.9
195128,57735.0,86.2584,18.908313,18.908313,9.454156,-1.392357,8.33623,15.84132,48.4,327.3
195130,57737.0,85.6488,11.675467,11.691371,5.845685,-1.804235,8.10453,7.79966,24.2,322.3
195132,57739.0,85.344,5.003772,5.013046,2.506523,-1.669581,3.18724,-0.1908,-0.6,318.0
195134,57741.0,85.0392,2.892421,2.908437,1.454218,-0.526153,1.09614,-7.98208,-25.6,311.8
195136,57743.0,84.1248,6.686345,6.74858,3.37429,0.960036,0.67617,-17.43834,-57.1,305.4
195138,57745.0,83.5152,12.795066,12.809579,6.40479,1.51525,-15.57846,-29.161,-96.4,302.5
195140,57747.0,83.82,19.46414,19.466526,9.733263,1.664237,-31.61237,-24.72561,-81.9,301.9
195142,57749.0,81.9912,22.465731,22.540044,11.270022,0.76838,1.11042,-27.13228,-88.9,305.2
195144,57751.0,81.3816,26.479177,26.486193,13.243096,0.986537,-26.46875,-17.57538,-57.1,307.8
195146,57753.0,81.0768,28.877653,28.879262,14.439631,0.598267,-22.60109,-13.3601,-43.0,310.7
195148,57755.0,81.0768,30.064835,30.064835,15.032418,0.296394,-18.34987,-10.19913,-32.7,311.9
195150,57757.0,81.3816,30.692988,30.694501,15.34725,0.157416,-3.71699,-10.2172,-32.8,311.5
195152,57759.0,81.3816,31.369447,31.369447,15.684724,0.168737,-2.82286,-12.01248,-38.7,310.4
195154,57761.0,81.3816,32.264,32.264,16.132,0.223638,-3.76513,-12.5644,-40.4,311.0
195156,57763.0,82.296,33.581917,33.594363,16.797182,0.332591,-16.2021,-10.12176,-32.4,312.4
195158,57765.0,82.6008,33.477155,33.478543,16.739271,-0.028956,-2.7939,-9.46875,-30.3,312.5
195200,57767.0,82.6008,34.178202,34.178202,17.089101,0.174915,-4.27968,-9.44754,-30.3,311.8
195202,57769.0,81.9912,34.166177,34.171615,17.085807,-0.001647,-0.76678,-9.59989,-30.7,312.7
195204,57771.0,80.772,33.49597,33.518151,16.759076,-0.163365,2.87153,-8.63052,-27.6,312.7
195206,57773.0,79.8576,33.960576,33.972884,16.986442,0.113683,-0.94295,-8.87784,-28.4,312.6
195208,57775.0,79.248,34.400323,34.405724,17.202862,0.10821,-1.98316,-8.41432,-26.9,312.8
195210,57777.0,78.3336,34.293712,34.3059,17.15295,-0.024956,0.27627,-7.94512,-25.4,312.8
195212,57779.0,77.724,34.173963,34.1794,17.0897,-0.031625,-0.47065,-6.21126,-19.8,313.7
195214,57781.0,77.4192,34.273736,34.275091,17.137546,0.023923,-1.94528,-5.44258,-17.3,314.6
195216,57783.0,76.5048,33.703675,33.716077,16.858038,-0.139754,1.68318,-2.7639,-8.3,333.0
195218,57785.0,76.2,31.385035,31.386515,15.693258,-0.58239,4.92982,31.06484,93.4,332.6
195220,57787.0,75.8952,24.547357,24.549249,12.274624,-1.709317,14.14682,23.63595,71.3,331.5
195222,57789.0,75.5904,16.461113,16.463935,8.231967,-2.021329,11.07333,13.35651,41.7,320.3
195224,57791.0,75.2856,8.674934,8.680287,4.340143,-1.945912,5.8484,2.68716,8.4,319.9
195226,57793.0,74.9808,3.797072,3.809286,1.904643,-1.21775,2.04373,0.09579,0.3,319.3
195228,57795.0,74.676,0.61607,0.687347,0.343673,-0.780485,-0.16374,-0.41457,-1.3,318.9
195230,57797.0,74.3712,0.555975,0.634043,0.317022,-0.013326,-0.32027,-0.51024,-1.6,318.9
195232,57799.0,73.7616,0.555975,0.825058,0.412529,0.047754,-0.32603,-0.35046,-1.1,318.6
195234,57801.0,73.7616,0.333585,0.333585,0.166792,-0.122868,-0.32369,-0.35068,-1.1,318.8
195236,57803.0,74.0664,0.333585,0.451865,0.225932,0.02957,-0.33448,-0.35057,-1.1,318.7
195238,57805.0,74.3712,0.22239,0.377307,0.188653,-0.01864,-0.33173,-0.35079,-1.1,318.9
195240,57807.0,74.676,0.284186,0.416731,0.208365,0.009856,-0.33328,-0.35079,-1.1,318.9
195242,57809.0,74.9808,0.111195,0.324449,0.162225,-0.02307,-0.33387,-0.35101,-1.1,319.1
195244,57811.0,75.2856,0.17693,0.352431,0.176215,0.006995,-0.33557,-0.3509,-1.1,319.0
195246,57813.0,75.2856,0.22239,0.22239,0.111195,-0.03251,-0.33833,-0.35123,-1.1,319.3
195248,57815.0,75.5904,0.239339,0.387539,0.193769,0.041287,-0.33801,-0.35112,-1.1,319.2
195250,57817.0,75.5904,0.0,0.0,0.0,-0.096885,-0.35,-0.3509,-1.1,319.0
195252,57819.0,75.5904,0.20897,0.20897,0.104485,0.052243,-0.34421,-0.35057,-1.1,318.7
195254,57821.0,75.8952,0.22239,0.377307,0.188653,0.042084,-0.33842,-0.3509,-1.1,319.0
195256,57823.0,76.2,0.17693,0.352431,0.176215,-0.006219,-0.33421,-0.35101,-1.1,319.1
195258,57825.0,76.5048,0.088465,0.317379,0.158689,-0.008763,-0.33554,-0.35068,-1.1,318.8
195300,57827.0,76.8096,0.0,0.3048,0.0,-0.079345,-0.35,-0.3509,-1.1,319.0
195302,57829.0,77.1144,0.22239,0.377307,0.188653,0.094327,-0.34418,-0.35068,-1.1,318.8
195304,57831.0,77.4192,0.0,0.3048,0.0,-0.094327,-0.35,-0.35112,-1.1,319.2
195306,57833.0,77.1144,0.088465,0.317379,0.158689,0.079345,-0.34371,-0.3193,-1.0,319.3
195308,57835.0,77.1144,0.0,0.0,0.0,-0.079345,-0.35,-0.25544,-0.8,319.3
195310,57837.0,77.1144,0.17693,0.17693,0.088465,0.044233,-0.34468,-0.25544,-0.8,319.3
195312,57839.0,77.1144,0.17693,0.17693,0.088465,0.0,-0.37556,-0.25536,-0.8,319.2
195314,57841.0,77.1144,0.142093,0.142093,0.071046,-0.00871,-0.34353,-0.25536,-0.8,319.2
195316,57843.0,77.1144,0.0,0.0,0.0,-0.035523,-0.35,-0.28728,-0.9,319.2
195318,57845.0,77.1144,0.0,0.0,0.0,0.0,-0.35,-0.25544,-0.8,319.3
195320,57847.0,76.8096,0.284186,0.416731,0.208365,0.104183,-0.34477,-0.25544,-0.8,319.3
195322,57849.0,77.1144,0.0,0.3048,0.0,-0.104183,-0.35,-0.25536,-0.8,319.2
195324,57851.0,77.4192,0.22239,0.377307,0.188653,0.094327,-0.34418,-0.25536,-0.8,319.2
195326,57853.0,77.724,0.0,0.3048,0.0,-0.094327,-0.35,-0.25544,-0.8,319.3
195328,57855.0,78.0288,0.0,0.3048,0.0,0.0,-0.35,-0.44702,-1.4,319.3
195330,57857.0,78.0288,0.0,0.0,0.0,0.0,-0.35,-0.25536,-0.8,319.2
195332,57859.0,78.3336,0.20897,0.369556,0.184778,0.092389,-0.34409,-0.25544,-0.8,319.3
195334,57861.0,78.6384,0.0,0.3048,0.0,-0.092389,-0.35,-0.25544,-0.8,319.3
195336,57863.0,78.9432,0.22239,0.377307,0.188653,0.094327,-0.34418,-0.25544,-0.8,319.3
195338,57865.0,79.248,0.0,0.3048,0.0,-0.094327,-0.35,-0.25544,-0.8,319.3
195340,57867.0,79.5528,0.239339,0.387539,0.193769,0.096885,-0.34431,-0.25544,-0.8,319.3
195342,57869.0,79.5528,0.0,0.0,0.0,-0.096885,-0.35,-0.25544,-0.8,319.3
195344,57871.0,79.248,0.088465,0.317379,0.158689,0.079345,-0.34371,-0.25544,-0.8,319.3
195346,57873.0,79.248,0.111195,0.111195,0.055597,-0.051546,-0.34355,-0.25544,-0.8,319.3
195348,57875.0,79.5528,0.17693,0.352431,0.176215,0.060309,-0.34106,-0.25544,-0.8,319.3
195350,57877.0,79.5528,0.0,0.0,0.0,-0.088107,-0.35,-0.6308,-2.0,315.4
195352,57879.0,79.5528,2.601333,2.601333,1.300667,0.650334,-2.38856,-8.97162,-28.7,312.6
195354,57881.0,79.5528,8.105255,8.105255,4.052628,1.37598,-12.52031,-19.3698,-63.3,306.0
195356,57883.0,78.9432,14.266816,14.279834,7.139917,1.543645,-18.45035,-24.3006,-80.2,303.0
195358,57885.0,78.6384,19.064596,19.067032,9.533516,1.196799,-23.20639,-26.79446,-88.9,301.4
195400,57887.0,78.3336,23.668251,23.670213,11.835107,1.150796,-28.78806,-28.9682,-96.4,300.5
195402,57889.0,78.3336,27.624083,27.624083,13.812042,0.988468,-34.36298,-25.36194,-83.4,304.1
195404,57891.0,78.6384,30.739512,30.741023,15.370511,0.779234,-22.49803,-22.09218,-72.6,304.3
195406,57893.0,78.6384,32.916603,32.916603,16.458301,0.543895,-29.90991,-21.37416,-69.6,307.1
195408,57895.0,79.248,34.606772,34.612141,17.30607,0.423884,-16.85533,-11.6994,-37.0,316.2
195410,57897.0,79.8576,34.672575,34.677933,17.338967,0.016449,-4.68872,-0.0,-0.0,316.6
195412,57899.0,80.1624,33.467472,33.46886,16.73443,-0.302269,-0.1171,-0.25352,-0.8,316.9
195414,57901.0,80.4672,32.161661,32.163105,16.081553,-0.326439,0.5801,-0.41431,-1.3,318.7
195416,57903.0,80.772,30.778838,30.780347,15.390174,-0.345689,1.19892,11.0432,34.0,324.8
195418,57905.0,81.0768,27.870756,27.872423,13.936211,-0.726982,5.08047,14.37826,44.2,325.3
195420,57907.0,81.0768,23.845884,23.845884,11.922942,-1.006635,8.05413,11.95356,36.6,326.6
195422,57909.0,80.772,19.353873,19.356273,9.678137,-1.122402,7.89819,13.84784,42.4,326.6
195424,57911.0,80.772,13.320798,13.320798,6.660399,-1.508869,6.15789,8.76685,27.1,323.5
195426,57913.0,80.4672,7.485102,7.491305,3.745653,-1.457373,4.04603,0.28764,0.9,319.6
195428,57915.0,80.4672,1.908852,1.908852,0.954426,-1.395614,0.51044,-0.38316,-1.2,319.3
195430,57917.0,79.8576,0.517937,0.799919,0.39996,-0.277233,-0.25082,-0.50944,-1.6,318.4
195432,57919.0,79.5528,0.377599,0.485267,0.242633,-0.078664,-0.31799,-0.47805,-1.5,318.7
195434,57921.0,79.248,0.377599,0.485267,0.242633,0.0,-0.42012,-0.44716,-1.4,319.4
195436,57923.0,78.9432,0.453491,0.546404,0.273202,0.015285,-0.32895,-0.4459,-1.4,318.5
195438,57925.0,78.9432,0.377599,0.377599,0.188799,-0.042202,-0.32911,-0.4452,-1.4,318.0
195440,57927.0,78.6384,0.426272,0.524034,0.262017,0.036609,-0.33307,-0.44646,-1.4,318.9
195442,57929.0,78.6384,0.176923,0.176923,0.088462,-0.086778,-0.33791,-0.41444,-1.3,318.8
195444,57931.0,78.3336,0.346246,0.461291,0.230646,0.071092,-0.33975,-0.41457,-1.3,318.9
195446,57933.0,78.3336,0.284182,0.284182,0.142091,-0.044278,-0.33411,-0.41431,-1.3,318.7
195448,57935.0,78.3336,0.208965,0.208965,0.104482,-0.018805,-0.33987,-0.41444,-1.3,318.8
195450,57937.0,78.3336,0.22239,0.22239,0.111195,0.003356,-0.34066,-0.41444,-1.3,318.8
195452,57939.0,78.3336,0.0,0.0,0.0,-0.055597,-0.35,-0.41431,-1.3,318.7
195454,57941.0,78.3336,0.284182,0.284182,0.142091,0.071046,-0.34368,-0.41457,-1.3,318.9
195456,57943.0,78.3336,0.111195,0.111195,0.055597,-0.043247,-0.34382,-0.41496,-1.3,319.2
195458,57945.0,78.6384,0.0,0.3048,0.0,-0.027799,-0.35,-0.41392,-1.3,318.4
195500,57947.0,78.6384,0.284182,0.284182,0.142091,0.071046,-0.34368,-0.41431,-1.3,318.7
195502,57949.0,78.6384,0.0,0.0,0.0,-0.071046,-0.35,-0.41444,-1.3,318.8
195504,57951.0,78.6384,0.176924,0.176924,0.088462,0.044231,-0.34468,-0.41444,-1.3,318.8
195506,57953.0,78.6384,0.22239,0.22239,0.111195,0.011366,-0.34118,-0.41509,-1.3,319.3
195508,57955.0,78.9432,0.176924,0.352427,0.176214,0.032509,-0.3382,-0.41483,-1.3,319.1
195510,57957.0,79.248,0.088462,0.317378,0.158689,-0.008762,-0.33554,-0.41444,-1.3,318.8
195512,57959.0,79.248,0.088462,0.088462,0.044231,-0.057229,-0.34472,-0.41431,-1.3,318.7
195514,57961.0,79.248,0.088462,0.088462,0.044231,0.0,-0.36278,-0.41405,-1.3,318.5
195516,57963.0,79.248,0.0,0.0,0.0,-0.022116,-0.35,-0.41444,-1.3,318.8
195518,57965.0,79.5528,0.0,0.3048,0.0,0.0,-0.35,-0.41444,-1.3,318.8
195520,57967.0,79.5528,0.0,0.0,0.0,0.0,-0.35,-0.4147,-1.3,319.0
195522,57969.0,79.5528,0.0,0.0,0.0,0.0,-0.35,-0.4147,-1.3,319.0
195524,57971.0,79.8576,0.111195,0.324449,0.162225,0.081112,-0.34374,-0.4147,-1.3,319.0
195526,57973.0,79.8576,0.0,0.0,0.0,-0.081112,-0.35,-0.41457,-1.3,318.9
195528,57975.0,79.8576,0.0,0.0,0.0,0.0,-0.35,-0.41457,-1.3,318.9
195530,57977.0,79.8576,0.0,0.0,0.0,0.0,-0.35,-0.41457,-1.3,318.9
195532,57979.0,80.1624,0.0,0.3048,0.0,0.0,-0.35,-0.4776,-1.5,318.4
195534,57981.0,80.1624,1.833276,1.833276,0.916638,0.458319,-1.44046,-10.08141,-32.7,308.3
195536,57983.0,80.4672,8.067998,8.073754,4.036877,1.560119,-14.43945,-24.32466,-80.2,303.3
195538,57985.0,80.4672,15.563019,15.563019,7.781509,1.872316,-31.55309,-33.46656,-113.6,294.6
195540,57987.0,80.4672,22.327886,22.327886,11.163943,1.691217,-41.667,-39.48161,-133.7,295.3
195542,57989.0,80.4672,27.97062,27.97062,13.98531,1.410684,-46.56974,-34.94579,-118.1,295.9
195544,57991.0,80.1624,32.252474,32.253914,16.126957,1.070824,-42.64002,-28.71232,-95.2,301.6
195546,57993.0,79.8576,35.12022,35.121543,17.560771,0.716907,-36.48384,-22.50711,-74.7,301.3
195548,57995.0,79.5528,37.315778,37.317023,18.658511,0.54887,-34.45652,-22.39909,-73.9,303.1
195550,57997.0,78.9432,39.15886,39.163604,19.581802,0.461645,-31.5158,-20.57744,-67.6,304.4
195552,57999.0,78.3336,40.236458,40.241076,20.120538,0.269368,-7.26333,-18.68438,-61.1,305.8
195554,58001.0,78.0288,41.904853,41.905961,20.952981,0.416221,-37.6341,-16.54378,-54.1,305.8
195556,58003.0,77.1144,42.236802,42.246699,21.12335,0.085185,-5.54515,-16.32046,-53.3,306.2
195558,58005.0,76.8096,43.150105,43.151181,21.575591,0.226121,-9.69189,-16.16309,-52.7,306.7
195600,58007.0,76.5048,43.942033,43.94309,21.971545,0.197977,-9.92308,-16.16208,-52.8,306.1
195602,58009.0,76.5048,44.261238,44.261238,22.130619,0.079537,-9.5043,-16.08075,-52.5,306.3
195604,58011.0,76.2,44.875156,44.876191,22.438095,0.153738,-10.05035,-15.0304,-48.8,308.0
195606,58013.0,76.5048,45.179743,45.180771,22.590386,0.076145,-11.00411,-12.5251,-40.6,308.5
195608,58015.0,77.1144,45.446891,45.45098,22.72549,0.067552,-11.96392,-9.51393,-30.7,309.9
195610,58017.0,77.1144,44.972688,44.972688,22.486344,-0.119573,-7.40647,-9.21294,-29.7,310.2
195612,58019.0,77.1144,44.869476,44.869476,22.434738,-0.025803,-8.56575,-9.11106,-29.4,309.9
195614,58021.0,77.1144,44.759483,44.759483,22.379742,-0.027498,-8.46648,-9.207,-29.7,310.0
195616,58023.0,77.4192,44.270517,44.271567,22.135783,-0.12198,-7.77936,-9.09765,-29.3,310.5
195618,58025.0,77.4192,43.989495,43.989495,21.994747,-0.070518,-7.38138,-9.0161,-29.0,310.9
195620,58027.0,76.5048,43.896825,43.906348,21.953174,-0.020786,-5.34294,-8.9929,-29.0,310.1
195622,58029.0,76.2,43.447992,43.449061,21.72453,-0.114322,-5.59216,-10.4611,-33.8,309.5
195624,58031.0,75.8952,44.073577,44.074631,22.037316,0.156393,-9.48614,-10.47849,-33.9,309.1
195626,58033.0,74.676,43.972438,43.989337,21.994669,-0.021324,-4.51888,-10.3992,-33.6,309.5
195628,58035.0,74.0664,43.84412,43.848357,21.924179,-0.035245,-5.99091,-10.4133,-33.7,309.0
195630,58037.0,73.7616,44.312753,44.313801,22.156901,0.116361,-9.14465,-10.42341,-33.7,309.3
195632,58039.0,73.152,43.7387,43.742948,21.871474,-0.142713,-4.54608,-10.4133,-33.7,309.0
195634,58041.0,72.2376,43.959385,43.968894,21.984447,0.056487,-6.37706,-10.31967,-33.3,309.9
195636,58043.0,71.9328,44.076822,44.077875,22.038938,0.027245,-7.82457,-8.88602,-28.6,310.7
195638,58045.0,70.4088,43.805769,43.832271,21.916136,-0.061401,-3.02378,-8.10405,-26.1,310.5
195640,58047.0,69.1896,43.267572,43.284746,21.642373,-0.136881,-2.57877,-8.41184,-27.1,310.4
195642,58049.0,68.2752,43.263868,43.273531,21.636765,-0.002804,-5.13968,-8.0238,-25.8,311.0
195644,58051.0,67.9704,42.973701,42.974782,21.487391,-0.074687,-5.78324,-7.735,-25.0,309.4
195646,58053.0,67.3608,42.688098,42.69245,21.346225,-0.070583,-4.77865,-7.23144,-23.2,311.7
195648,58055.0,66.7512,42.459803,42.464179,21.232089,-0.057068,-4.79981,-6.238,-20.0,311.9
195650,58057.0,67.056,42.20863,42.209731,21.104865,-0.063612,-7.17671,-6.24,-20.0,312.0
195652,58059.0,66.7512,41.893021,41.89413,20.947065,-0.0789,-5.0432,-3.68784,-11.7,315.2
195654,58061.0,66.1416,41.069075,41.073599,20.536799,-0.205133,-2.15005,0.41028,1.3,315.6
195656,58063.0,65.532,40.183694,40.188317,20.094159,-0.22132,-1.46379,0.5056,1.6,316.0
195658,58065.0,64.6176,39.506223,39.516804,19.758402,-0.167878,-0.84514,0.44226,1.4,315.9
195700,58067.0,64.008,38.483609,38.488437,19.244219,-0.257092,-0.16402,0.37944,1.2,316.2
195702,58069.0,63.3984,37.51869,37.523642,18.761821,-0.241199,0.13317,0.37944,1.2,316.2
195704,58071.0,62.484,36.760758,36.772129,18.386064,-0.187879,0.79049,0.3162,1.0,316.2
195706,58073.0,62.1792,36.163374,36.164658,18.082329,-0.151867,-1.04827,0.22127,0.7,316.1
195708,58075.0,61.8744,35.210254,35.211573,17.605787,-0.238271,0.28675,0.1588,0.5,317.6
195710,58077.0,62.1792,34.303541,34.304895,17.152447,-0.22667,-1.19358,4.02192,12.6,319.2
195712,58079.0,62.1792,32.631461,32.631461,16.31573,-0.418359,2.17089,5.66046,17.7,319.8
195714,58081.0,62.484,30.963838,30.965338,15.482669,-0.41653,1.78539,5.33899,16.7,319.7
195716,58083.0,62.1792,29.058207,29.059805,14.529903,-0.476383,4.54026,8.16,25.5,320.0
195718,58085.0,61.8744,27.645615,27.647295,13.823648,-0.353128,3.83623,2.37825,7.5,317.1
195720,58087.0,61.8744,26.597418,26.597418,13.298709,-0.262469,2.48244,-0.81874,-2.6,314.9
195722,58089.0,61.8744,26.566624,26.566624,13.283312,-0.007699,0.51229,-8.81252,-28.4,310.3
195724,58091.0,62.1792,27.318592,27.320292,13.660146,0.188417,-3.69323,-13.17295,-42.7,308.5
195726,58093.0,62.1792,28.714997,28.714997,14.357499,0.348676,-18.2706,-13.15914,-42.6,308.9
195728,58095.0,61.8744,30.023803,30.02535,15.012675,0.327588,-2.73711,-13.17792,-42.4,310.8
195730,58097.0,61.5696,31.13571,31.137202,15.568601,0.277963,-2.83366,-6.66792,-21.6,308.7
195732,58099.0,61.2648,32.256351,32.257791,16.128895,0.280147,-3.41889,-31.6575,-100.5,315.0
195734,58101.0,60.96,33.437633,33.439022,16.719511,0.295308,-4.19385,7.92658,25.1,315.8
195736,58103.0,60.96,32.162703,32.162703,16.081351,-0.31908,1.38662,-0.39962,-1.3,307.4
195738,58105.0,60.3504,31.807774,31.813615,15.906807,-0.087272,1.09669,-27.95856,-94.2,296.8
195740,58107.0,60.0456,34.142455,34.143816,17.071908,0.582551,-30.22247,-31.5023,-105.5,298.6
195742,58109.0,59.7408,37.028333,37.029587,18.514794,0.721443,-40.23562,-22.33188,-73.8,302.6
195744,58111.0,59.436,38.821537,38.822734,19.411367,0.448287,-33.35328,-17.33092,-56.6,306.2
195746,58113.0,58.8264,39.628934,39.633623,19.816811,0.202722,-6.07214,-14.02533,-45.7,306.9
195748,58115.0,58.5216,40.521687,40.522834,20.261417,0.222303,-7.77092,-12.9554,-42.2,307.0
195750,58117.0,58.2168,40.783728,40.784867,20.392433,0.065508,-6.08249,-12.9024,-42.0,307.2
195752,58119.0,58.2168,41.227575,41.227575,20.613787,0.110677,-7.78649,-8.67411,-27.9,310.9
195754,58121.0,57.912,41.105577,41.106707,20.553353,-0.030217,-5.1409,-6.34236,-20.4,310.9
195756,58123.0,57.912,40.778068,40.778068,20.389034,-0.082159,-5.19251,-7.23232,-23.3,310.4
195758,58125.0,57.912,40.628614,40.628614,20.314307,-0.037363,-5.63483,-7.812,-25.2,310.0
195800,58127.0,57.912,40.482778,40.482778,20.241389,-0.036459,-5.5569,-7.79355,-25.1,310.5
195802,58129.0,57.912,40.363758,40.363758,20.181879,-0.029755,-5.56392,-7.765,-25.0,310.6
195804,58131.0,57.912,40.254992,40.254992,20.127496,-0.027191,-5.52831,-7.74141,-24.9,310.9
195806,58133.0,57.912,40.03496,40.03496,20.01748,-0.055008,-5.07058,0.44772,1.4,319.8
195808,58135.0,57.3024,38.478424,38.483253,19.241626,-0.387927,1.31057,16.75851,51.9,322.9
195810,58137.0,56.6928,35.473937,35.479175,17.739587,-0.75102,6.35854,17.07552,52.8,323.4
195812,58139.0,56.388,31.47127,31.472746,15.736373,-1.001607,8.76466,14.53224,45.3,320.8
195814,58141.0,56.388,28.133567,28.133567,14.066784,-0.834794,6.80905,6.75622,21.1,320.2
195816,58143.0,56.6928,25.574833,25.576649,12.788325,-0.63923,4.64399,8.09475,25.1,322.5
195818,58145.0,56.0832,22.462071,22.470342,11.235171,-0.776577,7.7683,13.84761,42.7,324.3
195820,58147.0,55.4736,17.791408,17.801849,8.900924,-1.167123,8.38456,12.80764,39.8,321.8
195822,58149.0,55.4736,12.453832,12.453832,6.226916,-1.337004,5.10172,7.84002,24.6,318.7
195824,58151.0,54.864,7.561255,7.585789,3.792894,-1.217011,4.43161,-0.1902,-0.6,317.0
195826,58153.0,54.864,7.005838,7.005838,3.502919,-0.144988,0.2572,-6.89962,-22.3,309.4
195828,58155.0,54.2544,10.007543,10.026093,5.013046,0.755064,-3.45204,-18.85904,-62.2,303.2
195830,58157.0,53.9496,15.457107,15.460112,7.730056,1.358505,-20.60764,-20.58757,-67.7,304.1
195832,58159.0,53.6448,19.793487,19.795834,9.897917,1.083931,-22.05154,-31.304,-107.5,291.2
195834,58161.0,53.34,25.019484,25.02134,12.51067,1.306376,-34.81308,-34.87455,-118.5,294.3
195836,58163.0,53.34,29.690231,29.690231,14.845115,1.167223,-43.30421,-33.15634,-112.7,294.2
195838,58165.0,54.5592,33.708769,33.73081,16.865405,1.010145,-41.63204,-34.639,-117.5,294.8
195840,58167.0,54.864,38.14027,38.141488,19.070744,1.102669,-41.40304,-26.71644,-88.7,301.2
195842,58169.0,55.7784,38.817103,38.827871,19.413936,0.171596,-12.65024,-14.14465,-46.3,305.5
195844,58171.0,57.6072,38.154618,38.198421,19.099211,-0.157362,-8.89689,-11.57767,-37.7,307.1
195846,58173.0,58.2168,36.538871,36.543956,18.271978,-0.413616,-1.057,-7.89225,-25.5,309.5
195848,58175.0,57.912,35.865773,35.867068,17.933534,-0.169222,-0.7243,-19.72881,-66.9,294.9
195850,58177.0,57.6072,36.824212,36.825473,18.412737,0.239602,-5.57985,-36.34155,-125.1,290.5
195852,58179.0,56.9976,39.780368,39.785039,19.892519,0.739891,-43.51189,-36.4325,-123.5,295.0
195854,58181.0,56.0832,42.855244,42.864998,21.432499,0.76999,-48.48394,-16.03584,-52.2,307.2
195856,58183.0,54.5592,44.19956,44.225826,22.112913,0.340207,-8.47306,-0.6886,-2.2,313.0
195858,58185.0,52.4256,44.983613,45.034183,22.517092,0.202089,-5.55826,-0.09369,-0.3,312.3
195900,58187.0,51.2064,45.257113,45.273532,22.636766,0.059837,-6.48224,-2.77146,-8.9,311.4
195902,58189.0,50.5968,45.122749,45.126867,22.563433,-0.036666,-6.84925,-4.13952,-13.2,313.6
195904,58191.0,49.3776,44.502124,44.518822,22.259411,-0.152011,-3.17788,0.37704,1.2,314.2
195906,58193.0,48.4632,43.408861,43.418491,21.709245,-0.275083,-1.77925,0.40872,1.3,314.4
195908,58195.0,47.8536,42.719185,42.723535,21.361767,-0.173739,-3.50637,0.4403,1.4,314.5
195910,58197.0,47.5488,41.605094,41.606211,20.803105,-0.279331,-2.42393,0.40898,1.3,314.6
195912,58199.0,47.244,40.617343,40.618486,20.309243,-0.246931,-2.26634,-2.58384,-8.4,307.6
195914,58201.0,47.5488,40.260429,40.261583,20.130791,-0.089226,-5.67397,-12.94575,-42.1,307.5
195916,58203.0,47.8536,40.595779,40.596923,20.298461,0.083835,-7.92408,-4.81185,-15.3,314.5
195918,58205.0,48.1584,39.811319,39.812485,19.906243,-0.196109,-4.17004,0.4722,1.5,314.8
195920,58207.0,48.1584,38.589603,38.589603,19.294802,-0.30572,-1.41041,0.37764,1.2,314.7
195922,58209.0,48.1584,37.586485,37.586485,18.793243,-0.25078,-1.5363,0.47835,1.5,318.9
195924,58211.0,47.8536,36.607164,36.608433,18.304216,-0.244514,-0.26989,8.51997,26.7,319.1
195926,58213.0,47.5488,34.503183,34.50453,17.252265,-0.525976,3.48863,7.79336,24.4,319.4
195928,58215.0,47.5488,32.810129,32.810129,16.405064,-0.4236,2.16493,7.11816,22.3,319.2
195930,58217.0,47.244,30.69795,30.699463,15.349732,-0.527666,4.60512,6.34014,19.9,318.6
195932,58219.0,46.9392,28.910681,28.912288,14.456144,-0.446794,4.32415,13.7382,42.0,327.1
195934,58221.0,46.6344,25.053986,25.05584,12.52792,-0.964112,8.81452,19.37596,59.6,325.1
195936,58223.0,46.6344,19.399566,19.399566,9.699783,-1.414069,8.69576,14.6448,45.2,324.0
195938,58225.0,46.3296,13.459233,13.462684,6.731342,-1.484221,7.00538,10.68132,33.4,319.8
195940,58227.0,46.0248,6.338111,6.345436,3.172718,-1.779312,4.10126,1.3293,4.2,316.5
195942,58229.0,45.72,0.0,0.3048,0.0,-1.586359,-0.35,-0.3164,-1.0,316.4
195944,58231.0,45.4152,0.778364,0.835915,0.417958,0.208979,-0.64236,-0.34793,-1.1,316.3
195946,58233.0,45.4152,0.555975,0.555975,0.277987,-0.069986,-0.31473,-0.34771,-1.1,316.1
195948,58235.0,45.1104,0.377556,0.485233,0.242617,-0.017685,-0.32663,-0.34771,-1.1,316.1
195950,58237.0,45.1104,0.22239,0.22239,0.111195,-0.065711,-0.33617,-0.34749,-1.1,315.9
195952,58239.0,44.8056,0.333585,0.451865,0.225932,0.057369,-0.33815,-0.34749,-1.1,315.9
195954,58241.0,44.8056,0.377556,0.377556,0.188778,-0.018577,-0.33172,-0.3476,-1.1,316.0
195956,58243.0,44.8056,0.44478,0.44478,0.22239,0.016806,-0.33306,-0.3476,-1.1,316.0
195958,58245.0,44.8056,0.333585,0.333585,0.166792,-0.027799,-0.33295,-0.34782,-1.1,316.2
200000,58247.0,44.5008,0.239321,0.387528,0.193764,0.013486,-0.33487,-0.3476,-1.1,316.0
200002,58249.0,44.5008,0.333585,0.333585,0.166792,-0.013486,-0.33435,-0.34749,-1.1,315.9
200004,58251.0,44.196,0.0,0.3048,0.0,-0.083396,-0.35,-0.3476,-1.1,316.0
200006,58253.0,44.196,0.22239,0.22239,0.111195,0.055597,-0.34405,-0.34738,-1.1,315.8
200008,58255.0,44.196,0.111195,0.111195,0.055597,-0.027799,-0.34432,-0.34749,-1.1,315.9
200010,58257.0,44.196,0.0,0.0,0.0,-0.027799,-0.35,-0.34771,-1.1,316.1
200012,58259.0,44.5008,0.176832,0.352381,0.176191,0.088096,-0.34392,-0.34804,-1.1,316.4
200014,58261.0,44.8056,0.555975,0.634043,0.317022,0.070415,-0.33578,-6.44347,-20.9,308.3
200016,58263.0,44.8056,5.895983,5.895983,2.947992,1.315485,-8.83627,-17.49675,-56.9,307.5
200018,58265.0,45.1104,12.003826,12.007695,6.003847,1.527927,-19.40743,-8.64024,-27.8,310.8
200020,58267.0,45.1104,13.76404,13.76404,6.88202,0.439087,-8.51127,-8.84534,-28.7,308.2
200022,58269.0,44.5008,15.612093,15.62399,7.811995,0.464987,0.05002,-14.26229,-46.9,304.1
200024,58271.0,45.1104,19.893822,19.90316,9.95158,1.069793,-23.53215,-19.69066,-64.9,303.4
200026,58273.0,45.72,23.330015,23.337978,11.668989,0.858705,-21.36553,-16.3924,-53.5,306.4
200028,58275.0,45.4152,25.857802,25.859598,12.929799,0.630405,-19.30787,-13.81864,-45.1,306.4
200030,58277.0,45.72,27.16637,27.16808,13.58404,0.327121,-7.35014,-11.06936,-35.8,309.2
200032,58279.0,45.4152,27.856481,27.858148,13.929074,0.172517,-0.48831,-8.525,-27.5,310.0
200034,58281.0,45.4152,28.121675,28.121675,14.060838,0.065882,-0.58782,-8.54772,-27.6,309.7
200036,58283.0,45.72,28.342127,28.343766,14.171883,0.055523,-1.45586,-8.95033,-28.9,309.7
200038,58285.0,45.72,28.997314,28.997314,14.498657,0.163387,-1.7372,-9.21416,-29.8,309.2
200040,58287.0,45.72,29.044072,29.044072,14.522036,0.01169,-0.46928,-9.6252,-31.2,308.5
200042,58289.0,46.0248,29.425748,29.427327,14.713664,0.095814,-2.20742,-9.207,-29.7,310.0
200044,58291.0,46.0248,29.458958,29.458958,14.729479,0.007907,-0.59012,-2.79816,-8.9,314.4
200046,58293.0,46.3296,28.95657,28.958174,14.479087,-0.125196,-0.15359,-0.34595,-1.1,314.5
200048,58295.0,46.0248,28.022804,28.024462,14.012231,-0.233428,2.77064,-0.315,-1.0,315.0
200050,58297.0,46.3296,27.277177,27.27888,13.63944,-0.186396,0.84332,-0.28341,-0.9,314.9
200052,58299.0,46.0248,25.862511,25.864307,12.932154,-0.353643,4.206,14.3325,44.1,325.0
200054,58301.0,46.0248,21.652264,21.652264,10.826132,-1.053011,7.51697,17.10192,52.8,323.9
200056,58303.0,45.72,15.489924,15.492923,7.746461,-1.539835,8.25935,12.27201,38.1,322.1
200058,58305.0,45.72,7.498949,7.498949,3.749475,-1.998493,4.36159,2.14676,6.8,315.7
200100,58307.0,45.72,3.13496,3.13496,1.56748,-1.090997,0.78469,-8.32377,-27.3,304.9
200102,58309.0,45.4152,7.180928,7.187393,3.593697,1.013109,-5.63624,-21.52296,-71.6,300.6
200104,58311.0,45.4152,13.987607,13.987607,6.993803,1.700053,-25.9703,-30.36362,-102.2,297.1
200106,58313.0,45.4152,20.348083,20.348083,10.174042,1.59012,-35.83024,-31.82768,-107.2,296.9
200108,58315.0,45.4152,24.998503,24.998503,12.499252,1.162605,-34.17665,-21.5516,-71.6,301.0
200110,58317.0,45.72,27.946092,27.947754,13.973877,0.737312,-18.91841,-20.0442,-66.0,303.7
200112,58319.0,45.72,29.694139,29.694139,14.847069,0.436596,-22.01175,-18.38595,-60.5,303.9
200114,58321.0,45.72,30.9453,30.9453,15.47265,0.312791,-19.91932,-13.16441,-42.7,308.3
200116,58323.0,46.0248,31.565765,31.567236,15.783618,0.155484,-3.8869,-7.41617,-23.9,310.3
200118,58325.0,46.0248,31.126897,31.126897,15.563448,-0.110085,-0.17217,-5.66748,-18.2,311.4
200120,58327.0,46.6344,30.770083,30.776121,15.38806,-0.087694,-1.98946,-2.84102,-9.1,312.2
200122,58329.0,47.244,30.503842,30.509933,15.254966,-0.066547,-2.07875,-3.7668,-12.0,313.9
200124,58331.0,48.4632,29.797582,29.822514,14.911257,-0.171855,-2.65537,-0.40833,-1.3,314.1
200126,58333.0,49.6824,28.740116,28.765965,14.382982,-0.264137,-1.54504,10.02975,31.1,322.5
200128,58335.0,50.5968,26.182286,26.198248,13.099124,-0.641929,2.85562,15.92883,49.3,323.1
200130,58337.0,51.5112,21.866687,21.885798,10.942899,-1.078113,5.14783,9.20676,29.2,315.3
200132,58339.0,52.4256,18.840505,18.862681,9.431341,-0.755779,2.18721,-3.45184,-11.2,308.2
200134,58341.0,53.0352,19.012055,19.021825,9.510913,0.039786,-3.58801,-18.4708,-61.0,302.8
200136,58343.0,53.34,21.403543,21.405713,10.702857,0.595972,-11.82358,-23.11788,-76.6,301.8
200138,58345.0,53.9496,24.314256,24.321897,12.160948,0.729045,-18.81684,-20.44464,-66.9,305.6
200140,58347.0,55.1688,26.530191,26.558191,13.279095,0.559074,-21.97017,-12.423,-40.4,307.5
200142,58349.0,54.2544,27.431058,27.446294,13.723147,0.222026,1.01727,-10.09122,-32.7,308.6
200144,58351.0,53.9496,28.590238,28.591862,14.295931,0.286392,-1.72818,-9.7486,-31.6,308.5
200146,58353.0,53.34,28.492335,28.498856,14.249428,-0.023251,1.76338,-9.04491,-29.3,308.7
200148,58355.0,53.34,29.332632,29.332632,14.666316,0.208444,-2.26202,-8.61273,-27.9,308.7
200150,58357.0,53.34,29.137059,29.137059,14.56853,-0.048893,0.01173,-7.24698,-23.4,309.7
200152,58359.0,53.0352,28.955519,28.957123,14.478561,-0.044984,0.91462,-3.35552,-10.7,313.6
200154,58361.0,53.0352,28.532302,28.532302,14.266151,-0.106205,0.69646,-0.34529,-1.1,313.9
200156,58363.0,53.6448,27.93935,27.946,13.973,-0.146575,-0.53818,-0.34562,-1.1,314.2
200158,58365.0,54.864,27.166159,27.193504,13.596752,-0.188124,-2.4124,-0.315,-1.0,315.0
200200,58367.0,55.7784,26.133905,26.149897,13.074948,-0.260902,-0.05009,9.71026,30.1,322.6
200202,58369.0,54.864,23.360542,23.378432,11.689216,-0.692866,8.35404,14.82965,45.7,324.5
200204,58371.0,53.9496,18.066805,18.08993,9.044965,-1.322126,10.19528,11.74032,37.2,315.6
200206,58373.0,53.9496,13.187906,13.187906,6.593953,-1.225506,5.00029,-0.28305,-0.9,314.5
200208,58375.0,53.0352,12.728518,12.76132,6.38066,-0.106647,3.2729,-6.04698,-19.4,311.7
200210,58377.0,52.4256,13.411297,13.425144,6.712572,0.165956,1.38889,-4.68903,-14.9,314.7
200212,58379.0,51.816,13.323684,13.337622,6.668811,-0.02188,2.11993,-0.1575,-0.5,315.0
200214,58381.0,51.816,11.509582,11.509582,5.754791,-0.45701,1.72268,-0.34573,-1.1,314.3
200216,58383.0,51.816,9.620478,9.620478,4.810239,-0.472276,1.41495,-5.86748,-18.8,312.1
200218,58385.0,50.5968,11.206126,11.272254,5.636127,0.412944,2.30751,-7.38605,-23.5,314.3
200220,58387.0,50.5968,12.794299,12.794299,6.39715,0.380511,-7.17016,0.06312,0.2,315.6
200222,58389.0,50.9016,11.421878,11.425944,5.712972,-0.342089,0.45002,-0.28197,-0.9,313.3
200224,58391.0,50.5968,10.929142,10.933392,5.466696,-0.123138,1.42221,-4.76901,-15.3,311.7
200226,58393.0,49.0728,13.275356,13.362547,6.681273,0.607289,2.28599,-4.21564,-13.4,314.6
200228,58395.0,48.4632,14.239668,14.252711,7.126355,0.222541,1.16172,-0.1577,-0.5,315.4
200230,58397.0,47.5488,12.285326,12.319309,6.159654,-0.48335,4.59011,5.00544,15.8,316.8
200232,58399.0,46.0248,10.050225,10.165116,5.082558,-0.538548,6.08188,-0.25208,-0.8,315.1
200234,58401.0,46.0248,10.294872,10.294872,5.147436,0.032439,0.02464,-0.97557,-3.1,314.7
200236,58403.0,44.5008,10.990841,11.095998,5.547999,0.200282,3.88217,-2.516,-8.0,314.5
200238,58405.0,43.8912,10.879948,10.897012,5.448506,-0.049746,2.05884,-2.73702,-8.7,314.6
200240,58407.0,44.196,12.382352,12.386103,6.193052,0.372273,-5.85013,-0.88256,-2.8,315.2
200242,58409.0,44.5008,12.648833,12.652505,6.326253,0.0666,-2.10006,-0.1577,-0.5,315.4
200244,58411.0,44.8056,12.740118,12.743764,6.371882,0.022814,-1.54092,-0.1893,-0.6,315.5
200246,58413.0,45.1104,11.968009,11.97189,5.985945,-0.192968,0.01267,-0.18924,-0.6,315.4
200248,58415.0,45.72,11.495859,11.51201,5.756005,-0.11497,-3.11954,-0.15785,-0.5,315.7
200250,58417.0,46.9392,10.800722,10.869316,5.434658,-0.160674,-8.69117,1.99521,6.3,316.7
200252,58419.0,47.5488,9.107232,9.127612,4.563806,-0.435426,-0.93115,1.8984,6.0,316.4
200254,58421.0,47.244,7.253288,7.259689,3.629845,-0.46698,1.83621,-0.12624,-0.4,315.6
200256,58423.0,46.6344,5.338384,5.373077,2.686538,-0.471653,2.37235,-0.40976,-1.3,315.2
200258,58425.0,46.6344,5.265043,5.265043,2.632521,-0.027009,-0.07818,-0.28386,-0.9,315.4
200300,58427.0,46.0248,4.580374,4.620762,2.310381,-0.16107,1.8156,-0.1577,-0.5,315.4
200302,58429.0,45.72,4.469711,4.480092,2.240046,-0.035168,0.76449,-0.34639,-1.1,314.9
200304,58431.0,45.4152,3.76258,3.774906,1.887453,-0.176297,0.88157,-0.9465,-3.0,315.5
200306,58433.0,44.5008,3.579953,3.694887,1.847444,-0.020004,2.45212,-0.97774,-3.1,315.4
200308,58435.0,42.9768,2.588434,3.003759,1.501879,-0.172782,4.29868,-0.81822,-2.6,314.7
