090600,0,-6.4008,0.0,0.0,0,0,-0.35,-7.12296,-23.4,304.4
090602,2.0,-3.048,9.038972,9.640762,4.820381,2.41019,-55.52724,-3.71712,-12.1,307.2
090604,4.0,-3.3528,16.015237,16.018137,8.009069,1.594344,-25.91216,1.01607,3.3,307.9
090606,6.0,-3.9624,16.308921,16.32031,8.160155,0.075543,1.92533,-12.21407,-40.7,300.1
090608,8.0,-5.4864,16.385816,16.456535,8.228268,0.034057,4.83247,-12.85697,-42.7,301.1
090610,10.0,-3.6576,19.270541,19.357125,9.678562,0.725147,-29.06359,-10.59168,-35.2,300.9
090612,12.0,0.3048,21.919657,22.274918,11.137459,0.729449,-51.63536,-9.22896,-30.6,301.6
090614,14.0,1.524,23.085077,23.11725,11.558625,0.210583,-12.70184,-7.555,-25.0,302.2
090616,16.0,3.6576,20.659419,20.769301,10.38465,-0.586988,-5.21252,-7.4284,-24.5,303.2
090618,18.0,8.8392,19.293108,19.976811,9.988406,-0.198122,-43.95002,-6.18541,-20.3,304.7
090620,20.0,14.9352,20.335829,21.229865,10.614932,0.313263,-63.38591,-2.04752,-6.7,305.6
090622,22.0,19.812,20.335838,20.912425,10.456212,-0.07936,-42.99824,-2.11209,-6.9,306.1
090624,24.0,27.1272,17.378911,18.855734,9.427867,-0.514172,-59.59035,-3.8052,-12.6,302.0
090626,26.0,28.956,18.745291,18.834289,9.417144,-0.005361,-14.91835,-4.98888,-16.4,304.2
090628,28.0,25.6032,24.691563,24.918157,12.459078,1.520967,-0.52382,-3.15798,-10.3,306.6
090630,30.0,22.86,22.841248,23.005385,11.502693,-0.478193,12.41524,-0.40235,-1.3,309.5
090632,32.0,20.1168,21.658023,21.831058,10.915529,-0.293582,10.9319,4.3316,14.0,309.4
090634,34.0,17.0688,18.764946,19.010879,9.505439,-0.705045,13.70497,-11.31375,-37.5,301.7
090636,36.0,14.3256,18.841872,19.040517,9.520258,0.00741,8.73815,1.04414,3.4,307.1
090638,38.0,12.4968,17.693418,17.78768,8.89384,-0.313209,7.66655,-0.42952,-1.4,306.8
090640,40.0,10.3632,14.49151,14.647734,7.323867,-0.784986,10.13513,-1.03768,-3.4,305.2
090642,42.0,7.9248,11.174092,11.43705,5.718525,-0.802671,10.14712,-0.73728,-2.4,307.2
090644,44.0,6.4008,15.779176,15.852601,7.926301,1.103888,-0.29885,-6.80175,-22.5,302.3
090646,46.0,4.572,16.695744,16.795606,8.397803,0.235751,4.73259,-0.88943,-2.9,306.7
090648,48.0,3.9624,17.075894,17.086772,8.543386,0.072792,1.97454,-0.3068,-1.0,306.8
090650,50.0,3.048,16.580361,16.605556,8.302778,-0.120304,3.81409,0.27747,0.9,308.3
090652,52.0,0.9144,15.74503,15.888934,7.944467,-0.179156,7.6154,4.9488,16.0,309.3
090654,54.0,0.0,11.036167,11.073984,5.536992,-1.203738,6.88125,4.08276,13.2,309.3
090656,56.0,-0.6096,4.581679,4.622055,2.311028,-1.612982,3.89501,0.03074,0.1,307.4
090658,58.0,-0.9144,0.27476,0.410361,0.205181,-1.052924,-0.202,-0.921,-3.0,307.0
090700,60.0,0.0,0.839339,1.241216,0.620608,0.207713,-9.4873,-0.98432,-3.2,307.6
090702,62.0,2.4384,1.207525,2.721013,1.360506,0.369949,-25.12457,-0.7356,-2.4,306.5
090704,64.0,3.048,0.824281,1.025208,0.512604,-0.423951,-5.79947,-5.9397,-19.5,304.6
090706,66.0,4.8768,4.959474,5.285915,2.642957,1.065177,-23.36062,-12.03,-40.1,300.0
090708,68.0,7.9248,9.60484,10.076868,5.038434,1.197738,-41.14928,-9.47652,-31.4,301.8
090710,70.0,10.668,12.284777,12.587331,6.293665,0.627616,-33.44862,-9.23149,-30.7,300.7
090712,72.0,9.144,14.706764,14.785516,7.392758,0.549546,2.44921,-12.26835,-41.1,298.5
090714,74.0,8.2296,17.226186,17.250438,8.625219,0.61623,0.06364,-14.30975,-48.1,297.5
090716,76.0,8.2296,19.351398,19.351398,9.675699,0.52524,-14.20422,-13.03695,-43.5,299.7
090718,78.0,7.62,21.398506,21.407188,10.703594,0.513947,-9.56661,-7.77168,-25.7,302.4
090720,80.0,6.7056,22.415112,22.433755,11.216877,0.256642,1.93682,-0.99008,-3.2,309.4
090722,82.0,4.8768,21.00655,21.086006,10.543003,-0.336937,8.38267,7.75841,25.1,309.1
090724,84.0,4.2672,17.387746,17.398428,8.699214,-0.921894,7.19053,0.88914,2.9,306.6
090726,86.0,3.048,15.353126,15.401459,7.700729,-0.499242,6.34285,-0.39832,-1.3,306.4
090728,88.0,0.6096,14.489873,14.693611,7.346806,-0.176962,8.36262,-9.93676,-33.2,299.3
090730,90.0,-1.524,14.490545,14.646779,7.323389,-0.011709,6.73119,-12.30945,-41.1,299.5
090732,92.0,-0.6096,16.481289,16.506635,8.253318,0.464965,-14.26981,-16.62804,-56.1,296.4
090734,94.0,-0.6096,19.237518,19.237518,9.618759,0.68272,-17.17549,-17.4342,-58.8,296.5
090736,96.0,-1.524,23.76134,23.778928,11.889464,1.135353,-23.41442,-18.40668,-62.8,293.1
090738,98.0,-3.9624,26.114522,26.228115,13.114058,0.612297,2.98593,-18.95826,-64.2,295.3
090740,100.0,-6.096,27.253302,27.336692,13.668346,0.277144,4.30118,-15.78663,-53.1,297.3
090742,102.0,-7.3152,26.831844,26.859529,13.429764,-0.119291,4.99324,-12.86535,-43.1,298.5
090744,104.0,-8.8392,26.8036,26.846891,13.423445,-0.003159,4.95836,-11.73726,-39.4,297.9
090746,106.0,-10.0584,26.803608,26.831322,13.415661,-0.003892,4.07047,-11.40957,-38.3,297.9
090748,108.0,-11.2776,26.817672,26.845372,13.422686,0.003512,4.00656,-8.65844,-28.9,299.6
090750,110.0,-12.8016,26.803624,26.846915,13.423457,0.000386,4.93001,-7.25758,-24.2,299.9
090752,112.0,-14.0208,26.831885,26.85957,13.429785,0.003164,4.00521,-7.1638,-23.8,301.0
090754,114.0,-15.24,26.80364,26.831354,13.415677,-0.007054,4.0963,-7.15904,-23.8,300.8
090756,116.0,-16.764,26.831902,26.875147,13.437573,0.010948,4.83637,-7.2144,-24.0,300.6
090758,118.0,-17.9832,26.803656,26.83137,13.415685,-0.010944,4.12784,-6.71398,-22.1,303.8
090800,120.0,-19.2024,26.803664,26.831378,13.415689,2.0e-06,4.03966,-0.6116,-2.0,305.8
090802,122.0,-20.7264,26.817729,26.860997,13.430499,0.007405,4.86959,6.51568,21.1,308.8
090808,128.0,-6.096,105.834721,106.841175,17.806863,0.729394,-70.83943,-0.45825,-1.5,305.5
090810,130.0,-3.3528,23.928031,24.084763,12.042382,-2.882241,13.96532,-0.48896,-1.6,305.6
090812,132.0,-2.1336,5.661394,5.791186,2.895593,-4.573395,4.27694,-0.33616,-1.1,305.6
090814,134.0,-1.524,2.17166,2.255597,1.127799,-0.883897,-4.04062,-0.33616,-1.1,305.6
090816,136.0,-1.2192,0.417644,0.517039,0.258519,-0.43464,-0.25959,-0.33616,-1.1,305.6
090818,138.0,-0.9144,1.446899,1.478654,0.739327,0.240404,-3.50949,-0.33616,-1.1,305.6
090820,140.0,0.0,0.335566,0.974029,0.487014,-0.126156,-0.26997,-0.33616,-1.1,305.6
090822,142.0,0.9144,0.458199,1.022778,0.511389,0.012187,-9.27201,-0.33616,-1.1,305.6
090824,144.0,1.524,0.559513,0.827446,0.413723,-0.048833,-0.30125,-0.33616,-1.1,305.6
090826,146.0,2.4384,0.792964,1.210338,0.605169,0.095723,-9.3485,-0.33616,-1.1,305.6
090828,148.0,3.3528,1.119865,1.445761,0.722881,0.058856,-9.28231,-0.33616,-1.1,305.6
090830,150.0,3.9624,0.218826,0.647686,0.323843,-0.199519,-0.28251,-0.33616,-1.1,305.6
090832,152.0,4.572,0.125646,0.622414,0.311207,-0.006318,-0.32129,-0.33627,-1.1,305.7
090834,154.0,5.1816,0.4536,0.759845,0.379923,0.034358,-0.32423,-0.33627,-1.1,305.7
090836,156.0,5.4864,0.38487,0.490946,0.245473,-0.067225,-0.31837,-0.33627,-1.1,305.7
090838,158.0,5.7912,6.09902,6.106632,3.053316,1.403921,-11.10094,-0.33627,-1.1,305.7
090840,160.0,7.0104,1.891357,2.250263,1.125131,-0.964092,-9.90492,-0.33649,-1.1,305.9
090842,162.0,7.9248,0.4582,1.022778,0.511389,-0.306871,-8.94236,-0.3366,-1.1,306.0
090844,164.0,8.2296,0.510859,0.594878,0.297439,-0.106975,-0.30456,-0.33671,-1.1,306.1
090846,166.0,8.2296,0.333215,0.333215,0.166608,-0.065416,-0.32871,-0.33671,-1.1,306.1
090848,168.0,8.5344,0.483063,0.571185,0.285593,0.059492,-0.33495,-0.33682,-1.1,306.2
090850,170.0,8.8392,0.383144,0.489594,0.244797,-0.020398,-0.32534,-3.99288,-13.1,304.8
090852,172.0,9.144,3.002263,3.017696,1.508848,0.632026,-4.84592,-2.41187,-7.9,305.3
090854,174.0,8.8392,4.791689,4.801373,2.400687,0.44592,0.12072,-2.3142,-7.6,304.5
090856,176.0,8.8392,5.785207,5.785207,2.892603,0.245958,-2.66633,-1.19145,-3.9,305.5
090858,178.0,7.9248,5.989321,6.05872,3.02936,0.068379,2.49572,-0.39702,-1.3,305.4
090900,180.0,7.0104,5.091734,5.173189,2.586594,-0.221383,2.9228,-0.0,-0.0,302.0
090902,182.0,6.4008,5.405831,5.440093,2.720047,0.066726,1.58339,-11.9201,-39.8,299.5
090904,184.0,6.7056,9.086037,9.091148,4.545574,0.912764,-10.32802,-16.0432,-54.2,296.0
090906,186.0,6.4008,13.46014,13.463591,6.731795,1.09311,-14.43697,-19.05415,-64.7,294.5
090908,188.0,7.3152,18.336334,18.359119,9.17956,1.223883,-28.77415,-20.4378,-69.0,296.2
090910,190.0,7.3152,21.423529,21.423529,10.711765,0.766102,-21.07782,-0.94271,-3.1,304.1
090912,192.0,9.144,22.809888,22.883084,11.441542,0.364889,-22.33231,-0.62223,-2.1,296.3
090914,194.0,10.9728,23.067777,23.140157,11.570078,0.064268,-15.32189,-15.57905,-52.9,294.5
090916,196.0,12.192,23.763376,23.794631,11.897316,0.163619,-11.50839,-16.32255,-55.5,294.1
090918,198.0,11.8872,25.578694,25.58051,12.790255,0.44647,-14.77239,-18.56105,-63.5,292.3
090920,200.0,10.3632,26.364262,26.408273,13.204136,0.20694,3.42053,-20.2827,-69.7,291.0
090922,202.0,9.4488,29.854742,29.868742,14.934371,0.865117,-26.77672,-13.30836,-44.9,296.4
090924,204.0,9.7536,31.559259,31.560731,15.780365,0.422997,-12.29951,-8.6594,-29.0,298.6
090926,206.0,10.0584,31.620618,31.622087,15.811044,0.015339,-2.32222,-0.9393,-3.1,303.0
090928,208.0,10.3632,30.810413,30.81192,15.40596,-0.202542,0.02685,-0.57418,-1.9,302.2
090930,210.0,10.0584,29.91591,29.917463,14.958732,-0.223614,2.3038,-10.15044,-33.7,301.2
090932,212.0,10.0584,29.597244,29.597244,14.798622,-0.080055,0.22572,-0.72816,-2.4,303.4
090934,214.0,9.4488,29.107778,29.114161,14.55708,-0.120771,2.54267,-0.57646,-1.9,303.4
090936,216.0,9.4488,28.53191,28.53191,14.265955,-0.145562,1.14079,-0.54684,-1.8,303.8
090938,218.0,10.3632,28.200631,28.215451,14.107726,-0.079115,-2.31413,-0.54702,-1.8,303.9
090940,220.0,11.8872,27.75759,27.799395,13.899697,-0.104014,-7.66252,-0.51663,-1.7,303.9
090942,222.0,12.8016,26.728896,26.744532,13.372266,-0.263716,-0.10675,-0.51663,-1.7,303.9
090944,224.0,13.716,26.238889,26.254817,13.127408,-0.122429,-1.21327,-0.51697,-1.7,304.1
090946,226.0,14.0208,25.307219,25.309055,12.654527,-0.23644,1.7787,-0.51748,-1.7,304.4
090948,228.0,14.0208,24.486133,24.486133,12.243066,-0.205731,2.60576,-0.51765,-1.7,304.5
090950,230.0,14.6304,24.277713,24.285365,12.142682,-0.050192,-0.28957,-0.39585,-1.3,304.5
090952,232.0,14.9352,23.542853,23.544826,11.772413,-0.185134,1.4828,-0.36504,-1.2,304.2
090954,234.0,16.1544,23.262798,23.294725,11.647363,-0.062525,-6.26052,-0.58102,-1.9,305.8
090956,236.0,16.4592,21.765307,21.767441,10.883721,-0.381821,2.51216,4.9232,16.0,307.7
090958,238.0,19.2024,19.466739,19.659071,9.829535,-0.527093,-13.40122,5.2139,17.0,306.7
091000,240.0,20.1168,14.880571,14.90864,7.45432,-1.187608,3.03098,4.3106,14.0,307.9
091002,242.0,21.6408,10.610637,10.719524,5.359762,-1.047279,-2.39807,0.2745,0.9,305.0
091004,244.0,22.2504,7.19435,7.220131,3.610065,-0.874849,0.08133,-0.45735,-1.5,304.9
091006,246.0,23.4696,6.593253,6.705031,3.352515,-0.128775,-10.53367,-0.51833,-1.7,304.9
091008,248.0,27.1272,7.061395,7.952442,3.976221,0.311853,-37.87016,-0.48784,-1.6,304.9
091010,250.0,29.2608,5.713143,6.098545,3.049272,-0.463475,-17.70963,0.09153,0.3,305.1
091012,252.0,27.7368,2.452543,2.88748,1.44374,-0.802766,4.96803,-0.549,-1.8,305.0
091014,254.0,25.2984,1.334339,2.779614,1.389807,-0.026967,6.98491,-0.8526,-2.8,304.5
091016,256.0,23.1648,1.445534,2.577172,1.288586,-0.050611,6.09389,-1.071,-3.5,306.0
091018,258.0,21.336,1.111949,2.140313,1.070157,-0.109214,5.20681,-1.03394,-3.4,304.1
091020,260.0,19.5072,1.000754,2.084711,1.042355,-0.013901,5.14279,-1.03666,-3.4,304.9
091022,262.0,17.9832,1.111949,1.886533,0.943267,-0.049544,4.25473,-1.0353,-3.4,304.5
091024,264.0,16.4592,0.66717,1.663638,0.831819,-0.055724,4.24458,-1.00782,-3.3,305.4
091026,266.0,15.5448,0.559513,1.071999,0.535999,-0.14791,2.4409,-1.00518,-3.3,304.6
091028,268.0,14.6304,0.610124,1.099263,0.549631,0.006816,2.39221,-0.97568,-3.2,304.9
091030,270.0,14.0208,0.483061,0.777792,0.388896,-0.080368,-0.2968,-0.97568,-3.2,304.9
091032,272.0,13.4112,0.356461,0.706171,0.353085,-0.017905,-0.31496,-0.94488,-3.1,304.8
091034,274.0,12.8016,0.555975,0.825058,0.412529,0.029722,-0.32087,-0.94488,-3.1,304.8
091036,276.0,12.4968,0.22239,0.377307,0.188653,-0.111938,-0.32062,-0.94674,-3.1,305.4
091038,278.0,11.8872,0.111195,0.619658,0.309829,0.060588,-0.33387,-0.94488,-3.1,304.8
091040,280.0,11.2776,0.188464,0.638068,0.319034,0.004603,-0.32266,-3.45648,-11.4,303.2
091042,282.0,11.2776,2.908214,2.908214,1.454107,0.567537,-2.45202,-8.0132,-26.8,299.0
091044,284.0,11.2776,6.094625,6.094625,3.047313,0.796603,-6.18253,-11.0704,-37.0,299.2
091046,286.0,12.4968,11.174408,11.240722,5.620361,1.286524,-25.23069,-13.8528,-46.8,296.0
091048,288.0,12.8016,13.54675,13.550178,6.775089,0.577364,-9.01566,-14.88816,-50.4,295.4
091050,290.0,12.4968,17.10163,17.104346,8.552173,0.888542,-15.7147,-16.7637,-57.0,294.1
091052,292.0,11.8872,20.002427,20.011714,10.005857,0.726842,-12.76201,-14.31612,-48.3,296.4
091054,294.0,10.9728,21.751749,21.770961,10.88548,0.439812,0.73171,-6.99699,-23.1,302.9
091056,296.0,10.0584,21.887726,21.906818,10.953409,0.033964,3.39741,-0.57684,-1.9,303.6
091058,298.0,9.4488,21.346084,21.354787,10.677393,-0.138008,3.56112,-0.57684,-1.9,303.6
091100,300.0,9.7536,21.434266,21.436433,10.718217,0.020412,-0.14501,-0.57722,-1.9,303.8
091102,302.0,10.0584,19.950634,19.952962,9.976481,-0.370868,2.08918,-0.57741,-1.9,303.9
091104,304.0,10.0584,19.147469,19.147469,9.573734,-0.201373,1.86013,-0.42854,-1.4,306.1
091106,306.0,11.2776,18.226491,18.267222,9.133611,-0.220061,-5.05878,2.87546,9.4,305.9
091108,308.0,12.4968,15.483019,15.530947,7.765474,-0.684069,0.04444,3.6167,11.8,306.5
091110,310.0,13.4112,12.803356,12.835967,6.417984,-0.673745,0.18246,1.2244,4.0,306.1
091112,312.0,16.4592,10.614423,11.043382,5.521691,-0.448147,-23.78234,2.10657,6.9,305.3
091114,314.0,21.336,7.500917,8.946895,4.473447,-0.524122,-42.54129,0.9744,3.2,304.5
091116,316.0,24.0792,2.897349,3.98996,1.99498,-1.239234,-21.94054,-0.82323,-2.7,304.9
091118,318.0,23.7744,1.957601,1.981187,0.990594,-0.502193,0.93545,-0.66968,-2.2,304.4
091120,320.0,26.2128,2.625297,3.583013,1.791506,0.400456,-25.42648,-0.6688,-2.2,304.0
091122,322.0,31.0896,1.477972,5.095839,2.54792,0.378207,-49.85477,-0.63882,-2.1,304.2
091124,324.0,34.4424,1.493867,3.670546,1.835273,-0.356324,-31.70404,-0.63903,-2.1,304.3
091126,326.0,35.6616,0.943385,1.541565,0.770783,-0.532245,-11.37373,-0.63966,-2.1,304.6
091128,328.0,38.4048,1.667924,3.21047,1.605235,0.417226,-28.40733,-0.61,-2.0,305.0
091130,330.0,38.7096,0.22239,0.377307,0.188653,-0.708291,-0.253,-0.6092,-2.0,304.6
091132,332.0,39.624,0.966119,1.33023,0.665115,0.238231,-9.53371,-0.72936,-2.4,303.9
091134,334.0,40.2336,1.757936,1.860632,0.930316,0.1326,-6.36306,-6.15205,-20.5,300.1
091136,336.0,41.7576,6.91859,7.084452,3.542226,1.305955,-23.71093,-13.18912,-44.8,294.4
091138,338.0,44.5008,11.269638,11.598702,5.799351,1.128563,-38.88137,-15.75477,-53.1,296.7
091140,340.0,49.6824,17.784711,18.524172,9.262086,1.731368,-80.72395,-15.98272,-54.4,293.8
091146,346.0,50.9016,57.491922,57.504848,9.584141,0.053676,-1.88072,7.03946,22.9,307.4
091148,348.0,49.3776,13.571973,13.65727,6.828635,-1.377753,10.47571,3.60018,11.8,305.1
091150,350.0,46.0248,8.937696,9.545872,4.772936,-1.027849,12.93072,3.6905,12.1,305.0
091152,352.0,42.9768,3.141021,4.376793,2.188396,-1.29227,10.53181,-0.63819,-2.1,303.9
091154,354.0,41.148,1.886768,2.627623,1.313812,-0.437292,5.50367,-0.76025,-2.5,304.1
091156,356.0,39.624,1.741991,2.314543,1.157272,-0.07827,4.30018,-0.7296,-2.4,304.0
091158,358.0,38.1,1.635839,2.235743,1.117871,-0.0197,4.25545,-0.6992,-2.3,304.0
091200,360.0,36.2712,1.552166,2.398693,1.199347,0.040738,5.11874,-0.63819,-2.1,303.9
091202,362.0,34.4424,1.530403,2.384668,1.192334,-0.003506,5.14999,-0.6094,-2.0,304.7
091204,364.0,34.7472,1.510006,1.540461,0.770231,-0.211052,-2.81275,-0.57779,-1.9,304.1
091206,366.0,34.7472,1.389894,1.389894,0.694947,-0.037642,-0.27273,-0.57722,-1.9,303.8
091208,368.0,34.7472,1.295855,1.295855,0.647927,-0.02351,-0.28347,-0.57855,-1.9,304.5
091210,370.0,34.4424,1.374567,1.407955,0.703977,0.028025,0.59909,-0.57893,-1.9,304.7
091212,372.0,34.1376,1.154573,1.194128,0.597064,-0.053457,0.62065,-0.54792,-1.8,304.4
091214,374.0,34.1376,0.838893,0.838893,0.419446,-0.088809,-0.2905,-0.54864,-1.8,304.8
091216,376.0,34.1376,0.483059,0.483059,0.241529,-0.088959,-0.31572,-0.54792,-1.8,304.4
091218,378.0,34.1376,0.656454,0.656454,0.328227,0.043349,-0.32951,-0.54738,-1.8,304.1
091220,380.0,34.1376,1.148638,1.148638,0.574319,0.123046,-0.34164,-0.54828,-1.8,304.6
091222,382.0,34.7472,0.0,0.6096,0.0,-0.28716,-0.35,-0.54846,-1.8,304.7
091224,384.0,32.3088,0.81792,2.571923,1.285961,0.642981,6.45608,-5.986,-20.0,299.3
091226,386.0,28.3464,4.084806,5.690892,2.845446,0.779743,10.25531,-14.15152,-48.2,293.6
091228,388.0,26.5176,9.898281,10.065807,5.032904,1.093729,2.20784,-4.93476,-16.4,300.9
091230,390.0,28.3464,12.964398,13.092751,6.546375,0.756736,-26.31608,-19.10334,-65.4,292.1
091232,392.0,31.0896,17.174207,17.39191,8.695955,1.07479,-43.31817,-20.64008,-70.3,293.6
091234,394.0,33.528,19.639478,19.790273,9.895136,0.59959,-32.80192,-0.69598,-2.3,302.6
091240,400.0,39.3192,68.796745,69.040062,11.506677,0.26859,-21.11317,0.94674,3.1,305.4
091242,402.0,40.2336,20.26585,20.286468,10.143234,-0.681722,2.24999,3.6768,12.0,306.4
091244,404.0,41.148,18.021215,18.044399,9.022199,-0.560518,0.96237,4.01122,13.1,306.2
091246,406.0,43.5864,14.803857,15.003332,7.501666,-0.760266,-10.43177,3.519,11.5,306.0
091248,408.0,46.3296,7.692907,8.167372,4.083686,-1.70899,-12.16745,2.22723,7.3,305.1
091250,410.0,47.244,5.089556,5.171045,2.585523,-0.749082,-4.71645,0.66682,2.2,303.1
091252,412.0,43.5864,2.687099,4.538561,2.269281,-0.158121,10.85234,-0.88189,-2.9,304.1
091254,414.0,41.7576,1.220242,2.198522,1.099261,-0.58501,5.52568,-0.88305,-2.9,304.5
091256,416.0,43.2816,1.340241,2.029488,1.014744,-0.042259,-15.06346,-0.88914,-2.9,306.6
091258,418.0,42.0624,0.968174,1.556859,0.778429,-0.118157,3.36866,-8.7704,-30.4,288.5
091300,420.0,40.2336,6.910992,7.148868,3.574434,1.398002,2.36486,-13.67872,-46.4,294.8
091302,422.0,41.4528,12.990372,13.04746,6.52373,1.474648,-29.71202,-16.63578,-56.7,293.4
091304,424.0,42.0624,16.360411,16.371765,8.185882,0.831076,-17.27377,-8.59565,-28.7,299.5
091306,426.0,42.672,18.329491,18.339625,9.169813,0.491966,-12.1772,-0.57513,-1.9,302.7
091308,428.0,41.7576,18.28157,18.304424,9.152212,-0.0088,3.38177,-28.61235,-100.5,284.7
091310,430.0,39.3192,20.650154,20.79362,10.39681,0.622299,4.13074,-29.7616,-104.5,284.8
091312,432.0,36.576,25.288076,25.436429,12.718215,1.160702,0.05788,-28.0686,-97.8,287.0
091314,434.0,35.052,28.394956,28.435825,14.217912,0.749849,-1.99148,-19.93287,-68.1,292.7
091316,436.0,31.3944,30.858544,31.074552,15.537276,0.659682,3.56576,-8.9999,-29.9,301.0
091318,438.0,28.6512,30.916154,31.037618,15.518809,-0.009233,7.13179,-0.7535,-2.5,301.4
091320,440.0,27.1272,30.142828,30.181329,15.090665,-0.214072,5.72798,-0.78416,-2.6,301.6
091322,442.0,26.5176,29.216911,29.22327,14.611635,-0.239515,3.54895,-0.78494,-2.6,301.9
091324,444.0,25.908,28.66139,28.667873,14.333936,-0.13885,2.83787,-0.81567,-2.7,302.1
091326,446.0,23.7744,27.353857,27.436942,13.718471,-0.307733,9.08157,-0.82323,-2.7,304.9
091328,448.0,21.0312,25.981793,26.126207,13.063104,-0.327684,11.31157,12.6469,40.6,311.5
091330,450.0,21.336,20.632442,20.634694,10.317347,-1.372878,8.43328,13.7773,44.3,311.0
091332,452.0,20.7264,11.820753,11.836462,5.918231,-2.199558,9.84315,0.4744,1.6,296.5
091334,454.0,20.1168,10.298402,10.316429,5.158214,-0.380008,3.11356,-16.05092,-54.8,292.9
091336,456.0,20.4216,14.162656,14.165936,7.082968,0.962377,-14.75834,-21.87875,-76.1,287.5
091338,458.0,18.8976,19.980928,20.038964,10.019482,1.468257,-18.73546,-11.45553,-38.3,299.1
091340,460.0,15.5448,25.143485,25.366042,12.683021,1.33177,0.5958,-0.9219,-3.0,307.3
091342,462.0,12.8016,22.340835,22.508622,11.254311,-0.714355,13.89732,9.30513,30.3,307.1
091344,464.0,10.3632,17.724997,17.891934,8.945967,-1.154172,14.003,5.63394,18.6,302.9
091346,466.0,9.144,7.117054,7.220728,3.610364,-2.667802,9.36392,-1.11148,-3.7,300.4
091348,468.0,10.0584,7.939333,7.991817,3.995908,0.192772,-9.72986,-7.95385,-27.1,293.5
091350,470.0,11.5824,11.383437,11.485,5.7425,0.873296,-23.72886,-11.96316,-39.6,302.1
091352,472.0,10.9728,12.088848,12.104209,6.052104,0.154802,1.47106,3.84937,12.7,303.1
091354,474.0,10.3632,7.693709,7.717822,3.858911,-1.096597,4.34538,-0.0,-0.0,302.5
091356,476.0,10.3632,1.083552,1.083552,0.541776,-1.658568,0.23805,-0.57494,-1.9,302.6
091358,478.0,10.668,0.503326,0.588422,0.294211,-0.123782,-0.30208,-0.48416,-1.6,302.6
091400,480.0,10.3632,0.838877,0.892534,0.446267,0.076028,-0.3309,-0.4542,-1.5,302.8
091402,482.0,10.3632,1.222177,1.222177,0.611088,0.082411,-0.32617,-0.4242,-1.4,303.0
091404,484.0,10.668,0.603181,0.675818,0.337909,-0.13659,-0.29236,-0.4242,-1.4,303.0
091406,486.0,10.3632,0.671101,0.737075,0.368538,0.015315,-0.32079,-0.42434,-1.4,303.1
091408,488.0,10.3632,0.551938,0.551938,0.275969,-0.046285,-0.31791,-0.42448,-1.4,303.2
091410,490.0,10.3632,0.291499,0.291499,0.14575,-0.065109,-0.3314,-0.42434,-1.4,303.1
091412,492.0,10.9728,0.111195,0.619658,0.309829,0.082039,-0.33787,-0.42434,-1.4,303.1
091414,494.0,11.2776,0.231092,0.3825,0.19125,-0.059289,-0.32627,-0.42448,-1.4,303.2
091416,496.0,11.8872,0.255424,0.660949,0.330475,0.069612,-0.33459,-0.42434,-1.4,303.1
091418,498.0,12.192,0.188453,0.358354,0.179177,-0.075649,-0.326,-0.42448,-1.4,303.2
091420,500.0,12.4968,0.111195,0.324449,0.162225,-0.008476,-0.33482,-0.48528,-1.6,303.3
091422,502.0,12.192,0.886449,0.937388,0.468694,0.153235,-0.63452,-3.81184,-12.8,297.8
091424,504.0,10.9728,4.04733,4.226977,2.113488,0.822397,2.38884,-7.66084,-25.3,302.8
091426,506.0,9.7536,8.288167,8.37736,4.18868,1.037596,1.01974,-0.42518,-1.4,303.7
091428,508.0,7.62,10.783018,10.992075,5.496038,0.653679,4.30567,7.25694,23.7,306.2
091430,510.0,5.4864,8.198861,8.471928,4.235964,-0.630037,7.93672,1.25538,4.2,298.9
091432,512.0,4.8768,9.817742,9.836649,4.918324,0.34118,0.90138,-6.23356,-20.6,302.6
091434,514.0,4.2672,9.469451,9.489052,4.744526,-0.086899,2.13957,-0.4291,-1.4,306.5
091436,516.0,3.3528,9.301675,9.346512,4.673256,-0.035635,2.88305,-0.1212,-0.4,303.0
091438,518.0,2.4384,9.322049,9.366789,4.683394,0.005069,2.76974,-1.66595,-5.5,302.9
091440,520.0,1.524,9.376463,9.420944,4.710472,0.013539,2.74849,-0.95872,-3.2,299.6
091442,522.0,0.6096,9.274717,9.319683,4.659842,-0.025315,2.85248,-11.253,-37.2,302.5
091444,524.0,-0.3048,9.376448,9.420929,4.710465,0.025312,2.71517,1.0319,3.4,303.5
091446,526.0,-1.2192,9.322019,9.366759,4.683379,-0.013543,2.82214,-0.33055,-1.1,300.5
091448,528.0,-2.1336,9.301631,9.346468,4.673234,-0.005072,2.79722,-8.073,-27.0,299.0
091450,530.0,-3.048,9.469391,9.513437,4.756719,0.041742,2.67231,-15.20795,-51.5,295.3
091452,532.0,-3.6576,9.227547,9.247661,4.623831,-0.066444,2.06391,-10.43776,-34.7,300.8
091454,534.0,-4.572,9.422799,9.467062,4.733531,0.05485,2.63319,-1.02918,-3.4,302.7
091456,536.0,-5.4864,9.227533,9.272728,4.636364,-0.048584,2.91455,-0.45405,-1.5,302.7
091458,538.0,-6.4008,9.301594,9.346432,4.673216,0.018426,2.73122,0.24368,0.8,304.6
091500,540.0,-7.3152,9.469354,9.5134,4.7567,0.041742,2.67232,0.92938,3.1,299.8
091502,542.0,-8.2296,9.22751,9.272706,4.636353,-0.060173,2.94685,-10.8418,-35.9,302.0
091716,676.0,14.0208,182.541937,183.89301,1.372336,-0.024358,-3.16346,-17.9322,-60.5,296.4
091718,678.0,9.7536,14.484008,15.099519,7.54976,3.088712,-7.75724,-8.60002,-28.6,300.7
091720,680.0,13.716,12.997082,13.587669,6.793835,-0.377963,-32.16339,2.10243,6.9,304.7
091722,682.0,16.1544,10.876789,11.146763,5.573382,-0.610227,-15.85033,2.8709,9.5,302.2
091724,684.0,20.7264,5.251709,6.963019,3.481509,-1.045936,-37.23271,-5.16775,-17.5,295.3
091726,686.0,14.6304,13.913553,15.190398,7.595199,2.056845,9.00617,-19.79496,-68.4,289.4
091728,688.0,14.3256,16.047456,16.05035,8.025175,0.214988,0.34184,-16.7238,-57.0,293.4
091730,690.0,14.0208,19.218123,19.22054,9.61027,0.792548,-16.27012,-8.22756,-27.6,298.1
091732,692.0,12.192,20.016572,20.099942,10.049971,0.21985,4.8391,-3.012,-10.0,301.2
091734,694.0,10.668,19.789618,19.848213,9.924107,-0.062932,5.62403,-0.549,-1.8,305.0
091736,696.0,9.4488,16.636336,16.680951,8.340476,-0.791816,8.08683,5.62955,18.5,304.3
091738,698.0,9.7536,11.23622,11.240353,5.620177,-1.360149,3.8845,-1.56933,-5.3,296.1
091740,700.0,10.0584,10.403117,10.407581,5.203791,-0.208193,-0.10432,-12.60888,-42.8,294.6
091742,702.0,9.4488,13.650125,13.66373,6.831865,0.814037,-7.82596,-10.6023,-35.4,299.5
091744,704.0,11.2776,16.460247,16.561529,8.280765,0.72445,-27.68641,-0.93465,-3.1,301.5
091746,706.0,13.1064,18.289654,18.380858,9.190429,0.454832,-23.57794,-0.45255,-1.5,301.7
091748,708.0,16.764,18.340388,18.701547,9.350774,0.080172,-34.69058,-0.45255,-1.5,301.7
091750,710.0,20.4216,17.393025,17.773445,8.886723,-0.232025,-29.239,-0.4563,-1.5,304.2
091752,712.0,24.0792,13.383906,13.874688,6.937344,-0.97469,-20.61138,5.08014,16.7,304.2
091754,714.0,27.432,6.479145,7.295244,3.647622,-1.644861,-20.33153,-0.66462,-2.2,302.1
091756,716.0,31.3944,2.177998,4.521536,2.260768,-0.693427,-35.76832,-2.0536,-6.8,302.0
091758,718.0,36.8808,1.924239,5.814059,2.907029,0.323131,-55.73369,-1.59636,-5.3,301.2
091800,720.0,39.624,0.824322,2.864377,1.432188,-0.737421,-24.97283,-2.1105,-7.0,301.5
091802,722.0,42.0624,2.805299,3.71692,1.85846,0.213136,-24.75689,-1.56832,-5.2,301.6
091804,724.0,45.1104,2.248306,3.787504,1.893752,0.017646,-30.05439,-2.16576,-7.2,300.8
091806,726.0,45.4152,2.140897,2.162486,1.081243,-0.406254,-2.16062,-2.0502,-6.8,301.5
091808,728.0,46.3296,1.321458,1.606978,0.803489,-0.138877,-8.94683,-1.6588,-5.5,301.6
091810,730.0,47.5488,1.207557,1.715996,0.857998,0.027254,-12.22374,-1.359,-4.5,302.0
091812,732.0,48.768,1.819686,2.190367,1.095183,0.118593,-12.36786,-0.72528,-2.4,302.2
091814,734.0,49.6824,1.457492,1.720585,0.860292,-0.117446,-8.95116,-1.0577,-3.5,302.2
091816,736.0,50.292,0.874495,1.065999,0.533,-0.163646,-6.05624,-0.87551,-2.9,301.9
091818,738.0,51.2064,1.119845,1.445746,0.722873,0.094936,-9.33501,-1.208,-4.0,302.0
091820,740.0,52.1208,0.66717,1.13192,0.56596,-0.078456,-9.15344,-1.02612,-3.4,301.8
091822,742.0,52.7304,0.839346,1.037359,0.518679,-0.023641,-6.21195,-1.17663,-3.9,301.7
091824,744.0,53.34,0.439721,0.751643,0.375821,-0.071429,-0.30061,-1.32924,-4.4,302.1
091826,746.0,54.2544,0.376903,0.989032,0.494516,0.059348,-0.32387,-0.96672,-3.2,302.1
091828,748.0,55.4736,1.598086,2.010056,1.005028,0.255256,-12.65079,-1.60219,-5.3,302.3
091830,750.0,56.6928,0.45818,1.302451,0.651225,-0.176902,-12.00549,-0.78572,-2.6,302.2
091832,752.0,58.2168,0.711252,1.681801,0.840901,0.094838,-15.36326,-0.45405,-1.5,302.7
185351,35271.0,-14.3256,131.563639,150.237781,0.004352,-2.4e-05,-0.34962,-0.51442,-1.7,302.6
185353,35273.0,-14.3256,0.255423,0.255423,0.127712,0.06168,-0.34344,-0.51425,-1.7,302.5
185355,35275.0,-14.6304,0.22239,0.377307,0.188653,0.03047,-0.33677,-0.51459,-1.7,302.7
185357,35277.0,-14.6304,0.255423,0.255423,0.127712,-0.03047,-0.33637,-2.65131,-8.9,297.9
185359,35279.0,-14.3256,3.719776,3.732242,1.866121,0.869204,-6.08771,-2.3858,-7.9,302.0
185401,35281.0,-14.3256,5.443107,5.443107,2.721553,0.427716,-3.52675,-1.55584,-5.2,299.2
185403,35283.0,-14.0208,6.527152,6.534265,3.267132,0.27279,-4.17243,-9.0423,-30.6,295.5
185405,35285.0,-14.0208,9.462573,9.462573,4.731287,0.732078,-8.83767,-12.45735,-42.3,294.5
185407,35287.0,-13.4112,13.067976,13.082186,6.541093,0.904903,-16.18503,-7.39024,-24.7,299.2
185409,35289.0,-13.1064,14.557497,14.560688,7.280344,0.369625,-6.3396,-3.39791,-11.3,300.7
185411,35291.0,-12.8016,14.434028,14.437246,7.218623,-0.03086,-0.47878,-1.44768,-4.8,301.6
185413,35293.0,-12.4968,13.474434,13.477881,6.73894,-0.239842,0.39045,3.4048,11.2,304.0
185415,35295.0,-11.8872,9.250222,9.270287,4.635144,-1.051898,1.21659,-0.72432,-2.4,301.8
185417,35297.0,-10.9728,6.499455,6.563463,3.281731,-0.676706,-3.9214,-1.9513,-6.5,300.2
185419,35299.0,-9.144,5.96874,6.242625,3.121313,-0.080209,-17.01546,-4.85028,-16.2,299.4
185421,35301.0,-4.8768,8.165075,9.212895,4.606448,0.742567,-48.10185,-3.13872,-10.4,301.8
185423,35303.0,-1.524,8.138865,8.802408,4.401204,-0.102622,-31.28781,0.33429,1.1,303.9
185425,35305.0,1.8288,5.77412,6.676955,3.338478,-0.531363,-28.97,-0.0906,-0.3,302.0
185431,35311.0,30.1752,16.219451,32.658674,5.443112,0.350772,-96.09919,-0.51374,-1.7,302.2
185433,35313.0,39.3192,4.657555,10.261849,5.130925,-0.156094,-87.71652,-0.48352,-1.6,302.2
185435,35315.0,44.8056,2.227445,5.921325,2.960663,-1.085131,-47.32807,-0.42308,-1.4,302.2
185437,35317.0,49.0728,1.479264,4.516328,2.258164,-0.35125,-40.35442,-0.42294,-1.4,302.1
185439,35319.0,54.5592,2.849966,6.182467,3.091233,0.416535,-56.3787,-0.42308,-1.4,302.2
185441,35321.0,57.6072,0.926501,3.185704,1.592852,-0.749191,-27.66749,-0.42308,-1.4,302.2
185443,35323.0,60.96,1.457767,3.656002,1.828001,0.117575,-33.46171,-0.42308,-1.4,302.2
185445,35325.0,61.5696,0.383137,0.720004,0.360002,-0.734,-0.15932,-0.42308,-1.4,302.2
185447,35327.0,63.3984,0.893987,2.035613,1.017807,0.328903,-18.84603,-0.42294,-1.4,302.1
185449,35329.0,67.6656,2.161697,4.783506,2.391753,0.686973,-45.23512,-0.42308,-1.4,302.2
185451,35331.0,53.0352,6.353658,15.950473,7.975236,2.791741,30.22367,-0.42308,-1.4,302.2
185453,35333.0,44.196,3.864457,9.647045,4.823523,-1.575857,30.73093,-0.42308,-1.4,302.2
185455,35335.0,40.5384,1.479264,3.94541,1.972705,-1.425409,12.29962,-0.42308,-1.4,302.2
185457,35337.0,39.9288,1.360705,1.491017,0.745508,-0.613598,1.78819,-0.5083,-1.7,299.0
185459,35339.0,39.9288,2.659368,2.659368,1.329684,0.292088,-1.53182,-10.10898,-33.9,298.2
185501,35341.0,39.9288,8.316531,8.316531,4.158266,1.414291,-13.52408,-0.48256,-1.6,301.6
185503,35343.0,39.9288,12.912787,12.912787,6.456394,1.149064,-17.46827,7.63683,24.9,306.7
185505,35345.0,37.4904,11.264406,11.525304,5.762652,-0.346871,8.59444,7.13428,23.6,302.3
185507,35347.0,36.8808,8.00184,8.025027,4.012514,-0.875069,3.92755,-14.60026,-48.7,299.8
185509,35349.0,35.9664,12.277991,12.311994,6.155997,1.071742,-6.63045,-0.36156,-1.2,301.3
185511,35351.0,32.6136,9.612098,10.180063,5.090032,-0.532983,11.6461,-6.7815,-22.5,301.4
185513,35353.0,32.6136,7.660442,7.660442,3.830221,-0.629906,1.45199,0.27279,0.9,303.1
185515,35355.0,31.6992,9.311004,9.355796,4.677898,0.423839,1.59166,1.5678,5.2,301.5
185517,35357.0,30.7848,9.358581,9.403147,4.701573,0.011837,2.75237,-8.7318,-29.4,297.0
185519,35359.0,30.1752,9.310989,9.330923,4.665462,-0.018056,1.9341,-6.3315,-21.0,301.5
185521,35361.0,29.2608,9.247092,9.292193,4.646096,-0.009683,2.80711,1.0591,3.5,302.6
185523,35363.0,28.3464,9.310974,9.355767,4.677883,0.015893,2.73868,-0.2718,-0.9,302.0
185525,35365.0,27.432,9.193366,9.238729,4.619365,-0.029259,2.85855,0.72432,2.4,301.8
185527,35367.0,26.8224,9.417152,9.436862,4.718431,0.049533,1.7485,-0.8758,-2.9,302.0
185529,35369.0,25.908,9.25167,9.296748,4.648374,-0.035029,2.87818,-0.48272,-1.6,301.7
185531,35371.0,24.9936,9.417137,9.461426,4.730713,0.04117,2.6718,-0.72408,-2.4,301.7
185533,35373.0,24.384,9.193336,9.213525,4.606762,-0.061975,2.04902,-0.755,-2.5,302.0
185535,35375.0,23.4696,9.31093,9.355722,4.677861,0.03555,2.68342,-0.39273,-1.3,302.1
185537,35377.0,22.5552,9.247031,9.292132,4.646066,-0.015898,2.82448,-0.39273,-1.3,302.1
185539,35379.0,21.9456,9.310915,9.330849,4.665425,0.00968,1.85634,-0.45285,-1.5,301.9
185541,35381.0,21.0312,9.358489,9.403055,4.701528,0.018051,2.73483,-0.4228,-1.4,302.0
185543,35383.0,20.1168,9.193299,9.238662,4.619331,-0.041098,2.89143,-0.42308,-1.4,302.2
222435,47915.0,-14.6304,239.033854,241.546168,0.019274,-0.000367,-0.34829,-0.53344,-1.6,333.4
222437,47917.0,-14.0208,0.314084,0.685756,0.342878,0.161802,-0.56405,-0.53344,-1.6,333.4
222439,47919.0,-13.4112,0.314084,0.685756,0.342878,0.0,-0.45197,-0.53344,-1.6,333.4
222441,47921.0,-13.1064,0.18845,0.358353,0.179176,-0.081851,-0.32534,-0.53344,-1.6,333.4
222443,47923.0,-12.8016,0.251267,0.395017,0.197508,0.009166,-0.33362,-0.5001,-1.5,333.4
222445,47925.0,-12.4968,0.18845,0.358353,0.179176,-0.009166,-0.33316,-0.49995,-1.5,333.3
222447,47927.0,-11.8872,0.384845,0.720915,0.360457,0.09064,-0.33775,-2.6376,-8.0,329.7
222449,47929.0,-11.2776,3.558757,3.610591,1.805295,0.722419,-8.48461,-9.26457,-28.1,329.7
222451,47931.0,-10.3632,8.477631,8.526802,4.263401,1.229053,-18.66973,-9.63892,-29.2,330.1
222453,47933.0,-9.144,11.486519,11.551042,5.775521,0.75606,-19.38586,-0.6692,-2.0,334.6
222455,47935.0,-8.5344,8.916831,8.937645,4.468822,-0.65335,0.0238,1.56087,4.7,332.1
222457,47937.0,-8.5344,6.093249,6.093249,3.046625,-0.711098,1.22822,-6.93876,-21.2,327.3
222459,47939.0,-8.8392,7.870371,7.876271,3.938135,0.445755,-0.14393,-6.0138,-18.0,334.1
222501,47941.0,-7.0104,10.32544,10.486144,5.243072,0.652468,-23.71268,3.05598,9.3,328.6
222503,47943.0,-5.7912,7.178583,7.281381,3.64069,-0.801191,-5.41867,-20.15805,-62.7,321.5
222505,47945.0,-5.1816,12.076851,12.092226,6.046113,1.202712,-19.11149,-25.52,-80.0,319.0
222507,47947.0,-1.8288,19.999305,20.278399,10.1392,2.046543,-71.66623,-24.434,-76.0,321.5
222509,47949.0,0.0,22.656347,22.730036,11.365018,0.612909,-28.01567,-16.01964,-48.9,327.6
222511,47951.0,3.3528,26.325324,26.537972,13.268986,0.951984,-54.15601,-2.18658,-6.6,331.3
222513,47953.0,2.1336,21.933095,21.966955,10.983477,-1.142755,12.06919,6.59685,19.5,338.3
222515,47955.0,3.3528,17.457679,17.5002,8.7501,-1.116688,2.85881,12.97998,38.7,335.4
222517,47957.0,2.1336,10.578909,10.648932,5.324466,-1.712817,9.23209,-3.38561,-10.3,328.7
222519,47959.0,1.2192,5.139629,5.220336,2.610168,-1.357149,4.70999,-7.3646,-23.0,320.2
222521,47961.0,-0.6096,12.115102,12.252356,6.126178,1.758005,-5.98751,-47.66292,-154.8,307.9
222523,47963.0,-1.8288,22.995668,23.027966,11.513983,2.693903,-55.55546,-53.55504,-176.4,303.6
222525,47965.0,-2.1336,30.958284,30.959784,15.479892,1.982955,-69.7525,-43.02004,-131.6,326.9
222527,47967.0,-3.048,32.281834,32.294782,16.147391,0.333749,-2.10311,-1.84296,-5.6,329.1
222529,47969.0,-4.2672,30.598538,30.622818,15.311409,-0.417991,6.56698,-0.89019,-2.7,329.7
222531,47971.0,-4.2672,29.758104,29.758104,14.879052,-0.216178,1.38879,-0.82375,-2.5,329.5
222533,47973.0,-5.4864,28.118378,28.144797,14.072399,-0.403327,7.03092,-2.3093,-7.0,329.9
222535,47975.0,-5.7912,28.112968,28.114621,14.05731,-0.007544,0.9975,-23.71255,-73.3,323.5
222537,47977.0,-5.7912,29.480122,29.480122,14.740061,0.341375,-19.55695,-12.81775,-39.5,324.5
222539,47979.0,-4.8768,30.47635,30.490065,15.245032,0.252486,-12.52246,-10.60804,-32.6,325.4
222541,47981.0,-4.572,30.802576,30.804084,15.402042,0.078505,-2.57081,-7.64939,-23.3,328.3
222543,47983.0,-5.4864,29.807966,29.821988,14.910994,-0.245524,4.3281,-1.38516,-4.2,329.8
222545,47985.0,-4.8768,29.817416,29.823647,14.911823,0.000415,-2.36979,-0.85774,-2.6,329.9
222547,47987.0,-4.572,28.4417,28.443333,14.221667,-0.345078,1.97523,7.87768,23.6,333.8
222549,47989.0,-4.572,26.363267,26.363267,13.181633,-0.520017,4.70407,2.48025,7.5,330.7
222551,47991.0,-4.8768,24.124679,24.126604,12.063302,-0.559165,6.13368,-0.75992,-2.3,330.4
222553,47993.0,-3.9624,23.977643,23.995072,11.997536,-0.032883,-3.69193,-0.59508,-1.8,330.6
222555,47995.0,-2.4384,23.368332,23.417974,11.708987,-0.144275,-7.29851,-0.59472,-1.8,330.4
222557,47997.0,-1.8288,22.474534,22.4828,11.2414,-0.233794,0.75842,-6.66455,-20.5,325.1
222559,47999.0,-0.3048,22.390327,22.442133,11.221066,-0.010167,-10.77741,-13.88673,-42.9,323.7
222601,48001.0,0.0,24.095001,24.096928,12.048464,0.413699,-8.42275,-14.27628,-43.9,325.2
222603,48003.0,1.2192,25.753549,25.782392,12.891196,0.421366,-18.43338,-10.57212,-32.4,326.3
222605,48005.0,2.4384,25.861308,25.89003,12.945015,0.02691,-8.16717,-5.56855,-16.9,329.5
222607,48007.0,6.4008,25.128486,25.438975,12.719487,-0.112764,-31.73468,-0.75831,-2.3,329.7
222609,48009.0,10.9728,24.242523,24.669882,12.334941,-0.192273,-35.86092,0.13284,0.4,332.1
222611,48011.0,13.716,22.94266,23.106077,11.553039,-0.390951,-13.76667,4.75618,14.3,332.6
222613,48013.0,11.8872,18.919355,19.007538,9.503769,-1.024635,11.93531,3.60136,10.9,330.4
222615,48015.0,12.192,15.31874,15.321772,7.660886,-0.921442,3.77666,-0.49575,-1.5,330.5
222617,48017.0,14.0208,15.809933,15.915354,7.957677,0.148395,-18.09836,-22.28714,-69.8,319.3
222619,48019.0,14.3256,18.26041,18.262954,9.131477,0.5869,-10.88691,-24.43126,-76.3,320.2
222621,48021.0,13.716,21.948743,21.957207,10.978603,0.923563,-19.09475,-13.4992,-41.6,324.5
222623,48023.0,13.716,24.130266,24.130266,12.065133,0.543265,-18.50285,-11.02767,-33.9,325.3
222625,48025.0,13.716,25.061514,25.061514,12.530757,0.232812,-11.78298,-9.08782,-27.8,326.9
222627,48027.0,13.716,25.442935,25.442935,12.721468,0.095356,0.11367,-0.85644,-2.6,329.4
222629,48029.0,13.716,24.914526,24.914526,12.457263,-0.132103,1.97214,-0.72424,-2.2,329.2
222631,48031.0,13.716,23.960308,23.960308,11.980154,-0.238555,2.82811,-0.69174,-2.1,329.4
222633,48033.0,13.1064,23.284993,23.292971,11.646486,-0.166834,4.01337,-0.59364,-1.8,329.8
222635,48035.0,12.4968,22.992396,23.000475,11.500238,-0.073124,3.32435,-29.76432,-94.4,315.3
222637,48037.0,12.192,25.843558,25.845355,12.922678,0.71122,-21.99543,-26.63164,-83.8,317.8
222639,48039.0,11.8872,28.752447,28.754062,14.377031,0.727176,-26.85314,-22.2132,-69.2,321.0
222641,48041.0,11.8872,30.503462,30.503462,15.251731,0.43735,-23.79603,-13.95992,-43.3,322.4
222643,48043.0,11.8872,31.243674,31.243674,15.621837,0.185053,-2.86064,-12.24549,-37.9,323.1
222645,48045.0,10.668,32.07586,32.099023,16.049511,0.213837,0.0538,-10.06396,-31.1,323.6
222647,48047.0,7.62,32.326579,32.469956,16.234978,0.092733,6.44471,-9.2158,-28.4,324.5
222649,48049.0,6.4008,31.98092,32.004151,16.002075,-0.116452,3.27732,-8.2722,-25.5,324.4
222651,48051.0,5.7912,31.619573,31.625449,15.812725,-0.094675,1.41826,-8.20732,-25.3,324.4
222653,48053.0,4.572,31.873148,31.896458,15.948229,0.067752,1.55336,-8.21744,-25.3,324.8
222655,48055.0,4.572,31.742006,31.742006,15.871003,-0.038613,-0.95867,-8.21016,-25.2,325.8
222657,48057.0,4.572,31.732363,31.732363,15.866182,-0.002411,-1.30001,-5.3889,-16.5,326.6
222659,48059.0,5.1816,31.313178,31.319111,15.659556,-0.103313,-1.9778,-3.43665,-10.5,327.3
222701,48061.0,5.4864,30.836432,30.837938,15.418969,-0.120293,-0.74362,-3.20558,-9.8,327.1
222703,48063.0,5.7912,30.506087,30.50761,15.253805,-0.082582,-0.97175,-4.09248,-12.6,324.8
222705,48065.0,6.4008,30.108734,30.114904,15.057452,-0.098177,-1.58818,-9.59928,-29.6,324.3
222707,48067.0,6.7056,30.713704,30.715216,15.357608,0.150078,-3.38607,-9.5904,-29.6,324.0
222709,48069.0,6.7056,31.10564,31.10564,15.55282,0.097606,-1.97924,-9.54324,-29.4,324.6
222711,48071.0,7.0104,31.157319,31.15881,15.579405,0.013293,-2.11133,-6.70118,-20.6,325.3
222713,48073.0,7.0104,31.313479,31.313479,15.656739,0.038667,-1.51478,-6.8208,-21.0,324.8
222715,48075.0,6.7056,31.32567,31.327153,15.663577,0.003419,-0.29002,-6.98535,-21.5,324.9
222717,48077.0,6.4008,31.271206,31.272691,15.636346,-0.013616,-0.10769,-7.50981,-23.1,325.1
222719,48079.0,6.4008,31.080286,31.080286,15.540143,-0.048102,-0.60729,-5.084,-15.5,328.0
222721,48081.0,5.4864,30.749263,30.762856,15.381428,-0.079357,2.49929,-0.88641,-2.7,328.3
222723,48083.0,5.4864,29.798705,29.798705,14.899353,-0.241038,1.59806,-0.85254,-2.6,327.9
222725,48085.0,5.4864,28.866332,28.866332,14.433166,-0.233093,1.79894,-0.85384,-2.6,328.4
222727,48087.0,6.096,27.687589,27.694299,13.84715,-0.293008,0.81399,-0.72776,-2.2,330.8
222729,48089.0,6.7056,25.930194,25.937358,12.968679,-0.439235,2.33263,6.79932,20.4,333.3
222731,48091.0,7.0104,21.731724,21.733861,10.866931,-1.050874,6.87577,11.56095,34.5,335.1
222733,48093.0,7.62,14.469155,14.48199,7.240995,-1.812968,6.47224,7.9584,24.0,331.6
222735,48095.0,7.9248,5.493822,5.502271,2.751135,-2.24493,2.71176,0.29637,0.9,329.3
222737,48097.0,7.62,0.335567,0.45333,0.226665,-1.262235,-0.15799,-0.79104,-2.4,329.6
222739,48099.0,7.9248,0.838918,0.892573,0.446286,0.10981,-0.33996,-0.78936,-2.4,328.9
222741,48101.0,8.5344,0.835289,1.034079,0.51704,0.035377,-6.27417,-0.75532,-2.3,328.4
222743,48103.0,9.4488,0.894003,1.278816,0.639408,0.061184,-9.3003,-6.84795,-21.3,321.5
222745,48105.0,10.3632,5.743879,5.816208,2.908104,1.134348,-15.19246,-10.7481,-33.0,325.7
222747,48107.0,10.668,9.893903,9.898597,4.949299,1.020598,-12.0094,-3.04854,-9.3,327.8
222749,48109.0,10.3632,9.682527,9.687323,4.843662,-0.052818,1.15727,-9.7867,-31.0,315.7
222751,48111.0,10.3632,14.288302,14.288302,7.144151,1.150245,-19.362,-33.35844,-107.4,310.6
222753,48113.0,10.0584,21.463931,21.466095,10.733047,1.794448,-40.40123,-38.13984,-122.4,311.6
222755,48115.0,8.2296,28.133572,28.19295,14.096475,1.681714,-38.05078,-32.5833,-104.1,313.0
222757,48117.0,8.2296,30.97423,30.97423,15.487115,0.69532,-32.52282,-19.73742,-60.6,325.7
222759,48119.0,8.5344,32.222908,32.224349,16.112175,0.31253,-9.05657,-0.78408,-2.4,326.7
222801,48121.0,9.4488,31.737424,31.750594,15.875297,-0.118439,-2.89681,-0.91224,-2.8,325.8
222803,48123.0,8.8392,31.264682,31.270625,15.635312,-0.119993,1.79118,-8.43552,-26.1,323.2
222805,48125.0,8.2296,31.070799,31.076778,15.538389,-0.048462,1.19444,-9.54855,-29.7,321.5
222807,48127.0,7.3152,31.52862,31.541877,15.770939,0.116275,0.34919,-11.52402,-35.8,321.9
222809,48129.0,6.096,32.079044,32.102204,16.051102,0.140082,0.76433,-10.43936,-32.3,323.2
222811,48131.0,5.1816,32.571526,32.584359,16.292179,0.120539,-0.17035,-8.25435,-25.5,323.7
222813,48133.0,3.9624,32.802515,32.825165,16.412582,0.060201,1.20945,-7.59755,-23.5,323.3
222815,48135.0,3.3528,32.466593,32.472316,16.236158,-0.088212,1.02111,-6.57923,-20.3,324.1
222817,48137.0,2.1336,32.098531,32.121678,16.060839,-0.08766,2.95419,-6.0912,-18.8,324.0
222819,48139.0,1.524,31.464185,31.470089,15.735045,-0.162897,2.12353,-1.0791,-3.3,327.0
222821,48141.0,0.9144,30.801132,30.807164,15.403582,-0.165731,2.3844,9.4188,28.2,334.0
222823,48143.0,0.6096,27.061516,27.063233,13.531616,-0.935983,8.88401,1.2445,3.8,327.5
222825,48145.0,1.2192,24.69678,24.704302,12.352151,-0.589733,3.61878,7.8064,23.8,328.0
222827,48147.0,1.2192,20.744162,20.744162,10.372081,-0.990035,6.99988,-2.80923,-8.7,322.9
222829,48149.0,1.2192,20.749222,20.749222,10.374611,0.001265,0.82034,-20.4352,-64.0,319.3
222831,48151.0,1.524,23.320734,23.322726,11.661363,0.643376,-13.81749,-13.0572,-40.5,322.4
222833,48153.0,2.4384,24.615645,24.632623,12.316311,0.327474,-12.55263,-22.40145,-74.3,301.5
222835,48155.0,2.4384,28.296522,28.296522,14.148261,0.915975,-34.54948,-55.3903,-185.5,298.6
222837,48157.0,2.7432,34.124576,34.125938,17.062969,1.457354,-49.34183,-58.4953,-181.1,323.0
222839,48159.0,3.048,37.181648,37.182898,18.591449,0.76424,-28.22235,-0.03251,-0.1,325.1
222841,48161.0,2.7432,36.22004,36.221322,18.110661,-0.240394,0.10097,1.95762,5.9,331.8
222843,48163.0,2.1336,33.792528,33.798026,16.899013,-0.605824,5.72071,22.03578,65.7,335.4
222845,48165.0,3.048,24.347428,24.364593,12.182296,-2.358359,15.69511,25.13246,76.6,328.1
222847,48167.0,3.048,12.95099,12.95099,6.475495,-2.853401,11.3919,-10.09824,-31.4,321.6
222849,48169.0,2.7432,14.603198,14.606379,7.303189,0.413847,-5.91257,-7.88364,-24.4,323.1
222851,48171.0,2.1336,17.756629,17.76709,8.883545,0.790178,-11.68202,-24.33691,-76.7,317.3
222853,48173.0,2.1336,19.816704,19.816704,9.908352,0.512403,-14.31631,-6.9768,-21.6,323.0
222855,48175.0,1.8288,19.899663,19.901997,9.950998,0.021323,1.53117,-9.38488,-29.2,321.4
222857,48177.0,1.8288,21.92763,21.92763,10.963815,0.506409,-15.86078,-9.3888,-28.8,326.0
222859,48179.0,2.1336,22.361002,22.363079,11.18154,0.108862,-1.40884,-0.61959,-1.9,326.1
222901,48181.0,2.4384,20.904741,20.906963,10.453481,-0.36403,2.22979,-2.21559,-6.9,321.1
222903,48183.0,2.4384,21.117809,21.117809,10.558904,0.052712,0.52409,-22.40878,-71.8,312.1
222905,48185.0,2.4384,24.306728,24.306728,12.153364,0.79723,-24.95375,-35.0778,-114.0,307.7
222907,48187.0,1.524,28.282231,28.297009,14.148504,0.99757,-27.82142,-32.22625,-101.5,317.5
222909,48189.0,0.9144,31.080436,31.086414,15.543207,0.697351,-26.73467,-10.5864,-33.0,320.8
222911,48191.0,0.3048,31.447111,31.453019,15.72651,0.091652,-0.2763,-4.15872,-12.8,324.9
222913,48193.0,0.0,31.032201,31.033698,15.516849,-0.104831,0.83906,-0.59706,-1.8,331.7
222915,48195.0,-0.6096,28.228412,28.234994,14.117497,-0.699676,7.72864,20.77257,63.7,326.1
222917,48197.0,-0.3048,23.08711,23.089122,11.544561,-1.286468,9.05836,-41.24736,-134.4,306.9
222919,48199.0,-0.3048,25.210098,25.210098,12.605049,0.530244,-19.49885,-31.83,-100.0,318.3
222921,48201.0,-0.6096,28.860256,28.861866,14.430933,0.912942,-32.44456,-5.4275,-16.7,325.0
222923,48203.0,-0.3048,28.644371,28.645993,14.322996,-0.053968,-0.57989,4.13664,12.4,333.6
222925,48205.0,1.8288,28.254889,28.335332,14.167666,-0.077665,-14.43403,20.85402,62.7,332.6
222927,48207.0,2.4384,14.148761,14.161887,7.080943,-3.543361,13.64261,-5.1376,-16.0,321.1
222929,48209.0,2.1336,12.883453,12.887058,6.443529,-0.318707,2.41527,-4.66704,-14.4,324.1
222931,48211.0,2.7432,13.917601,13.930945,6.965473,0.260972,-7.72772,-4.13639,-12.7,325.7
222933,48213.0,2.7432,14.695332,14.695332,7.347666,0.191097,-5.68242,2.83533,8.7,325.9
222935,48215.0,4.572,12.643302,12.774882,6.387441,-0.480112,-10.17398,-0.84734,-2.6,325.9
222937,48217.0,5.1816,7.054441,7.080731,3.540365,-1.423538,1.2055,-1.1403,-3.5,325.8
222939,48219.0,3.9624,7.718992,7.814684,3.907342,0.183488,3.173,-17.67618,-56.6,312.3
222941,48221.0,3.6576,13.837299,13.840656,6.920328,1.506493,-20.70986,-21.9398,-67.3,326.0
222943,48223.0,3.9624,16.7426,16.745375,8.372687,0.726179,-12.7049,8.31045,25.5,325.9
222945,48225.0,3.9624,11.461937,11.461937,5.730969,-1.320859,4.75067,-3.25119,-10.1,321.9
222947,48227.0,3.9624,10.290392,10.290392,5.145196,-0.292887,1.04262,-9.21405,-28.5,323.3
222949,48229.0,3.3528,13.373587,13.387474,6.693737,0.774271,-7.00525,-6.23415,-19.5,319.7
222951,48231.0,3.048,13.263575,13.267076,6.633538,-0.030099,1.32344,-18.46944,-58.3,316.8
222953,48233.0,2.7432,16.474545,16.477364,8.238682,0.802572,-13.57632,-2.9232,-9.0,324.8
222955,48235.0,2.4384,16.229231,16.232092,8.116046,-0.061318,1.69032,-0.71632,-2.2,325.6
222957,48237.0,2.4384,14.9945,14.9945,7.49725,-0.309398,1.80567,4.86476,14.8,328.7
222959,48239.0,2.7432,8.410896,8.416417,4.208209,-1.64452,3.30058,1.40137,4.3,325.9
223001,48241.0,3.048,0.453483,0.546397,0.273198,-1.967506,-0.00275,-1.23614,-3.8,325.3
223003,48243.0,3.3528,0.549461,0.628339,0.31417,0.020486,-0.32607,-1.49638,-4.6,325.3
223005,48245.0,3.9624,2.347626,2.425481,1.21274,0.449285,-7.12991,-1.5322,-4.7,326.0
223007,48247.0,4.2672,4.743112,4.752896,2.376448,0.581854,-5.44712,-1.06359,-3.3,322.3
223009,48249.0,3.6576,4.389984,4.432107,2.216053,-0.080197,1.75257,-13.4694,-42.0,320.7
223011,48251.0,0.3048,4.801551,5.856293,2.928146,0.356046,9.17285,-18.49014,-58.2,317.7
223013,48253.0,0.9144,12.247556,12.262717,6.131359,1.601607,-24.22729,-14.26225,-44.5,320.5
223015,48255.0,0.9144,18.45691,18.45691,9.228455,1.548548,-32.58251,-9.79965,-30.5,321.3
223017,48257.0,0.6096,22.645344,22.647395,11.323698,1.047622,-25.80262,-7.03922,-21.8,322.9
223019,48259.0,0.9144,23.902985,23.904928,11.952464,0.314383,-6.06913,-5.10814,-15.8,323.3
223021,48261.0,-0.9144,19.966275,20.049854,10.024927,-0.963768,11.97072,-2.75825,-8.5,324.5
223023,48263.0,-0.9144,21.76269,21.76269,10.881345,0.428209,-14.0099,-2.63007,-8.1,324.7
223025,48265.0,-1.2192,21.08341,21.085613,10.542807,-0.169269,2.82729,-2.85472,-8.8,324.4
223027,48267.0,-2.1336,20.97728,20.9972,10.4986,-0.022104,3.68405,-2.78812,-8.6,324.2
223029,48269.0,-3.048,20.673827,20.694039,10.347019,-0.075791,3.99101,-2.5968,-8.0,324.6
223031,48271.0,-3.6576,20.10385,20.11309,10.056545,-0.145237,3.45209,-2.56592,-7.9,324.8
223033,48273.0,-2.7432,20.248176,20.268812,10.134406,0.038931,-6.37873,-2.53344,-7.8,324.8
223035,48275.0,-2.4384,19.84107,19.843411,9.921706,-0.10635,0.49121,-2.85296,-8.8,324.2
223037,48277.0,-0.6096,22.026649,22.102438,11.051219,0.564756,-26.73798,-3.34029,-10.3,324.3
223039,48279.0,0.9144,20.156857,20.214388,10.107194,-0.472012,-1.99912,-1.85535,-5.7,325.5
223041,48281.0,3.6576,20.824156,21.004062,10.502031,0.197418,-27.69272,3.44925,10.5,328.5
223043,48283.0,5.7912,17.676765,17.805063,8.902532,-0.799749,-3.90917,7.32109,22.3,328.3
223045,48285.0,5.1816,14.510654,14.523453,7.261726,-0.820403,5.75962,-1.00905,-3.1,325.5
223047,48287.0,7.9248,5.408782,6.064657,3.032329,-2.114699,-13.65586,-1.04384,-3.2,326.2
223049,48289.0,11.2776,1.332441,3.607862,1.803931,-0.614199,-30.7963,-0.94569,-2.9,326.1
223051,48291.0,17.3736,2.348498,6.532737,3.266369,0.731219,-64.58747,-1.98616,-6.1,325.6
223053,48293.0,23.1648,3.668743,6.855485,3.427742,0.080687,-57.24804,-1.7919,-5.5,325.8
223055,48295.0,24.384,5.380541,5.516944,2.758472,-0.334635,-9.73062,-1.56288,-4.8,325.6
223057,48297.0,23.7744,5.712585,5.745019,2.872509,0.057019,1.60834,-1.66311,-5.1,326.1
223059,48299.0,22.2504,5.959799,6.151567,3.075783,0.101637,4.23393,-0.84786,-2.6,326.1
223101,48301.0,22.86,4.136215,4.180895,2.090448,-0.492668,-3.68165,-0.8476,-2.6,326.0
223103,48303.0,23.7744,1.008605,1.361401,0.6807,-0.704874,-8.23955,-1.3044,-4.0,326.1
223105,48305.0,22.86,2.576688,2.734126,1.367063,0.343182,2.18533,-1.10738,-3.4,325.7
223107,48307.0,20.7264,3.624676,4.20601,2.103005,0.367971,5.66327,-2.34288,-7.2,325.4
223109,48309.0,17.6784,2.747794,4.10374,2.05187,-0.025567,8.85106,-2.07808,-6.4,324.7
223111,48311.0,15.24,2.23541,3.307998,1.653999,-0.198936,7.18395,-2.14764,-6.6,325.4
223113,48313.0,13.4112,0.966074,2.068286,1.034143,-0.309928,5.32599,-1.3036,-4.0,325.9
223115,48315.0,10.3632,0.492658,3.087558,1.543779,0.254818,8.53699,-1.20657,-3.7,326.1
223117,48317.0,8.2296,0.551845,2.203811,1.101905,-0.220937,6.18432,-1.56432,-4.8,325.9
223119,48319.0,7.3152,1.000124,1.355129,0.677565,-0.21217,2.49222,-1.33619,-4.1,325.9
223121,48321.0,6.4008,0.766223,1.19299,0.596495,-0.040535,2.41315,-1.56336,-4.8,325.7
223123,48323.0,5.7912,0.788433,0.996614,0.498307,-0.049094,-0.29119,-1.39879,-4.3,325.3
223125,48325.0,5.1816,0.255408,0.660943,0.330471,-0.083918,-0.30409,-1.40008,-4.3,325.6
223127,48327.0,6.7056,1.040707,1.84544,0.92272,0.296125,-15.7297,-1.20768,-3.7,326.4
223129,48329.0,7.9248,0.961932,1.552985,0.776492,-0.073114,-12.08615,-1.27062,-3.9,325.8
223131,48331.0,8.8392,1.224755,1.528448,0.764224,-0.006134,-9.17453,-1.17396,-3.6,326.1
223133,48333.0,9.7536,0.63852,1.115273,0.557637,-0.103294,-9.12926,-1.07613,-3.3,326.1
223135,48335.0,10.668,0.63852,1.115273,0.557637,0.0,-9.24564,-1.23576,-3.8,325.2
223137,48337.0,10.9728,0.666224,0.732638,0.366319,-0.095659,-0.29653,-1.23842,-3.8,325.9
223139,48339.0,11.2776,0.458125,0.550256,0.275128,-0.045596,-0.31812,-1.33537,-4.1,325.7
223141,48341.0,12.4968,0.788433,1.451921,0.725961,0.225417,-12.54657,-1.85535,-5.7,325.5
223143,48343.0,13.1064,0.555975,0.825058,0.412529,-0.156716,-0.27464,-1.8908,-5.8,326.0
223145,48345.0,13.716,0.458125,0.762555,0.381278,-0.015625,-0.31268,-1.43352,-4.4,325.8
223147,48347.0,14.0208,0.384781,0.490876,0.245438,-0.06792,-0.31827,-1.72515,-5.3,325.5
223149,48349.0,14.3256,0.549428,0.628311,0.314155,0.034358,-0.32869,-1.33496,-4.1,325.6
223151,48351.0,14.6304,0.333112,0.451516,0.225758,-0.044198,-0.32403,-0.81675,-2.5,326.7
223153,48353.0,15.24,2.619195,2.6892,1.3446,0.559421,-7.50909,-0.4899,-1.5,326.6
223155,48355.0,15.8496,2.036669,2.125943,1.062971,-0.140815,-5.77167,-0.4899,-1.5,326.6
223157,48357.0,17.0688,1.357779,1.824832,0.912416,-0.075277,-12.02145,-0.52256,-1.6,326.6
223159,48359.0,17.9832,0.383112,0.991414,0.495707,-0.208355,-0.24405,-0.52224,-1.6,326.4
223201,48361.0,18.5928,0.333585,0.694904,0.347452,-0.074127,-0.30378,-1.10874,-3.4,326.1
223203,48363.0,19.2024,0.356447,0.706164,0.353082,0.002815,-0.31936,-1.3044,-4.0,326.1
223205,48365.0,20.1168,0.44478,1.016836,0.508418,0.077668,-9.34007,-0.653,-2.0,326.5
