161235,0,318.864,0.0,0.0,0,0,-0.35
161242,7.0,322.248,114.050154,114.100346,16.300049,2.328578,-79.40249
161245,10.0,322.588,55.951509,55.952542,18.650847,0.783599,-28.72193
161247,12.0,322.637,38.907677,38.907708,19.453854,0.401504,-14.43804
161250,15.0,322.608,58.597105,58.597113,19.532371,0.026172,-5.86433
161253,18.0,322.766,63.252504,63.252701,21.084234,0.517288,-22.00271
161256,21.0,323.196,56.977008,56.97863,18.992877,-0.697119,1.80483
161258,23.0,323.809,36.00441,36.009628,18.004814,-0.494032,-0.46438
161301,26.0,325.68,51.137644,51.17186,17.057287,-0.315842,-3.25259
161303,28.0,330.249,31.364877,31.695919,15.84796,-0.604663,-21.74658
161306,31.0,335.995,45.914868,46.273011,15.424337,-0.141208,-28.85451
161309,34.0,339.884,47.522085,47.680949,15.89365,0.156438,-26.33732
161312,37.0,341.222,49.649685,49.66771,16.555903,0.220751,-12.82982
161314,39.0,341.12,31.917736,31.917899,15.958949,-0.298477,1.22836
161316,41.0,340.57,25.555494,25.561412,12.780706,-1.589122,13.76247
161319,44.0,340.013,25.221854,25.228003,8.409334,-1.457124,8.50604
161321,46.0,339.658,10.124424,10.130646,5.065323,-1.672005,5.94049
161323,48.0,339.55,11.442342,11.442851,5.721426,0.328051,-4.65924
161325,50.0,339.625,19.241739,19.241885,9.620943,1.949759,-33.95545
161327,52.0,339.876,22.002851,22.004283,11.002141,0.690599,-13.52437
161329,54.0,340.342,24.247458,24.251935,12.125968,0.561914,-13.47877
161332,57.0,341.074,40.860959,40.867515,13.622505,0.498846,-13.97845
161335,60.0,341.905,45.18671,45.194351,15.064784,0.48076,-15.92346
161337,62.0,342.474,33.716665,33.721466,16.860733,0.897975,-32.02167
161340,65.0,342.666,54.777036,54.777373,18.259124,0.46613,-15.83387
161343,68.0,342.683,57.436801,57.436804,19.145601,0.295492,-9.75978
161345,70.0,342.708,37.970836,37.970844,18.985422,-0.080089,-4.16165
161348,73.0,342.756,58.083888,58.083907,19.361302,0.125293,-6.89533
161350,75.0,342.854,38.711798,38.711922,19.355961,-0.00267,-5.65612
161352,77.0,343.09,39.100732,39.101444,19.550722,0.09738,-7.40385
161355,80.0,343.44,59.710586,59.711612,19.903871,0.117716,-8.09402
161357,82.0,343.764,41.320301,41.321571,20.660786,0.378458,-17.84616
161400,85.0,343.972,61.998986,61.999335,20.666445,0.001886,-7.51305
161403,88.0,344.098,61.994392,61.99452,20.66484,-0.000535,-7.3288
161405,90.0,344.196,41.631005,41.63112,20.81556,0.07536,-8.4769
161407,92.0,344.268,41.631565,41.631628,20.815814,0.000127,-7.50801
161410,95.0,344.314,62.827752,62.827769,20.94259,0.042259,-8.07078
161413,98.0,344.36,63.251107,63.251123,21.083708,0.047039,-8.32708
161416,101.0,344.415,64.237574,64.237598,21.412533,0.109608,-9.58154
161419,104.0,344.465,64.663505,64.663524,21.554508,0.047325,-9.01532
161422,107.0,344.503,64.649363,64.649374,21.549791,-0.001572,-8.38292
161425,110.0,344.539,63.833844,63.833854,21.277951,-0.090613,-6.90903
161428,113.0,344.583,64.641892,64.641907,21.547302,0.089784,-9.5172
161430,115.0,344.619,43.633055,43.63307,21.816535,0.134616,-10.49853
161433,118.0,344.633,65.396531,65.396533,21.798844,-0.005897,-8.64352
161435,120.0,344.611,43.426387,43.426392,21.713196,-0.042824,-7.97262
161438,123.0,344.514,64.931815,64.931887,21.643962,-0.023078,-7.99911
161441,126.0,344.292,64.266765,64.267148,21.422383,-0.07386,-6.82833
161443,128.0,343.893,42.852843,42.854701,21.42735,0.002484,-7.06672
161445,130.0,343.344,43.090454,43.093951,21.546975,0.059812,-7.52336
161447,132.0,342.82,43.456646,43.459805,21.729902,0.091463,-8.2569
161450,135.0,342.5,63.619597,63.620402,21.206801,-0.174367,-5.12965
161452,137.0,342.385,41.23267,41.23283,20.616415,-0.295193,-3.22786
161454,139.0,342.376,40.546948,40.546949,20.273475,-0.17147,-4.5626
161457,142.0,342.434,61.427086,61.427114,20.475705,0.06741,-7.74369
161500,145.0,342.629,63.237183,63.237484,21.079161,0.201152,-10.45842
161502,147.0,343.079,42.592958,42.595335,21.297667,0.109253,-10.56758
161505,150.0,343.677,63.903813,63.906611,21.302204,0.001512,-9.11672
161508,153.0,344.118,63.073778,63.07532,21.025107,-0.092366,-7.30594
161511,156.0,344.28,62.05061,62.050822,20.683607,-0.113833,-6.08039
161514,159.0,344.229,63.482099,63.48212,21.160707,0.159033,-9.61121
161516,161.0,344.014,42.875319,42.875858,21.437929,0.138611,-9.26852
161518,163.0,343.739,43.37332,43.374192,21.687096,0.124583,-9.30296
161521,166.0,343.549,65.931322,65.931596,21.977199,0.096701,-9.81246
161523,168.0,343.485,44.179017,44.179063,22.089532,0.056166,-9.64805
161525,170.0,343.525,44.199102,44.19912,22.09956,0.005014,-9.30823
161528,173.0,343.71,65.309614,65.309876,21.769959,-0.109867,-7.62605
161531,176.0,344.03,65.224752,65.225537,21.741846,-0.009371,-9.09022
161534,179.0,344.391,65.301132,65.30213,21.767377,0.00851,-9.42671
161537,182.0,344.78,64.823687,64.824854,21.608285,-0.053031,-8.48739
161539,184.0,345.176,42.46133,42.463176,21.231588,-0.188349,-6.70305
161541,186.0,345.448,41.857934,41.858818,20.929409,-0.151089,-6.41401
161544,189.0,345.539,62.092886,62.092953,20.697651,-0.077253,-6.39913
161547,192.0,345.505,61.615599,61.615608,20.538536,-0.053038,-6.24257
161549,194.0,345.346,41.616394,41.616698,20.808349,0.134906,-8.45462
161551,196.0,345.082,42.134215,42.135042,21.067521,0.129586,-8.47239
161554,199.0,344.806,63.568817,63.569416,21.189805,0.040761,-7.79924
161557,202.0,344.582,63.026376,63.026774,21.008925,-0.060293,-6.42559
161600,205.0,344.426,63.661386,63.661577,21.220526,0.070534,-8.42909
161603,208.0,344.347,64.405397,64.405446,21.468482,0.082652,-9.08266
161606,211.0,344.331,64.423605,64.423607,21.474536,0.002018,-8.21846
161608,213.0,344.329,42.729839,42.729839,21.36492,-0.054808,-7.39208
161611,216.0,344.303,63.708078,63.708083,21.236028,-0.042964,-7.31531
161614,219.0,344.262,63.639882,63.639895,21.213298,-0.007577,-7.68553
161616,221.0,344.23,42.670086,42.670098,21.335049,0.060875,-8.67908
161619,224.0,344.21,64.376144,64.376147,21.458716,0.041222,-8.66986
161622,227.0,344.166,65.49595,65.495965,21.831988,0.124424,-10.21141
161625,230.0,344.036,65.386989,65.387118,21.795706,-0.012094,-8.29205
161628,233.0,343.779,64.394624,64.395137,21.465046,-0.11022,-6.37496
161630,235.0,343.314,42.282589,42.285145,21.142573,-0.161237,-4.4988
161633,238.0,342.61,64.637421,64.641255,21.547085,0.134837,-8.67222
161635,240.0,341.849,42.902885,42.909634,21.454817,-0.046134,-5.49226
161638,243.0,341.284,62.398888,62.401446,20.800482,-0.218112,-3.62905
161640,245.0,340.989,40.797837,40.798904,20.399452,-0.200515,-3.5744
161643,248.0,340.882,61.448031,61.448124,20.482708,0.027752,-6.97936
161646,251.0,340.791,62.575771,62.575837,20.858612,0.125301,-8.68781
161649,254.0,340.54,62.954009,62.95451,20.984837,0.042075,-7.57136
161651,256.0,340.053,41.986218,41.989042,20.994521,0.004842,-6.24013
161654,259.0,339.436,63.142997,63.146011,21.04867,0.01805,-6.68663
161656,261.0,338.888,39.365933,39.369747,19.684873,-0.681899,3.40138
161659,264.0,338.539,53.282249,53.283392,17.761131,-0.641247,3.60102
161701,266.0,338.388,33.526752,33.527092,16.763546,-0.498792,2.66647
161703,268.0,338.364,32.785625,32.785633,16.392817,-0.185365,-0.37896
161706,271.0,338.392,49.724397,49.724405,16.574802,0.060662,-2.98709
161709,274.0,338.426,50.667177,50.667189,16.889063,0.104754,-3.7431
161712,277.0,338.431,50.81378,50.81378,16.937927,0.016288,-2.88287
161714,279.0,338.395,33.79102,33.79104,16.89552,-0.021203,-2.36726
161716,281.0,338.349,34.0998,34.099831,17.049915,0.077197,-3.45224
161718,283.0,338.312,33.850506,33.850526,16.925263,-0.062326,-1.99537
161721,286.0,338.245,46.974888,46.974936,15.658312,-0.422317,2.39354
161724,289.0,338.137,42.7608,42.760936,14.253645,-0.468222,3.6379
161726,291.0,338.031,23.858662,23.858898,11.929449,-1.162098,9.1506
161729,294.0,337.963,24.983515,24.983608,8.327869,-1.200527,6.29045
161732,297.0,337.932,8.405885,8.405943,2.801981,-1.841963,2.90124
161750,315.0,337.921,19.904708,19.904711,1.105817,-0.094231,-0.19359
161752,317.0,337.919,20.734673,20.734673,10.367337,4.63076,-96.20618
161755,320.0,337.919,40.48249,40.48249,13.494163,1.042275,-33.53346
161757,322.0,337.756,34.285139,34.285526,17.142763,1.8243,-71.26282
161800,325.0,337.314,57.984002,57.985686,19.328562,0.7286,-41.68833
161803,328.0,336.813,63.57338,63.575354,21.191785,0.621074,-44.23492
161806,331.0,336.493,66.017793,66.018568,22.006189,0.271468,-11.81321
161808,333.0,336.344,45.507175,45.507419,22.75371,0.373761,-41.42943
161810,335.0,336.271,45.948603,45.948661,22.974331,0.11031,-11.70861
161813,338.0,336.081,69.880966,69.881225,23.293742,0.10647,-12.03056
161815,340.0,335.625,46.721234,46.72346,23.36173,0.033994,-10.24944
161817,342.0,334.986,46.676241,46.680615,23.340307,-0.010712,-9.10376
161819,344.0,334.319,46.49726,46.502044,23.251022,-0.044643,-8.43194
161822,347.0,333.689,67.415463,67.418406,22.472802,-0.259407,-5.17492
161825,350.0,333.194,65.731007,65.73287,21.910957,-0.187282,-5.5775
161827,352.0,332.907,43.268948,43.2699,21.63495,-0.138003,-5.93691
161830,355.0,332.779,63.799401,63.799529,21.26651,-0.122813,-6.19258
161832,357.0,332.738,42.169814,42.169834,21.084917,-0.090796,-6.46229
161835,360.0,332.748,62.725284,62.725284,20.908428,-0.05883,-6.74398
161837,362.0,332.802,41.550651,41.550686,20.775343,-0.066543,-6.60768
161839,364.0,332.929,41.451771,41.451965,20.725983,-0.02468,-7.24402
161841,366.0,333.189,41.12507,41.125892,20.562946,-0.081518,-6.73091
161844,369.0,333.594,59.380418,59.381799,19.793933,-0.256338,-3.81049
161847,372.0,334.066,55.472146,55.474154,18.491385,-0.434183,-0.67072
161850,375.0,334.501,56.808402,56.810068,18.936689,0.148435,-7.3254
161852,377.0,334.875,38.914024,38.915821,19.457911,0.260611,-12.24207
161854,379.0,335.229,39.242995,39.244592,19.622296,0.082192,-7.65693
161856,381.0,335.634,39.883244,39.8853,19.94265,0.160177,-9.2322
161858,383.0,336.117,40.546662,40.549539,20.274769,0.166059,-10.51755
161901,386.0,336.624,61.834441,61.836519,20.612173,0.112468,-9.30268
161904,389.0,337.066,62.61739,62.61895,20.872983,0.086937,-9.2471
161907,392.0,337.382,61.839937,61.840745,20.613582,-0.086467,-6.60039
161910,395.0,337.589,62.417292,62.417635,20.805878,0.064099,-8.44037
161913,398.0,337.77,62.644261,62.644522,20.881507,0.02521,-8.03317
161916,401.0,338.025,63.582763,63.583275,21.194425,0.104306,-9.56917
161918,403.0,338.386,42.435527,42.437062,21.218531,0.012053,-9.02033
161921,406.0,338.762,59.888247,59.889427,19.963142,-0.418463,-2.09601
161924,409.0,339.064,57.035847,57.036647,19.012216,-0.316975,-2.10941
161927,412.0,339.282,57.007937,57.008354,19.002785,-0.003144,-5.35579
161930,415.0,339.36,55.842448,55.842502,18.614167,-0.129539,-3.29049
161933,418.0,339.262,56.375935,56.37602,18.792007,0.05928,-5.18625
161935,420.0,339.095,38.715685,38.716046,19.358023,0.283008,-8.07925
161938,423.0,338.988,58.673255,58.673352,19.557784,0.066587,-6.20505
161941,426.0,338.96,58.608507,58.608514,19.536171,-0.007204,-5.50008
161944,429.0,338.969,56.420566,56.420567,18.806856,-0.243105,-2.1497
161946,431.0,339.014,35.785423,35.785451,17.892726,-0.457065,0.84105
161948,433.0,339.102,34.859892,34.860003,17.430001,-0.231362,-1.15792
161951,436.0,339.186,48.990683,48.990755,16.330252,-0.366583,1.14246
161954,439.0,339.224,46.776722,46.776737,15.592246,-0.246002,0.6652
161956,441.0,339.115,31.171625,31.171815,15.585908,-0.003169,-1.11917
161959,444.0,338.712,45.976703,45.978469,15.326156,-0.086584,0.28245
162001,446.0,338.023,29.010404,29.018585,14.509292,-0.408432,4.75026
162004,449.0,337.197,42.728296,42.736279,14.245426,-0.087955,1.88524
162007,452.0,336.332,43.38744,43.396062,14.465354,0.073309,0.46991
162010,455.0,335.562,44.391562,44.398239,14.799413,0.111353,-0.30286
162013,458.0,335.073,41.632989,41.63586,13.87862,-0.306931,3.23903
162015,460.0,334.879,26.619001,26.619708,13.309854,-0.284383,2.97904
162017,462.0,334.805,24.86788,24.86799,12.433995,-0.43793,4.11784
162020,465.0,334.739,31.303906,31.303975,10.434658,-0.666446,4.80916
162022,467.0,334.679,15.984805,15.984918,7.992459,-1.2211,6.15663
162025,470.0,334.597,17.096727,17.096924,5.698975,-0.764495,2.80573
162027,472.0,334.42,6.828996,6.831289,3.415645,-1.141665,2.67251
162031,476.0,334.184,0.0,0.236,0.0,-0.853911,-0.35
162037,482.0,333.975,19.345671,19.3468,3.224467,0.537411,-3.95658
162039,484.0,333.785,14.794147,14.795367,7.397684,2.086608,-30.55854
162042,487.0,333.615,28.504371,28.504878,9.501626,0.701314,-15.23851
162044,489.0,333.379,25.856153,25.85723,12.928615,1.713495,-46.10023
162046,491.0,332.998,29.567262,29.569717,14.784858,0.928121,-31.21733
162049,494.0,332.644,49.98684,49.988094,16.662698,0.625947,-29.5438
162051,496.0,332.486,35.146631,35.146986,17.573493,0.455398,-27.41469
162054,499.0,332.541,52.102991,52.10302,17.367673,-0.068607,-2.57418
162057,502.0,332.783,45.105447,45.106096,15.035365,-0.777436,5.24702
162100,505.0,333.07,39.596157,39.597197,13.199066,-0.6121,4.42568
162102,507.0,333.356,26.975328,26.976844,13.488422,0.144678,-2.71657
162105,510.0,333.761,47.540124,47.541849,15.847283,0.786287,-23.58743
162108,513.0,334.294,52.057272,52.060001,17.353334,0.502017,-17.87852
162111,516.0,334.814,52.710923,52.713488,17.571163,0.07261,-5.07041
162114,519.0,335.244,53.067792,53.069534,17.689845,0.039561,-4.69878
162116,521.0,335.609,36.428146,36.429975,18.214988,0.262572,-10.87041
162119,524.0,335.922,56.05403,56.054904,18.684968,0.15666,-6.86746
162122,527.0,336.13,55.029231,55.029625,18.343208,-0.11392,-3.40695
162125,530.0,336.215,57.341228,57.341291,19.113764,0.256852,-8.72654
162128,533.0,336.22,62.926196,62.926197,20.975399,0.620545,-25.03042
162130,535.0,336.168,45.340634,45.340664,22.670332,0.847466,-62.69782
162133,538.0,335.969,71.09585,71.096128,23.698709,0.342792,-43.73486
162136,541.0,335.586,73.520009,73.521006,24.507002,0.269431,-16.02564
162138,543.0,335.17,49.140416,49.142176,24.571088,0.032043,-12.35524
162141,546.0,334.873,71.685743,71.686358,23.895453,-0.225212,-8.30445
162144,549.0,334.715,66.812394,66.812581,22.27086,-0.541531,-2.18803
162146,551.0,334.682,41.386934,41.386947,20.693474,-0.788693,2.29686
162149,554.0,334.729,62.768555,62.768572,20.922857,0.076461,-8.45295
162152,557.0,334.922,64.006773,64.007064,21.335688,0.13761,-10.06635
162154,559.0,335.409,43.459049,43.461777,21.730889,0.197601,-13.35294
162157,562.0,336.08,66.60455,66.60793,22.202643,0.157251,-12.53834
162200,565.0,336.829,67.983071,67.987197,22.662399,0.153252,-13.3697
162202,567.0,337.799,46.134652,46.144848,23.072424,0.205013,-19.76814
162205,570.0,338.955,70.667528,70.676983,23.558994,0.16219,-16.52613
162208,573.0,340.097,70.879528,70.888727,23.629576,0.023527,-13.96263
162210,575.0,341.038,46.709369,46.718847,23.359424,-0.135076,-11.90839
162213,578.0,341.571,70.031054,70.033082,23.344361,-0.005021,-11.97912
162215,580.0,341.703,46.27468,46.274868,23.137434,-0.103464,-9.72088
162217,582.0,341.651,45.493921,45.493951,22.746975,-0.195229,-7.42382
162220,585.0,341.566,66.506228,66.506282,22.168761,-0.192738,-6.63051
162223,588.0,341.446,65.522543,65.522653,21.840884,-0.109292,-7.16082
162226,591.0,341.254,65.69302,65.6933,21.897767,0.018961,-8.71297
162228,593.0,341.065,44.209555,44.209959,22.10498,0.103606,-9.92024
162231,596.0,340.95,67.398105,67.398203,22.466068,0.120363,-11.01405
162234,599.0,340.887,66.911316,66.911346,22.303782,-0.054095,-8.62834
162237,602.0,340.85,68.951998,68.952008,22.984003,0.22674,-13.39259
162239,604.0,340.834,46.664147,46.664149,23.332075,0.174036,-13.30798
162242,607.0,340.832,69.760527,69.760527,23.253509,-0.026189,-10.55162
162245,610.0,340.859,70.518537,70.518542,23.506181,0.084224,-12.49158
162247,612.0,340.989,49.234775,49.234947,24.617473,0.555646,-30.31872
162249,614.0,341.334,50.627242,50.628418,25.314209,0.348368,-23.59434
162252,617.0,341.891,76.983723,76.985738,25.661913,0.115901,-17.73269
162254,619.0,342.459,52.197039,52.200129,26.100064,0.219076,-20.65348
162257,622.0,342.826,78.762885,78.763741,26.25458,0.051505,-17.53291
162259,624.0,343.047,52.624895,52.625359,26.312679,0.029049,-17.23799
162302,627.0,343.293,78.620038,78.620423,26.206808,-0.03529,-15.91489
162304,629.0,343.547,52.651466,52.652078,26.326039,0.059616,-17.81642
162307,632.0,343.694,79.053309,79.053446,26.351149,0.00837,-16.6533
162310,635.0,343.733,78.999536,78.999546,26.333182,-0.005989,-16.20124
162313,638.0,343.661,78.576202,78.576235,26.192078,-0.047035,-15.11687
162315,640.0,343.381,52.199665,52.200416,26.100208,-0.045935,-14.31488
162318,643.0,342.749,79.31254,79.315058,26.438353,0.112715,-16.93718
162320,645.0,341.704,53.329182,53.339419,26.66971,0.115678,-15.68133
162322,647.0,340.373,53.252386,53.269017,26.634509,-0.0176,-12.77754
162324,649.0,338.982,52.521497,52.539914,26.269957,-0.182276,-9.45405
162327,652.0,337.825,77.841968,77.850566,25.950189,-0.106589,-11.76169
162330,655.0,337.177,78.517256,78.51993,26.17331,0.074374,-15.8212
162332,657.0,337.019,52.601613,52.60185,26.300925,0.063807,-16.67316
162334,659.0,337.089,52.435574,52.435621,26.217811,-0.041557,-15.57505
162337,662.0,337.193,79.140745,79.140813,26.380271,0.054153,-17.31628
162340,665.0,337.255,79.090321,79.090345,26.363448,-0.005608,-16.30411
162343,668.0,337.272,79.05809,79.058092,26.352697,-0.003584,-16.23043
162346,671.0,337.128,79.576223,79.576353,26.525451,0.057585,-17.18048
162348,673.0,336.642,53.042545,53.044771,26.522385,-0.001533,-15.18226
162351,676.0,335.861,78.942498,78.946361,26.315454,-0.068977,-13.68238
162354,679.0,335.108,79.020335,79.023923,26.341308,0.008618,-14.95141
162356,681.0,334.663,52.734602,52.73648,26.36824,0.013466,-15.23475
162358,683.0,334.542,52.335041,52.335181,26.167591,-0.100324,-14.06624
162400,685.0,334.597,52.278656,52.278685,26.139343,-0.014124,-15.79938
162402,687.0,334.735,51.976578,51.976762,25.988381,-0.075481,-14.84363
162405,690.0,334.943,78.369201,78.369477,26.123159,0.044926,-16.88751
162408,693.0,335.26,78.229378,78.23002,26.076673,-0.015495,-16.1031
162411,696.0,335.701,78.388737,78.389977,26.129992,0.017773,-16.93052
162414,699.0,336.257,78.290717,78.292691,26.097564,-0.010809,-16.65896
162417,702.0,336.91,78.438264,78.440982,26.146994,0.016477,-17.33981
162419,704.0,337.646,52.433758,52.438923,26.219461,0.036233,-18.61517
162422,707.0,338.485,78.912757,78.917217,26.305739,0.028759,-18.16884
162425,710.0,339.434,79.476714,79.48238,26.494127,0.062796,-19.246
162428,713.0,340.388,79.408764,79.414495,26.471498,-0.007543,-18.14681
162430,715.0,341.15,52.88191,52.8874,26.4437,-0.013899,-18.35266
162433,718.0,341.592,79.074684,79.075919,26.35864,-0.028353,-16.66468
162436,721.0,341.772,79.263593,79.263798,26.421266,0.020875,-17.03469
162439,724.0,341.807,79.538042,79.53805,26.512683,0.030472,-17.08129
162441,726.0,341.783,52.807663,52.807668,26.403834,-0.054424,-15.45979
162444,729.0,341.695,78.072954,78.073003,26.024334,-0.1265,-13.59826
162447,732.0,341.444,78.379314,78.379716,26.126572,0.034079,-15.87483
162449,734.0,341.034,52.817808,52.8194,26.4097,0.141564,-17.34904
162451,736.0,340.648,52.796619,52.79803,26.399015,-0.005343,-15.17589
162454,739.0,340.437,79.062804,79.063085,26.354362,-0.014884,-15.63746
162456,741.0,340.385,52.523505,52.523531,26.261765,-0.046298,-15.24282
162459,744.0,340.393,78.219656,78.219657,26.073219,-0.062849,-14.81355
162502,747.0,340.404,78.800504,78.800504,26.266835,0.064539,-17.08488
162505,750.0,340.419,78.320413,78.320415,26.106805,-0.053343,-15.02929
162508,753.0,340.451,78.620426,78.620433,26.206811,0.033335,-16.54274
162511,756.0,340.493,77.992091,77.992102,25.997367,-0.069815,-14.63708
162514,759.0,340.546,78.002864,78.002882,26.000961,0.001198,-15.72086
162517,762.0,340.611,78.013201,78.013228,26.004409,0.001149,-15.74893
162520,765.0,340.676,78.456138,78.456165,26.152055,0.049215,-16.74002
162522,767.0,340.716,53.085965,53.085981,26.54299,0.195467,-19.69161
162525,770.0,340.728,79.240193,79.240194,26.413398,-0.043197,-15.73655
162527,772.0,340.725,52.653089,52.653089,26.326545,-0.043427,-15.5424
162530,775.0,340.72,78.858908,78.858908,26.286303,-0.013414,-15.91917
162533,778.0,340.717,78.13855,78.13855,26.046183,-0.08004,-14.4881
162535,780.0,340.732,52.078107,52.078109,26.039055,-0.003564,-15.66277
162538,783.0,340.918,78.75695,78.75717,26.25239,0.071112,-17.48399
162540,785.0,341.334,52.501402,52.503051,26.251525,-0.000432,-17.22731
162543,788.0,341.737,78.441392,78.442427,26.147476,-0.034683,-16.10884
162546,791.0,341.921,79.021615,79.02183,26.34061,0.064378,-17.5466
162548,793.0,341.937,52.60878,52.608783,26.304391,-0.01811,-15.93663
162551,796.0,341.779,79.705452,79.705608,26.568536,0.088048,-17.70153
162553,798.0,341.42,53.064846,53.066061,26.53303,-0.017753,-15.31411
162555,800.0,341.013,52.787947,52.789516,26.394758,-0.069136,-14.14545
162558,803.0,340.749,78.408543,78.408988,26.136329,-0.086143,-14.07013
162600,805.0,340.641,52.020922,52.021034,26.010517,-0.062906,-14.38177
162603,808.0,340.613,78.0236,78.023606,26.007869,-0.000883,-15.55098
162605,810.0,340.61,52.491439,52.491439,26.245719,0.118925,-17.83293
162607,812.0,340.621,52.497363,52.497365,26.248682,0.001481,-16.11361
162609,814.0,340.638,52.549081,52.549084,26.274542,0.01293,-16.35062
162612,817.0,340.653,78.75397,78.753972,26.251324,-0.007739,-15.97719
162615,820.0,340.654,78.904607,78.904607,26.301536,0.016737,-16.41242
162617,822.0,340.603,52.834265,52.834289,26.417145,0.057805,-17.10485
162619,824.0,340.389,52.455071,52.455507,26.227754,-0.094696,-13.99942
162621,826.0,339.955,52.748592,52.750377,26.375189,0.073717,-16.18993
162624,829.0,339.458,78.722099,78.723667,26.241222,-0.044656,-14.44547
162626,831.0,339.035,52.497677,52.499381,26.249691,0.004234,-14.93797
162629,834.0,338.676,78.748772,78.749591,26.249864,5.8e-05,-15.39103
162631,836.0,338.279,52.361182,52.362687,26.181343,-0.034261,-14.3072
162634,839.0,337.722,78.545433,78.547408,26.182469,0.000375,-14.90014
162636,841.0,336.96,52.483611,52.489143,26.244571,0.031051,-14.37892
162638,843.0,336.148,52.258039,52.264347,26.132174,-0.056199,-12.72359
162641,846.0,335.544,78.571114,78.573435,26.191145,0.019657,-15.11653
162644,849.0,335.276,78.621839,78.622296,26.207432,0.005429,-15.56216
162647,852.0,335.226,78.312031,78.312047,26.104016,-0.034472,-15.18281
162649,854.0,335.246,51.726841,51.726845,25.863422,-0.120297,-13.62644
162652,857.0,335.28,78.460935,78.460942,26.153647,0.096742,-17.39459
162654,859.0,335.327,52.557794,52.557815,26.278907,0.06263,-17.18867
162657,862.0,335.441,78.739173,78.739255,26.246418,-0.01083,-16.10521
162700,865.0,335.712,79.201779,79.202243,26.400748,0.051443,-17.62622
162703,868.0,336.119,79.315335,79.316379,26.438793,0.012682,-17.36659
162705,870.0,336.587,52.229021,52.231118,26.115559,-0.161617,-14.71128
162707,872.0,337.135,51.902038,51.904931,25.952466,-0.081546,-15.84113
162710,875.0,337.688,79.053567,79.055501,26.351834,0.133123,-19.29385
162712,877.0,338.06,52.551963,52.55328,26.27664,-0.037597,-16.59037
162714,879.0,338.198,52.922975,52.923154,26.461577,0.092468,-18.24413
162717,882.0,338.247,78.583109,78.583124,26.194375,-0.089067,-14.71558
162719,884.0,338.365,52.52384,52.523973,26.261986,0.033805,-16.92375
162721,886.0,338.547,52.84024,52.840554,26.420277,0.079145,-18.08686
162724,889.0,338.688,79.289126,79.289252,26.429751,0.003158,-16.70862
162726,891.0,338.763,52.569481,52.569534,26.284767,-0.072492,-15.24684
162728,893.0,338.833,52.580107,52.580153,26.290077,0.002655,-16.37315
162731,896.0,338.924,78.713904,78.713957,26.237986,-0.017364,-15.94964
162733,898.0,338.998,52.374865,52.374917,26.187459,-0.025263,-15.77569
162736,901.0,339.101,78.623181,78.623248,26.207749,0.006763,-16.27835
162738,903.0,339.29,52.368601,52.368942,26.184471,-0.011639,-16.29731
162741,906.0,339.475,78.084343,78.084563,26.028188,-0.052094,-15.22363
162743,908.0,339.56,52.040216,52.040285,26.020142,-0.004023,-15.81739
162745,910.0,339.55,52.064272,52.064273,26.032137,0.005997,-15.72196
162747,912.0,339.465,52.280882,52.280951,26.140476,0.05417,-16.43179
162750,915.0,339.352,79.498079,79.498159,26.499386,0.119637,-18.13057
162753,918.0,339.266,79.664309,79.664355,26.554785,0.018466,-16.75134
162755,920.0,339.208,52.650391,52.650423,26.325212,-0.114786,-14.30991
162758,923.0,339.048,78.715413,78.715576,26.238525,-0.028896,-15.30776
162800,925.0,338.676,52.720927,52.72224,26.36112,0.061298,-16.14935
162803,928.0,338.232,79.2454,79.246643,26.415548,0.018143,-15.81361
162805,930.0,337.902,52.964825,52.965853,26.482927,0.033689,-16.08048
162807,932.0,337.635,52.978697,52.97937,26.489685,0.003379,-15.81052
162810,935.0,337.203,78.375107,78.376297,26.125432,-0.121418,-13.20756
162812,937.0,336.584,52.525379,52.529026,26.264513,0.069541,-15.39613
162814,939.0,336.082,52.267376,52.269787,26.134893,-0.06481,-13.46994
162817,942.0,335.881,77.799632,77.799892,25.933297,-0.067199,-14.10501
162820,945.0,335.911,78.567338,78.567344,26.189115,0.085273,-17.28289
162823,948.0,336.063,79.238806,79.238951,26.412984,0.074623,-17.77725
162826,951.0,336.206,79.359151,79.359279,26.453093,0.01337,-16.90982
162829,954.0,336.271,79.529807,79.529834,26.509945,0.018951,-16.95554
162832,957.0,336.26,78.409744,78.409744,26.136581,-0.124455,-13.96949
162834,959.0,336.196,51.036762,51.036802,25.518401,-0.30909,-10.03468
162836,961.0,336.132,51.632128,51.632168,25.816084,0.148841,-17.28465
162839,964.0,336.102,78.393858,78.393864,26.131288,0.105068,-17.35712
162841,966.0,336.332,52.06117,52.061678,26.030839,-0.050225,-15.55467
162844,969.0,337.038,78.723347,78.726512,26.242171,0.070444,-18.42647
162846,971.0,337.953,52.523497,52.531467,26.265733,0.011781,-18.83692
162848,973.0,338.71,52.704817,52.710254,26.355127,0.044697,-19.05695
162851,976.0,339.245,79.300996,79.302801,26.434267,0.02638,-17.80595
162853,978.0,339.53,53.023676,53.024442,26.512221,0.038977,-17.94324
162855,980.0,339.592,52.844278,52.844314,26.422157,-0.045032,-15.87616
162858,983.0,339.498,78.839378,78.839434,26.279811,-0.047449,-15.22828
162901,986.0,339.269,78.841171,78.841503,26.280501,0.00023,-15.69395
162903,988.0,338.992,52.597787,52.598516,26.299258,0.009378,-15.51736
162905,990.0,338.788,51.311855,51.31226,25.65613,-0.321564,-9.68229
162908,993.0,338.697,76.895245,76.895299,25.631766,-0.008121,-14.64332
162910,995.0,338.687,52.147504,52.147505,26.073753,0.220994,-19.00657
162913,998.0,338.771,79.371554,79.371599,26.4572,0.127816,-18.54095
162915,1000.0,339.197,53.180147,53.181853,26.590927,0.066864,-18.9131
162917,1002.0,339.998,53.414894,53.420899,26.71045,0.059762,-20.0879
162920,1005.0,340.716,79.295416,79.298667,26.432889,-0.09252,-16.34761
162922,1007.0,341.028,51.872928,51.873867,25.936933,-0.247978,-12.68167
162924,1009.0,341.054,52.201567,52.201573,26.100786,0.081926,-17.08417
162927,1012.0,340.977,78.248066,78.248103,26.082701,-0.006028,-15.51997
162929,1014.0,340.909,52.067023,52.067067,26.033534,-0.024584,-15.10652
162932,1017.0,340.879,78.930248,78.930254,26.310085,0.092184,-17.50652
162935,1020.0,340.939,79.557911,79.557934,26.519311,0.069742,-17.73636
162938,1023.0,341.158,78.26811,78.268416,26.089472,-0.14328,-14.03704
162940,1025.0,341.469,52.058045,52.058974,26.029487,-0.029993,-16.08269
162943,1028.0,341.756,78.596688,78.597212,26.199071,0.056528,-17.35369
162945,1030.0,342.048,52.094121,52.094939,26.04747,-0.0758,-15.37938
162947,1032.0,342.474,52.106634,52.108375,26.054188,0.003359,-16.9481
162950,1035.0,343.077,78.680665,78.682976,26.227659,0.057824,-18.01882
162953,1038.0,343.764,79.627419,79.630382,26.543461,0.105267,-19.49677
162956,1041.0,344.41,79.668211,79.67083,26.556943,0.004494,-17.91477
162959,1044.0,345.001,79.485481,79.487679,26.495893,-0.02035,-17.32047
163002,1047.0,345.61,79.116833,79.119177,26.373059,-0.040945,-16.81518
163004,1049.0,346.225,52.13,52.133628,26.066814,-0.153123,-15.16864
163006,1051.0,346.722,51.70996,51.712348,25.856174,-0.10532,-15.17811
163009,1054.0,347.083,78.104193,78.105027,26.035009,0.059612,-17.23227
163012,1057.0,347.396,78.476502,78.477126,26.159042,0.041344,-17.10163
163015,1060.0,347.708,79.619608,79.620219,26.540073,0.12701,-19.12002
163017,1062.0,348.021,53.107961,53.108884,26.554442,0.007185,-17.6219
163019,1064.0,348.298,52.669213,52.669942,26.334971,-0.109736,-15.34705
163022,1067.0,348.468,78.621415,78.621599,26.2072,-0.04259,-15.66561
163024,1069.0,348.525,52.071247,52.071278,26.035639,-0.085781,-14.55187
163026,1071.0,348.528,52.650444,52.650444,26.325222,0.144792,-18.39525
163029,1074.0,348.514,79.063421,79.063422,26.354474,0.009751,-16.38067
163031,1076.0,348.498,52.715049,52.715051,26.357526,0.001526,-16.24358
163034,1079.0,348.49,78.982613,78.982613,26.327538,-0.009996,-16.04403
163037,1082.0,348.498,79.185266,79.185267,26.395089,0.022517,-16.69068
163039,1084.0,348.519,52.581221,52.581225,26.290613,-0.052238,-15.41391
163042,1087.0,348.577,79.097316,79.097337,26.365779,0.025055,-16.76751
163045,1090.0,348.708,79.363111,79.363219,26.454406,0.029542,-17.13898
163047,1092.0,348.87,53.159599,53.159846,26.579923,0.062759,-18.09177
163050,1095.0,348.978,79.786066,79.786139,26.59538,0.005152,-16.99199
163052,1097.0,349.013,53.232994,53.233005,26.616503,0.010562,-17.01044
163055,1100.0,348.933,79.098207,79.098247,26.366082,-0.083474,-14.87225
163057,1102.0,348.643,51.435833,51.43665,25.718325,-0.323878,-9.51072
163059,1104.0,348.223,51.797084,51.798787,25.899393,0.090534,-15.58359
163101,1106.0,347.91,52.732858,52.733787,26.366893,0.23375,-18.93144
163104,1109.0,347.787,78.247694,78.247791,26.082597,-0.094765,-14.1113
163106,1111.0,347.77,52.434445,52.434448,26.217224,0.067314,-16.96689
163109,1114.0,347.791,78.36618,78.366183,26.122061,-0.031721,-15.39385
163112,1117.0,347.834,78.348397,78.348409,26.116136,-0.001975,-15.86883
163114,1119.0,347.883,52.014367,52.01439,26.007195,-0.054471,-14.94445
163116,1121.0,347.954,52.516539,52.516587,26.258293,0.125549,-18.16685
163119,1124.0,348.089,79.042741,79.042857,26.347619,0.029775,-16.94851
163121,1126.0,348.253,52.530234,52.53049,26.265245,-0.041187,-15.93502
163124,1129.0,348.368,77.713253,77.713338,25.904446,-0.120266,-13.86213
163127,1132.0,348.412,78.653012,78.653024,26.217675,0.10441,-17.65464
163129,1134.0,348.41,52.359689,52.359689,26.179845,-0.018915,-15.64663
163132,1137.0,348.391,79.105958,79.105961,26.368654,0.062936,-17.20042
163135,1140.0,348.32,79.041301,79.041333,26.347111,-0.007181,-16.00485
163137,1142.0,348.175,53.11246,53.112658,26.556329,0.104609,-17.82052
163140,1145.0,348.019,79.832142,79.832295,26.610765,0.018145,-16.72452
163142,1147.0,347.785,53.121765,53.12228,26.56114,-0.024812,-15.61249
163145,1150.0,347.281,79.379189,79.380789,26.460263,-0.033626,-15.00456
163148,1153.0,346.533,78.905666,78.909211,26.30307,-0.052398,-13.97478
163151,1156.0,345.821,79.021151,79.024359,26.341453,0.012794,-15.095
163153,1158.0,345.386,52.78127,52.783063,26.391531,0.025039,-15.4849
163156,1161.0,345.233,78.658433,78.658582,26.219527,-0.057335,-14.8613
163158,1163.0,345.213,51.710522,51.710526,25.855263,-0.182132,-12.58806
163201,1166.0,345.226,77.797151,77.797152,25.932384,0.025707,-15.88577
163204,1169.0,345.242,77.482894,77.482896,25.827632,-0.034917,-14.80287
163206,1171.0,345.241,52.18798,52.18798,26.09399,0.133179,-17.76234
163208,1173.0,345.206,52.25689,52.256902,26.128451,0.01723,-15.99911
163211,1176.0,345.138,78.569367,78.569396,26.189799,0.020449,-16.13221
163213,1178.0,345.03,52.879931,52.880041,26.44002,0.12511,-18.00835
163216,1181.0,344.89,79.748642,79.748765,26.582922,0.047634,-17.14925
163219,1184.0,344.712,78.245207,78.245409,26.081803,-0.16704,-12.92708
163221,1186.0,344.407,52.064597,52.065491,26.032745,-0.024529,-14.44173
163224,1189.0,343.87,78.821301,78.82313,26.274377,0.080544,-16.31542
163227,1192.0,343.206,78.605449,78.608254,26.202751,-0.023875,-14.37557
163230,1195.0,342.678,78.545898,78.547673,26.182558,-0.006731,-14.84975
163232,1197.0,342.413,51.999377,52.000053,26.000026,-0.091266,-13.50076
163234,1199.0,342.336,51.91629,51.916347,25.958174,-0.020926,-14.99906
163237,1202.0,342.311,78.616591,78.616595,26.205532,0.082453,-17.17096
163240,1205.0,342.255,78.864468,78.864488,26.288163,0.027544,-16.4439
163242,1207.0,342.13,53.141109,53.141256,26.570628,0.141232,-18.45925
163244,1209.0,341.854,52.993098,52.993817,26.496909,-0.03686,-15.19006
163246,1211.0,341.456,52.732268,52.73377,26.366885,-0.065012,-14.1822
163248,1213.0,341.116,52.438255,52.439357,26.219679,-0.073603,-13.94796
163251,1216.0,340.922,77.971383,77.971625,25.990542,-0.076379,-14.08568
163254,1219.0,340.842,78.564587,78.564627,26.188209,0.065889,-16.78642
163256,1221.0,340.828,52.410569,52.410571,26.205285,0.008538,-16.06892
163259,1224.0,340.849,79.027045,79.027048,26.342349,0.045688,-16.96271
163302,1227.0,340.891,79.603117,79.603128,26.534376,0.064009,-17.64449
163305,1230.0,340.944,78.996352,78.996369,26.332123,-0.067418,-15.29877
163308,1233.0,340.998,78.524361,78.52438,26.174793,-0.052443,-15.23929
163310,1235.0,341.051,52.345084,52.34511,26.172555,-0.001119,-16.05175
163313,1238.0,341.106,79.237638,79.237657,26.412552,0.079999,-17.67788
163315,1240.0,341.169,52.531476,52.531514,26.265757,-0.073398,-15.16584
163317,1242.0,341.248,52.715951,52.71601,26.358005,0.046124,-17.18147
163319,1244.0,341.368,52.534551,52.534688,26.267344,-0.04533,-15.75075
163321,1246.0,341.521,52.318843,52.319066,26.159533,-0.053906,-15.51828
163324,1249.0,341.713,78.404983,78.405218,26.135073,-0.008153,-16.08814
163327,1252.0,341.964,78.061511,78.061915,26.020638,-0.038145,-15.54207
163329,1254.0,342.272,52.334609,52.335515,26.167758,0.07356,-17.87756
163332,1257.0,342.588,79.13601,79.136641,26.37888,0.070374,-17.95713
163334,1259.0,342.832,52.456583,52.45715,26.228575,-0.075152,-15.5808
163337,1262.0,342.947,78.099417,78.099502,26.033167,-0.065136,-14.90843
163339,1264.0,342.965,52.478119,52.478122,26.239061,0.102947,-17.63993
163342,1267.0,342.948,78.560126,78.560128,26.186709,-0.017451,-15.65316
163344,1269.0,342.925,52.156859,52.156864,26.078432,-0.054139,-14.87425
163347,1272.0,342.903,78.497757,78.49776,26.16592,0.029163,-16.30364
163349,1274.0,342.87,52.566616,52.566627,26.283313,0.058696,-16.91579
163352,1277.0,342.811,78.683543,78.683565,26.227855,-0.018486,-15.63471
163355,1280.0,342.657,79.051652,79.051802,26.350601,0.040915,-16.57942
163357,1282.0,342.329,52.651056,52.652078,26.326039,-0.012281,-15.09894
163359,1284.0,341.863,52.812036,52.814091,26.407046,0.040503,-15.65958
163402,1287.0,341.34,79.082994,79.084724,26.361575,-0.015157,-15.06313
163405,1290.0,340.852,79.294326,79.295828,26.431943,0.023456,-15.84335
163407,1292.0,340.518,52.870441,52.871496,26.435748,0.001902,-15.49997
163410,1295.0,340.346,79.260109,79.260296,26.420099,-0.005216,-15.97872
163413,1298.0,340.252,79.296138,79.296193,26.432064,0.003988,-16.28624
163415,1300.0,340.189,52.431399,52.431437,26.215718,-0.108173,-14.1994
163417,1302.0,340.116,52.761522,52.761573,26.380786,0.082534,-17.34719
163420,1305.0,340.016,77.601191,77.601256,25.867085,-0.171234,-12.63701
163422,1307.0,339.933,51.972703,51.972769,25.986385,0.05965,-16.23109
163425,1310.0,339.9,77.700487,77.700494,25.900165,-0.02874,-14.93161
163427,1312.0,339.914,52.543141,52.543142,26.271571,0.185703,-18.93419
163429,1314.0,339.979,52.795809,52.795849,26.397925,0.063177,-17.47489
163431,1316.0,340.068,53.097463,53.097538,26.548769,0.075422,-18.01644
163434,1319.0,340.136,79.967575,79.967604,26.655868,0.0357,-17.4944
163437,1322.0,340.188,80.435077,80.435094,26.811698,0.051943,-18.01242
163439,1324.0,340.276,52.144444,52.144518,26.072259,-0.36972,-10.46482
163441,1326.0,340.371,49.785522,49.785612,24.892806,-0.589726,-5.49238
163444,1329.0,340.374,71.898521,71.898521,23.966174,-0.308877,-7.8272
163446,1331.0,340.303,47.149711,47.149765,23.574882,-0.195646,-8.57967
163448,1333.0,340.294,46.837788,46.837789,23.418894,-0.077994,-10.09698
163450,1335.0,340.42,45.880582,45.880755,22.940377,-0.239259,-7.62346
163453,1338.0,340.659,66.804569,66.804996,22.268332,-0.224015,-6.97584
163456,1341.0,341.14,66.471114,66.472854,22.157618,-0.036905,-9.65048
163458,1343.0,342.045,43.661491,43.670869,21.835435,-0.161091,-9.27112
163501,1346.0,343.159,65.084323,65.093856,21.697952,-0.045828,-10.05995
163504,1349.0,344.036,66.066561,66.072381,22.024127,0.108725,-12.03277
163506,1351.0,344.598,44.965223,44.968735,22.484368,0.23012,-16.32205
163509,1354.0,345.173,68.199686,68.20211,22.734037,0.083223,-12.25115
163511,1356.0,346.077,44.049192,44.058467,22.029233,-0.352402,-7.12369
163513,1358.0,347.148,43.201839,43.215112,21.607556,-0.210839,-8.81381
163516,1361.0,347.98,63.915962,63.921377,21.307126,-0.100143,-8.32273
163519,1364.0,348.439,60.363953,60.365698,20.121899,-0.395076,-2.68939
163522,1367.0,348.658,57.389811,57.390229,19.130076,-0.330608,-1.92635
163525,1370.0,348.809,54.087487,54.087698,18.029233,-0.366948,-0.36017
163527,1372.0,349.131,35.009457,35.010938,17.505469,-0.261882,-1.57927
163529,1374.0,349.673,33.711554,33.715911,16.857956,-0.323757,-1.03491
163532,1377.0,350.171,48.6527,48.655248,16.218416,-0.21318,-0.97602
163534,1379.0,350.422,29.638122,29.639185,14.819592,-0.699412,4.40986
163536,1381.0,350.51,29.157233,29.157366,14.578683,-0.120455,0.12861
163538,1383.0,350.54,28.146436,28.146452,14.073226,-0.252728,1.69833
163540,1385.0,350.667,28.089187,28.089474,14.044737,-0.014245,-0.47458
163543,1388.0,351.125,41.915228,41.91773,13.972577,-0.024053,-0.84592
163546,1391.0,351.933,42.81045,42.818075,14.272692,0.100038,-4.32332
163548,1393.0,352.826,28.964966,28.978728,14.489364,0.108336,-8.01012
163551,1396.0,353.508,42.814216,42.819648,14.273216,-0.072049,-1.08688
163554,1399.0,353.842,43.205273,43.206564,14.402188,0.042991,-1.47473
163556,1401.0,353.905,29.44677,29.446838,14.723419,0.160615,-2.27228
163559,1404.0,353.913,43.342812,43.342813,14.447604,-0.091938,0.21567
163602,1407.0,353.989,43.586718,43.586784,14.528928,0.027108,-0.95906
163604,1409.0,354.108,30.886898,30.887127,15.443563,0.457317,-11.61949
163607,1412.0,354.349,50.086089,50.086668,16.695556,0.417331,-12.37084
163610,1415.0,354.816,50.82219,50.824336,16.941445,0.081963,-4.3893
163613,1418.0,355.331,48.897345,48.900057,16.300019,-0.213809,-1.06861
163616,1421.0,355.637,50.727898,50.728821,16.909607,0.203196,-6.08816
163618,1423.0,355.721,37.039835,37.03993,18.519965,0.805179,-27.88509
163621,1426.0,355.622,60.427709,60.42779,20.142597,0.540877,-39.6774
163624,1429.0,355.324,59.948032,59.948773,19.982924,-0.053224,-5.03489
163627,1432.0,354.895,59.37328,59.37483,19.79161,-0.063771,-4.43136
163629,1434.0,354.406,38.936251,38.939321,19.469661,-0.160975,-2.38604
163632,1437.0,353.893,56.837537,56.839852,18.946617,-0.174348,-2.06622
163634,1439.0,353.426,37.23447,37.237399,18.618699,-0.163959,-1.47337
163637,1442.0,353.064,55.893832,55.895004,18.631668,0.004323,-3.91509
163639,1444.0,352.85,38.603536,38.60413,19.302065,0.335198,-27.73503
163642,1447.0,352.792,62.146029,62.146056,20.715352,0.471096,-39.20947
163645,1450.0,352.813,66.653632,66.653635,22.217878,0.500842,-22.40822
163648,1453.0,352.907,69.589125,69.589189,23.196396,0.326173,-16.77152
163650,1455.0,353.148,47.096938,47.097554,23.548777,0.176191,-14.43079
163653,1458.0,353.509,73.304022,73.304911,24.43497,0.295398,-18.79241
163656,1461.0,353.815,75.8139,75.814518,25.271506,0.278845,-18.9003
163659,1464.0,353.957,78.847185,78.847313,26.282438,0.336977,-22.17359
163702,1467.0,353.976,79.089208,79.08921,26.36307,0.026877,-16.71875
163704,1469.0,353.887,52.116558,52.116634,26.058317,-0.152377,-13.19112
163707,1472.0,353.658,78.185845,78.18618,26.06206,0.001248,-15.31031
163709,1474.0,353.38,52.427614,52.428351,26.214175,0.076058,-16.36149
163712,1477.0,353.199,79.551203,79.551408,26.517136,0.100987,-17.75958
163715,1480.0,353.142,79.707149,79.70717,26.569057,0.017307,-16.81982
163717,1482.0,353.214,53.099717,53.099766,26.549883,-0.009587,-16.68371
163720,1485.0,353.543,79.304624,79.305307,26.435102,-0.03826,-16.44893
163722,1487.0,354.094,53.526876,53.529712,26.764856,0.164877,-21.10631
163724,1489.0,354.556,53.396938,53.398936,26.699468,-0.032694,-17.70742
163727,1492.0,354.746,79.300495,79.300722,26.433574,-0.088631,-15.42435
163730,1495.0,354.727,78.901048,78.90105,26.30035,-0.044408,-15.45715
163732,1497.0,354.573,52.585704,52.58593,26.292965,-0.003693,-15.65949
163735,1500.0,354.318,79.711243,79.71165,26.57055,0.092528,-17.59637
163737,1502.0,353.969,52.240467,52.241633,26.120816,-0.224867,-11.48717
163740,1505.0,353.563,77.72989,77.73095,25.910317,-0.070166,-13.642
163742,1507.0,353.19,52.323594,52.324923,26.162462,0.126073,-16.74575
163745,1510.0,352.924,78.764226,78.764675,26.254892,0.03081,-16.04126
163748,1513.0,352.753,78.932922,78.933107,26.311036,0.018715,-16.14215
163750,1515.0,352.596,52.452553,52.452788,26.226394,-0.042321,-14.94721
163752,1517.0,352.362,52.473949,52.474471,26.237236,0.005421,-15.46771
163755,1520.0,351.925,79.040536,79.041744,26.347248,0.036671,-15.98261
163758,1523.0,351.326,79.296685,79.298947,26.432982,0.028578,-15.71865
163800,1525.0,350.856,52.888286,52.890374,26.445187,0.006103,-15.20298
163803,1528.0,350.673,79.053208,79.053419,26.35114,-0.031349,-15.43905
163806,1531.0,350.701,78.930306,78.930311,26.310104,-0.013679,-16.02436
163808,1533.0,350.903,52.60702,52.607408,26.303704,-0.0032,-16.68498
163811,1536.0,351.23,79.039948,79.040624,26.346875,0.01439,-17.07552
163814,1539.0,351.631,79.322256,79.32327,26.44109,0.031405,-17.64832
163817,1542.0,352.139,78.837742,78.839379,26.279793,-0.053766,-16.26413
163820,1545.0,352.782,79.622333,79.624929,26.541643,0.087283,-19.14084
163823,1548.0,353.414,79.328328,79.330845,26.443615,-0.032676,-17.1162
163826,1551.0,353.827,79.397623,79.398697,26.466232,0.007539,-17.35756
163829,1554.0,353.968,78.819566,78.819693,26.273231,-0.064334,-15.40702
163832,1557.0,353.956,78.931512,78.931512,26.310504,0.012424,-16.3444
163835,1560.0,353.88,79.606743,79.606779,26.535593,0.07503,-17.59786
163838,1563.0,353.722,79.178297,79.178454,26.392818,-0.047592,-15.31851
163841,1566.0,353.454,78.561594,78.562051,26.18735,-0.068489,-14.42316
163844,1569.0,353.134,78.888942,78.889591,26.29653,0.036393,-16.10235
163847,1572.0,352.882,78.81879,78.819192,26.273064,-0.007822,-15.5206
163850,1575.0,352.76,78.572112,78.572207,26.190736,-0.027443,-15.31756
163852,1577.0,352.741,52.267939,52.267943,26.133971,-0.028383,-15.37452
163855,1580.0,352.779,78.738977,78.738987,26.246329,0.037453,-16.6939
163857,1582.0,352.879,52.544141,52.544236,26.272118,0.012894,-16.58267
163859,1584.0,353.023,52.793068,52.793264,26.396632,0.062257,-17.68475
163902,1587.0,353.142,79.468154,79.468243,26.489414,0.030927,-17.20524
163905,1590.0,353.196,78.585035,78.585053,26.195018,-0.098132,-14.59517
163908,1593.0,353.202,77.818425,77.818425,25.939475,-0.085181,-14.2421
163910,1595.0,353.16,52.250409,52.250426,26.125213,0.092869,-17.10704
163913,1598.0,353.068,78.632282,78.632336,26.210779,0.028522,-16.2501
163915,1600.0,352.978,52.832944,52.833021,26.41651,0.102866,-17.67965
163917,1602.0,352.938,52.946899,52.946914,26.473457,0.028474,-16.8028
163920,1605.0,352.953,79.094677,79.094678,26.364893,-0.036188,-15.76275
163923,1608.0,353.017,79.147605,79.147631,26.382544,0.005884,-16.52229
163926,1611.0,353.091,78.746189,78.746223,26.248741,-0.044601,-15.53323
163929,1614.0,353.165,78.452825,78.45286,26.150953,-0.032596,-15.53449
163931,1616.0,353.253,52.491467,52.491541,26.245771,0.047409,-17.01848
163934,1619.0,353.328,78.624326,78.624362,26.208121,-0.01255,-15.94171
163937,1622.0,353.36,78.925864,78.92587,26.308623,0.033501,-16.74038
163939,1624.0,353.363,52.635525,52.635525,26.317762,0.004569,-16.27031
163942,1627.0,353.335,79.133253,79.133258,26.377753,0.019997,-16.55433
163945,1630.0,353.272,79.01766,79.017685,26.339228,-0.012842,-15.92151
163948,1633.0,353.178,79.106002,79.106058,26.368686,0.009819,-16.26014
163950,1635.0,353.027,53.001567,53.001783,26.500891,0.066102,-17.11383
163953,1638.0,352.806,79.691299,79.691605,26.563868,0.020992,-16.55898
163955,1640.0,352.58,52.597837,52.598322,26.299161,-0.132353,-13.53167
163958,1643.0,352.42,79.05134,79.051502,26.350501,0.017113,-16.21236
164000,1645.0,352.335,52.714204,52.714273,26.357136,0.003317,-16.07747
164003,1648.0,352.305,78.799172,78.799178,26.266393,-0.030248,-15.5864
164006,1651.0,352.324,78.662653,78.662655,26.220885,-0.015169,-15.82081
164008,1653.0,352.451,52.509243,52.509396,26.254698,0.016907,-16.68617
164010,1655.0,352.707,52.42036,52.420985,26.210492,-0.022103,-16.38086
164013,1658.0,353.009,78.161943,78.162527,26.054176,-0.052105,-15.4938
164015,1660.0,353.269,52.026995,52.027644,26.013822,-0.020177,-16.06105
164017,1662.0,353.471,53.177153,53.177537,26.588769,0.287473,-21.64218
164019,1664.0,353.846,52.8729,52.874229,26.437115,-0.075827,-16.32134
164021,1666.0,354.711,52.611632,52.618742,26.309371,-0.063872,-17.64443
164023,1668.0,356.073,52.351596,52.36931,26.184655,-0.062358,-18.83604
164026,1671.0,357.524,78.608087,78.621478,26.207159,0.007501,-18.81724
164028,1673.0,358.53,52.276543,52.286222,26.143111,-0.032024,-18.21608
164030,1675.0,358.9,52.455514,52.456819,26.228409,0.042649,-17.7079
164033,1678.0,358.874,78.845613,78.845617,26.281872,0.017821,-16.3476
164035,1680.0,358.706,52.781636,52.781903,26.390952,0.05454,-16.68347
164038,1683.0,358.505,78.751301,78.751557,26.250519,-0.046811,-14.99044
164041,1686.0,358.243,78.896421,78.896856,26.298952,0.016144,-15.9124
164044,1689.0,357.896,78.966822,78.967585,26.322528,0.007859,-15.67246
164047,1692.0,357.42,78.885821,78.887257,26.295752,-0.008925,-15.12836
164050,1695.0,356.732,78.721128,78.724135,26.241378,-0.018125,-14.49254
164053,1698.0,355.944,78.594954,78.598904,26.199635,-0.013914,-14.29139
164055,1700.0,355.343,52.368925,52.372374,26.186187,-0.006724,-14.16176
164058,1703.0,355.065,78.488083,78.488575,26.162858,-0.007776,-15.26976
164100,1705.0,354.997,52.554501,52.554545,26.277273,0.057208,-16.78782
164103,1708.0,354.974,79.278942,79.278945,26.426315,0.049681,-17.10446
164106,1711.0,354.942,79.428241,79.428248,26.476083,0.016589,-16.68077
164108,1713.0,354.908,52.789525,52.789536,26.394768,-0.040658,-15.6275
164110,1715.0,354.849,52.615541,52.615574,26.307787,-0.04349,-15.35459
164113,1718.0,354.669,79.310829,79.311034,26.437011,0.043075,-16.7309
164116,1721.0,354.298,79.339803,79.340671,26.44689,0.003293,-15.7899
164118,1723.0,353.831,52.607603,52.609676,26.304838,-0.071026,-13.78893
164121,1726.0,353.457,78.570157,78.571047,26.190349,-0.038163,-14.68478
164123,1728.0,353.205,52.287478,52.288086,26.144043,-0.023153,-14.81726
164126,1731.0,352.917,78.720166,78.720693,26.240231,0.032063,-15.99146
164128,1733.0,352.35,52.611145,52.6142,26.3071,0.033434,-15.08458
164131,1736.0,351.411,78.722217,78.727817,26.242606,-0.021498,-13.97262
164134,1739.0,350.282,78.459334,78.467457,26.155819,-0.028929,-13.34593
164137,1742.0,349.266,78.684217,78.690776,26.230259,0.024813,-14.50029
164139,1744.0,348.489,52.487232,52.492983,26.246492,0.008116,-13.99975
164141,1746.0,347.858,52.603301,52.607086,26.303543,0.028526,-14.82284
164143,1748.0,347.307,52.502261,52.505152,26.252576,-0.025483,-14.14028
164145,1750.0,346.922,52.3747,52.376115,26.188057,-0.03226,-14.38604
164147,1752.0,346.733,52.348774,52.349115,26.174558,-0.006749,-15.29365
164150,1755.0,346.674,78.97354,78.973562,26.324521,0.049988,-16.84609
164152,1757.0,346.678,52.70948,52.70948,26.35474,0.015109,-16.49879
164154,1759.0,346.698,52.564582,52.564586,26.282293,-0.036224,-15.63616
164157,1762.0,346.732,78.36376,78.363767,26.121256,-0.053679,-15.0881
164159,1764.0,346.795,52.234698,52.234736,26.117368,-0.001944,-15.9676
164201,1766.0,346.925,53.174817,53.174976,26.587488,0.23506,-20.63761
164203,1768.0,347.128,53.624841,53.625225,26.812612,0.112562,-19.41944
164206,1771.0,347.306,81.136311,81.136506,27.045502,0.07763,-19.10273
164208,1773.0,347.383,54.319682,54.319736,27.159868,0.057183,-18.89363
164210,1775.0,347.303,53.846236,53.846296,26.923148,-0.11836,-15.28492
164212,1777.0,346.789,53.465433,53.467904,26.733952,-0.094598,-14.08238
164215,1780.0,345.697,79.37974,79.387251,26.462417,-0.090512,-13.04604
164217,1782.0,344.371,52.769851,52.786508,26.393254,-0.034581,-12.08597
164220,1785.0,343.231,79.249986,79.258185,26.419395,0.008714,-14.37743
164222,1787.0,342.353,52.694297,52.701611,26.350806,-0.034295,-13.26891
164225,1790.0,341.657,75.373282,75.376496,25.125499,-0.408436,-6.85793
164228,1793.0,341.063,67.06147,67.064101,22.3547,-0.9236,3.41487
164231,1796.0,340.493,65.469206,65.471687,21.823896,-0.176935,-5.44987
164233,1798.0,339.983,45.654305,45.657153,22.828577,0.50234,-43.94335
164236,1801.0,339.678,69.419086,69.419756,23.139919,0.103781,-11.52747
164238,1803.0,339.594,45.451011,45.451089,22.725544,-0.207187,-7.14738
164241,1806.0,339.603,66.724408,66.724408,22.241469,-0.161358,-7.30598
164244,1809.0,339.644,65.601489,65.601502,21.867167,-0.124767,-7.30485
164247,1812.0,339.766,67.491181,67.491291,22.497097,0.209977,-12.66041
164249,1814.0,340.02,46.26118,46.261877,23.130939,0.316921,-18.06248
164252,1817.0,340.296,69.727348,69.727894,23.242631,0.037231,-11.89829
164254,1819.0,340.421,46.38522,46.385388,23.192694,-0.024968,-10.82689
164257,1822.0,340.395,69.050832,69.050837,23.016946,-0.058583,-9.71033
164300,1825.0,340.34,69.109945,69.109967,23.036656,0.00657,-10.54527
164302,1827.0,340.302,47.227633,47.227648,23.613824,0.288584,-15.27518
164305,1830.0,340.243,72.589871,72.589895,24.196632,0.194269,-15.02114
164307,1832.0,340.133,49.756329,49.756451,24.878225,0.340796,-48.45993
164309,1834.0,340.011,50.964222,50.964368,25.482184,0.301979,-18.72649
164312,1837.0,339.862,76.445541,76.445686,25.481895,-9.6e-05,-14.3841
164314,1839.0,339.646,51.261312,51.261767,25.630884,0.074495,-15.41787
164317,1842.0,339.452,75.793248,75.793497,25.264499,-0.122128,-12.14894
164319,1844.0,339.363,48.776125,48.776206,24.388103,-0.438198,-6.3968
164322,1847.0,339.353,70.340232,70.340233,23.446744,-0.313786,-6.98263
164325,1850.0,339.392,68.267762,68.267773,22.755924,-0.230273,-7.19869
164328,1853.0,339.466,64.901126,64.901168,21.633723,-0.374067,-3.95783
164331,1856.0,339.533,63.573972,63.574007,21.191336,-0.147462,-6.15959
164334,1859.0,339.563,67.826497,67.826504,22.608835,0.4725,-21.8965
164336,1861.0,339.315,46.812981,46.813638,23.406819,0.398992,-44.07377
164339,1864.0,338.215,69.830587,69.83925,23.27975,-0.042356,-8.32202
164342,1867.0,335.975,67.628905,67.665991,22.55533,-0.241473,-2.50706
164344,1869.0,333.198,41.979392,42.071144,21.035572,-0.759879,9.33925
164347,1872.0,330.923,59.593147,59.636556,19.878852,-0.385573,2.5801
164350,1875.0,329.675,58.028624,58.042043,19.347348,-0.177168,-1.10086
164353,1878.0,329.252,59.545408,59.54691,19.84897,0.167207,-7.13367
164355,1880.0,329.239,42.048835,42.048837,21.024418,0.587724,-45.27317
164358,1883.0,329.35,67.195847,67.195939,22.398646,0.458076,-21.42597
164401,1886.0,329.437,70.159963,70.160017,23.386672,0.329342,-17.12215
164404,1889.0,329.46,71.355884,71.355887,23.785296,0.132875,-13.61003
164407,1892.0,329.419,69.190973,69.190986,23.063662,-0.240545,-7.3496
164410,1895.0,329.322,65.918023,65.918094,21.972698,-0.363655,-4.18767
164413,1898.0,329.201,64.877439,64.877552,21.625851,-0.115616,-6.78014
164416,1901.0,329.104,66.667192,66.667263,22.222421,0.198857,-11.66009
164418,1903.0,328.975,45.255441,45.255625,22.627813,0.202696,-12.18842
164421,1906.0,328.6,67.3802,67.381243,22.460414,-0.0558,-8.25141
164424,1909.0,327.717,64.554924,64.560963,21.520321,-0.313364,-2.77383
164426,1911.0,326.436,43.771421,43.790161,21.895081,0.18738,-7.57984
164429,1914.0,325.328,66.523605,66.532831,22.17761,0.094176,-8.36661
164432,1917.0,324.774,64.665585,64.667958,21.555986,-0.207208,-4.74329
164434,1919.0,324.602,43.625413,43.625752,21.812876,0.128445,-9.82812
164437,1922.0,324.535,67.122528,67.122562,22.374187,0.187104,-11.80983
164439,1924.0,324.473,45.827056,45.827098,22.913549,0.269681,-13.72819
164442,1927.0,324.407,69.688669,69.6887,23.229567,0.105339,-12.13902
164445,1930.0,324.35,70.922947,70.92297,23.64099,0.137141,-13.27075
164448,1933.0,324.351,67.317384,67.317384,22.439128,-0.400621,-4.49432
164450,1935.0,324.448,41.593306,41.593419,20.796709,-0.82121,2.22704
164452,1937.0,324.628,39.89449,39.894896,19.947448,-0.42463,-1.80874
164455,1940.0,325.159,49.55186,49.554705,16.518235,-1.143071,7.50875
164458,1943.0,326.327,24.148167,24.176398,8.058799,-2.819812,11.22992
164500,1945.0,327.697,7.80794,7.92722,3.96361,-2.047595,0.79247
164501,1946.0,328.555,0.0,0.858,0.0,-3.96361,-0.35
164517,1962.0,328.809,17.603484,17.605316,1.100332,0.068771,-0.48299
164520,1965.0,328.736,25.682929,25.683032,8.561011,2.486893,-43.60039
164523,1968.0,328.419,36.448114,36.449492,12.149831,1.196273,-30.70022
164525,1970.0,327.81,29.916377,29.922575,14.961288,1.405728,-43.41364
164528,1973.0,326.995,49.864053,49.870713,16.623571,0.554094,-24.22601
164531,1976.0,326.221,54.830997,54.83646,18.27882,0.55175,-29.53713
164534,1979.0,325.737,61.1452,61.147116,20.382372,0.701184,-44.40966
164536,1981.0,325.594,42.653055,42.653295,21.326647,0.472138,-40.45791
164539,1984.0,325.81,66.787008,66.787358,22.262453,0.311935,-15.60238
164542,1987.0,326.553,68.798098,68.80211,22.934037,0.223861,-15.94933
164545,1990.0,327.726,65.989114,65.999539,21.999846,-0.311397,-7.25644
164548,1993.0,328.933,61.634124,61.645942,20.548647,-0.483733,-3.51051
164551,1996.0,330.065,57.955276,57.96633,19.32211,-0.408846,-2.96466
164554,1999.0,331.293,54.087199,54.101138,18.033713,-0.429466,-1.73261
164556,2001.0,332.54,34.218519,34.241233,17.120617,-0.456548,-1.92631
164559,2004.0,333.462,49.147593,49.156241,16.385414,-0.245068,-1.60535
164602,2007.0,333.887,46.862257,46.864184,15.621395,-0.254673,-0.00242
164604,2009.0,333.944,29.198966,29.199022,14.599511,-0.510942,3.46473
164607,2012.0,333.699,49.453216,49.453823,16.484608,0.628366,-29.75474
164609,2014.0,333.075,38.653612,38.658648,19.329324,1.422358,-64.38294
164611,2016.0,332.249,42.394893,42.402938,21.201469,0.936072,-52.48035
164614,2019.0,331.605,69.170423,69.173421,23.057807,0.618779,-50.7848
164617,2022.0,331.311,74.858897,74.859474,24.953158,0.631784,-61.92704
164620,2025.0,331.274,78.245098,78.245107,26.081702,0.376181,-56.02217
164623,2028.0,331.333,78.537804,78.537826,26.179275,0.032524,-16.52663
164625,2030.0,331.429,52.15117,52.151258,26.075629,-0.051823,-15.23402
164628,2033.0,331.597,78.093651,78.093832,26.031277,-0.014784,-15.75066
164631,2036.0,331.875,79.35491,79.355397,26.451799,0.140174,-19.07823
164633,2038.0,332.239,52.830845,52.832099,26.416049,-0.017875,-17.12074
164635,2040.0,332.684,52.6562,52.65808,26.32904,-0.043505,-16.80072
164637,2042.0,333.17,52.428653,52.430906,26.215453,-0.056793,-16.50864
164640,2045.0,333.56,77.668263,77.669242,25.889747,-0.108569,-14.51954
164643,2048.0,333.827,77.01157,77.012033,25.670678,-0.073023,-14.42817
164646,2051.0,334.056,77.346601,77.34694,25.782313,0.037212,-16.1809
164649,2054.0,334.217,78.049597,78.049763,26.016588,0.078092,-17.09451
164652,2057.0,334.274,77.803909,77.80393,25.934643,-0.027315,-15.18173
164655,2060.0,334.192,78.600574,78.600617,26.200206,0.088521,-17.14246
164657,2062.0,333.89,52.243294,52.244167,26.122083,-0.039062,-14.39246
164700,2065.0,333.11,78.929804,78.933658,26.311219,0.063045,-15.66366
164703,2068.0,331.66,77.970104,77.983585,25.994528,-0.105564,-11.30501
164705,2070.0,329.945,51.965848,51.99414,25.99707,0.001271,-10.79777
164708,2073.0,328.596,78.578812,78.59039,26.196797,0.066576,-14.43392
164710,2075.0,327.755,52.134757,52.14154,26.07077,-0.063014,-12.42667
164713,2078.0,327.269,78.534331,78.535835,26.178612,0.035947,-15.55537
164716,2081.0,326.933,78.948928,78.949643,26.316548,0.045979,-16.24557
164718,2083.0,326.624,52.541856,52.542765,26.271382,-0.022583,-14.89089
164721,2086.0,326.37,77.996583,77.996996,25.998999,-0.090794,-13.76928
164724,2089.0,326.201,78.110518,78.110701,26.0369,0.012634,-15.53704
164726,2091.0,326.081,52.802966,52.803103,26.401551,0.182326,-18.75807
164729,2094.0,326.013,78.790817,78.790846,26.263615,-0.045979,-15.26488
164732,2097.0,325.995,78.907663,78.907665,26.302555,0.01298,-16.31726
164735,2100.0,326.021,78.972098,78.972103,26.324034,0.00716,-16.35202
164738,2103.0,326.117,79.597879,79.597937,26.532646,0.069537,-17.82106
164740,2105.0,326.27,53.080123,53.080344,26.540172,0.003763,-17.08632
164743,2108.0,326.536,79.60165,79.602094,26.534031,-0.002047,-17.05494
164746,2111.0,327.134,79.278591,79.280847,26.426949,-0.035694,-16.96706
164749,2114.0,327.988,78.533257,78.537901,26.1793,-0.08255,-16.28925
164752,2117.0,328.645,78.276428,78.279185,26.093062,-0.028746,-16.56934
164754,2119.0,328.896,52.120004,52.120609,26.060304,-0.016379,-16.16924
164757,2122.0,328.877,77.904475,77.904477,25.968159,-0.030715,-15.04795
164759,2124.0,328.665,51.611003,51.611438,25.805719,-0.08122,-13.44929
164801,2126.0,328.327,51.707701,51.708805,25.854403,0.024342,-14.74366
164804,2129.0,328.044,78.793014,78.793522,26.264507,0.136701,-17.61082
164807,2132.0,327.928,78.767313,78.767399,26.2558,-0.002902,-15.80871
164810,2135.0,327.941,79.055835,79.055836,26.351945,0.032048,-16.75576
164813,2138.0,328.024,79.457936,79.457979,26.485993,0.044683,-17.33125
164816,2141.0,328.118,79.112004,79.11206,26.370687,-0.038435,-15.87892
164819,2144.0,328.191,79.095763,79.095797,26.365266,-0.001807,-16.38235
164821,2146.0,328.244,52.63453,52.634556,26.317278,-0.023994,-15.97107
164824,2149.0,328.316,78.844481,78.844513,26.281504,-0.011925,-16.07261
164827,2152.0,328.433,78.244396,78.244484,26.081495,-0.06667,-14.97149
164829,2154.0,328.541,52.167204,52.167315,26.083658,0.001081,-16.07104
164832,2157.0,328.589,78.262913,78.262927,26.087642,0.001328,-15.86873
164834,2159.0,328.574,50.961922,50.961924,25.480962,-0.30334,-10.19342
164836,2161.0,328.458,51.373645,51.373776,25.686888,0.102963,-16.21691
164839,2164.0,328.245,78.68943,78.689719,26.229906,0.181006,-18.34015
164842,2167.0,328.039,79.334316,79.334584,26.444861,0.071652,-17.1205
164845,2170.0,327.923,78.700853,78.700938,26.233646,-0.070405,-14.7542
164848,2173.0,327.877,78.76695,78.766964,26.255655,0.007336,-16.09327
164850,2175.0,327.86,52.495851,52.495853,26.247927,-0.003864,-15.94903
164852,2177.0,327.852,52.498912,52.498912,26.249456,0.000764,-16.04665
164855,2180.0,327.846,78.570074,78.570074,26.190025,-0.01981,-15.63945
164858,2183.0,327.836,77.904554,77.904555,25.968185,-0.073947,-14.42198
164900,2185.0,327.827,51.356286,51.356286,25.678143,-0.145021,-12.85639
164903,2188.0,327.828,77.670876,77.670876,25.890292,0.070716,-16.44721
164905,2190.0,327.888,52.281515,52.28155,26.140775,0.125242,-17.89886
164907,2192.0,328.028,52.293544,52.293731,26.146866,0.003045,-16.30656
164910,2195.0,328.251,78.74999,78.750305,26.250102,0.034412,-16.99329
164913,2198.0,328.64,78.993406,78.994364,26.331455,0.027118,-17.34686
164916,2201.0,329.236,78.612801,78.615061,26.20502,-0.042145,-16.45914
164918,2203.0,329.873,51.8324,51.836314,25.918157,-0.143432,-15.10958
164921,2206.0,330.396,77.802815,77.804573,25.934858,0.005567,-16.54105
164924,2209.0,330.805,78.30547,78.306538,26.102179,0.055774,-17.38518
164926,2211.0,331.157,52.475948,52.477129,26.238564,0.068193,-18.05074
164929,2214.0,331.477,78.179639,78.180294,26.060098,-0.059489,-15.421
164932,2217.0,331.745,78.588945,78.589402,26.196467,0.045456,-17.1439
164934,2219.0,331.913,52.756763,52.757031,26.378515,0.091024,-18.14477
164936,2221.0,331.975,52.701398,52.701434,26.350717,-0.013899,-16.21162
164939,2224.0,331.973,79.260476,79.260476,26.420159,0.023147,-16.72299
164941,2226.0,331.951,53.110323,53.110328,26.555164,0.067502,-17.59395
164943,2228.0,331.884,52.367132,52.367174,26.183587,-0.185789,-12.96486
164945,2230.0,331.688,50.931765,50.932142,25.466071,-0.358758,-8.85456
164948,2233.0,331.36,73.889472,73.8902,24.630067,-0.278668,-8.63012
164950,2235.0,331.03,46.081959,46.083141,23.04157,-0.794249,0.83309
164952,2237.0,330.787,38.572614,38.57338,19.28669,-1.87744,16.08156
164955,2240.0,330.439,42.177136,42.178572,14.059524,-1.742389,14.42936
164958,2243.0,329.677,25.818181,25.829423,8.609808,-1.816572,10.85186
165000,2245.0,328.554,12.154082,12.205853,6.102926,-1.253441,7.72996
165003,2248.0,327.389,11.483585,11.542528,3.847509,-0.751806,3.81866
165005,2250.0,326.45,0.0,0.939,0.0,-1.923755,-0.35
165019,2264.0,325.88,20.518153,20.526069,1.466148,0.104725,-0.08532
165022,2267.0,325.569,27.58676,27.588513,9.196171,2.576674,-46.98892
165024,2269.0,325.253,24.040435,24.042511,12.021256,1.412542,-34.26597
165027,2272.0,324.889,42.087257,42.088831,14.02961,0.669451,-23.02903
165030,2275.0,324.622,50.392202,50.392909,16.797636,0.922675,-40.10322
165033,2278.0,324.594,56.872555,56.872562,18.957521,0.719962,-42.60136
165036,2281.0,324.773,61.766372,61.766631,20.588877,0.543785,-22.35163
165039,2284.0,325.105,67.2453,67.246119,22.415373,0.608832,-29.34154
165041,2286.0,325.615,47.006418,47.009184,23.504592,0.54461,-31.28697
165044,2289.0,326.216,74.367533,74.369961,24.789987,0.428465,-27.12385
165046,2291.0,326.673,50.800737,50.802793,25.401396,0.305704,-22.68549
165048,2293.0,326.912,50.477337,50.477903,25.238951,-0.081222,-13.72673
165051,2296.0,327.091,72.976085,72.976305,24.325435,-0.304505,-8.74964
165054,2299.0,327.407,67.274186,67.274928,22.424976,-0.633486,-2.07766
165057,2302.0,327.871,63.255863,63.257565,21.085855,-0.446374,-3.1551
165059,2304.0,328.32,40.111625,40.114138,20.057069,-0.514393,-1.6487
165101,2306.0,328.619,40.458073,40.459178,20.229589,0.08626,-8.35576
165104,2309.0,328.788,65.418418,65.418636,21.806212,0.525541,-23.65722
165106,2311.0,328.921,45.350059,45.350254,22.675127,0.434458,-21.40678
165108,2313.0,329.062,45.762,45.762218,22.881109,0.102991,-12.06076
165110,2315.0,329.255,45.249683,45.250095,22.625048,-0.12803,-8.80536
165113,2318.0,329.501,66.231203,66.23166,22.07722,-0.182609,-7.24969
165116,2321.0,329.694,63.565634,63.565927,21.188642,-0.296193,-4.5865
165119,2324.0,329.768,60.729287,60.729332,20.243111,-0.315177,-3.0226
165122,2327.0,329.736,59.860054,59.860063,19.953354,-0.096586,-4.99662
165125,2330.0,329.606,60.630174,60.630314,20.210105,0.085584,-7.23897
165128,2333.0,329.321,60.738128,60.738796,20.246265,0.012053,-6.14596
165130,2335.0,328.863,40.732217,40.734792,20.367396,0.060565,-6.11946
165133,2338.0,328.415,61.890952,61.892574,20.630858,0.087821,-7.24942
165136,2341.0,328.15,58.509145,58.509745,19.503248,-0.37587,-0.89913
165139,2344.0,328.046,56.69739,56.697485,18.899162,-0.201362,-2.48457
165142,2347.0,328.029,52.511931,52.511934,17.503978,-0.465061,1.39534
165145,2350.0,328.031,42.524929,42.524929,14.174976,-1.109667,8.673
165148,2353.0,327.954,40.270347,40.27042,13.423473,-0.250501,2.26326
165150,2355.0,327.752,25.388698,25.389502,12.694751,-0.364361,3.85983
165153,2358.0,327.376,31.59045,31.592687,10.530896,-0.721285,5.76975
165155,2360.0,326.674,20.00642,20.018733,10.009366,-0.260765,4.11371
165158,2363.0,325.654,25.186771,25.207416,8.402472,-0.535631,4.9348
165200,2365.0,324.559,11.147053,11.200706,5.600353,-1.401059,7.71361
165203,2368.0,323.55,10.104479,10.154731,3.38491,-0.738481,3.26007
165205,2370.0,322.765,0.0,0.785,0.0,-1.692455,-0.35
165228,2393.0,322.184,21.768695,21.776447,0.946802,0.041165,-0.15061
165230,2395.0,321.551,10.311073,10.330485,5.165242,2.10922,-16.8701
165233,2398.0,320.866,25.888092,25.897153,8.632384,1.155714,-18.01428
165235,2400.0,320.318,22.536943,22.543604,11.271802,1.319709,-27.73754
165238,2403.0,319.93,41.718037,41.719842,13.906614,0.878271,-28.12575
165240,2405.0,319.711,31.954041,31.954791,15.977396,1.035391,-40.19999
165243,2408.0,319.657,52.988801,52.988829,17.662943,0.561849,-32.45041
165246,2411.0,319.68,56.606554,56.606558,18.868853,0.40197,-13.32982
165249,2414.0,319.722,57.662715,57.662731,19.22091,0.117352,-6.61197
165252,2417.0,319.781,55.838625,55.838656,18.612885,-0.202675,-2.47212
165255,2420.0,319.907,52.23559,52.235742,17.411914,-0.400324,0.55544
165257,2422.0,320.143,32.994395,32.995239,16.49762,-0.457147,1.37023
165259,2424.0,320.538,32.310299,32.312713,16.156357,-0.170632,-1.49405
165301,2426.0,321.039,32.504117,32.507978,16.253989,0.048816,-3.91413
165304,2429.0,321.432,49.058119,49.059693,16.353231,0.033081,-3.19177
165306,2431.0,321.595,32.790556,32.790961,16.395481,0.021125,-2.84237
165308,2433.0,321.605,34.790258,34.790259,17.39513,0.499825,-14.60405
165310,2435.0,321.446,35.807861,35.808214,17.904107,0.254488,-5.88504
165313,2438.0,321.013,53.409903,53.411659,17.803886,-0.033407,-2.46401
165316,2441.0,320.448,52.70572,52.708748,17.569583,-0.078101,-1.52119
165319,2444.0,320.058,55.751632,55.752996,18.584332,0.33825,-25.31901
165321,2446.0,319.926,38.463737,38.463964,19.231982,0.323825,-27.89326
165324,2449.0,320.019,57.223134,57.223209,19.074403,-0.052526,-4.66602
165327,2452.0,320.284,53.335275,53.335934,17.778645,-0.431919,0.31144
165330,2455.0,320.55,43.8549,43.855706,14.618569,-1.053359,7.65669
165332,2457.0,320.681,21.070333,21.07074,10.53537,-2.0416,12.6619
165334,2459.0,320.703,19.15191,19.151922,9.575961,-0.479705,3.16066
165337,2462.0,320.478,22.127884,22.129028,7.376343,-0.733206,3.85021
165339,2464.0,319.795,9.087038,9.11267,4.556335,-1.410004,5.64265
165342,2467.0,318.788,7.724155,7.789519,2.596506,-0.653276,2.72678
165344,2469.0,317.885,0.0,0.903,0.0,-1.298253,-0.35
165401,2486.0,317.022,17.524886,17.546122,1.032125,0.060713,-0.01375
165404,2489.0,315.848,25.163387,25.190759,8.39692,2.454932,-35.30847
165407,2492.0,314.622,30.593449,30.618005,10.206002,0.603027,-7.92415
165409,2494.0,313.907,21.277446,21.289456,10.644728,0.219363,1.40547
165412,2497.0,313.747,33.152552,33.152938,11.050979,0.135417,0.23427
165414,2499.0,313.991,21.998292,21.999646,10.999823,-0.025578,0.26014
165417,2502.0,314.453,33.927967,33.931112,11.310371,0.103516,-1.54794
165420,2505.0,314.974,35.574601,35.578416,11.859472,0.183034,-3.57126
165422,2507.0,315.591,24.55436,24.562111,12.281055,0.210792,-6.79921
165425,2510.0,316.399,37.762885,37.771528,12.590509,0.103151,-3.63613
165428,2513.0,317.392,39.933274,39.945618,13.315206,0.241566,-8.65146
165430,2515.0,318.456,28.519463,28.539304,14.269652,0.477223,-19.62707
165433,2518.0,319.397,43.347663,43.357876,14.452625,0.060991,-4.16085
165435,2520.0,320.116,28.877255,28.886205,14.443102,-0.004761,-3.1948
165437,2522.0,320.61,28.890981,28.895204,14.447602,0.00225,-1.93307
165440,2525.0,320.92,43.218433,43.219545,14.406515,-0.013696,-0.96396
165443,2528.0,321.127,45.764808,45.765276,15.255092,0.282859,-6.43286
165446,2531.0,321.288,49.239605,49.239868,16.413289,0.386066,-10.5143
165449,2534.0,321.415,48.739705,48.739871,16.246624,-0.055555,-1.76787
165452,2537.0,321.601,45.356735,45.357116,15.119039,-0.375862,1.84652
165454,2539.0,321.953,26.755204,26.757519,13.37876,-0.87014,5.89859
165457,2542.0,322.354,20.638659,20.642554,6.880851,-2.16597,8.05951
165500,2545.0,322.601,0.0,0.247,0.0,-2.293617,-0.35
165515,2560.0,322.697,29.347673,29.34783,1.956522,0.130435,-0.40394
165518,2563.0,322.752,17.317771,17.317859,5.77262,1.272033,-13.0872
165520,2565.0,322.802,18.62242,18.622487,9.311244,1.769312,-29.45598
165523,2568.0,322.896,35.004841,35.004967,11.668322,0.785693,-14.44229
165525,2570.0,323.293,25.941589,25.944627,12.972313,0.651996,-16.15357
165528,2573.0,324.134,40.645011,40.653711,13.551237,0.192975,-6.60006
165531,2576.0,325.152,42.070612,42.082927,14.027642,0.158802,-7.10291
165534,2579.0,326.015,47.01529,47.02321,15.674403,0.54892,-18.97642
165536,2581.0,326.661,32.719928,32.726305,16.363152,0.344374,-14.22644
165539,2584.0,327.193,49.139058,49.141938,16.380646,0.005831,-3.22329
165541,2586.0,327.68,33.715587,33.719104,16.859552,0.239453,-9.8825
165543,2588.0,328.039,32.91649,32.918448,16.459224,-0.200164,-1.36988
165545,2590.0,328.21,32.808824,32.809269,16.404635,-0.027295,-2.41955
165548,2593.0,328.262,46.32463,46.324659,15.441553,-0.321027,1.41136
165550,2595.0,328.295,28.822724,28.822743,14.411372,-0.515091,3.655
165553,2598.0,328.338,43.196942,43.196963,14.398988,-0.004128,-0.53793
165555,2600.0,328.371,26.820424,26.820444,13.410222,-0.494383,3.90505
165558,2603.0,328.384,39.220382,39.220384,13.073461,-0.112254,1.23339
165600,2605.0,328.38,27.962072,27.962073,13.981036,0.453787,-19.34552
165603,2608.0,328.324,44.897997,44.898032,14.966011,0.328325,-17.80868
165605,2610.0,328.142,23.431989,23.432696,11.716348,-1.624832,12.29352
165608,2613.0,327.865,25.856211,25.857695,8.619232,-1.032372,6.0867
165610,2615.0,327.646,11.161779,11.163927,5.581964,-1.518634,5.61351
165613,2618.0,327.56,12.027474,12.027781,4.00926,-0.524235,1.36154
165616,2621.0,327.643,6.308448,6.308994,2.102998,-0.635421,0.43801
165647,2652.0,327.885,0.0,0.242,0.0,-0.067839,-0.35
165713,2678.0,328.143,22.081465,22.082972,0.849345,0.032667,-0.34997
165716,2681.0,328.296,28.066863,28.06728,9.35576,2.835472,-49.26882
165719,2684.0,328.352,37.62387,37.623911,12.541304,1.061848,-22.01761
165722,2687.0,328.205,43.934813,43.935059,14.64502,0.701239,-27.02442
165725,2690.0,327.746,49.315648,49.317784,16.439261,0.59808,-27.31266
165728,2693.0,327.058,49.045256,49.050081,16.350027,-0.029745,-0.57818
165730,2695.0,326.383,32.438737,32.445759,16.22288,-0.063574,0.46009
165733,2698.0,325.949,48.435833,48.437777,16.145926,-0.025651,-0.9045
165736,2701.0,325.815,47.879473,47.87966,15.959887,-0.062013,-0.96664
165739,2704.0,325.818,50.121032,50.121032,16.707011,0.249041,-5.47104
165741,2706.0,325.82,33.950513,33.950513,16.975257,0.134123,-4.06049
165744,2709.0,325.801,52.777726,52.777729,17.592576,0.205773,-5.42513
165746,2711.0,325.642,37.474027,37.474365,18.737182,0.572303,-35.14837
165749,2714.0,325.263,57.035767,57.037027,19.012342,0.09172,-5.28037
165752,2717.0,324.879,57.50975,57.511032,19.170344,0.052667,-5.04095
165754,2719.0,324.699,35.774353,35.774805,17.887403,-0.641471,3.36643
165757,2722.0,324.772,47.625404,47.62546,15.875153,-0.67075,4.25009
165800,2725.0,325.193,42.280929,42.283025,14.094342,-0.593604,3.73347
165803,2728.0,325.848,34.745353,34.751526,11.583842,-0.836833,5.18989
165806,2731.0,326.417,22.792892,22.799993,7.599998,-1.327948,5.06966
165808,2733.0,326.731,11.522364,11.526642,5.763321,-0.918339,2.31284
165810,2735.0,326.833,14.133863,14.134231,7.067115,0.651897,-7.98988
165813,2738.0,326.821,24.18694,24.186943,8.062314,0.331733,-7.97648
165816,2741.0,326.791,24.532107,24.532126,8.177375,0.038354,0.30053
165819,2744.0,326.796,32.893531,32.893531,10.96451,0.929045,-16.18365
165822,2747.0,326.866,40.748746,40.748806,13.582935,0.872808,-19.53488
165825,2750.0,327.051,45.775236,45.77561,15.258537,0.558534,-14.39108
165828,2753.0,327.378,48.999648,49.000739,16.33358,0.358348,-10.59425
165830,2755.0,327.818,31.809693,31.812736,15.906368,-0.213606,-1.02636
165832,2757.0,328.303,30.717887,30.721716,15.360858,-0.272755,-0.22345
165835,2760.0,328.759,43.26917,43.271573,14.423858,-0.312333,1.21471
165837,2762.0,329.149,28.701182,28.703831,14.351916,-0.035971,-1.25561
165840,2765.0,329.495,45.659604,45.660914,15.220305,0.289463,-7.47038
165843,2768.0,329.844,47.306255,47.307543,15.769181,0.182959,-4.78095
165845,2770.0,330.178,32.783,32.784701,16.39235,0.311585,-10.28183
165847,2772.0,330.393,32.664215,32.664922,16.332461,-0.029945,-2.45148
165850,2775.0,330.461,46.360582,46.360632,15.453544,-0.292972,1.1251
165852,2777.0,330.44,29.457791,29.457798,14.728899,-0.362323,2.3683
165854,2779.0,330.343,27.707899,27.708069,13.854035,-0.437432,3.64401
165856,2781.0,330.186,27.504269,27.504717,13.752358,-0.050839,0.81466
165859,2784.0,330.052,41.65888,41.659096,13.886365,0.044669,-0.22348
